deg: 24
dim: 3
nodes: 733
efficiency: 0.998636

q[0]:   2.0871943758188587e-05  5.4856441345432327e-02  5.6923195657908252e-03  7.4637915730842034e-03  
q[1]:   1.4470005682530103e-05  2.2280830975086246e-02  1.2247035473985068e-02  1.1285247111653579e-02  
q[2]:   3.0462121423854448e-05  5.5413358235973133e-02  7.6165167079686171e-03  4.4545035419377856e-02  
q[3]:   3.8575369843476952e-05  6.0508960950511538e-02  4.9676787261218082e-02  5.0689549502035774e-02  
q[4]:   1.4274504855725741e-05  5.3173777350704568e-02  4.7478477559444648e-02  1.5442479791533286e-03  
q[5]:   5.8294356025392925e-05  1.1994750692912880e-01  3.3709032853968886e-03  2.8829335617762835e-02  
q[6]:   1.8264312503492818e-04  1.2037882925972467e-01  2.2852470168431629e-02  7.0380168505628643e-02  
q[7]:   3.0069480423692507e-05  1.1477816969658930e-01  3.5372870402884879e-03  1.0287828973935258e-01  
q[8]:   8.0944169145852926e-05  1.1696991022264069e-01  3.4105314644387930e-02  5.8680401009015542e-03  
q[9]:   8.8532868807775667e-05  1.0622160663920839e-01  4.6887357275165457e-02  9.8102422621092325e-02  
q[10]:  1.0113081858030459e-04  7.4261154963131321e-02  3.8428372848298385e-02  2.6741138123849713e-02  
q[11]:  2.2116508042007343e-04  1.3638997597348113e-01  9.8129567698023765e-02  9.4195501038202997e-02  
q[12]:  9.0579715856624481e-05  1.2092457366934836e-01  9.8904594715693128e-02  1.1387998198653784e-02  
q[13]:  5.5184124235452775e-05  1.3221103905903944e-01  1.2081150481253923e-01  1.2471215403842811e-01  
q[14]:  5.7175074496370750e-05  9.7350835544800784e-02  9.3010479918862118e-02  4.5852171403235338e-02  
q[15]:  1.5929553850840846e-04  2.1082713035124093e-01  6.5418867939875912e-03  9.1965581579502811e-02  
q[16]:  5.0050730268815515e-05  1.8967320600430301e-01  9.2878915646827948e-03  5.0419507638732822e-03  
q[17]:  2.4540720060950606e-04  1.8977843452552592e-01  3.2780628726956570e-02  3.9351975819114864e-02  
q[18]:  3.1721005354410769e-04  2.1711828581725945e-01  3.7323901474502590e-02  1.3864381038904058e-01  
q[19]:  1.0135314971678787e-04  1.8429493678633715e-01  7.9388102326600034e-03  1.4999653030495108e-01  
q[20]:  8.7830474583938830e-05  1.7635332185728650e-01  3.3733809808511997e-02  1.7156934991451361e-01  
q[21]:  2.9663958415208404e-04  1.8413700193652238e-01  7.4170894888518912e-02  8.2523442134926350e-02  
q[22]:  1.4057266631528579e-04  2.0750150230517059e-01  7.3315194070017214e-02  1.5360054808032896e-02  
q[23]:  2.2198869163832292e-04  1.4718265380483170e-01  8.4002845778910457e-02  3.9264629964565166e-02  
q[24]:  3.0873928476253841e-04  1.8921254191745174e-01  7.8601235409404224e-02  1.5568575018121297e-01  
q[25]:  1.0592270275517945e-04  1.9977072056276959e-01  1.1793670649098179e-01  4.0547063537938657e-03  
q[26]:  1.5701506097979233e-04  1.9782522270121183e-01  1.3629988344185601e-01  1.9003269877816545e-01  
q[27]:  4.7770019015541123e-04  2.5152548701586819e-01  1.5617913831423216e-01  6.9274625718621460e-02  
q[28]:  1.0333584453743007e-04  1.8285519558927607e-01  1.7542641254809749e-01  1.3949877568548941e-01  
q[29]:  3.2102008509071389e-05  1.7593453593418276e-01  1.7064116309823929e-01  5.6215463935731288e-03  
q[30]:  1.2235817568807849e-04  1.7088045463523532e-01  1.6259690641427102e-01  5.5718583477488107e-02  
q[31]:  2.9708866416242773e-04  2.0433045347508341e-01  1.6564788529227781e-01  1.0127405533792398e-01  
q[32]:  1.4837128612574984e-04  2.6888295810149215e-01  8.5027722073071077e-03  3.7262536667194215e-02  
q[33]:  1.5989214720617980e-04  2.9357351317424146e-01  5.6185243742423539e-03  2.1890158951046665e-01  
q[34]:  9.9473356053227240e-05  2.5872401259104810e-01  1.1591791475597869e-02  2.4712081610178557e-01  
q[35]:  4.5118548994073934e-04  3.1513892699599888e-01  3.1020955943843007e-02  1.8104257971394036e-01  
q[36]:  3.7799098647245665e-04  2.7766432396786278e-01  5.3464057627662431e-02  2.3829316903090078e-01  
q[37]:  1.7591201641632830e-04  2.7579736792171211e-01  5.2369698603943339e-02  8.8591267495484443e-03  
q[38]:  4.0882450034693057e-04  2.9247682993525959e-01  4.0071396781679966e-02  8.2671503802429144e-02  
q[39]:  1.6174048537482514e-04  2.7146002385652451e-01  9.5519351515708562e-02  2.6620745860998918e-01  
q[40]:  3.0531749404697606e-04  2.6528853117408202e-01  1.1196140915733804e-01  3.8689013312119720e-02  
q[41]:  5.5625004132685448e-04  2.7297740426055284e-01  8.7379525165765942e-02  1.1317705931984419e-01  
q[42]:  6.2268311430479443e-04  3.0607033274450679e-01  1.1229764798418300e-01  2.1139923296012167e-01  
q[43]:  5.3387076918335371e-04  2.4887142170917115e-01  1.5053626247535293e-01  1.5702318341620003e-01  
q[44]:  1.1091006850643194e-04  2.9467552757697008e-01  2.1666332054445406e-01  3.5464313458048484e-03  
q[45]:  6.8877391034598040e-04  3.3808923043891115e-01  1.7485986846399162e-01  1.4802735225606450e-01  
q[46]:  2.8734631233594824e-04  2.7430013404819992e-01  1.4626049664566643e-01  2.4292087605917892e-01  
q[47]:  3.1766877055274786e-04  3.3888214738464895e-01  1.9369416685555063e-01  3.1742740052081131e-01  
q[48]:  2.5466202912671190e-04  2.1822647766491846e-01  1.7669154317459645e-01  2.7715220161122635e-02  
q[49]:  3.6185031415885907e-04  2.5024810473275055e-01  2.0651806367190387e-01  2.0275659549871586e-01  
q[50]:  9.9843259092416981e-05  2.4336172498611888e-01  2.3140917473493505e-01  2.3216207332410613e-01  
q[51]:  9.3076332879646836e-05  2.7125731247379004e-01  2.5567839596613501e-01  9.6754325786418665e-03  
q[52]:  1.4521700646567300e-04  2.6624711755248426e-01  2.5992747988025566e-01  5.8683006360302388e-02  
q[53]:  4.2503370989265346e-04  2.9065695592011853e-01  2.5551912855066822e-01  1.1145601266684904e-01  
q[54]:  1.6659190681039105e-04  2.6024840273932420e-01  2.5379151468376882e-01  1.5501565544255302e-01  
q[55]:  8.7193351204922068e-05  3.3771644748689861e-01  1.2120047967608636e-02  7.7398581426690741e-03  
q[56]:  2.0787245729027810e-04  3.9767894780615565e-01  8.3431242503603162e-03  6.5425260685789022e-02  
q[57]:  1.9795910463178896e-04  3.3519162496222010e-01  5.3923001923120700e-03  1.3258519427083040e-01  
q[58]:  6.2259417761021112e-04  3.7957519598285983e-01  8.9544425929064045e-02  1.9922327972762716e-01  
q[59]:  1.7767036200572081e-04  4.1969388704321359e-01  3.4913491968632166e-03  2.9141565685012921e-01  
q[60]:  8.1849973715226147e-05  3.8129967819015076e-01  4.5712771196642354e-03  3.6512231300307296e-01  
q[61]:  5.3009091436705688e-04  4.0720336259575995e-01  4.0023307841449800e-02  1.2065205201352087e-01  
q[62]:  1.1487543707700336e-04  3.4549386883414035e-01  4.2495331527488148e-02  3.3953534719618217e-01  
q[63]:  2.5398628194676806e-04  3.6052315733606766e-01  4.6824972105152483e-02  3.8605566517777030e-02  
q[64]:  3.2126022164132045e-04  3.7227678466130970e-01  2.5463988880443978e-02  3.1735324240557855e-01  
q[65]:  1.9594186657004311e-04  4.0169612641425734e-01  9.9641224000287174e-02  7.6221777689755533e-03  
q[66]:  3.8566269909533451e-04  3.8303348685537408e-01  9.3892807763870781e-02  3.5649264076820686e-01  
q[67]:  4.3016609688874242e-04  3.3946103181600151e-01  9.8470300397375601e-02  5.4528562624859618e-02  
q[68]:  5.1377415957235819e-04  3.8402292669906324e-01  7.1010000730165251e-02  2.7832789555100274e-01  
q[69]:  1.4508479028315770e-04  3.9548679677638227e-01  1.5268645501523906e-01  3.9305174264630066e-01  
q[70]:  1.7919011700667298e-04  3.2687842979423815e-01  1.4167320043922182e-01  7.1003271641934739e-03  
q[71]:  5.8322563818281881e-04  3.9486742752863091e-01  1.0694829825509343e-01  1.4009322532319188e-01  
q[72]:  5.3362460588640128e-04  3.7169814751903296e-01  1.4817025355845809e-01  3.0837674271575360e-01  
q[73]:  6.3299334710986113e-04  3.7813786028199442e-01  1.7235802763530308e-01  8.8916144875224964e-02  
q[74]:  7.8019979071610758e-04  3.9165595209816245e-01  2.1079887964727742e-01  2.4569674740306313e-01  
q[75]:  8.6701969427791415e-04  4.5513643999939540e-01  2.6709322156244492e-01  3.6711910415337135e-01  
q[76]:  6.4348423880069368e-04  3.3624103964068069e-01  2.5285566434471091e-01  1.7867433771089963e-01  
q[77]:  3.6117395697206909e-04  3.2990805257134692e-01  1.9773608518395458e-01  2.6486555431402877e-02  
q[78]:  6.2363393866802846e-04  3.5215720438011372e-01  2.4837714188616961e-01  9.1951273184491436e-02  
q[79]:  6.5514788510994554e-04  3.5003129357910073e-01  2.4374290464165430e-01  2.7293205114550911e-01  
q[80]:  1.4967332026333678e-04  3.1085630394518932e-01  2.3668487496274410e-01  3.0614829492230677e-01  
q[81]:  3.9857230311796723e-04  3.3418713653382209e-01  2.7991764672502684e-01  3.9766546311234517e-02  
q[82]:  3.2819791240381468e-04  3.5352136429742165e-01  3.0582925986033610e-01  3.1980747566703843e-01  
q[83]:  9.7524040633171805e-05  3.8237601375603281e-01  3.5531316729726053e-01  4.7632658906093016e-03  
q[84]:  7.4471465283610725e-05  3.5374793231669804e-01  3.3999686120527034e-01  3.4652025504909284e-01  
q[85]:  8.7094146212380395e-05  3.6433820231923331e-01  3.6102482395373603e-01  2.8175746741179630e-02  
q[86]:  3.9668166295637948e-04  3.8274232597094798e-01  3.6107488350623501e-01  9.1896464900394187e-02  
q[87]:  2.1101772703382708e-04  3.7032752536985547e-01  3.6537786175166387e-01  1.6550388881266337e-01  
q[88]:  4.6619865626033738e-04  3.4363584409465692e-01  3.1239746959191489e-01  2.3063887568067074e-01  
q[89]:  1.4538393863545131e-04  3.2989712025271944e-01  3.2430841347583128e-01  2.7603524944179952e-01  
q[90]:  1.1889927982495223e-04  4.6491762325643310e-01  7.6597153419290303e-03  1.9815732070109164e-02  
q[91]:  4.7692595465427941e-04  4.7272077361940257e-01  6.7239105000033939e-02  1.9340233848266813e-01  
q[92]:  2.1915469225980720e-04  4.8152169748162976e-01  4.1870646695708709e-03  1.6822237191608178e-01  
q[93]:  5.0418841030562935e-04  4.3286418412938621e-01  2.2371791005794742e-02  2.2938603088505341e-01  
q[94]:  5.1108022328130883e-04  4.5835715271327621e-01  4.9613355708012091e-02  3.3424460417579072e-01  
q[95]:  2.5594107008919512e-04  4.7769789882490948e-01  1.5326931504073731e-02  4.1593336984488982e-01  
q[96]:  1.2160663710134062e-04  4.5526757127681045e-01  4.2480471813649695e-02  4.5007812735566183e-01  
q[97]:  7.4383516509828732e-05  4.5326222001130906e-01  3.9201086784326933e-02  1.7450416994878718e-03  
q[98]:  2.3027870296299949e-04  4.2749437774803972e-01  5.3412451378436719e-02  2.8709968879880400e-02  
q[99]:  4.0060307338303768e-04  4.7752119805803617e-01  6.7325769674408967e-02  4.3855559713036024e-01  
q[100]: 9.4208622665217291e-04  4.9824071448160773e-01  9.8871589360271780e-02  2.8744963419409442e-01  
q[101]: 4.1260666098929258e-04  5.0690595452647358e-01  1.0742744991721134e-01  4.8891535155170217e-02  
q[102]: 6.4412505067443064e-04  4.6176840400964508e-01  1.0391192147255175e-01  9.4801283605563377e-02  
q[103]: 3.2050526023769289e-04  5.0115634618414684e-01  1.3357258372637945e-01  4.8948408514315639e-01  
q[104]: 8.0920136770904578e-04  4.4345786489123140e-01  1.7687597171030098e-01  2.0168301716153220e-01  
q[105]: 7.1857926150088508e-04  4.6997810691727848e-01  1.3024225747272539e-01  3.8821972611518329e-01  
q[106]: 4.7110512794631450e-04  5.2465734579874601e-01  1.8528687268773136e-01  2.3155209175108594e-02  
q[107]: 3.8894773371031852e-04  4.2412482958986730e-01  1.5132828746887328e-01  3.5012912781646581e-02  
q[108]: 7.4051557409983339e-04  4.8071060416456096e-01  2.0096710852365371e-01  9.4548507598254714e-02  
q[109]: 9.3902878232712459e-04  4.5422703223815031e-01  1.7050498564648384e-01  3.0237517626797505e-01  
q[110]: 1.1896819615440936e-03  5.3253897171008380e-01  2.5512436710234132e-01  2.6396688278755109e-01  
q[111]: 4.9367288088476369e-04  4.4560271139373403e-01  2.1184078369461054e-01  4.1420615866647409e-01  
q[112]: 2.1084569194530043e-04  4.4439817925882891e-01  2.1762860825247007e-01  5.5617350900961631e-03  
q[113]: 1.0978479156780296e-03  5.3499955272499833e-01  2.9448884906082418e-01  3.5197370713802884e-01  
q[114]: 2.4719532774252048e-04  4.3264179208194686e-01  2.8179471322701638e-01  4.2511992040835489e-01  
q[115]: 6.5926295633567361e-04  4.3985737966207256e-01  2.5915476606446691e-01  4.3978221743202060e-02  
q[116]: 1.0200654257167556e-03  4.5004606796220586e-01  2.6903301685264819e-01  1.5587187314555001e-01  
q[117]: 4.7327951411432854e-04  5.2299625949047668e-01  3.6182931732379836e-01  3.9106392056283362e-01  
q[118]: 2.7887941435618895e-04  4.2147770768292248e-01  3.1188753827525256e-01  9.0500068820940829e-03  
q[119]: 8.5034022835113118e-04  4.5972663256941837e-01  3.4569037698666943e-01  8.9558846727826116e-02  
q[120]: 1.0989805587500680e-03  4.5696850725660026e-01  3.1950929962731256e-01  2.5184197864665853e-01  
q[121]: 8.3193301185092376e-04  4.4894296298429726e-01  3.7025281939558308e-01  3.2401267824665114e-01  
q[122]: 5.5035415455938176e-04  4.4518376759808331e-01  3.3785389906302682e-01  4.0352315572308844e-01  
q[123]: 4.2189964302249825e-04  4.4721083113184873e-01  3.9230090830167702e-01  3.6856765267114608e-02  
q[124]: 5.2005417383485877e-04  5.0016883537791990e-01  4.5968813113986584e-01  1.1774476643685716e-01  
q[125]: 8.8666104511948081e-04  4.2776615006469254e-01  3.6188315836366491e-01  1.7080614302194785e-01  
q[126]: 4.4079330065699093e-04  4.5382632517854260e-01  4.2444542009320851e-01  3.8545025074401013e-01  
q[127]: 1.7740609219863183e-04  4.4763016450449911e-01  3.8963563929443057e-01  4.4071395647192968e-01  
q[128]: 1.1666286424159982e-04  4.9103578384902569e-01  4.7846592159857310e-01  1.0970676663260912e-02  
q[129]: 1.6342150414417467e-04  4.6876637155283835e-01  4.6177978496634697e-01  6.5305225969891342e-02  
q[130]: 2.6620780944616664e-04  4.9474137023628117e-01  4.8819041443316419e-01  1.7023400849609888e-01  
q[131]: 5.1112253823584904e-04  4.4293050309983534e-01  4.1736420976371674e-01  2.5364139055297802e-01  
q[132]: 1.5456455861578887e-04  4.3805571049289788e-01  4.3519636961560154e-01  3.2162823926736223e-01  
q[133]: 1.0584886370145654e-04  4.4458932211302327e-01  4.3664361785239819e-01  4.2502987063184816e-01  
q[134]: 1.0027390693377246e-04  5.8002116609041210e-01  1.5664327648793091e-02  6.8444500941744991e-03  
q[135]: 1.5707423497189442e-04  5.7129695765391275e-01  4.2408187322096006e-03  6.3444398440184568e-02  
q[136]: 4.2399500031171949e-04  5.0338757049313720e-01  3.4127674617064070e-02  7.9016693398229018e-02  
q[137]: 2.7217148781848497e-04  5.4045764609565383e-01  1.7074754918209013e-02  1.3038286736581620e-01  
q[138]: 8.4508549256712172e-04  5.5346855523259209e-01  7.7812122047730095e-02  1.6448272229350819e-01  
q[139]: 6.6519074395403582e-04  5.5300963226488709e-01  3.5397099071211982e-02  2.4893485758302344e-01  
q[140]: 3.1845410222346854e-04  5.5102936195191932e-01  7.7293723373404464e-03  3.2752312909356185e-01  
q[141]: 6.1634349511970217e-04  5.5059060905602286e-01  3.6960263863419093e-02  3.9627646477900064e-01  
q[142]: 1.3899401832423935e-04  5.4866329442549899e-01  3.4557389511342029e-03  4.4519324904438567e-01  
q[143]: 1.1064118252328093e-04  5.1617018453356156e-01  9.9021410032162048e-03  5.0273008756733617e-01  
q[144]: 3.6857200329111359e-04  5.5303337998276547e-01  5.4785969990678023e-02  2.8733741436750740e-02  
q[145]: 4.3025210328595677e-04  5.7956371212567226e-01  4.3293428268027186e-02  5.3075612227425917e-01  
q[146]: 2.1489596822327282e-04  5.8420777998314299e-01  7.9073005120609219e-02  5.7627890069875520e-01  
q[147]: 1.9221530597626586e-04  5.3904277684806501e-01  1.1415288446055681e-01  4.3981557492635747e-03  
q[148]: 5.6682973038958131e-04  5.8108952670464120e-01  1.2553679672095513e-01  9.3324270265734838e-02  
q[149]: 8.9299766279960727e-04  5.5943325895814744e-01  1.5648898166641825e-01  2.5448786556832437e-01  
q[150]: 8.4164975555962624e-04  5.6288717555556034e-01  1.0013447654310634e-01  4.6076372500836116e-01  
q[151]: 5.2781238897472180e-04  5.8573745824438928e-01  1.5770826294713361e-01  5.4290282431796888e-01  
q[152]: 7.9500300349172998e-04  5.8935993613066728e-01  2.1502943885029585e-01  9.1773318248242433e-02  
q[153]: 1.1816919831603072e-03  5.6661911445902458e-01  1.7693735435099414e-01  3.9119632449267433e-01  
q[154]: 7.7563580214618552e-04  5.4237867811075913e-01  2.3384066960397912e-01  4.4234853748790653e-01  
q[155]: 5.1187896335411068e-04  5.3676785753956913e-01  2.1940543816545921e-01  4.9520765863445754e-01  
q[156]: 1.9302396587452995e-04  5.6467432752637581e-01  2.6521291960476640e-01  5.4731191755264634e-03  
q[157]: 9.7251558205159591e-04  5.2634176975256097e-01  1.6688792194553931e-01  1.7623988402670288e-01  
q[158]: 1.4358718451442124e-03  6.2561337565783570e-01  2.5554358847622533e-01  3.5383186536426708e-01  
q[159]: 1.2908702120111907e-04  5.4216284029379003e-01  2.3320069541144645e-01  5.4153376714677526e-01  
q[160]: 1.0437789633653293e-03  6.4406043932222035e-01  2.9648070034887719e-01  4.8469023577874659e-01  
q[161]: 6.9573487154974507e-04  5.8904617494265865e-01  3.3405416637954388e-01  5.0194706023303204e-01  
q[162]: 8.0974229945608787e-04  5.5516856343892884e-01  3.0221945965086455e-01  5.3746882163851852e-02  
q[163]: 8.8497637427814916e-04  5.4534893927882699e-01  2.7706105349113341e-01  1.4339843382834563e-01  
q[164]: 8.4108039088488351e-04  5.8731947859985389e-01  4.0739105161349476e-01  3.0798898813063580e-01  
q[165]: 4.9001777341214827e-04  6.2448819080006268e-01  3.6909544154867996e-01  4.6130727769424140e-01  
q[166]: 4.3533980624441902e-04  5.4715712860343479e-01  3.1818092818157095e-01  5.3085951373967999e-01  
q[167]: 9.9043122603325890e-04  5.7127892050365392e-01  3.8468960215391373e-01  1.1123826237114023e-01  
q[168]: 8.8537202593399979e-04  5.4647630307295336e-01  3.5596580959878904e-01  2.0675289378046133e-01  
q[169]: 7.2306394221957474e-04  5.8280971793023351e-01  4.1295177440385661e-01  3.9644422346081948e-01  
q[170]: 6.1505005637928602e-04  5.4981327465270913e-01  3.8007749740926994e-01  4.9603442164094719e-01  
q[171]: 3.5013377948358025e-04  5.3883565311687098e-01  3.5608645742201323e-01  1.1726867064724143e-02  
q[172]: 2.4759249023478661e-04  5.5662899703832347e-01  4.2756489157718391e-01  5.4968286815357181e-01  
q[173]: 5.8235627756141484e-04  5.4945579585361437e-01  4.2558338199244894e-01  4.2370296732007713e-02  
q[174]: 8.4384684413829538e-04  5.6640414660258231e-01  4.5717821889191407e-01  4.6045108245692207e-01  
q[175]: 4.9211477876261991e-04  5.4620030405944597e-01  4.8067929926368125e-01  5.0913679561340242e-01  
q[176]: 2.0714786968473306e-04  5.4035795642545259e-01  4.6721482255752844e-01  5.9953838354041191e-03  
q[177]: 6.4565122438206427e-04  5.8495210281097110e-01  5.0505968955528824e-01  1.0056435859342973e-01  
q[178]: 8.4462971694977630e-04  5.4818666527066628e-01  4.4695101042707930e-01  2.9253909866283606e-01  
q[179]: 1.1689543620111915e-04  5.4784257057621721e-01  5.2633794745674467e-01  5.4138786715481479e-01  
q[180]: 5.6516030136392133e-05  5.9016427845562003e-01  5.8909094241992488e-01  3.9850744791486405e-02  
q[181]: 3.2110145270476773e-04  5.5594799309392451e-01  5.2247292187427041e-01  4.8858245476216512e-02  
q[182]: 2.2850650138045371e-04  5.9379596335600970e-01  5.8599131115744429e-01  1.0891266887945686e-01  
q[183]: 9.8905873499212545e-04  5.5300820752205659e-01  4.4585280691329582e-01  1.8307424950768375e-01  
q[184]: 5.9431845478648499e-04  5.4374965492553129e-01  5.0207045030233566e-01  2.3636299812406805e-01  
q[185]: 2.6817709060662125e-04  5.3891008895808767e-01  5.2838992281565711e-01  2.9035326975941761e-01  
q[186]: 7.3368704296515271e-04  5.5009943187045907e-01  4.9397147071819847e-01  3.6612644272589395e-01  
q[187]: 1.9246812834808178e-04  5.5145196401396601e-01  5.4514603218340918e-01  3.8567038682244703e-01  
q[188]: 4.5542732426011144e-04  5.6590607717403063e-01  5.3871770929483509e-01  4.6025795430521749e-01  
q[189]: 1.1340588668089862e-04  5.4559217044881458e-01  5.4186537448276473e-01  4.9934731372039193e-01  
q[190]: 4.1693916822524192e-05  6.8781608109141235e-01  5.4843909323594247e-04  1.4038701661971943e-02  
q[191]: 1.6312896866820388e-04  6.8666005541679498e-01  5.2849259089079326e-03  1.0482029062303021e-01  
q[192]: 5.8044435824381542e-04  6.4125999338533979e-01  2.7573017552648526e-02  1.5471606949642586e-01  
q[193]: 2.6473187721128564e-04  6.2960204718110324e-01  3.9306892257015211e-03  2.3792109014335613e-01  
q[194]: 8.4052672806437200e-04  6.5425079882371850e-01  7.1277766871985906e-02  2.4600176200017490e-01  
q[195]: 6.6009781637160444e-04  6.5888457599166050e-01  2.8251196127872934e-02  3.5133300680065144e-01  
q[196]: 9.1476830275687940e-04  6.6737919637085774e-01  6.7926163715592097e-02  4.6827889963655306e-01  
q[197]: 2.9258254883380235e-04  6.7112245051548824e-01  6.2983472159734736e-03  4.5635593835655636e-01  
q[198]: 4.6559294570435171e-04  6.4638032438609272e-01  2.1699833462888313e-02  5.3014040647063976e-01  
q[199]: 1.0787168528896498e-04  6.3076443088092227e-01  2.9293866912334910e-03  5.8975729585591363e-01  
q[200]: 1.0074561671740853e-04  6.3045355590868302e-01  2.1993558968015331e-02  6.2450958661458733e-01  
q[201]: 2.0764900550123309e-04  6.5928224997074603e-01  7.8520920948028816e-02  6.3945000980142131e-03  
q[202]: 3.1581335884171862e-04  6.5862273334298160e-01  2.7275079329901062e-02  4.1419559119865772e-02  
q[203]: 9.9992048300522984e-04  7.2857513026885301e-01  1.0308899175664973e-01  1.9777495643053922e-01  
q[204]: 3.4261204054877533e-04  6.9100821781540356e-01  4.7164737982158374e-02  6.5127822053020690e-01  
q[205]: 6.2329537871008700e-04  6.4563644650779428e-01  1.4614052990894741e-01  3.0612873302128193e-02  
q[206]: 8.2175763500193092e-04  5.9197212551614209e-01  8.6251955559643378e-02  3.5361789806557653e-01  
q[207]: 9.4472409214362723e-04  7.4755922554836474e-01  1.4654651057804019e-01  5.7832580412565104e-01  
q[208]: 7.1728131813765051e-04  6.6927167294457057e-01  9.5523540074168758e-02  5.7895933186731741e-01  
q[209]: 7.3267456640693600e-04  6.4014520315532519e-01  7.2743918292998505e-02  8.7028075643479391e-02  
q[210]: 9.4526115109182501e-04  6.5555718178122457e-01  1.5908762863119894e-01  4.9627828475030478e-01  
q[211]: 3.6882791836304968e-04  6.5184042356458705e-01  1.2906775862152156e-01  6.2699016931479257e-01  
q[212]: 3.0922585067749280e-04  6.1464210056847901e-01  2.1185864757125936e-01  4.8443331923922681e-02  
q[213]: 1.0952316322943906e-03  6.4562103073146071e-01  1.5189970441233708e-01  1.6413922562955396e-01  
q[214]: 8.9757678948071038e-04  6.4563114115374409e-01  1.2441667745104083e-01  3.0121920082381326e-01  
q[215]: 1.0399715851579384e-03  6.7677978314708664e-01  1.6184961590998134e-01  4.0011275477069103e-01  
q[216]: 9.9062877223976748e-04  6.5274638188962897e-01  2.2578988052828911e-01  5.6635220126854080e-01  
q[217]: 6.0953201016701738e-04  7.2838992239895106e-01  1.8529394393560741e-01  6.7368604770900886e-01  
q[218]: 2.4349229064852407e-04  6.5792110622648070e-01  2.3041094817199476e-01  4.1765886885671453e-03  
q[219]: 1.0418652169267150e-03  6.2951618248745556e-01  2.6890034817244313e-01  1.8574623104799448e-01  
q[220]: 1.2342542413320879e-03  6.6002523174810279e-01  2.1760483766059027e-01  2.5923120886859169e-01  
q[221]: 8.5703093161643607e-04  7.0296325819664363e-01  2.4675718397975388e-01  4.7513490014431264e-01  
q[222]: 2.6310165129712502e-04  6.4802543079364761e-01  2.1146560269668288e-01  6.4248472243315269e-01  
q[223]: 8.9685198398919703e-04  6.9019134772933144e-01  2.5706893472619879e-01  8.2425765159619635e-02  
q[224]: 1.2629732941192835e-03  6.7387722277185047e-01  3.4916014734764522e-01  1.3955627903541284e-01  
q[225]: 7.3208273719383170e-04  6.5069232391260146e-01  3.0416750095327366e-01  6.2176137608228821e-01  
q[226]: 6.9157167359219546e-04  6.5475243975683495e-01  3.2750342672200589e-01  2.8653809772570350e-02  
q[227]: 1.4626776234417959e-03  6.3628102648615814e-01  3.5305125445011837e-01  2.6526086484620476e-01  
q[228]: 1.6261464038046405e-03  6.7103544413436966e-01  4.0003590831516772e-01  4.0823804713160905e-01  
q[229]: 1.3232501284912625e-03  7.4027357567282115e-01  3.5349327099690675e-01  5.3238666355219666e-01  
q[230]: 7.0371924708486971e-04  6.9109360766704231e-01  3.6821292257882327e-01  5.8726342774421370e-01  
q[231]: 2.7190241268854493e-04  6.6566199145745053e-01  4.0733606567832570e-01  6.6085714648866067e-01  
q[232]: 1.0035796307789188e-03  6.6862250929270273e-01  4.2350580660381060e-01  7.7211254187009942e-02  
q[233]: 8.7012330317984179e-04  6.7031558751560538e-01  5.2607921862700435e-01  1.3421594524231475e-01  
q[234]: 1.2499241135099357e-03  6.6265347750297543e-01  4.5451021483883181e-01  2.0222636163275898e-01  
q[235]: 9.9061233578951000e-04  6.6406065688584459e-01  5.0461545656676965e-01  3.1379830736006292e-01  
q[236]: 7.6050530562348287e-04  7.6395051310255879e-01  4.8918170131384031e-01  6.0715380380261996e-01  
q[237]: 7.5596533372860794e-04  6.6128249123009253e-01  4.3026940642717676e-01  5.9970412197442080e-01  
q[238]: 2.9918849979836305e-04  6.4955529260767753e-01  4.3148443888599664e-01  7.0384917036363211e-03  
q[239]: 8.8483927154575127e-04  6.6699141495539194e-01  5.3859448634781237e-01  4.1276349639412380e-01  
q[240]: 1.3300681041823205e-03  6.7664511864575450e-01  4.8762848562950362e-01  5.2143335818491665e-01  
q[241]: 5.1501375432532956e-04  6.5445424022192222e-01  4.9933982651382308e-01  6.2822567743033741e-01  
q[242]: 6.2047293609744441e-04  6.5386954173110778e-01  5.0694742747205013e-01  3.9517200900519606e-02  
q[243]: 8.1266037814333304e-04  6.6223518596360642e-01  5.6231785338028484e-01  2.2011367108263710e-01  
q[244]: 7.1634755946339899e-04  6.5224421404425881e-01  5.7070550804565467e-01  4.4673994837928954e-01  
q[245]: 8.0558698301272738e-04  6.6622946232405111e-01  5.5944372533022035e-01  5.8068525883299449e-01  
q[246]: 1.8915313175877437e-04  6.6261267548173675e-01  5.6215046349082642e-01  6.1749226377487473e-03  
q[247]: 2.9031750576631425e-04  6.4018849888478913e-01  5.9349103453370655e-01  2.9138861544005561e-02  
q[248]: 8.0677322786872822e-04  6.5355815653580973e-01  5.8636275714371311e-01  2.9809009472267772e-01  
q[249]: 6.1237497033614417e-04  6.7434755849552641e-01  6.2898634524945674e-01  5.3283626077397261e-01  
q[250]: 3.5925060088904857e-04  6.4658013514503143e-01  6.0299491836111174e-01  6.0643283582734531e-01  
q[251]: 1.7005206655027274e-04  6.5192279367438322e-01  5.7413593097156190e-01  6.4678860575694552e-01  
q[252]: 8.7387883727656180e-05  6.2350430999219320e-01  6.1024891559439909e-01  7.3280297035941619e-03  
q[253]: 2.5146968436795346e-04  6.9334126400418161e-01  6.7953959218231119e-01  6.9263677784969668e-02  
q[254]: 5.6034504038453259e-04  6.7593304026982515e-01  6.0618730754053629e-01  8.9381249367626217e-02  
q[255]: 2.1418071698239656e-04  7.0063266570762128e-01  6.7400122590343980e-01  1.3362080961149070e-01  
q[256]: 6.2778930740529958e-04  6.2296359708678406e-01  5.9337151689182555e-01  1.8001566492551124e-01  
q[257]: 2.3205863653282004e-04  6.3549510115305530e-01  6.3235633764076427e-01  2.6308300465976386e-01  
q[258]: 6.4413839824823435e-04  6.4895413857721540e-01  6.2265639292115360e-01  3.6949234251479801e-01  
q[259]: 2.3323990529055893e-04  6.6031643289423325e-01  6.5442367184677175e-01  4.6471377553855270e-01  
q[260]: 1.8782952938461195e-04  6.4916037735242249e-01  6.4077257431957046e-01  5.6950721489987777e-01  
q[261]: 9.3359300853784971e-05  6.5488603252549693e-01  6.4623179472937664e-01  6.4143740632259238e-01  
q[262]: 1.1721930351769645e-04  7.3723660535098057e-01  2.6800110468345444e-02  8.4797260707373048e-03  
q[263]: 2.4430814201276027e-04  7.6467107184836325e-01  1.3057281400575100e-02  7.1428467208436097e-02  
q[264]: 6.8300912982113685e-04  7.5238688303204126e-01  4.7601646994113678e-02  1.3668724746666269e-01  
q[265]: 3.2137278928019117e-04  7.5117874742858870e-01  8.5079485709981216e-03  2.1455312807924176e-01  
q[266]: 6.8819010455612600e-04  7.3701084467917821e-01  3.8409753613558445e-02  2.8473869915297606e-01  
q[267]: 3.0890420162079811e-04  7.4623956102354572e-01  6.8974756980621742e-03  3.7170872171506725e-01  
q[268]: 5.8468097603701528e-04  7.7225022405510779e-01  3.7383351421283920e-02  4.8051927484366835e-01  
q[269]: 2.7195331325144731e-04  7.7390204960774944e-01  8.8345970396142368e-03  5.5950534771159088e-01  
q[270]: 6.3591622299218455e-04  7.5268384084167661e-01  4.2046223130741821e-02  6.0376030252751223e-01  
q[271]: 2.1345314434443458e-04  7.4165256849601024e-01  6.7444894084563167e-03  6.5622276163041837e-01  
q[272]: 8.8583856300528533e-05  7.3477394949727548e-01  1.0608078448517074e-02  7.2423492359035624e-01  
q[273]: 2.3370601602849385e-04  7.6242009227922436e-01  1.3494740248306089e-01  7.2053706581187687e-03  
q[274]: 4.4234165887847848e-04  7.5081087265233792e-01  6.9484153238858662e-02  3.9654346031222781e-02  
q[275]: 6.4021187583760981e-04  8.0435894473865455e-01  8.0408426570840991e-02  3.1251234185597754e-01  
q[276]: 5.0088125991319579e-04  7.2486553076235871e-01  7.1884738070299742e-02  4.2471232280154020e-01  
q[277]: 6.9063968471802886e-04  7.8744264983698653e-01  9.5299769679426438e-02  5.4631479904151403e-01  
q[278]: 2.3066475774901935e-04  7.6420599798056743e-01  3.8882301734966984e-02  7.2522026632837744e-01  
q[279]: 2.2208253397656622e-04  7.2679829955774178e-01  9.2164320644254089e-02  7.2063079398183238e-01  
q[280]: 7.8963746960754311e-04  7.3309666031070531e-01  1.2922610167367019e-01  8.2053912553250938e-02  
q[281]: 6.3612662525820869e-04  7.6512205006766276e-01  1.0095780197700746e-01  6.7944895541624251e-01  
q[282]: 5.5292635861359967e-04  7.4998638923809291e-01  2.0752231577362612e-01  3.0485686840580943e-02  
q[283]: 1.2029458042068489e-03  7.5818907603498509e-01  1.8532279732357285e-01  2.7783129657008399e-01  
q[284]: 1.1789849831740000e-03  7.5348270058351052e-01  1.1609300871464785e-01  3.7630066621064623e-01  
q[285]: 3.5260584449340433e-04  7.5596778999113146e-01  1.8010441906992811e-01  7.3339589838882990e-01  
q[286]: 7.3083213705056474e-04  8.0156911731577973e-01  2.6533019580435230e-01  1.1153117821898810e-01  
q[287]: 1.0084069265836775e-03  7.3076657242369780e-01  2.0546153400950584e-01  1.3891804897767862e-01  
q[288]: 8.5375595528485923e-04  7.7421141605726507e-01  1.7164420030681685e-01  5.0956464183385175e-01  
q[289]: 1.2654314469348594e-03  7.5549783481535338e-01  2.5795873955872445e-01  6.2603859769537373e-01  
q[290]: 2.2031292921362782e-04  7.6126639478921498e-01  2.8586530916316816e-01  6.3690448102967923e-03  
q[291]: 1.0158357588336581e-03  7.7529352888223679e-01  3.8375966697509672e-01  1.5352995616449361e-01  
q[292]: 1.5073989942523249e-03  7.4997019780191487e-01  2.9876185825747481e-01  2.2062825057524071e-01  
q[293]: 7.2994601318766698e-04  7.4889333603862651e-01  2.2478896152182318e-01  3.4243971851136940e-01  
q[294]: 1.1124302117552223e-03  7.6171693238262894e-01  2.5472362319190667e-01  4.5623991790210910e-01  
q[295]: 2.5405018310242864e-04  7.5526089413495567e-01  2.7491905027042296e-01  7.5007958954810927e-01  
q[296]: 8.5140960422376869e-04  7.5927686668263172e-01  3.3904734998898911e-01  5.2105595460237172e-02  
q[297]: 1.6807728280327765e-03  7.2897149488506363e-01  3.2909065883163591e-01  3.5733787535607470e-01  
q[298]: 1.3205098704879563e-03  7.7810388937756214e-01  4.3979364159678280e-01  4.5035132464260935e-01  
q[299]: 8.9419475694744142e-04  8.0770546247578789e-01  3.7736106363592803e-01  6.0491527544050772e-01  
q[300]: 8.1344479729001415e-04  7.5187068548447500e-01  3.2163421591063623e-01  7.0208648214316782e-01  
q[301]: 3.7589323136388077e-04  7.4658621152574656e-01  4.1380768386256866e-01  9.7167146589328731e-03  
q[302]: 9.9603569241069946e-04  7.7242145424738773e-01  4.6001096808555586e-01  9.5905594927344670e-02  
q[303]: 1.3135178135300102e-03  7.6018946487621752e-01  5.2541107252397634e-01  1.7897253135653035e-01  
q[304]: 1.7388082575896186e-03  7.4901227975412144e-01  4.3097805541411682e-01  2.7014889357116800e-01  
q[305]: 1.4051442730134819e-03  7.3791361472392225e-01  5.1883010107422145e-01  3.5459643499619176e-01  
q[306]: 8.9046573940951247e-04  7.5846973701772813e-01  4.3012193989252484e-01  6.5870802589519772e-01  
q[307]: 4.4686146799401583e-04  7.6128951433913516e-01  4.1579637382055518e-01  7.4701547708954041e-01  
q[308]: 6.6061224392314859e-04  7.5311039084622544e-01  5.1955895863376189e-01  3.5292783075990278e-02  
q[309]: 1.1805335578646673e-03  7.6364457814958542e-01  5.0835386950447292e-01  5.1145142402665666e-01  
q[310]: 1.2503492807741880e-03  8.4857803024360989e-01  5.2221730734226168e-01  6.7881149395338192e-01  
q[311]: 7.4854106406279145e-04  7.5859513052643268e-01  5.1916813961754715e-01  7.1697551848868646e-01  
q[312]: 2.1404351263558545e-04  7.6415041496470271e-01  5.9455599930196956e-01  4.6567248037118402e-03  
q[313]: 8.2168569666644237e-04  7.5319604338935864e-01  5.9851811055533122e-01  9.1797989233651622e-02  
q[314]: 5.6341615197916901e-04  7.9632496495233318e-01  6.4008191898100275e-01  1.6595519137423154e-01  
q[315]: 1.2157668741456600e-03  7.6137686815814787e-01  6.1659333809887440e-01  4.7066446511068660e-01  
q[316]: 7.7032018315206839e-04  7.7915191149484053e-01  5.9790693840363307e-01  6.0233777796232124e-01  
q[317]: 8.1517603173958907e-04  7.5923752199723693e-01  6.0463427372845968e-01  6.6576509784691895e-01  
q[318]: 2.3027624843407804e-04  7.4980083791374574e-01  5.7961880752623940e-01  7.4458336240075618e-01  
q[319]: 4.6733912821918879e-04  7.5103426241858218e-01  6.5823230252005116e-01  3.3741960918550182e-02  
q[320]: 1.3905021789559844e-03  7.6209411009888572e-01  6.2489222090470886e-01  2.7367344639781882e-01  
q[321]: 8.0301860789038252e-04  7.5640696372859584e-01  6.6776316446388417e-01  5.6161303881943048e-01  
q[322]: 5.4357550498636612e-04  7.8216777401637338e-01  7.1374319890614979e-01  6.6393740621763619e-01  
q[323]: 4.9427518947473470e-04  7.5093963159246047e-01  6.5859267895376838e-01  7.1979945500916542e-01  
q[324]: 1.2590424925051447e-04  7.3805335905968272e-01  7.0237070271627589e-01  6.2957204577523788e-03  
q[325]: 2.0304775099499385e-04  7.6603562759229582e-01  7.2924164805442160e-01  5.0378770293025968e-02  
q[326]: 6.3583410242564831e-04  8.2215566883920943e-01  7.3411671867232320e-01  3.4421979642970041e-01  
q[327]: 3.6286284728210096e-04  7.4563590924124146e-01  7.1634076798526825e-01  6.7658697749484720e-01  
q[328]: 1.2208603958709666e-04  7.4520841783062430e-01  7.1327730921735888e-01  7.3893522305240578e-01  
q[329]: 6.9271509141571359e-05  7.3670989084218697e-01  7.3399141516546185e-01  2.2304127267926372e-02  
q[330]: 2.9917452821444937e-04  7.8962929103015378e-01  7.5857122265813715e-01  1.0434136141078793e-01  
q[331]: 4.6802027089646697e-04  7.9952344587954649e-01  7.1057473594526843e-01  1.1014158941572422e-01  
q[332]: 1.8682676521378135e-04  7.2942343817972888e-01  7.2635330517599483e-01  1.7208915216276416e-01  
q[333]: 8.1546388977348080e-04  7.3936186440060214e-01  6.7264972249906119e-01  1.8171593923448792e-01  
q[334]: 6.8674674016654873e-04  7.3833860922697547e-01  7.1410071824229204e-01  2.7956069051615740e-01  
q[335]: 1.0722419331606399e-03  7.5336152425969227e-01  6.8164293102686013e-01  3.8782780573897441e-01  
q[336]: 2.5406539016524857e-04  7.4999431189205845e-01  7.4577808496063680e-01  4.0051839036969900e-01  
q[337]: 6.4677314810656142e-04  7.5382619011402530e-01  7.2422437559533770e-01  4.9731195195653061e-01  
q[338]: 2.3123753585397412e-04  7.4574979487619586e-01  7.3843377487932660e-01  6.0253807840670259e-01  
q[339]: 7.5897959326025650e-05  7.5664663250966913e-01  7.5438290242711026e-01  7.2308074318412874e-01  
q[340]: 8.6173300783475278e-05  8.1786514541718969e-01  5.8122769656526966e-03  2.0320578439911665e-02  
q[341]: 2.7011850604711487e-04  8.5831409504948364e-01  3.6538962614749926e-02  9.7243135464084848e-02  
q[342]: 4.1473884713730128e-04  8.8733511268219201e-01  8.4604028329931580e-02  1.6175546259500273e-01  
q[343]: 1.8793346496753408e-04  8.3533642355536564e-01  5.2304245942524571e-03  1.4406242678661296e-01  
q[344]: 5.6502565385182059e-04  8.3577571467468192e-01  3.5384033073980470e-02  2.1657883353215290e-01  
q[345]: 3.2669385784710897e-04  8.4339928715277213e-01  8.2882109502866712e-03  3.2576482556558617e-01  
q[346]: 6.6927525218340468e-04  8.3098355869047780e-01  4.0412006924069890e-02  4.0937345362851818e-01  
q[347]: 2.2814669497282189e-04  8.3696200606468418e-01  6.5134721696079060e-03  4.9778425917521357e-01  
q[348]: 4.6924706515386906e-04  8.6314831155606742e-01  7.6420417186106135e-02  5.5068069860460833e-01  
q[349]: 5.7013118699931478e-04  8.6348620982941215e-01  3.3344852861813108e-02  6.1989753284943372e-01  
q[350]: 6.6550584299383299e-04  8.3851921482780445e-01  7.9554566594340903e-02  6.8025210075666964e-01  
q[351]: 1.9450554407204681e-04  8.4550492377882214e-01  6.1657991434341548e-03  6.9269154696530355e-01  
q[352]: 9.8253686476654963e-05  8.3172476728260791e-01  5.1130155715191023e-03  8.0360735414206119e-01  
q[353]: 1.0032717100256042e-04  8.2781914637621934e-01  5.0750430323007460e-02  3.3798080187380877e-03  
q[354]: 2.3439236676829270e-04  8.3613124577231468e-01  3.8373011171619002e-02  5.1022614981466062e-02  
q[355]: 5.2679556716011297e-04  8.3546143513299354e-01  9.0408013212511837e-02  2.6149149219097068e-01  
q[356]: 7.8889117435816029e-04  8.4445481987048798e-01  1.1282255729894158e-01  4.7533698329113439e-01  
q[357]: 6.5297874330653082e-04  8.6041416205562193e-01  1.4605496964801351e-01  6.5801827139442781e-01  
q[358]: 4.0235808085392090e-04  8.3721151747425115e-01  3.0844785149981006e-02  7.5349710797165670e-01  
q[359]: 1.1257811336900477e-04  8.2485200030301975e-01  4.2844669477490251e-02  8.2096105857240298e-01  
q[360]: 3.8612171337359822e-04  8.4003232783679616e-01  1.0987582234878143e-01  2.9816446534924494e-02  
q[361]: 6.8305208655501486e-04  8.2619657213749520e-01  9.6749659604654814e-02  1.1777065997099641e-01  
q[362]: 9.9572688210923695e-04  8.6045235320890978e-01  1.5590731046774703e-01  3.4395047126075851e-01  
q[363]: 8.4621624337247658e-04  8.6655594568428462e-01  1.7813547457744155e-01  5.6537844524518310e-01  
q[364]: 4.6145120926691379e-04  8.2720617086979986e-01  9.7176837324341833e-02  7.9123748737969324e-01  
q[365]: 1.0927703938700375e-04  8.7173798867335661e-01  1.5946859994457563e-01  1.0511674424645359e-02  
q[366]: 8.0178190422534217e-04  8.3088575543245846e-01  1.8979289936263716e-01  7.2577068653173191e-02  
q[367]: 1.2949935299193106e-03  8.3328952704208170e-01  2.1193131179103789e-01  4.2617312445145278e-01  
q[368]: 8.9693207801990350e-04  8.2720250457439837e-01  1.8257484272817845e-01  7.2642008324911911e-01  
q[369]: 2.5497549104204362e-04  8.3090267069405743e-01  1.6551123489676467e-01  8.2085726443192641e-01  
q[370]: 1.1216737634706666e-03  8.1838461100451909e-01  1.6116269942822781e-01  1.9476096756620764e-01  
q[371]: 1.0876082690151714e-03  8.3222168152122589e-01  2.4325791968789409e-01  6.2243221461164489e-01  
q[372]: 7.8512913165738017e-04  8.5475520070401612e-01  3.1345247404115556e-01  7.0997306993715126e-01  
q[373]: 7.6231247114961684e-04  8.3741205642857686e-01  2.7361329378015825e-01  7.9193829984207764e-01  
q[374]: 2.0377157008286297e-04  8.4690955416889380e-01  2.2239550017799431e-01  7.0795450403446508e-03  
q[375]: 9.5758090881865876e-04  8.5355311466160944e-01  3.8486387714873882e-01  9.9118884444901315e-02  
q[376]: 8.5956983001258668e-04  8.3970600334528689e-01  2.9221991190685498e-01  1.7106345609056056e-01  
q[377]: 1.0587947111614854e-03  8.4711459372188536e-01  2.5673443661191259e-01  2.7217231882328563e-01  
q[378]: 1.1982147001943346e-03  8.2858240736045197e-01  3.2091569541180048e-01  3.3346149956716126e-01  
q[379]: 1.4063546887739975e-03  8.3520409030101628e-01  3.2147746898046142e-01  5.1938497940541473e-01  
q[380]: 9.5164797614769926e-04  8.3303554316373019e-01  3.8938755897798571e-01  7.3449156141875660e-01  
q[381]: 1.0662611056687650e-04  8.5412175201210427e-01  2.7082884599241613e-01  8.5234453006554489e-01  
q[382]: 5.5618027316206467e-04  8.4284301996282318e-01  3.0411892863526602e-01  3.2943779848746593e-02  
q[383]: 1.5359202152034034e-03  8.4749670918192321e-01  4.2769876933456408e-01  2.3229509767854190e-01  
q[384]: 1.3013284671117111e-03  8.3040759257372654e-01  3.9290024358852105e-01  3.9823581477845754e-01  
q[385]: 4.3254401593030562e-04  8.4969079330991171e-01  3.9045213090967118e-01  8.3476740722713993e-01  
q[386]: 2.3339000751189154e-04  8.4536269735315628e-01  3.9772475443521749e-01  5.5215865383012189e-03  
q[387]: 1.2761324185506268e-03  8.3866464910673766e-01  5.1083576445473911e-01  3.2466074294953678e-01  
q[388]: 1.2175152254884686e-03  8.5246328542656391e-01  5.1420276775687856e-01  4.8368702051459261e-01  
q[389]: 1.0816774354549825e-03  8.5398114561681171e-01  4.4564163917576927e-01  5.9183824617096736e-01  
q[390]: 7.2034334592070140e-04  8.4670208175622985e-01  4.9196000828686864e-01  7.9432980560603761e-01  
q[391]: 1.7005457733575445e-04  8.3104146115566724e-01  5.3154115527156398e-01  8.2799234191158599e-01  
q[392]: 6.6926924924239593e-04  8.3871756398291442e-01  4.7169027364254801e-01  4.0387518708261363e-02  
q[393]: 1.2449945308005974e-03  8.5643135730363440e-01  5.4058663612662783e-01  1.4747765677914099e-01  
q[394]: 1.3423817363815403e-03  8.2202729623785986e-01  5.9983642818834126e-01  3.9251073517654600e-01  
q[395]: 1.4206601839293555e-03  8.5230377403710733e-01  6.1276652939160103e-01  5.7580980095295231e-01  
q[396]: 2.8440377263912111e-04  8.5877660773653530e-01  5.9716367945584037e-01  8.2694642733141999e-01  
q[397]: 3.0225048021302332e-04  8.3950004845892046e-01  5.5833679078732079e-01  9.8101848296162641e-03  
q[398]: 8.8818499125849259e-04  8.4086044473827970e-01  6.1885251995001789e-01  7.2839120281191966e-02  
q[399]: 8.7874751782713071e-04  8.6992903677068445e-01  6.8896566523948632e-01  1.7308975839949400e-01  
q[400]: 6.5535908877044390e-04  8.6118078127276310e-01  6.6798214225067876e-01  7.1906745832730845e-01  
q[401]: 6.4858344141419458e-04  8.3162898757510983e-01  5.9249191179441429e-01  7.3877335258332344e-01  
q[402]: 3.3061555003989707e-04  8.3959761019002932e-01  6.5879153232510301e-01  8.2194672859165219e-01  
q[403]: 4.3058413071155776e-04  8.3889954631584551e-01  6.9799552332744574e-01  2.7636426251189675e-02  
q[404]: 5.7779277715292842e-04  8.6781583470802581e-01  7.6142931739267150e-01  9.9524730683774071e-02  
q[405]: 9.5968406584270697e-04  8.3347837208460052e-01  5.8743845387276628e-01  2.4846850853253019e-01  
q[406]: 9.6058343017929473e-04  8.4870628339582233e-01  7.2162732205422764e-01  6.3450954649783142e-01  
q[407]: 5.6157906207382827e-04  8.6578201583164882e-01  7.8829382526358283e-01  7.4664101378554448e-01  
q[408]: 5.6180065853776663e-04  8.4150508242552380e-01  7.1305287301357734e-01  7.8041287638270063e-01  
q[409]: 1.1397690324426848e-04  8.2987894147941366e-01  7.5544133209322917e-01  4.0815119353629567e-03  
q[410]: 3.2637070304163108e-04  8.5156922101620180e-01  8.0214946689768984e-01  4.6053164748478342e-02  
q[411]: 8.9719107464411216e-04  8.6016224657648721e-01  7.0404344908516225e-01  2.9317562299662459e-01  
q[412]: 5.4850904596945326e-04  8.7752108204174317e-01  7.9006149646172663e-01  3.7356144523885465e-01  
q[413]: 1.1564775842408048e-03  8.4724517669356003e-01  7.0407471578513825e-01  4.7413833508785641e-01  
q[414]: 4.1140216383005857e-04  8.2941528763971495e-01  7.9946575752592774e-01  6.5145988156042289e-01  
q[415]: 3.1543899646362361e-04  8.3804707100644327e-01  7.9933082420667223e-01  7.9568408785610911e-01  
q[416]: 1.5802868755792189e-04  8.3242509930955688e-01  7.4980097611462693e-01  8.2622908828658304e-01  
q[417]: 9.7608493141728399e-05  8.3346999517172327e-01  8.2003649799117218e-01  1.2810336832693189e-02  
q[418]: 1.1102831215447848e-04  8.2501404704740300e-01  8.1995517961202746e-01  6.9181624537889994e-02  
q[419]: 5.4943985877684010e-04  8.3746158179836538e-01  7.4989591921242538e-01  2.0323468095012917e-01  
q[420]: 2.3790301984184415e-04  8.1961760669120975e-01  8.0858571028633563e-01  1.5893474251484438e-01  
q[421]: 5.6569074321616817e-04  8.2860559124813349e-01  7.8742192751287421e-01  2.4323856715427217e-01  
q[422]: 2.2504631114233771e-04  8.3136722751908465e-01  8.2655658913224062e-01  2.9931242236375238e-01  
q[423]: 5.3950153185472124e-04  8.3592794532487602e-01  8.0546775325658693e-01  4.0223688197603952e-01  
q[424]: 2.4555662331236832e-04  8.4751139359510463e-01  8.3727021492235021e-01  4.8288856682137138e-01  
q[425]: 8.7368261464579409e-04  8.4343017507574003e-01  7.8084189624117450e-01  5.4027385509734527e-01  
q[426]: 1.7327225078933719e-04  8.2173664018181969e-01  8.1619504402200438e-01  5.8338269935678833e-01  
q[427]: 2.0021902999519184e-04  8.4160945186559077e-01  8.3364398959029962e-01  7.4484024246785130e-01  
q[428]: 6.4276758416530105e-05  8.3143955423730598e-01  8.2163252410230092e-01  8.2115196877996999e-01  
q[429]: 8.9546657730265556e-05  8.9930043623555000e-01  1.6635889614392312e-02  1.1218985318063411e-02  
q[430]: 1.2567841995115732e-04  8.9961211243413342e-01  6.2606311976311831e-03  6.9172780571637366e-02  
q[431]: 3.7768144932064026e-04  9.2407806668644143e-01  3.7854830262804562e-02  1.3726196324862824e-01  
q[432]: 2.4373636600535619e-04  9.0910594095092834e-01  1.0036383964716705e-02  2.1581385235331424e-01  
q[433]: 5.6798560092192509e-04  9.0556384986235727e-01  4.5787277461780469e-02  3.0701879689219463e-01  
q[434]: 1.5965876818234602e-04  9.2352027462456310e-01  4.4735882752880637e-03  3.7142459698639430e-01  
q[435]: 4.7770078854399075e-04  9.0789430637697766e-01  2.6681492035820521e-02  4.7268500694665899e-01  
q[436]: 1.3566500760215232e-04  9.0304724956809312e-01  3.7070956151912049e-03  5.6394397214882064e-01  
q[437]: 2.9351342651151726e-04  9.3737692895918134e-01  3.0030597090898604e-02  6.5825475910782061e-01  
q[438]: 1.5123347801304919e-04  9.1783667108164091e-01  7.6028835533366668e-03  7.1737127145789015e-01  
q[439]: 4.2676108915325200e-04  9.2014377902864897e-01  4.5038209895680380e-02  7.7452624529401659e-01  
q[440]: 1.5894080836497765e-04  9.1213616173965606e-01  8.8962717400926598e-03  8.3586636926283719e-01  
q[441]: 6.5058326884690864e-05  9.0345469382466970e-01  1.4039336921128399e-02  8.9481689891515881e-01  
q[442]: 8.3496585396590863e-05  9.1224084030737473e-01  9.6121324158622984e-02  2.9704733974496569e-03  
q[443]: 2.7914861666569236e-04  9.0774260511527394e-01  6.4152700473950428e-02  3.7571655805774033e-02  
q[444]: 5.6736949861382934e-04  9.0776470848272162e-01  1.0829175723613231e-01  2.2870671454696540e-01  
q[445]: 7.4448071469834049e-04  9.0121050368436884e-01  8.9724198615993594e-02  4.0828105719084490e-01  
q[446]: 5.2917426934315790e-04  9.1824862924810091e-01  7.7104199106785815e-02  5.7997809140349754e-01  
q[447]: 6.6339776279911655e-04  9.2647355670349463e-01  1.0947577967143549e-01  6.9771361753793149e-01  
q[448]: 2.8307316796173280e-04  8.9991815994083535e-01  5.3187444629451588e-02  8.6520569609138398e-01  
q[449]: 1.6556182375472255e-04  9.0597513958134368e-01  1.1515475129374214e-01  8.9950263533467201e-01  
q[450]: 5.9119993469204906e-04  9.0617397693643287e-01  1.3899316219374994e-01  8.5365615487003943e-02  
q[451]: 2.4867485106866758e-04  9.4695543051823783e-01  9.2236928456100931e-02  8.4845889508666963e-02  
q[452]: 1.0123200320380984e-03  9.2505879730237683e-01  1.6725073004224239e-01  5.1760444231018177e-01  
q[453]: 4.9533355796075511e-04  9.3733265865235837e-01  1.9727569142837212e-01  6.4462836031174231e-01  
q[454]: 4.1090184840109295e-04  8.9217333352129746e-01  9.5111138492402533e-02  7.8398450979305434e-01  
q[455]: 3.7447114630232851e-04  9.1251669037422956e-01  1.4218445428137852e-01  8.4615845689587421e-01  
q[456]: 2.8330841316520156e-04  9.2393628632990243e-01  1.8533578448574323e-01  2.1179859896816033e-02  
q[457]: 9.7227828001008525e-04  8.9625898611697985e-01  2.1271906514051520e-01  1.6331117538750095e-01  
q[458]: 8.1181123906035057e-04  9.1556939669592596e-01  1.7803902386877765e-01  2.8321717231121885e-01  
q[459]: 8.2624960465602808e-04  9.1825614966828917e-01  2.4195310508145948e-01  3.9220720293557426e-01  
q[460]: 4.7016119687511742e-04  9.1185619794809225e-01  1.8018823345524931e-01  7.2377006337179717e-01  
q[461]: 3.0120845694170932e-04  8.8190306352344927e-01  1.7673903000042379e-01  8.0975459617926293e-01  
q[462]: 4.2098108277086396e-04  9.0904935755899241e-01  2.2636614708061142e-01  8.8443292921202288e-01  
q[463]: 5.0379593019816624e-04  9.0475030782145094e-01  2.5833637439073059e-01  5.3816356828681799e-02  
q[464]: 6.9884574690853645e-04  9.1163990431691655e-01  3.1919729633924526e-01  1.1159088099486925e-01  
q[465]: 1.1718253592503309e-03  9.0883466063891627e-01  2.8529585146710962e-01  6.1660683876265843e-01  
q[466]: 9.2672883617828323e-04  9.1332217937720861e-01  2.5610958795657296e-01  7.7381927970037878e-01  
q[467]: 1.6943738923883632e-04  9.1918215196066688e-01  3.1489551022601242e-01  4.7621571998000926e-03  
q[468]: 7.7248290079817803e-04  9.0863841738044093e-01  3.9320008938979495e-01  1.9456449470035586e-01  
q[469]: 9.8026439994639090e-04  9.1253873738135172e-01  3.1251387980093737e-01  2.7251006251879539e-01  
q[470]: 1.1552963484474249e-03  9.0876898475510215e-01  3.9284263509807377e-01  3.6309292453045772e-01  
q[471]: 1.0280097754935627e-03  8.9779950298099109e-01  2.8473802197581383e-01  4.6539300546423507e-01  
q[472]: 1.1551378521891826e-03  9.0519909137948740e-01  3.9220040090351144e-01  6.9372044931878396e-01  
q[473]: 7.9788094032243238e-04  9.1345521712410727e-01  3.5038002577018890e-01  8.4480079416108167e-01  
q[474]: 1.7199388049388010e-04  9.2461109772382100e-01  3.4132577328057101e-01  9.1960250205102112e-01  
q[475]: 4.8784893265199994e-04  9.1367512149039976e-01  4.0723253194273762e-01  3.1930767687675707e-02  
q[476]: 7.3334948669870467e-04  9.2314911388803589e-01  4.8989474094534124e-01  1.8405641637639666e-01  
q[477]: 1.2948888789500199e-03  9.0719215525759456e-01  4.1029472403716755e-01  5.1485209777198915e-01  
q[478]: 9.3484514592683432e-04  9.0908796009148107e-01  4.7919749454562416e-01  7.9183349821823312e-01  
q[479]: 3.7559530425038281e-04  9.1509245107435178e-01  4.5792502205110891e-01  8.9038605682950567e-01  
q[480]: 2.2395393371431918e-04  9.1954149211650060e-01  5.2072101857764463e-01  6.6959386467890115e-03  
q[481]: 7.0298540684698952e-04  9.0443406134094340e-01  5.0829409268938386e-01  8.1909526987879580e-02  
q[482]: 7.9589881874716736e-04  9.2162166852927740e-01  5.1717025269121875e-01  2.9154202625287390e-01  
q[483]: 1.1006960769367540e-03  9.0659086228180985e-01  5.1410349845351988e-01  4.0038908431545933e-01  
q[484]: 1.1660866229968301e-03  9.2108872900699779e-01  5.1602776915871285e-01  6.1310471128926869e-01  
q[485]: 1.0609736927905890e-03  9.2109002408478580e-01  5.9395438539805034e-01  7.1572778853356711e-01  
q[486]: 4.2709612877020383e-04  9.2109654608735569e-01  5.7188525835712645e-01  8.7147459222370549e-01  
q[487]: 1.4241397845911796e-04  9.0831469066726778e-01  5.6000447747426285e-01  9.0555885229760058e-01  
q[488]: 4.8130446433995868e-04  9.0914498311225289e-01  6.1367008478440077e-01  3.4673575970993201e-02  
q[489]: 7.0861282460110014e-04  9.2868785252041985e-01  6.2069172230271674e-01  1.4833243488126893e-01  
q[490]: 1.1517407126766257e-03  9.0936645096056523e-01  6.2121211876131177e-01  2.6948559474007178e-01  
q[491]: 1.0108775573580008e-03  8.9985237187852718e-01  6.7256271000637680e-01  3.9340758745123000e-01  
q[492]: 1.0641613335663656e-03  9.1094022911975137e-01  6.1079103026463166e-01  4.9772381226970269e-01  
q[493]: 9.2400802056316091e-04  9.1914849117482278e-01  6.9018405902803825e-01  6.2109536945259047e-01  
q[494]: 6.8669229106644008e-04  9.0822800504763224e-01  6.3990311499473007e-01  8.1004895332809268e-01  
q[495]: 2.9660891528563441e-04  9.1520263078541897e-01  6.8234365946986297e-01  8.9476907209324397e-01  
q[496]: 1.5655040269305060e-04  8.8831734573029597e-01  6.8739934077503773e-01  5.6048586621911100e-03  
q[497]: 5.9309372531218916e-04  9.1857962705836826e-01  6.9753549960260086e-01  8.6643595828853212e-02  
q[498]: 7.1788924747425353e-04  9.3194507323083542e-01  7.4388611571857843e-01  1.9500861438543762e-01  
q[499]: 9.1911526757814267e-04  9.1666132803987810e-01  7.6541340550462544e-01  5.1980615041794687e-01  
q[500]: 7.5595925865329264e-04  9.1803068037472191e-01  7.4118806673969817e-01  7.3397777500628647e-01  
q[501]: 5.0670952560017768e-04  9.1638583703456400e-01  7.6031818251843686e-01  8.5061057112309424e-01  
q[502]: 9.3912125953524796e-05  9.0680335825205771e-01  7.5832353373482708e-01  9.0436001021166657e-01  
q[503]: 3.6139527169425670e-04  9.1672356714281478e-01  7.7574459164840059e-01  3.3979395334009690e-02  
q[504]: 4.6922033784178798e-04  9.3055552938763242e-01  8.2161439272221648e-01  1.1202802012149445e-01  
q[505]: 7.8776399090156525e-04  9.3090853057290290e-01  7.6488562593579090e-01  3.5708089556627542e-01  
q[506]: 7.5614741476772807e-04  9.1747216459381864e-01  8.2068527201478902e-01  6.4133512216091271e-01  
q[507]: 4.9876910539741078e-04  9.3228402432454605e-01  8.4168612993999303e-01  7.9986257143822470e-01  
q[508]: 2.6459135153615582e-04  9.0764029291708692e-01  8.2568770714613526e-01  8.8170983783940948e-01  
q[509]: 1.1355652213931892e-04  9.0953103810507074e-01  8.3466370720112448e-01  5.7361450393815620e-03  
q[510]: 2.3872626054836883e-04  9.2014652604135039e-01  8.7283917431585523e-01  4.9911207633131650e-02  
q[511]: 8.0303289596216369e-04  9.1481678572174385e-01  8.2002071952282984e-01  2.4896230850944046e-01  
q[512]: 4.2060952375449459e-04  9.0030471630648667e-01  8.6443359754916838e-01  6.9683613110894049e-01  
q[513]: 2.7492009422595490e-04  9.1608197417073423e-01  8.8396289377107318e-01  8.4233879351906416e-01  
q[514]: 6.6665176740946436e-05  9.0491005461680329e-01  8.7767179582633159e-01  8.9940947996680776e-01  
q[515]: 7.5202611918381122e-05  9.0900950177294215e-01  8.9722164461481091e-01  1.4031232923709509e-02  
q[516]: 1.5081602062551542e-04  9.0318578879832512e-01  8.9541338600384890e-01  8.5914817844420219e-02  
q[517]: 4.7101919963023534e-04  8.8861966575548834e-01  8.5020888911825088e-01  1.5074468474851102e-01  
q[518]: 1.6966258085488294e-04  9.0140267012693431e-01  8.9601634956910425e-01  2.2046535465907172e-01  
q[519]: 5.0680734085195968e-04  9.0813360872191740e-01  8.7792059165934033e-01  3.2092240986989995e-01  
q[520]: 2.1134344202193545e-04  9.1298366493315430e-01  9.0700885321462543e-01  4.2986430194937914e-01  
q[521]: 5.7704040126463634e-04  9.1513839824765864e-01  8.4291524973153908e-01  4.5323907735466296e-01  
q[522]: 4.7323607576005506e-04  9.1481591319991007e-01  8.8151278968813485e-01  5.5075892843045815e-01  
q[523]: 1.5721724164850472e-04  8.9704457032060725e-01  8.9173757710688661e-01  6.2386153330003769e-01  
q[524]: 1.3855597370187784e-04  9.1491648157631278e-01  9.0803080526167745e-01  7.7167115996837199e-01  
q[525]: 5.8415851014516969e-05  9.0368603638973577e-01  9.0043317844032655e-01  8.7089711673891801e-01  
q[526]: 3.4677488954723729e-05  9.5846104385176001e-01  6.0562609807167916e-03  1.4495010017071076e-02  
q[527]: 7.7483554595925014e-05  9.5754093350905756e-01  4.5034329587151454e-03  1.0447362368481579e-01  
q[528]: 2.1396654775715992e-04  9.7794088439252369e-01  4.2875882850925404e-02  1.3862038239878194e-01  
q[529]: 1.5664337193725282e-04  9.6489745886789158e-01  1.1354981553762061e-02  2.2412043643958726e-01  
q[530]: 4.0288627010188842e-04  9.5955251884030845e-01  4.5638625314250905e-02  3.0758789876394133e-01  
q[531]: 8.8064758459288379e-05  9.7218524684659291e-01  5.4594566153658448e-03  3.7168496395273870e-01  
q[532]: 2.8713923912510161e-04  9.6311542569689024e-01  2.4596948880147955e-02  4.7444563582462368e-01  
q[533]: 1.2881262215828847e-04  9.6324393143110221e-01  5.0704544417919176e-03  5.9903392737924144e-01  
q[534]: 2.3191844747248407e-04  9.7323999524467986e-01  3.4156632099045542e-02  7.1298518237221631e-01  
q[535]: 8.8227121338530566e-05  9.6663310393265378e-01  4.5109426558343603e-03  7.9797688316313631e-01  
q[536]: 3.0540186382633556e-04  9.7275464203150885e-01  7.4083446912005024e-02  7.8936856323799176e-01  
q[537]: 1.5935595819098898e-04  9.6770652530987855e-01  2.4400941588303467e-02  8.7330017493420231e-01  
q[538]: 5.8601422595240150e-05  9.6011088926779220e-01  7.3984872698360871e-03  9.3515535632261049e-01  
q[539]: 5.1529741273484409e-05  9.6167195030345010e-01  5.5533836514461185e-02  3.4453623447352490e-03  
q[540]: 1.5962936924190243e-04  9.5711021364706772e-01  3.2047135617482202e-02  4.6372497039435509e-02  
q[541]: 5.1738878650905691e-04  9.5825096641721585e-01  9.7031375179725349e-02  2.0370737545317727e-01  
q[542]: 3.7549596193408051e-04  9.6264680463198626e-01  8.8090873596512312e-02  4.1546002090738959e-01  
q[543]: 4.4172377042827769e-04  9.6041794611335163e-01  7.1063463669864671e-02  5.6022684801108225e-01  
q[544]: 1.8033754437567971e-04  9.5533628068209109e-01  5.8129931644542880e-02  9.0019401302237112e-01  
q[545]: 6.5859893057204001e-05  9.5901800088832057e-01  4.9200677629381934e-02  9.5419297392723856e-01  
q[546]: 1.9405680964652911e-04  9.6511419058646741e-01  1.2592638675388057e-01  2.3483930767921112e-02  
q[547]: 1.7977665735431406e-04  9.8210141166155207e-01  9.5808620457063898e-02  7.9094600423893824e-02  
q[548]: 4.6847624254783512e-04  9.4556913982294688e-01  1.3102941240199700e-01  3.9188480825468780e-01  
q[549]: 5.4021736004811172e-04  9.7652610135655171e-01  1.6831170862817252e-01  4.9891522585927223e-01  
q[550]: 5.4618327213984982e-04  9.7479394523167928e-01  1.3012397460663536e-01  6.6540100885995934e-01  
q[551]: 3.2471862340218322e-04  9.5728901487028084e-01  1.1349898495218468e-01  8.3745672910469937e-01  
q[552]: 2.2887302537597071e-04  9.6255070065509463e-01  1.2145029274624138e-01  9.3168287193576527e-01  
q[553]: 9.0253819433513019e-05  9.6685138515457991e-01  2.2978888485172866e-01  4.3275383714318858e-03  
q[554]: 1.5096268899775236e-04  9.6918347669349736e-01  1.8573201394212741e-01  6.6437701650104722e-02  
q[555]: 5.4059859021970632e-04  9.5755251155229271e-01  1.8483349618085998e-01  1.3385105761664964e-01  
q[556]: 6.1633667067173699e-04  9.6895899792794327e-01  1.7231263534278304e-01  2.9163468088223776e-01  
q[557]: 3.5876690747520788e-04  9.5769812749443084e-01  2.6928741968959785e-01  4.8205490726528516e-01  
q[558]: 4.8636261274784287e-04  9.6697058675637559e-01  1.9756637244050060e-01  7.7207155627516644e-01  
q[559]: 3.9783738229898750e-04  9.5887135814599922e-01  1.9599146854837626e-01  8.6547669273656480e-01  
q[560]: 1.1887028039257930e-04  9.6181169767760966e-01  1.9752281507645750e-01  9.5559049531247908e-01  
q[561]: 4.2229400934172399e-04  9.6147579162565711e-01  2.7751035064513191e-01  5.6603077870638202e-02  
q[562]: 7.1605413283824543e-04  9.5611284544450348e-01  2.7009188585338290e-01  1.9995079580216701e-01  
q[563]: 7.3506470227876965e-04  9.6525018589825173e-01  2.6828004845774667e-01  3.6838280137232499e-01  
q[564]: 5.6752766803823027e-04  9.6941991310054787e-01  2.4657299833764587e-01  5.9227706492527221e-01  
q[565]: 5.5479666651421565e-04  9.6432894384092416e-01  2.9187819954876010e-01  7.1508550393029380e-01  
q[566]: 5.1886504285584190e-04  9.6544976370467583e-01  3.2829218213445199e-01  8.3038912266634901e-01  
q[567]: 3.6999754020453589e-04  9.6280467914099443e-01  2.7902509962019506e-01  9.1882196039363939e-01  
q[568]: 1.9849997774581431e-04  9.6689707454130114e-01  3.6942268777738785e-01  1.5804719858580164e-02  
q[569]: 3.7102864893918182e-04  9.4191816808093987e-01  4.1404051292057509e-01  1.0276553165639872e-01  
q[570]: 4.6969174662915390e-04  9.6984259605607714e-01  3.6287012417143338e-01  1.2087004190391427e-01  
q[571]: 7.5880801536971194e-04  9.6343120194939647e-01  3.8028633527362826e-01  2.6833347380471545e-01  
q[572]: 8.3743353511370080e-04  9.6110861925012925e-01  3.7572485456229798e-01  4.6406432903270850e-01  
q[573]: 7.5095235321724120e-04  9.5678191816411817e-01  3.6239711667910768e-01  5.9476757862822005e-01  
q[574]: 6.1346322742703160e-04  9.5372256787941434e-01  3.9978693808135279e-01  7.4587472983648306e-01  
q[575]: 3.8782930202385706e-04  9.6683059641057800e-01  4.1982580598046976e-01  8.8939460866570985e-01  
q[576]: 1.2079944845798333e-04  9.7306393991674356e-01  3.6089796578947003e-01  9.6400294465389202e-01  
q[577]: 3.0658430542913315e-04  9.6203399208774087e-01  4.6582757456886825e-01  4.5210638173988460e-02  
q[578]: 5.1413122896348448e-04  9.6954937201468416e-01  4.7710942775227355e-01  1.6977353016184291e-01  
q[579]: 8.1183330554284057e-04  9.6364004907503797e-01  4.7050363869708173e-01  3.5428324632301966e-01  
q[580]: 9.1905107371494262e-04  9.6190887586888074e-01  5.1691981607631921e-01  5.1684094602804775e-01  
q[581]: 6.1576119919323183e-04  9.5964804046013352e-01  5.0970421321476789e-01  8.1729378288570154e-01  
q[582]: 2.5956213275827276e-04  9.6270473239753895e-01  4.6867121740654816e-01  9.3733730437407514e-01  
q[583]: 1.1279324257837225e-04  9.7434191989680452e-01  5.2067112258888493e-01  4.7022350991991653e-03  
q[584]: 4.7017158835983397e-04  9.5983650616856375e-01  5.6465634871949733e-01  8.2237677084170763e-02  
q[585]: 6.8063106791117843e-04  9.6817744974091069e-01  5.7726659370143851e-01  2.3423159931890167e-01  
q[586]: 5.2218203737498250e-04  9.6837393598976917e-01  6.0037039131314529e-01  3.8638903124088791e-01  
q[587]: 7.7170647889569517e-04  9.6872485126327079e-01  4.8082785347501306e-01  6.7131560980756622e-01  
q[588]: 6.5573808798995419e-04  9.7149715345241161e-01  6.1167164509950112e-01  7.4949288137814829e-01  
q[589]: 4.7414229882169822e-04  9.6644223130747897e-01  5.9827393131237860e-01  8.9767283165358414e-01  
q[590]: 9.8136437546179203e-05  9.6535650253776728e-01  5.6942870577962523e-01  9.6234164045735249e-01  
q[591]: 2.8550448980646878e-04  9.6368898359585442e-01  6.3718170688080500e-01  2.6558190008716183e-02  
q[592]: 5.1784164285274955e-04  9.7300292393550081e-01  6.7641085658511746e-01  1.3695786034537619e-01  
q[593]: 7.3390657067014448e-04  9.6272312640747415e-01  6.9433138404274408e-01  2.9670083703365929e-01  
q[594]: 5.7629489230282232e-04  9.5225423959482247e-01  6.2605542591791297e-01  4.4050533220707383e-01  
q[595]: 6.8673275699921007e-04  9.6569469484270332e-01  6.3741049128129956e-01  6.0669231267878698e-01  
q[596]: 5.1890874884287334e-04  9.6814172354259620e-01  7.3874346502580912e-01  6.9103131177173405e-01  
q[597]: 6.4856746433863131e-04  9.6069531827835786e-01  7.0615673543738655e-01  8.2860260933202456e-01  
q[598]: 2.6288103497140112e-04  9.6338956105028739e-01  6.9338106158291124e-01  9.4194309343854610e-01  
q[599]: 1.2577765497722405e-04  9.5006397678685184e-01  7.2110629947485161e-01  5.0420798217760097e-03  
q[600]: 4.0191768236753759e-04  9.6769319140103727e-01  7.5947522044534810e-01  6.1629388339229173e-02  
q[601]: 4.4280715196367740e-04  9.7303458775716245e-01  7.8613311547400011e-01  2.0292066131899461e-01  
q[602]: 4.0080808529593584e-04  9.5857378237207025e-01  7.1629034461291619e-01  5.5323072025759101e-01  
q[603]: 4.5824992286953707e-04  9.6783419280218486e-01  8.1777976381352491e-01  7.5660804442977725e-01  
q[604]: 3.7266730110903129e-04  9.6646828753143299e-01  7.9818429643871991e-01  9.0250385479068596e-01  
q[605]: 7.6976078121172755e-05  9.6280877252755959e-01  8.0165501795162031e-01  9.5915654091999847e-01  
q[606]: 1.6839745075624139e-04  9.6591269076769781e-01  8.4532385727621595e-01  1.5772582082632828e-02  
q[607]: 3.2750374808862586e-04  9.7222569588216923e-01  8.5133158148946131e-01  1.2072715770227210e-01  
q[608]: 4.8196868744203628e-04  9.6853815322285575e-01  8.3682962594271271e-01  3.2102823975670164e-01  
q[609]: 6.2375306284594427e-04  9.6782324400968522e-01  7.4270756419797801e-01  4.4415141421259097e-01  
q[610]: 2.1585550330750501e-04  9.6233631003751363e-01  8.2792910088736160e-01  6.6003472312050837e-01  
q[611]: 2.9277957963131816e-04  9.7668026586071710e-01  8.8289812868734241e-01  8.4724691766113236e-01  
q[612]: 1.7156224326358359e-04  9.6068251182865805e-01  8.7560031017417472e-01  9.3790298948728068e-01  
q[613]: 5.0747794314496868e-05  9.6334987140834494e-01  9.3077399548548068e-01  5.2776404996995839e-03  
q[614]: 2.0479786673281505e-04  9.6645629255233767e-01  9.0777357219055010e-01  5.5821310819329562e-02  
q[615]: 3.2074920839640989e-04  9.7141758418399227e-01  8.9752565420526953e-01  2.3260270592947646e-01  
q[616]: 5.0422728011366826e-04  9.5858615805303016e-01  8.7730903977486141e-01  4.2447537624328568e-01  
q[617]: 5.7576681604725312e-04  9.6920890661851611e-01  8.2462659303670705e-01  5.4237359856820855e-01  
q[618]: 3.3971851070738142e-04  9.5963674601122106e-01  9.1897813347422863e-01  7.4513496655568046e-01  
q[619]: 1.7751853258429586e-04  9.6569212883380418e-01  9.2422953901173988e-01  8.9600598647527929e-01  
q[620]: 3.7597645092622250e-05  9.5955984788266335e-01  9.3210192390867530e-01  9.5552068936734991e-01  
q[621]: 4.8775385497512926e-05  9.6223967560495627e-01  9.5742378293704822e-01  3.3230003518993391e-02  
q[622]: 1.6732631344418126e-04  9.6125051785632065e-01  9.4551074484288600e-01  1.1424250672032375e-01  
q[623]: 2.8723196031099206e-04  9.4701543614755246e-01  8.9986732052379859e-01  1.7341813372943768e-01  
q[624]: 1.1521136065596491e-04  9.5689308607206613e-01  9.5088350221138662e-01  2.2533156180214137e-01  
q[625]: 3.0472064522510172e-04  9.6182996154239864e-01  9.3112170051321796e-01  3.2375677642293088e-01  
q[626]: 8.9084871906155392e-05  9.6586495149529339e-01  9.6284709223013798e-01  4.0429273226900886e-01  
q[627]: 2.8633686853084440e-04  9.6677080352111333e-01  9.3863920709311066e-01  5.0775880628125836e-01  
q[628]: 1.0397159475712391e-04  9.5256690470808936e-01  9.4430879715631078e-01  5.9120863426706216e-01  
q[629]: 4.2882160251301303e-04  9.6686338249384562e-01  8.9747469416546088e-01  6.2807033367493026e-01  
q[630]: 1.1090673944778398e-04  9.5897559687625988e-01  9.5139569971469140e-01  6.9087050472349765e-01  
q[631]: 1.1072700227497039e-04  9.6577515011321857e-01  9.5716591311125099e-01  8.3643583060601956e-01  
q[632]: 5.1949560027618579e-05  9.6033860983366426e-01  9.5396550771193112e-01  9.2921632760704698e-01  
q[633]: 1.1830898252682124e-05  9.9263950314389515e-01  9.6201012365060949e-03  6.9543124857381084e-03  
q[634]: 5.3363799936948669e-05  9.9127081056999078e-01  1.0484975379715329e-02  6.5863287374263252e-02  
q[635]: 5.1846537598716626e-05  9.9890324310815670e-01  5.0531969638250428e-02  1.2249605082393691e-01  
q[636]: 5.0603978330558069e-05  9.9373230284198910e-01  7.9821565965383263e-03  1.8435515835435226e-01  
q[637]: 1.5031713475229636e-04  9.9291776145934163e-01  4.0551512547512755e-02  2.7897780603155076e-01  
q[638]: 3.8688886461627667e-05  9.9450424716010133e-01  5.8384520997849677e-03  3.4308791501330393e-01  
q[639]: 1.3160762467608801e-04  9.9344567155026031e-01  3.2945640742916581e-02  4.4748974347854675e-01  
q[640]: 4.5661377633285247e-05  9.9344434559589834e-01  5.1127451487079992e-03  5.3393135640685296e-01  
q[641]: 9.7227578055454655e-05  9.9309092134196830e-01  2.0786676342197795e-02  6.5394347529538455e-01  
q[642]: 3.6617233123277551e-05  9.9371730238614164e-01  4.5863404725078397e-03  7.5963847094831438e-01  
q[643]: 9.3998766748657530e-05  9.9502896975056054e-01  3.1237574361952229e-02  8.4366035365745640e-01  
q[644]: 3.0231526472870662e-05  9.9321296664031267e-01  4.8473506423535664e-03  9.2175283387220630e-01  
q[645]: 1.5020368995824373e-05  9.9209718055894269e-01  1.2356935026368705e-02  9.8540714575450628e-01  
q[646]: 2.7907100898922469e-05  9.9369587460017461e-01  1.2312535318241000e-01  2.2644247085892972e-03  
q[647]: 6.8550675722432611e-05  9.9194367027589647e-01  5.0480663725748373e-02  2.3795376976215931e-02  
q[648]: 2.4007607947581022e-04  9.9250909523085229e-01  1.0851445246410671e-01  2.1464808346698930e-01  
q[649]: 2.6937294421672980e-04  9.9081781133091806e-01  9.6023282509184030e-02  3.7735366827371397e-01  
q[650]: 2.1803763866850914e-04  9.9129532236718076e-01  6.5403899425841863e-02  5.7561939866197398e-01  
q[651]: 1.3675916665291420e-04  9.9672456387437403e-01  8.0873885006527355e-02  7.3359251842262319e-01  
q[652]: 7.6994942798141587e-05  9.9220320796549133e-01  4.4507276603308346e-02  9.5711528152134018e-01  
q[653]: 4.1673767427773075e-05  9.9222516218667545e-01  1.0175413211646539e-01  9.8588387037283387e-01  
q[654]: 6.3240237273537011e-05  9.9733100355289228e-01  1.2114317267285220e-01  6.0112666615240791e-02  
q[655]: 1.2487540116533439e-04  9.9671409635115349e-01  1.2645834885879773e-01  4.9152683847805778e-01  
q[656]: 1.8167973345355339e-04  9.9659447916904509e-01  1.6890454080152054e-01  6.1975887754109371e-01  
q[657]: 1.6938311103095551e-04  9.9215161423992160e-01  9.4301272609155204e-02  8.9719906292531548e-01  
q[658]: 9.0009638585787410e-05  9.9319889703347830e-01  1.5968324150462629e-01  9.5620582224516992e-01  
q[659]: 1.2700437291340161e-04  9.9236708444953581e-01  2.0997301696590173e-01  2.7925116323985217e-02  
q[660]: 2.6526391904435436e-04  9.9197767604077214e-01  1.8523275600182534e-01  1.3749126341273069e-01  
q[661]: 2.3527721829502655e-04  9.9521510412234515e-01  1.9284809466559605e-01  3.1755963599153464e-01  
q[662]: 2.4829469844033609e-04  9.9426657195420587e-01  2.9057708990425629e-01  5.3580642741323437e-01  
q[663]: 2.4135395185269351e-04  9.9360050156745938e-01  1.6127949425722618e-01  8.0816943525890161e-01  
q[664]: 1.7076431035243302e-04  9.9090452128023876e-01  2.0807173294950979e-01  9.1129734229450565e-01  
q[665]: 6.2366315350727755e-05  9.9324679394404669e-01  2.4244271519943572e-01  9.8364363598644278e-01  
q[666]: 2.1225218584463874e-04  9.9358675599657786e-01  2.9711837129523239e-01  8.3025213493982467e-02  
q[667]: 4.0147239687110542e-04  9.9147941265537320e-01  2.8326812899986298e-01  2.2066057212286311e-01  
q[668]: 2.5455438299073802e-04  9.9315713825712859e-01  2.3731363612202733e-01  4.3729004755708012e-01  
q[669]: 3.3912363666533518e-04  9.9321496862171066e-01  2.5648152969745436e-01  7.0652853988989872e-01  
q[670]: 2.5806695455020379e-04  9.9349538598754072e-01  2.8983873542037436e-01  8.5542359357225062e-01  
q[671]: 1.3870905999075628e-04  9.9378867321260755e-01  3.3277686292470327e-01  9.5289272503393985e-01  
q[672]: 5.7365373279661335e-05  9.9394314767596526e-01  3.2400891256646069e-01  7.4775466969301558e-03  
q[673]: 2.5776129237237779e-04  9.9462039426560245e-01  4.1318880807569686e-01  1.5288552791550633e-01  
q[674]: 2.5227152805385339e-04  9.9360080796990302e-01  3.7324926743743153e-01  3.2101889529323957e-01  
q[675]: 2.9806415992778896e-04  9.9186631704270323e-01  3.5426468538152600e-01  3.9969684102155939e-01  
q[676]: 4.3837391136761108e-04  9.9165297383758944e-01  3.8265897933280102e-01  6.0461222210613141e-01  
q[677]: 3.8955873800089279e-04  9.9257461069480823e-01  3.9336028663413419e-01  7.6453522869994583e-01  
q[678]: 1.9985732680832715e-04  9.9387932675429203e-01  4.3162636525391529e-01  9.0700859750301288e-01  
q[679]: 3.8057969968542957e-05  9.9514362691332336e-01  4.2533348318673520e-01  9.9081625758286496e-01  
q[680]: 1.7487509637715098e-04  9.9249138687411331e-01  4.2203474740619512e-01  4.0151312904517622e-02  
q[681]: 3.5930347970574621e-04  9.9326952098795462e-01  4.9274573040286990e-01  2.6315571290646927e-01  
q[682]: 9.4229895041926515e-05  9.9474178746363628e-01  5.2959133945508785e-01  3.9293003007875521e-01  
q[683]: 4.6492328664948877e-04  9.9261367768164155e-01  4.7742666029532865e-01  4.8242453014028708e-01  
q[684]: 1.0681602064749556e-04  9.8883024784440698e-01  4.7393794187221178e-01  8.3780225913237172e-01  
q[685]: 1.5638079218149680e-04  9.9253554711692782e-01  5.2925958558290020e-01  9.6287423152121121e-01  
q[686]: 3.2100181695779584e-05  9.9811486496279589e-01  5.1896004201279267e-01  7.0864484405355590e-03  
q[687]: 2.8165657071133206e-04  9.9171232049197755e-01  5.3778561702505412e-01  8.5306975213092259e-02  
q[688]: 3.7551276390530012e-04  9.9313147836633797e-01  6.0962484532753292e-01  3.6553552520156996e-01  
q[689]: 3.2774310375279924e-04  9.9471162493532517e-01  5.2435947721031595e-01  6.7214907851407812e-01  
q[690]: 2.7935574142561281e-04  9.9320026091198821e-01  5.4076130312210990e-01  8.2842374509966055e-01  
q[691]: 1.9893235861309950e-04  9.9396861957435767e-01  6.2784324125582269e-01  9.1042928327028771e-01  
q[692]: 4.8647984825708414e-05  9.9361769967366964e-01  6.4419669889889264e-01  9.8788522743804574e-01  
q[693]: 1.4968335749601883e-04  9.9291971058739514e-01  6.4063866049098261e-01  2.8732689523932167e-02  
q[694]: 2.6405246374517055e-04  9.9496568956214015e-01  6.1466525643383130e-01  1.7543617694938712e-01  
q[695]: 3.4917789764227409e-04  9.9348006905893038e-01  7.2008885216757101e-01  2.6782636656671066e-01  
q[696]: 3.6463314666982115e-04  9.9348442756285249e-01  7.2027592102016380e-01  4.7143649866945841e-01  
q[697]: 4.5205895511601284e-04  9.9199491360831382e-01  6.1942884931979902e-01  5.6516302072656854e-01  
q[698]: 2.6113569489669223e-04  9.9541665918107303e-01  6.6330827700814354e-01  7.4777260964642878e-01  
q[699]: 2.7786591599929841e-04  9.9165043070684167e-01  7.3010482345676275e-01  8.5111497030628813e-01  
q[700]: 1.3422204727920960e-04  9.9272720946903747e-01  7.3179702971655614e-01  9.5957555365904634e-01  
q[701]: 5.2711312585915692e-05  9.9070926806141302e-01  7.4396204030652946e-01  2.9584068916313441e-03  
q[702]: 1.9074568576621807e-04  9.9484708244515530e-01  7.2744619274558042e-01  8.9222343496965173e-02  
q[703]: 1.9731590336310344e-04  9.9542677632042864e-01  8.2019927002976645e-01  1.6858461105238187e-01  
q[704]: 2.2120516550587510e-04  9.9443839097121123e-01  8.2783804614051326e-01  7.8864082186271600e-01  
q[705]: 1.3920550420256308e-04  9.9423069389345453e-01  8.2463992066010572e-01  9.1782829759814322e-01  
q[706]: 4.2731748219577937e-05  9.9289167375983656e-01  8.2012985403879146e-01  9.8760260350071405e-01  
q[707]: 1.1822608896861282e-04  9.9359215095845277e-01  8.2317199367222360e-01  3.2941955597502487e-02  
q[708]: 1.3322668384530231e-04  9.9414822822984550e-01  8.9796558447114005e-01  8.6922296348024314e-02  
q[709]: 3.4079996068157083e-04  9.9284953161758793e-01  8.1817884700163124e-01  3.6941651229072392e-01  
q[710]: 2.3848307007905045e-04  9.9323937544502505e-01  8.9966578765650373e-01  6.9481315440544800e-01  
q[711]: 8.4965460909084347e-05  9.9678363278111937e-01  9.1559394389282578e-01  8.7449472280739737e-01  
q[712]: 9.1024649372297242e-05  9.9263442725475193e-01  8.9906086754826042e-01  9.6375978977440202e-01  
q[713]: 3.5886100857736051e-05  9.9382443923065533e-01  9.0954225408210110e-01  7.0427730508261475e-03  
q[714]: 6.2407884185882755e-05  9.9290520719645381e-01  9.5814857401230780e-01  3.8442385136133614e-02  
q[715]: 1.8553218339042117e-04  9.9534099367009332e-01  9.0083680639451347e-01  2.6423577514693147e-01  
q[716]: 2.4006804389752135e-04  9.9487189235873097e-01  8.4814335137727559e-01  5.5277515709557912e-01  
q[717]: 3.6264576821374542e-04  9.9297558106599071e-01  7.6040785050579029e-01  6.4967790361142608e-01  
q[718]: 1.4455055419634343e-04  9.9208436235750652e-01  9.5519298520843177e-01  7.8850257233458398e-01  
q[719]: 7.2921132306615034e-05  9.9298077187257439e-01  9.6598708756458396e-01  9.2785727691047570e-01  
q[720]: 2.3585809422885426e-05  9.9207977744122822e-01  9.5282079698877498e-01  9.8681726756118937e-01  
q[721]: 1.2017304654793243e-05  9.9281865820119319e-01  9.8476724624637146e-01  8.7407858386524418e-03  
q[722]: 3.8173225978403540e-05  9.9292936793424380e-01  9.8655501244128685e-01  9.0711140603305901e-02  
q[723]: 1.5588372529160512e-04  9.9193055600747160e-01  9.5239955815702282e-01  1.6140708704428230e-01  
q[724]: 6.0051311372830783e-05  9.9165525915273256e-01  9.8580683607939257e-01  2.3793174621068855e-01  
q[725]: 1.4642547565535399e-04  9.9296402503805314e-01  9.6492571726455512e-01  3.4713527181525122e-01  
q[726]: 5.0585255813629832e-05  9.9443423328252589e-01  9.8924846025142765e-01  4.7438329216858233e-01  
q[727]: 2.6830962623220427e-04  9.9189953715661061e-01  9.1474131263738478e-01  4.4915010480053003e-01  
q[728]: 3.9981950076670028e-05  9.8336246392278026e-01  9.7520001670899381e-01  5.9777887606718760e-01  
q[729]: 1.4396201772953293e-04  9.9433020006123496e-01  9.5676312953004261e-01  5.8633575506652835e-01  
q[730]: 6.8136821964230335e-05  9.9239214721351832e-01  9.8383710721709827e-01  6.9873795583171905e-01  
q[731]: 3.0764119048724138e-05  9.9381447871610684e-01  9.8972589493384200e-01  8.5662922562684385e-01  
q[732]: 1.4315901395272066e-05  9.9240509151822287e-01  9.8850996374997135e-01  9.7192443476703172e-01  

