deg: 16
dim: 3
nodes: 245
efficiency: 0.991837

q[0]:   3.2504267822912997e-04  1.1606216079612108e-01  1.9398522905397432e-02  8.6203145915921792e-02  
q[1]:   9.5820763477075683e-05  9.8740084567190092e-02  4.1711233991495230e-03  8.4829679790279638e-03  
q[2]:   9.9483054354609988e-05  4.3041287457061921e-02  2.3734690342199997e-02  2.8052769892376740e-02  
q[3]:   1.9217560648649858e-04  9.2845754374938111e-02  6.3666049440961575e-02  1.2787496398946266e-02  
q[4]:   5.9453494360399537e-04  2.2529595293877053e-01  2.8952778054847871e-02  2.8774156220948307e-02  
q[5]:   5.5177560335486922e-04  2.3182833916562132e-01  1.1169688557687636e-02  1.2793133729587747e-01  
q[6]:   1.2057371118093035e-03  2.6166989426397580e-01  8.6037860151766565e-02  2.0804616804794832e-01  
q[7]:   4.3437545624930453e-04  2.3974916831313769e-01  1.1756652343772357e-01  4.2311739156813480e-03  
q[8]:   9.3183183892548978e-04  1.7176474356938756e-01  7.4593183619795639e-02  6.3910512595186583e-02  
q[9]:   2.9609882453096158e-04  1.5355695661203206e-01  9.2388476387628052e-02  1.4882017627125765e-01  
q[10]:  3.4645629648118431e-04  1.3316676434234390e-01  1.2188674234177037e-01  8.9486932932834357e-02  
q[11]:  4.7537747663639797e-04  1.9463810660873232e-01  1.7095957378286375e-01  2.6367700733040740e-02  
q[12]:  8.2982588203238655e-04  3.8152899896498205e-01  1.5262828996439862e-02  1.7637926313623140e-01  
q[13]:  3.4687762557840352e-04  2.3476165522453835e-01  2.2671047231310963e-02  2.1924921653546534e-01  
q[14]:  4.9888813398931147e-04  3.9318474561563088e-01  6.1667560423974942e-02  6.2545012557769153e-03  
q[15]:  4.0662670411524825e-04  3.4311988746079580e-01  1.0408123628955043e-02  3.9523164913410028e-02  
q[16]:  1.9874664506607802e-03  3.8667038547855326e-01  1.7038256096391496e-01  2.4109460894925674e-01  
q[17]:  1.8308462694347509e-03  3.1941246452228617e-01  8.7120472999940024e-02  1.1905740207068014e-01  
q[18]:  1.6163352470073304e-03  3.7447513709553609e-01  1.6033275095143540e-01  4.2781966785264212e-02  
q[19]:  7.3035918068628460e-04  3.2215230585138116e-01  1.7885974338914173e-01  3.1181132956110535e-01  
q[20]:  1.4067164950651095e-03  2.5512830080517329e-01  1.7887507324443311e-01  1.6578890142221747e-01  
q[21]:  6.1836378062117407e-04  3.3431944196302760e-01  3.0298181586329254e-01  2.0619655743510362e-02  
q[22]:  1.6320487503655920e-03  3.0491573973828667e-01  2.0977540569166336e-01  8.2589284658249287e-02  
q[23]:  6.5690865203801374e-04  2.8194540921840922e-01  2.7325892762504739e-01  1.2639935435970315e-01  
q[24]:  6.5609630206107028e-04  2.7117467603161194e-01  2.4697336190996191e-01  2.4415025018566588e-01  
q[25]:  5.0147832041984373e-04  4.7871168497385419e-01  1.3678840791770494e-02  1.1686688207309032e-01  
q[26]:  3.8746615749711647e-04  3.7873268841047236e-01  5.5608043612332871e-03  3.3263789122179671e-01  
q[27]:  3.4082598739978981e-04  5.8147106487634304e-01  7.0179892494381266e-02  8.7664800788285757e-03  
q[28]:  1.8464371216505924e-03  4.9556150634980944e-01  8.3203200200722610e-02  2.7044053827110748e-01  
q[29]:  5.9443763395036634e-04  3.8935930094915261e-01  6.5449957374588530e-02  3.7934903212744397e-01  
q[30]:  1.4302556582495348e-03  3.8849719670427563e-01  4.9944025053290125e-02  2.7853825778890523e-01  
q[31]:  1.4029242620218509e-03  4.2999474233943069e-01  7.1116447224036622e-02  9.0446285789664765e-02  
q[32]:  3.2635389404825402e-03  5.2002644262043463e-01  1.6370247016601458e-01  1.7935836047962203e-01  
q[33]:  1.9755298670199408e-03  4.4656134711958795e-01  1.5124836447883591e-01  3.8448523807599128e-01  
q[34]:  1.5195684908141606e-03  5.3242504305605065e-01  1.7713954669191254e-01  2.5040048439119580e-02  
q[35]:  2.8654933264604075e-03  5.5458438338669447e-01  2.1637269036719067e-01  3.7154746560375801e-01  
q[36]:  2.9070400637459587e-03  5.3439357128076981e-01  2.8280449036366440e-01  9.1458866358695559e-02  
q[37]:  2.8263457283603370e-03  4.4242773899276461e-01  2.5751188136252728e-01  2.0091554292863140e-01  
q[38]:  1.9555394542057716e-03  4.2018352702737288e-01  2.8783839477339979e-01  3.5673671509105198e-01  
q[39]:  8.4661935116376165e-04  4.2961119218131105e-01  2.9169108843836850e-01  1.0582431657319024e-02  
q[40]:  3.6331900942899580e-04  4.2077665498086464e-01  4.1448384944712391e-01  6.1755900008201775e-02  
q[41]:  1.7046653330160257e-03  4.3433564169061006e-01  3.4650860103130687e-01  1.0127666218508496e-01  
q[42]:  1.3100317739051918e-03  4.4827797055095375e-01  4.2116905134140387e-01  1.7857688878269373e-01  
q[43]:  2.0780914398127199e-03  4.0729505322995735e-01  3.4584895250817960e-01  2.6265554630269861e-01  
q[44]:  5.2562790365406399e-04  4.2212218172706195e-01  4.1878270387766831e-01  3.4311560038375261e-01  
q[45]:  6.6731153040381361e-04  4.3529528310030741e-01  3.8783111298892997e-01  4.2330636784457903e-01  
q[46]:  4.7931482561696900e-04  5.2687912069402987e-01  1.3186532258731166e-02  2.8610751751482682e-02  
q[47]:  1.3808927111785309e-03  5.6384826805514998e-01  2.4200146539081778e-02  2.2234556415491274e-01  
q[48]:  7.4244559913286680e-04  5.4211130529096785e-01  7.4521485477608718e-03  3.6832725820865370e-01  
q[49]:  4.9203795278056643e-04  5.3273981839214557e-01  1.8848887567517299e-02  5.0992186312772125e-01  
q[50]:  8.2189998912714809e-04  6.8150622394877169e-01  1.6721843238986883e-01  1.2421790494848425e-02  
q[51]:  2.0576198779007713e-03  5.8035934433686764e-01  7.9248600933225083e-02  8.7510182799445876e-02  
q[52]:  2.1755938321774576e-03  6.0354329218801639e-01  1.0667058329832566e-01  3.5073093707266811e-01  
q[53]:  1.6164819706105150e-03  5.5316524663313671e-01  5.3830826458734854e-02  4.5224872752719364e-01  
q[54]:  9.7185090822778076e-04  5.6560820182546556e-01  1.1387512330383409e-01  5.4594858793958423e-01  
q[55]:  1.9438599572434967e-03  6.0379763875943915e-01  1.7735992030539705e-01  5.1029910352750552e-01  
q[56]:  4.6750942921287321e-03  6.4888945651858421e-01  3.0539003644044554e-01  2.9183998662855520e-01  
q[57]:  4.1741998752680707e-03  7.2396533193722856e-01  2.6294719244989134e-01  5.4126058259500831e-01  
q[58]:  3.2267960562494540e-03  5.6600093614975244e-01  3.5070768442689060e-01  3.9712180730337154e-01  
q[59]:  1.0292210593689486e-03  5.1792827101727112e-01  2.6211551405891520e-01  5.0787790541366229e-01  
q[60]:  1.0340174279682222e-03  6.0455092978816005e-01  3.7570172714968353e-01  9.8585034619607607e-03  
q[61]:  2.3753800676916573e-03  5.6672972407241207e-01  3.9453382926080072e-01  1.9748373630264540e-01  
q[62]:  2.0133293052412844e-03  6.2491368964424254e-01  3.2976092372003474e-01  5.5408665739618401e-01  
q[63]:  1.8640978865681460e-03  5.5533984498824251e-01  4.5441955215680269e-01  6.1570022404806503e-02  
q[64]:  1.6698845484659178e-03  5.6498143384664201e-01  4.1944171715153694e-01  5.1544468048219372e-01  
q[65]:  4.4483479383944477e-04  6.1195008596331768e-01  5.0501735464881048e-01  6.0757977726594126e-01  
q[66]:  5.6776777385975964e-04  5.2702186267288642e-01  4.9554601511280888e-01  1.4291339596844879e-02  
q[67]:  5.3309967924378176e-04  5.6829694601431369e-01  5.6012631910598232e-01  1.0850362208699517e-01  
q[68]:  2.1792312740220227e-03  6.1587543582011683e-01  5.6084476512146919e-01  1.8829821804734398e-01  
q[69]:  3.1957327736240678e-03  5.8624350344330201e-01  4.6565252986264521e-01  3.1468570645482447e-01  
q[70]:  1.1701886707670634e-03  5.7289719908152104e-01  5.5975983107889149e-01  3.2460724533233454e-01  
q[71]:  2.2354497438291155e-03  5.7279465534592455e-01  5.1412029903389067e-01  4.4783224896956758e-01  
q[72]:  5.8763644688990713e-04  5.7832273117346578e-01  5.6245682313198764e-01  5.4284154321478228e-01  
q[73]:  6.2082631854043849e-04  7.0556911061405969e-01  2.8290416028366530e-02  2.1603743651913986e-02  
q[74]:  9.0061093541107297e-04  6.8303077151019742e-01  9.3403653661875523e-03  1.2912738395608897e-01  
q[75]:  1.2269532158003652e-03  7.0398371680380456e-01  1.3414376968133895e-02  4.1556330875585240e-01  
q[76]:  6.9417487808287549e-04  6.9136839869163857e-01  1.0165748820131635e-02  6.1725975828889124e-01  
q[77]:  2.0899258800966178e-03  7.4119937279153869e-01  1.0341196432179635e-01  7.8021817873933572e-02  
q[78]:  2.7092820576860269e-03  6.9620069201010792e-01  6.2876415672732472e-02  2.6021431411982221e-01  
q[79]:  2.4935571845439122e-03  7.0566148445962762e-01  6.9067311183205152e-02  5.3544504058948927e-01  
q[80]:  5.1710837986201777e-04  6.9673265584280186e-01  4.7224599114685635e-02  6.8735582574348475e-01  
q[81]:  3.8141691710650064e-03  6.7735421705821175e-01  1.8426549028841302e-01  1.7752093056633278e-01  
q[82]:  3.7374388351229127e-03  7.1875070440081490e-01  1.6590317338835417e-01  4.0130689204942799e-01  
q[83]:  1.9852181173101537e-03  7.1824421257180893e-01  1.4284235493116834e-01  6.6205549618008253e-01  
q[84]:  1.0407351180726026e-03  8.0286962724844702e-01  2.3093161920354435e-01  1.7550628122679345e-02  
q[85]:  3.0656510923347735e-03  6.8875023233122989e-01  2.9076927134145170e-01  6.8922610035345028e-02  
q[86]:  1.0983429922641254e-03  6.9177214569056911e-01  2.6403398480107315e-01  6.8024466366377312e-01  
q[87]:  8.6745946382407659e-04  7.5166693969576825e-01  4.0626042536889628e-01  1.0698935617613110e-02  
q[88]:  1.7396939326981351e-03  8.2832219254023731e-01  2.1979077780971179e-01  7.1874674964661855e-01  
q[89]:  2.3545558858479353e-03  8.1398703717556420e-01  4.7438332640680481e-01  7.8564765154056929e-02  
q[90]:  4.4637810393262029e-03  7.3115824624610382e-01  4.3315719134229808e-01  4.4729087175610954e-01  
q[91]:  2.2962382214055848e-03  7.3772260918339383e-01  3.9975390395957550e-01  6.5964144600006447e-01  
q[92]:  2.0403329241540963e-03  6.9651527677728653e-01  5.3812211366657092e-01  5.0823914930669886e-02  
q[93]:  4.2640116128833394e-03  6.9325731323992346e-01  4.4038250654478328e-01  1.6087607984896182e-01  
q[94]:  3.6633699483652757e-03  7.1651788289241425e-01  5.3066778554888594e-01  5.4917563211747211e-01  
q[95]:  1.8995814458816953e-03  7.2018899731119368e-01  6.2685348281034270e-01  6.4592521440539818e-01  
q[96]:  1.2151700915736896e-03  7.1546525174781928e-01  4.9521088431072058e-01  6.9733246275077454e-01  
q[97]:  5.2961765924360840e-04  6.9758912363379533e-01  6.3990008335987159e-01  7.0777627636522409e-03  
q[98]:  6.8285173139583219e-04  6.9088037540590297e-01  6.7912765617468518e-01  6.1706329102364482e-02  
q[99]:  2.1217758564272111e-03  7.2931650374006096e-01  6.4856151734436818e-01  1.4207002318300405e-01  
q[100]: 4.3588597897149129e-03  7.3925842607327319e-01  5.7750467765791713e-01  3.1449732985653800e-01  
q[101]: 1.1556922238677317e-03  7.2021971983730049e-01  7.0728133791783909e-01  2.9330305296462478e-01  
q[102]: 3.1247178481068750e-03  7.3130213047409787e-01  6.6648387917941088e-01  4.5058174550712687e-01  
q[103]: 8.8689623625028136e-04  7.0702769821894151e-01  6.9863943155064967e-01  5.5647454114227890e-01  
q[104]: 4.5562397363007299e-04  7.0890903213555678e-01  6.7943007436524960e-01  6.9179446357417806e-01  
q[105]: 5.9234579023651434e-04  8.4060582043271681e-01  9.2596954167978446e-03  7.3190774378845608e-02  
q[106]: 2.1298170318930941e-03  8.2228953695160145e-01  5.7420557732138763e-02  1.8716569212138115e-01  
q[107]: 1.0008279419061348e-03  8.1586948938247450e-01  1.0634463128500152e-02  3.1970307971948475e-01  
q[108]: 2.5923931893391630e-03  8.3038207337190628e-01  6.4816196322227210e-02  4.7964031233625332e-01  
q[109]: 9.7376912045074961e-04  8.3529818587794080e-01  1.2694461323197848e-02  6.3663751592377704e-01  
q[110]: 4.7766510527471652e-04  8.3416498578340670e-01  1.7868333223022233e-02  8.0472312568212379e-01  
q[111]: 4.0181059203045770e-04  8.3837137949489560e-01  5.3839336807334021e-02  6.7665007784113397e-03  
q[112]: 3.7389916762098196e-03  8.2994776958521543e-01  1.5949518281112102e-01  3.3456795464300682e-01  
q[113]: 1.3287352188452997e-03  8.1978670720922964e-01  6.7400446026342667e-02  7.2239381075128972e-01  
q[114]: 6.9940532431295014e-04  8.3182846074765282e-01  1.3219147237220699e-01  8.2186733942198542e-01  
q[115]: 2.4527804748591345e-03  8.2522608787003482e-01  2.0766644575186080e-01  1.7132531727100156e-01  
q[116]: 2.8283809638756556e-03  8.4074932214756848e-01  1.5375919914485789e-01  6.1806018070053970e-01  
q[117]: 1.6142104164808733e-03  8.3487282937715990e-01  2.8989424725652307e-01  7.9393773388241373e-01  
q[118]: 1.4218612418449557e-03  8.6546992423455926e-01  1.3937637554931576e-01  5.2536597916695113e-02  
q[119]: 2.0423492431608445e-03  8.4847630230862336e-01  3.2164001187191044e-01  9.3435171863482935e-02  
q[120]: 2.8395603912323977e-03  7.7123060908484375e-01  3.1705782823043327e-01  2.9690756046560679e-01  
q[121]: 5.4118454141316831e-04  8.2553985165048904e-01  4.0539231625385574e-01  8.2130984964038223e-01  
q[122]: 9.2654852572875959e-04  8.8422843468313661e-01  4.0899536488895633e-01  1.5854886648360312e-02  
q[123]: 1.9137017417101842e-03  8.0773929935713329e-01  3.2741649613848067e-01  1.8543042731249965e-01  
q[124]: 2.9913591189781878e-03  8.5360395329673577e-01  2.7587327080137719e-01  5.3187491657716546e-01  
q[125]: 2.5100775175944980e-03  8.3602896325504850e-01  3.9674445333214664e-01  6.9286592471245267e-01  
q[126]: 1.0249662231484294e-03  9.0908552666308851e-01  5.5052975603397813e-01  6.4977118709321824e-02  
q[127]: 3.7282201233393222e-03  8.2758972003054943e-01  4.7749487406474228e-01  2.6031934126046552e-01  
q[128]: 3.2017847419281114e-03  8.3238743414273919e-01  3.5453378231452864e-01  4.3741557300347278e-01  
q[129]: 3.1371468686664642e-03  8.5303776438900136e-01  4.8306125637224789e-01  6.1723279449924739e-01  
q[130]: 1.7337142296624268e-03  8.4375219394791257e-01  5.4921009554216915e-01  7.9662258941523789e-01  
q[131]: 1.0647490195304036e-03  8.1908496945184783e-01  6.1320151722273752e-01  1.7229610106826221e-02  
q[132]: 3.2684923514168258e-03  8.4075729708430758e-01  6.3531279278478903e-01  1.5687252903085996e-01  
q[133]: 2.7615894525917519e-03  8.4482021191834145e-01  5.5526220267170379e-01  4.1851656397473869e-01  
q[134]: 3.1165491702331606e-03  8.5645056245111373e-01  6.4851765911857562e-01  5.3824655092691487e-01  
q[135]: 2.4032842121863795e-03  8.4426319962161689e-01  6.3994283524718909e-01  7.2039023223915266e-01  
q[136]: 1.4885412938802345e-03  8.3322994776086623e-01  7.4814675281914034e-01  6.2092593292019632e-02  
q[137]: 9.6439610069054462e-04  8.1781768798160415e-01  7.8334845663835762e-01  7.3195895306235037e-01  
q[138]: 9.1495500596340258e-04  8.2932428660412583e-01  7.0255707192007733e-01  8.1464621006020221e-01  
q[139]: 3.2776929232959494e-04  8.3390440874849137e-01  8.1123723251788715e-01  1.4225637613245624e-02  
q[140]: 4.2819232200065285e-04  8.3015774538305454e-01  8.2462752597639022e-01  1.1294579744134514e-01  
q[141]: 2.6837136067551152e-03  8.5127802744439007e-01  7.3186786181447450e-01  3.1156760913690928e-01  
q[142]: 1.3921522680149633e-03  8.1212808661589342e-01  7.7629805749590386e-01  2.2002522932461543e-01  
q[143]: 1.8774808113662365e-03  8.7935054161708659e-01  7.9655424116894880e-01  4.6844011212109482e-01  
q[144]: 9.9024368638532534e-04  8.3804350220263069e-01  8.2145516126609786e-01  4.3877842908527664e-01  
q[145]: 2.0898850615424492e-03  8.4182067288319651e-01  7.4435432803678914e-01  6.3132011552485057e-01  
q[146]: 8.1056409237893138e-04  8.5508530926040194e-01  8.4120564589787949e-01  6.2818934914939584e-01  
q[147]: 1.8325663560198106e-04  8.3137220624131825e-01  8.2451147662140600e-01  8.1583800753377200e-01  
q[148]: 2.2987040816720730e-04  9.5352063429430090e-01  8.7993344838195511e-03  8.9295126873433259e-02  
q[149]: 1.2240950200722083e-03  9.2048608758049355e-01  6.9503115520900965e-02  1.2725127296367697e-01  
q[150]: 8.6158244694867648e-04  9.2551676153674312e-01  1.6734006622213676e-02  2.6203800962868345e-01  
q[151]: 8.6396420746308463e-04  9.1943932984016463e-01  1.4310599202324466e-02  5.2069747139803180e-01  
q[152]: 1.2193116668958543e-03  9.3603572361745901e-01  4.3011961362133630e-02  7.2033989825032962e-01  
q[153]: 2.8455019993739379e-04  9.3784652987981276e-01  3.2650315498101660e-03  8.5731691125580256e-01  
q[154]: 2.5825184831846997e-04  9.3667505971860376e-01  2.7295326427681156e-02  1.6739166738201552e-02  
q[155]: 5.7412142728957723e-04  9.4887263775724295e-01  1.2057679492426665e-01  3.7897403490612935e-02  
q[156]: 2.1003045289282873e-03  9.2393524670231797e-01  8.2428635195544470e-02  3.9117095238701649e-01  
q[157]: 2.1302637582360480e-03  9.3422527576262560e-01  1.3473226013613021e-01  6.1780119765235852e-01  
q[158]: 1.0240199735622236e-03  9.0576907097198400e-01  8.3887288432591342e-02  8.1046889717298531e-01  
q[159]: 3.3743835799984306e-04  9.3556557533365670e-01  5.0390860209375908e-02  9.2473578606110629e-01  
q[160]: 2.3292714433535773e-03  9.2780677457661531e-01  1.6921274441655340e-01  2.3358230749315192e-01  
q[161]: 3.1083375148398874e-03  9.1580000466802070e-01  3.1335634511492955e-01  3.4459334925770119e-01  
q[162]: 1.1985027967860423e-03  9.8914072311577206e-01  2.2187235681418399e-01  5.1605930871393679e-01  
q[163]: 9.2501842450641027e-04  9.3734639810245213e-01  1.7665643931254404e-01  8.0625658095594610e-01  
q[164]: 9.7715212845767593e-04  9.2659015471182204e-01  1.8469576984938771e-01  8.8641386651668186e-01  
q[165]: 5.6633479089653678e-04  9.3178874743317841e-01  2.4280800774325378e-01  1.0226139796202382e-02  
q[166]: 1.8582766289417152e-03  9.3404036316624606e-01  2.7341039900483111e-01  1.1742019514209225e-01  
q[167]: 2.7007938843228840e-03  9.2763927245370970e-01  2.9920950776647998e-01  7.4428549719190706e-01  
q[168]: 5.9583035196612442e-04  9.3498607902561193e-01  3.1487245002739983e-01  9.2206146821451174e-01  
q[169]: 1.1918491729192699e-03  9.5365182808438398e-01  4.1067816389314987e-01  6.2630131931705774e-02  
q[170]: 3.2103948897726220e-03  9.2229956181694561e-01  4.4446275970105081e-01  2.2679431951686801e-01  
q[171]: 1.6467120568479706e-03  9.8483797044606536e-01  6.2727242140967576e-01  3.3225664766803087e-01  
q[172]: 2.7928873778888044e-03  9.2904190129408626e-01  5.0454126892513551e-01  4.5537957944274909e-01  
q[173]: 2.5408423107011143e-03  9.3898932292088033e-01  2.3377626664689785e-01  4.9937228588266042e-01  
q[174]: 2.7854702513552244e-03  9.3803388440081581e-01  4.2584100795044910e-01  6.1009039685358590e-01  
q[175]: 2.1214837200084868e-03  9.2823137942785039e-01  4.4252826862831635e-01  8.5128480917002780e-01  
q[176]: 6.6030054611851538e-04  9.2800767961334174e-01  6.3198277637209510e-01  1.6802636972391417e-02  
q[177]: 2.5770868683732545e-03  9.2181977852684382e-01  6.4314519010111082e-01  3.5773448687794829e-01  
q[178]: 5.2928752152149247e-04  9.2137307353739550e-01  5.5666378098583968e-01  9.1483711186482342e-01  
q[179]: 2.0694857347701757e-04  9.0211208420611733e-01  7.6775879127335833e-01  2.3959879638653816e-03  
q[180]: 1.8974801012673118e-03  9.3385589272741565e-01  5.9749065239959354e-01  1.4550995780557394e-01  
q[181]: 2.0939222278272369e-03  9.3866161726206032e-01  7.5202110539187861e-01  2.5186918514245543e-01  
q[182]: 2.5538853510641175e-03  9.4558006420183227e-01  7.5243025964217303e-01  5.8488018506587480e-01  
q[183]: 1.4760891725347516e-03  9.3557268502535551e-01  7.9226964637417008e-01  7.7666296517430922e-01  
q[184]: 1.2745087203684506e-03  9.3881866372203460e-01  6.5055847796093103e-01  8.3949881872282284e-01  
q[185]: 1.4051854079657239e-03  9.3118477696540103e-01  7.6799168586985933e-01  7.0020303492241545e-02  
q[186]: 9.2227373751621589e-04  9.0246092650474352e-01  8.3294871365220602e-01  8.2968484085242478e-01  
q[187]: 8.8117895279537020e-04  9.3604819959198615e-01  7.5037334980268477e-01  9.0820499216765072e-01  
q[188]: 3.5684993980780331e-04  9.3943744787814898e-01  8.8955074510588794e-01  1.7659835410993082e-02  
q[189]: 3.0677362443059608e-04  9.3291391076920627e-01  9.2543719130795987e-01  7.2378407723264968e-02  
q[190]: 1.5246960299910854e-03  9.1926829121214126e-01  8.5732840971384494e-01  1.6589157094692561e-01  
q[191]: 8.4126781480816152e-04  9.1480736823112785e-01  8.9976114523065820e-01  3.0824660125161624e-01  
q[192]: 1.7738910648044861e-03  9.5603178353476737e-01  8.6295687587504721e-01  4.1419183704260198e-01  
q[193]: 6.4127522995026344e-04  9.4552088443219162e-01  9.2943251962924478e-01  5.3993536363673356e-01  
q[194]: 1.3148632936548178e-03  9.4205640761999276e-01  8.8932343542530090e-01  6.8686646992549516e-01  
q[195]: 3.4302018230857967e-04  9.3479066933131982e-01  9.3095810969882153e-01  8.2364350805217112e-01  
q[196]: 2.8324233626180281e-04  9.3246390007392788e-01  8.9472059574830176e-01  9.2061108983159401e-01  
q[197]: 9.7002879200796914e-05  9.9362390362365283e-01  1.2747914705051343e-02  5.5573358681582509e-02  
q[198]: 6.9418358023182344e-04  9.8522992187003766e-01  5.9896546656463760e-02  1.6873708272102678e-01  
q[199]: 2.4272188635243711e-04  9.8751881044010392e-01  8.6134072675162869e-03  3.0340951669385591e-01  
q[200]: 2.4828736165501022e-04  9.8317796518688672e-01  6.3026819737013505e-03  6.1424126229587583e-01  
q[201]: 3.2110673648349923e-04  9.8929439393069829e-01  2.3797534262923831e-02  8.1189973827175721e-01  
q[202]: 9.2948791189837013e-05  9.9061556794310657e-01  1.7340109738002443e-02  9.6708412725902582e-01  
q[203]: 1.2935415653951600e-04  9.8936535280224236e-01  7.1961807506944558e-02  9.6028180036119796e-03  
q[204]: 6.6275096325256802e-04  9.8693345306830782e-01  1.6776735765647971e-01  7.5226745200032738e-02  
q[205]: 8.1780738402952697e-04  9.8383521259548812e-01  5.0007400005777448e-02  4.6189195991070969e-01  
q[206]: 8.3907355241573140e-04  9.8839860453374273e-01  9.6969669633183569e-02  6.6325332672199888e-01  
q[207]: 5.8298331822156067e-04  9.8315489271819068e-01  8.4968752888780016e-02  9.0790343263407136e-01  
q[208]: 2.3297472244328810e-04  9.8764444249161099e-01  1.7083972464458619e-01  9.7780940041172959e-01  
q[209]: 1.1886668319404075e-03  9.8527405910565324e-01  1.4315267533807724e-01  3.1773806648739900e-01  
q[210]: 1.0138061112624005e-03  9.8641044733960714e-01  1.9015294818492687e-01  8.0892160682587977e-01  
q[211]: 8.5398901025059821e-04  9.8670465169843302e-01  3.1561596266797137e-01  9.2013099510682361e-01  
q[212]: 2.4740975347469846e-04  9.8964995582302107e-01  2.9416263609513277e-01  1.2051039678503430e-02  
q[213]: 1.1483735962355343e-03  9.8641653876744917e-01  2.7647053113841541e-01  1.9534742033263575e-01  
q[214]: 1.9254419527444592e-03  9.8298125277867499e-01  3.7419905441439516e-01  3.6583892575444399e-01  
q[215]: 2.9312490355180734e-04  9.8666853556278056e-01  4.6305209591307245e-01  9.7526401295169018e-01  
q[216]: 2.7705249934466313e-04  9.7671584568110958e-01  5.1220617898130760e-01  9.1161338620552070e-03  
q[217]: 4.3577660405278839e-04  9.9300080083380515e-01  4.0326715272526759e-01  7.8503785404246115e-02  
q[218]: 1.2359458482930543e-03  9.8648572062714057e-01  5.0988444486963524e-01  1.9085147942199826e-01  
q[219]: 1.4143039348361551e-03  9.8929766858436252e-01  5.0294590610213719e-01  5.3865104365414085e-01  
q[220]: 1.5633857024068287e-03  9.8615633036056827e-01  3.4165780321715478e-01  6.9155991229147507e-01  
q[221]: 1.2532853249533904e-03  9.8950781228155482e-01  6.5674776347305008e-01  6.9396652181223162e-01  
q[222]: 1.3935363817853446e-03  9.8645296213916989e-01  4.9994397184024764e-01  8.3286774122217522e-01  
q[223]: 4.4133876267222279e-04  9.8884973396069420e-01  6.0650327086281441e-01  4.1785239910662630e-02  
q[224]: 9.4315091812017713e-04  9.6283267883551305e-01  6.3703643692349166e-01  5.0589455968746844e-01  
q[225]: 2.5976777785214331e-03  9.3712302105402634e-01  5.9612474766596557e-01  7.1504744322960045e-01  
q[226]: 5.6543686977971548e-04  9.8370196578938573e-01  6.2779154636063539e-01  9.4804980843310471e-01  
q[227]: 2.5136886253962395e-04  9.8475561968573477e-01  7.7960973291193247e-01  1.0092945330410420e-02  
q[228]: 9.9886700324610441e-04  9.8568779018529207e-01  7.1646735515892035e-01  1.1905715706625111e-01  
q[229]: 8.2768055295029332e-04  9.8996381992895433e-01  8.2053016030046055e-01  2.5554046068835257e-01  
q[230]: 1.0382462660817493e-03  9.9122339559625727e-01  7.7339410262851249e-01  4.8720405586049970e-01  
q[231]: 8.6662150876400470e-04  9.8727562678462277e-01  8.0782454017062166e-01  8.0649935025179220e-01  
q[232]: 4.4485096482586720e-04  9.9141097656503652e-01  7.2723943044782502e-01  9.0805832103513828e-01  
q[233]: 4.0696547273884163e-04  9.8726648772409187e-01  8.8205444885661410e-01  5.4564667097053876e-02  
q[234]: 5.9260137210725798e-04  9.8294092077368889e-01  9.0773697467148917e-01  9.0901098022013993e-01  
q[235]: 1.7571428132679611e-04  9.8885756141359271e-01  8.3427815659860061e-01  9.8319519750964901e-01  
q[236]: 7.3374639846903318e-05  9.9004064520828361e-01  9.6735121277273173e-01  1.2732284963012496e-02  
q[237]: 1.7042439084957787e-04  9.8827253036821394e-01  9.7310240694934114e-01  1.0916606838902274e-01  
q[238]: 5.6476651548990778e-04  9.8260821917911634e-01  9.0650303832646562e-01  1.6612521934996505e-01  
q[239]: 3.8529591104269947e-04  9.8057261192882694e-01  9.6520974728375564e-01  2.7660973506130793e-01  
q[240]: 3.9355916199997380e-04  9.9394442852937015e-01  9.3540730377172510e-01  3.9834537668455477e-01  
q[241]: 2.3771432947738657e-04  9.8909534247407715e-01  9.7840796409381692e-01  5.5223958014652108e-01  
q[242]: 7.5325071349076887e-04  9.9116524888691226e-01  8.9473369655647594e-01  6.5025857560448275e-01  
q[243]: 3.2922875549244528e-04  9.8909651206373050e-01  9.6838083671851594e-01  7.9599915521921327e-01  
q[244]: 8.8724652333071200e-05  9.8828605550011384e-01  9.7576515712789003e-01  9.6421554674018861e-01  

