deg: 18
dim: 3
nodes: 334
efficiency: 0.997006

q[0]:   6.4717731780285684e-05  3.9929423587523348e-02  1.4237967408603332e-02  2.7093526979074044e-02  
q[1]:   5.0647488813749133e-05  5.5020541862169932e-02  4.7932831356093310e-02  5.8803613112487036e-03  
q[2]:   1.8512169240581869e-04  1.0328719764127681e-01  8.1716046262305539e-02  8.9012692058275722e-02  
q[3]:   8.7257879936654121e-05  9.7508199294118678e-02  8.9310473228797743e-03  7.5112689096990311e-03  
q[4]:   1.8949734614778790e-04  1.1120557989729614e-01  1.2932172333061737e-02  8.1797701341593615e-02  
q[5]:   4.4652182254968073e-04  1.2106633558738861e-01  5.9926291479180195e-02  4.3229239521839227e-02  
q[6]:   2.5561883347351638e-04  1.6759430583353907e-01  5.4973495652434659e-02  1.6081881776849136e-01  
q[7]:   2.7585363077447665e-04  1.6480808977098590e-01  1.3496021362570901e-01  1.2409785944368918e-02  
q[8]:   1.7405358024977428e-04  1.4386362316978532e-01  1.4073025364837180e-01  6.8305032661324483e-02  
q[9]:   8.7821116919204140e-04  2.0818824682712672e-01  1.3851993871936508e-01  1.4821389747553293e-01  
q[10]:  4.2887790878639361e-04  2.0257162224102029e-01  1.6661013275133682e-02  6.6192629167544953e-02  
q[11]:  2.5626203253249893e-04  2.1673014718969785e-01  7.6437953669834732e-03  1.7561624438698747e-01  
q[12]:  1.4996661967271065e-04  2.3499609903609087e-01  1.2605209813508376e-02  1.4074975304199121e-02  
q[13]:  7.9769176697015894e-04  2.2282750146194485e-01  6.0281364879365952e-02  1.2710790801966806e-01  
q[14]:  2.2643329752219249e-04  2.9371834061605928e-01  2.5933022739967646e-02  2.8667487401690767e-01  
q[15]:  3.7757651762613566e-04  2.0051592833826595e-01  6.7126467875204848e-02  1.4233109332846959e-02  
q[16]:  1.4501019490522722e-03  3.3659465634928931e-01  1.3443964174677717e-01  1.7401719349142408e-01  
q[17]:  7.0696931073106805e-04  2.8538083090828803e-01  9.7269469025115449e-02  2.4740715980368364e-01  
q[18]:  1.1311227963791022e-03  2.5640944025924423e-01  1.4594116408110239e-01  6.7407159275489931e-02  
q[19]:  6.0759059454685985e-04  2.4339234704168555e-01  2.1476805738400259e-01  8.8808907794877073e-02  
q[20]:  4.9611435772487172e-04  2.9555204010583302e-01  1.7864954668932467e-01  2.8344930453423012e-01  
q[21]:  4.4838917895021602e-04  3.0266095765459838e-01  2.2886164467474099e-01  1.0797636290060239e-02  
q[22]:  1.4775169969236286e-03  3.6869124911249485e-01  2.1399282767552422e-01  2.6798634563761070e-01  
q[23]:  2.8331318975967102e-04  2.8521968357906757e-01  2.7667729105054945e-01  2.9085212216216849e-02  
q[24]:  3.3104586194316341e-04  2.7612034002361818e-01  2.6911635491429747e-01  1.9650030558387613e-01  
q[25]:  2.9444817995556190e-04  2.2077978297095316e-01  1.9835619458379755e-01  2.0629998204943695e-01  
q[26]:  2.5488417742369578e-04  3.3937463305433296e-01  3.5461982218732745e-03  7.5389044825699997e-02  
q[27]:  1.0451689944329210e-03  3.4218347061620524e-01  5.0690221537938999e-02  1.2336631501303959e-01  
q[28]:  6.3058013233820262e-04  3.4245728465141345e-01  1.2422691615265088e-02  2.0492559078866301e-01  
q[29]:  3.6939835589539459e-04  4.1640634994679415e-01  8.3972372814494194e-03  3.7835489354382495e-01  
q[30]:  3.2998599189040670e-04  3.6188633070231513e-01  2.7487273355310201e-02  1.3827431708287666e-02  
q[31]:  8.8600658138745418e-04  3.4307497169197365e-01  5.4023610984637857e-02  2.6965364213894083e-01  
q[32]:  8.4971979619489742e-04  3.2479634857971945e-01  8.0659728420515275e-02  4.5698715110507208e-02  
q[33]:  2.2657514670180188e-03  4.5450198059096453e-01  1.2883812848368001e-01  2.8948291758031308e-01  
q[34]:  5.0839519705034894e-04  3.9756306667531149e-01  1.2417727318856597e-01  3.8652386422494883e-01  
q[35]:  1.4610412813248735e-03  4.4966883150475567e-01  2.0442528015379013e-01  3.9509968490762570e-01  
q[36]:  2.0295999219254696e-04  3.2128697853907462e-01  1.2647597228775437e-01  4.9831225540778963e-05  
q[37]:  1.0182028546992644e-03  3.7728457887554784e-01  2.0447161336950734e-01  4.3247551592584560e-02  
q[38]:  3.0424785349175075e-04  4.0276371774578829e-01  2.9999584563905518e-01  3.9196001173918582e-01  
q[39]:  4.4934695111178177e-04  4.3337972388754326e-01  4.0591320982051998e-01  1.5345128103118713e-02  
q[40]:  9.8915490363456378e-04  3.6313981642931237e-01  2.9570758086448856e-01  3.0175553762434010e-01  
q[41]:  9.6649873000912464e-04  3.2582533654471763e-01  2.5925133839251485e-01  1.7730168802140125e-01  
q[42]:  3.3425568327308703e-04  3.7401343141750637e-01  3.5307532645859907e-01  3.5881507758315651e-01  
q[43]:  1.2652549172931279e-03  3.8612252569112138e-01  3.1938029567105719e-01  8.0893479188074893e-02  
q[44]:  5.0777742777401060e-04  3.7781799098012508e-01  3.6720431577301244e-01  1.3974563176902710e-01  
q[45]:  7.3599166643623288e-04  4.1070882445823687e-01  3.7825773367143162e-01  2.3878189289955470e-01  
q[46]:  3.0097807080009509e-04  4.1437069550020728e-01  4.0762913604144674e-01  3.2669908506955936e-01  
q[47]:  2.1264258559426064e-04  5.0313637477223028e-01  1.2934120742921528e-02  1.0362396042779739e-02  
q[48]:  7.0612868147871112e-04  4.7386043353169732e-01  1.5565971864205164e-02  9.8768230998935128e-02  
q[49]:  1.7907920288377265e-03  4.8062580141977024e-01  5.8361752469623732e-02  2.0263292705629682e-01  
q[50]:  4.2970006756153312e-04  5.0575435119946566e-01  3.2019513598993453e-03  2.5788094508153231e-01  
q[51]:  2.5523331419483848e-03  6.1128015204436614e-01  1.4635874262688589e-01  3.6380756407363091e-01  
q[52]:  1.1477078049953002e-03  4.9760257538052299e-01  3.0656342704857599e-02  3.5432061857741826e-01  
q[53]:  3.9983384864277226e-04  5.9222728830962368e-01  6.3186104529331143e-03  5.0869818186815752e-01  
q[54]:  3.0298749905110302e-04  4.7081632182750954e-01  5.5504502591671404e-02  4.6425025376617240e-01  
q[55]:  1.0705055679087209e-03  4.7349431946861259e-01  7.6522738689029965e-02  4.5319016628751457e-02  
q[56]:  1.0934122887253485e-03  4.7489804627947868e-01  8.2489456980848697e-02  4.0949510105572084e-01  
q[57]:  6.1830451734877306e-04  4.6478728553371518e-01  1.5740992356697031e-01  9.6688020917802073e-03  
q[58]:  1.6139593239007629e-03  4.3421987067198792e-01  1.5513755714487465e-01  1.1567961525133029e-01  
q[59]:  1.6695104260221892e-03  5.1576000581664394e-01  2.6285118697285970e-01  6.4702845635822182e-02  
q[60]:  3.0712518320530936e-03  5.3170695373657884e-01  2.4014389455176227e-01  2.5211437458435826e-01  
q[61]:  1.2363699167958178e-03  6.0584244008627997e-01  1.3037853935860602e-01  4.6686513135194485e-01  
q[62]:  1.1206694550554229e-03  5.7317496553674108e-01  1.7445735679102797e-01  5.4953984712231985e-01  
q[63]:  1.8786418631381765e-03  4.1246212877021488e-01  2.5905015462077047e-01  1.5972880393116426e-01  
q[64]:  2.2996105771904423e-03  5.4317809478696188e-01  3.6535731497145041e-01  1.5855259251500592e-01  
q[65]:  2.4986821266777810e-03  5.2490414388397355e-01  3.1689197842054379e-01  3.7466214570363920e-01  
q[66]:  5.3971760139826094e-04  4.8725859645451308e-01  2.9318011152540924e-01  4.7832720374073773e-01  
q[67]:  7.4100663965094376e-04  4.7102172366506057e-01  3.2662185789738524e-01  1.4007285344147587e-02  
q[68]:  1.9847029577897504e-03  4.9232082224989560e-01  3.8012903390978081e-01  2.8356044062980773e-01  
q[69]:  1.4492965868432442e-03  5.1299485530291511e-01  3.9148965506053818e-01  4.5849300813362026e-01  
q[70]:  4.7052479656190769e-04  5.3477714589146808e-01  4.8749218002547962e-01  5.2313459263964079e-01  
q[71]:  6.2936577594782596e-04  6.0045224138509257e-01  5.1567580906761801e-01  1.2975375152631983e-02  
q[72]:  4.4973782598084857e-04  4.7917043094840800e-01  4.7077786283637046e-01  8.6994909694975905e-02  
q[73]:  1.2435302886974590e-03  5.1861527311229816e-01  4.2164388930528734e-01  6.9571059544846145e-02  
q[74]:  1.6675283880857865e-03  5.2232106567427128e-01  4.6862080857763883e-01  1.9338833722889887e-01  
q[75]:  5.7024014682562660e-04  5.2827753155991886e-01  5.2043303784572315e-01  2.9684177789981969e-01  
q[76]:  1.3711130460423875e-03  5.1852372132713853e-01  4.7043470185274594e-01  4.0051218215623713e-01  
q[77]:  2.7347231778020349e-04  5.2967252855176306e-01  5.2443097825694218e-01  4.8617782517621594e-01  
q[78]:  1.9418718826616250e-04  6.3514333848258842e-01  2.0480617803474883e-03  4.1740236111065414e-02  
q[79]:  9.5330885590184022e-04  6.0470648928927107e-01  5.0104149115833808e-02  6.2485714486381905e-02  
q[80]:  9.9371956402860345e-04  6.2119482526013892e-01  1.9291139597816011e-02  1.6600187827760537e-01  
q[81]:  1.6190832731114216e-03  6.3220067837904703e-01  7.6461385476040297e-02  2.4279068862537972e-01  
q[82]:  6.4476161463747350e-04  6.5543516807364111e-01  8.5921953150322004e-03  3.4152865346672251e-01  
q[83]:  1.3076810330839416e-03  6.4204420756460867e-01  3.9273394246338113e-02  4.5549604819534617e-01  
q[84]:  4.6355922828089494e-04  5.9808083650091359e-01  9.8891342563287979e-02  6.8485728783367408e-03  
q[85]:  8.8588348959936307e-04  6.2276374640346721e-01  6.6421072800908115e-02  3.2695537953798892e-01  
q[86]:  3.2889703098929428e-04  5.7719508478450088e-01  2.2535186628634310e-02  5.6191386001259735e-01  
q[87]:  2.1233989952835139e-03  5.4847203285298196e-01  1.4144004444558778e-01  1.3621799528665118e-01  
q[88]:  1.2325176004825775e-03  6.1683730640862022e-01  7.9903354200919902e-02  5.5349258548148483e-01  
q[89]:  1.6577634500499210e-03  6.1922798751458241e-01  2.1613234857408142e-01  3.8489945759034548e-02  
q[90]:  1.8459538938036639e-03  6.6883108109042222e-01  1.2893949795365195e-01  1.1207824540776155e-01  
q[91]:  3.5119928206917906e-04  6.7403228455896702e-01  1.0973672154225747e-01  6.7092368510419298e-01  
q[92]:  2.9539033934981480e-03  6.5744785395857641e-01  2.2439558719847771e-01  2.4468277122027846e-01  
q[93]:  3.3295002186839715e-03  6.6950378328749749e-01  3.2056647325365645e-01  4.1737185750971156e-01  
q[94]:  2.2511328956156640e-03  7.0646618983863985e-01  2.6007639035026431e-01  5.8536257949649839e-01  
q[95]:  3.2025388755285689e-04  6.0234145867813038e-01  2.8460465284515729e-01  5.9804747726269081e-01  
q[96]:  5.4653065543940635e-04  6.0260056612134327e-01  3.3735068319448214e-01  5.5333426570463532e-03  
q[97]:  2.6295347617321181e-03  6.4323342745316714e-01  3.1809892831463327e-01  1.3408588350727058e-01  
q[98]:  3.0363076751945277e-03  6.5359037428066191e-01  4.0789631312371544e-01  2.7915706916067118e-01  
q[99]:  2.5895715488659268e-03  6.7063208693213638e-01  4.4792697696194966e-01  5.0153477699634486e-01  
q[100]: 2.0056080278209702e-03  5.8092217447913741e-01  2.2994897855578894e-01  4.6741107233302531e-01  
q[101]: 1.8920636903316651e-03  6.3099793169914675e-01  3.6095702693876458e-01  5.7923573704114506e-01  
q[102]: 2.0398951439805301e-03  6.5147869438013895e-01  4.4987011408973177e-01  5.5239636429197318e-02  
q[103]: 2.4330161366048803e-03  6.6055678680697305e-01  5.3452981329129812e-01  1.6936867801124389e-01  
q[104]: 2.4191335211036584e-03  6.2966689205198523e-01  4.9045258532260094e-01  3.5407398276094343e-01  
q[105]: 1.5386780882665457e-03  6.5173429956120721e-01  5.2319174198614471e-01  5.6359358055403563e-01  
q[106]: 6.4855928271170457e-04  6.4573897088552690e-01  4.8385997674020442e-01  6.3657527341572406e-01  
q[107]: 6.7268462455527805e-04  7.4297472072933124e-01  5.9991676348639700e-01  1.0726732762535695e-02  
q[108]: 8.1060259168752786e-04  6.8091193319806531e-01  6.2439029022110715e-01  6.4870557854070676e-01  
q[109]: 2.4530677791721197e-04  5.9222187137637716e-01  5.8290009501772055e-01  1.9798423488777597e-02  
q[110]: 1.0471080337434227e-03  6.1193399815073757e-01  5.7269714051105669e-01  8.5998004185671162e-02  
q[111]: 6.3324955903956703e-04  6.1946132320603031e-01  6.0968488359240136e-01  1.9752979678000462e-01  
q[112]: 1.5365958294200723e-03  6.5346364608708873e-01  5.9568821841756914e-01  3.0487224747342112e-01  
q[113]: 7.3064798331107900e-04  6.3823021975505012e-01  6.2140354579791424e-01  4.1986457511644198e-01  
q[114]: 1.4672401958839658e-03  6.5777622238380706e-01  5.8276594389363146e-01  4.7547799256754358e-01  
q[115]: 6.2719591765050527e-04  6.5181267303332824e-01  6.3460593300063051e-01  5.5938303259213773e-01  
q[116]: 8.3356470598591176e-05  6.8531652802817067e-01  6.8427211021736289e-01  6.8255619606333695e-01  
q[117]: 3.7521572577935294e-04  7.0245687901156917e-01  3.5954999318606767e-02  1.2990358540555655e-02  
q[118]: 5.0416012634546461e-04  7.5363909636872928e-01  9.4504621564617808e-03  1.0943721221299713e-01  
q[119]: 1.6242171856258245e-03  7.5689128155370078e-01  1.3102794697557393e-01  2.7896680652183348e-01  
q[120]: 1.4815411693770411e-03  7.5703828511061133e-01  4.7522833889312194e-02  2.0083165334638489e-01  
q[121]: 1.8419434986250757e-03  7.6042808797154304e-01  9.9812892323618646e-02  3.8144650608222314e-01  
q[122]: 7.7257229211734378e-04  7.7080109635007110e-01  1.1545354093070647e-02  3.2665011741270844e-01  
q[123]: 1.4606554114665615e-03  7.6506375896929368e-01  4.2687410383978552e-02  4.9119222826958187e-01  
q[124]: 4.5565217328974152e-04  7.4032695270381477e-01  4.4267992788078504e-03  5.9395136905313728e-01  
q[125]: 1.3894031960097698e-03  7.4775276352242470e-01  6.7664212838315640e-02  6.5278328406810571e-01  
q[126]: 4.7537552814244297e-04  7.2617543462846557e-01  2.1020171453395894e-02  7.0105556712525052e-01  
q[127]: 9.3570028748999853e-04  7.4261820800835143e-01  1.8096256612106928e-01  1.6310982562338462e-02  
q[128]: 1.3870980809566013e-03  7.6262549288200621e-01  8.7717172780051339e-02  6.7689979974745532e-02  
q[129]: 2.6716998191189645e-03  7.4791054874262364e-01  1.4873282393278206e-01  5.5184912517709428e-01  
q[130]: 3.2511329096599411e-04  7.9360779169829909e-01  1.0394574130090548e-01  7.8578625203073904e-01  
q[131]: 2.4674919881616749e-03  7.6320294273290268e-01  2.1235537945809191e-01  1.7532458701724743e-01  
q[132]: 2.2000110306710646e-03  7.5782970965182417e-01  3.0667414435750745e-01  7.1903877556259224e-02  
q[133]: 2.2920996716724847e-03  8.6868267730503501e-01  2.5940017334092152e-01  3.8137723359951431e-01  
q[134]: 3.2240226523587716e-03  7.5749785269648373e-01  2.3170747389223564e-01  4.2032457454834632e-01  
q[135]: 1.3691236483861086e-03  7.3448483635366701e-01  1.8159476164083321e-01  6.8553637078684992e-01  
q[136]: 3.3095683730667105e-03  7.7295998561739565e-01  3.4778397599255306e-01  2.9445978293898223e-01  
q[137]: 3.1022759474768299e-03  7.7962517253087404e-01  4.7067371671337155e-01  4.2791258660039688e-01  
q[138]: 9.8326528257373317e-04  7.3166760320656410e-01  2.9163120896723260e-01  7.1003043066389171e-01  
q[139]: 7.3630410538559339e-04  7.3306246044923384e-01  3.7924906615689713e-01  9.5234662453943155e-03  
q[140]: 2.5873411973841689e-03  7.5455671225902399e-01  4.3306974579053820e-01  1.5592758571544504e-01  
q[141]: 2.7680357252355798e-03  7.8938268910422815e-01  3.7229816944162092e-01  5.7440569260178043e-01  
q[142]: 2.1385894153414038e-03  7.6690192785358968e-01  4.3669208830318224e-01  6.7981186431945861e-01  
q[143]: 1.6511473387726921e-03  7.8594147071129561e-01  5.2299090074804777e-01  5.4840730447036377e-02  
q[144]: 2.6427535539108502e-03  7.6410753981055513e-01  5.4376702162059798e-01  2.7623938671598913e-01  
q[145]: 2.2519960979070068e-03  7.9240725936308665e-01  5.5839999195805590e-01  6.0952260710304496e-01  
q[146]: 4.6560952315031470e-04  7.5914155206886347e-01  4.2647987997480041e-01  7.5400063554625407e-01  
q[147]: 6.4623660543843572e-04  8.6506899418084326e-01  6.5277143615807975e-01  1.4263836506029201e-02  
q[148]: 1.8386034643198808e-03  7.8157788351876190e-01  6.1795949428365093e-01  1.5090051519186856e-01  
q[149]: 1.8628397790189284e-03  7.6731752203859538e-01  6.6346384526413427e-01  3.5058818580795609e-01  
q[150]: 2.5018327648214764e-03  7.7458164899912163e-01  6.1261563010375408e-01  4.7528393061744656e-01  
q[151]: 1.3868554906668223e-03  7.7435207223978297e-01  5.7345106911354604e-01  7.3867407199505808e-01  
q[152]: 1.3573875324560305e-03  7.4051843214285729e-01  6.6298974590974802e-01  7.8298204353374229e-02  
q[153]: 1.8281917277151608e-03  7.8222791688998017e-01  6.7321884835616352e-01  6.6786118585839338e-01  
q[154]: 3.3554486020517002e-04  7.9595898557173572e-01  7.0775048970138366e-01  7.9252331372964879e-01  
q[155]: 4.3014897893189045e-04  7.3701987905549526e-01  7.1190892102336456e-01  2.0022454870730011e-02  
q[156]: 3.8568138597312734e-04  7.3028148444171059e-01  7.2680415226167716e-01  1.1548890583224172e-01  
q[157]: 1.5076058559562963e-03  7.4840684893707787e-01  7.0820383406659138e-01  2.2767163034112703e-01  
q[158]: 7.2754508665521546e-04  7.4333625631560829e-01  7.3499649977288295e-01  3.8759423473414284e-01  
q[159]: 1.7284083303724205e-03  7.8223370165878414e-01  7.2986618140756587e-01  5.3718174496909665e-01  
q[160]: 5.1954511127783487e-04  7.6766233086604396e-01  7.5799248999559876e-01  6.2443521096217502e-01  
q[161]: 5.6924083743545404e-04  7.9734956813072666e-01  7.7108762770504702e-01  7.5139107740450961e-01  
q[162]: 2.8082019732657287e-04  8.1333468232932427e-01  1.7300207255694821e-02  2.1201685284842141e-02  
q[163]: 4.1853741213216723e-04  8.7064686535357827e-01  1.1185902097347735e-02  1.1653578855835192e-01  
q[164]: 1.4250241712968497e-03  8.6360941769405208e-01  7.3763571767098815e-02  1.8388913412603469e-01  
q[165]: 7.2566092998957497e-04  8.7454671043837540e-01  1.4197164078367927e-02  2.8864815003462502e-01  
q[166]: 1.7129642263039014e-03  8.7083601078222994e-01  6.1801854901704069e-02  4.2204836544077468e-01  
q[167]: 6.0833616164940741e-04  8.5291115486350555e-01  1.0367663369834631e-02  5.3589558357161970e-01  
q[168]: 1.6126502080386366e-03  8.6255472024359181e-01  8.8787070105253579e-02  6.3026718864312792e-01  
q[169]: 6.3770735087296832e-04  8.5467718084191524e-01  2.0246562212435582e-02  7.0272885880197766e-01  
q[170]: 7.8720243042604103e-04  8.5642731366595637e-01  6.4707685978603866e-02  7.7538646186536919e-01  
q[171]: 2.4808214949771607e-04  8.4830552272821336e-01  9.2511994687298933e-03  8.1408679612420287e-01  
q[172]: 2.2534771024874256e-04  8.4333767031112361e-01  1.0518035408803528e-01  7.5831474732430856e-05  
q[173]: 6.7747740641687087e-04  8.7535904989501401e-01  6.2632488365948702e-02  5.3682739361932560e-02  
q[174]: 2.1891324763029497e-03  8.7201992087303515e-01  1.7010334848651376e-01  5.1749996706963119e-01  
q[175]: 1.6330883195603712e-03  8.5714651680556320e-01  1.8197048755626261e-01  6.9707827638306474e-01  
q[176]: 1.8029579644061715e-04  8.6473418971943172e-01  5.3228935542604286e-02  8.5992805891510615e-01  
q[177]: 7.1658063102221416e-04  8.6548889548985208e-01  1.7096635251233228e-01  4.0476492338915766e-02  
q[178]: 1.8277784450702150e-03  8.5077306504936234e-01  1.8928073620675034e-01  1.2412769879607601e-01  
q[179]: 1.9266792831033222e-03  8.5971135681810029e-01  1.4801508094722621e-01  2.9623360841094237e-01  
q[180]: 1.0308966059250305e-03  8.4960777529743314e-01  1.6022343374785994e-01  8.0410287889505483e-01  
q[181]: 8.6176376184761894e-04  8.5591231174989879e-01  2.9597057608433636e-01  2.0444834621452197e-02  
q[182]: 1.9718820189929182e-03  9.3459111953042773e-01  2.7149697523929733e-01  1.8609516365095319e-01  
q[183]: 2.4986062532122281e-03  8.5693019365073875e-01  2.9950299230578925e-01  5.6555386236907468e-01  
q[184]: 2.1424890286710708e-03  8.4166268028081448e-01  2.9587000926023954e-01  7.2955848878995289e-01  
q[185]: 6.3994596286352378e-04  8.4989320341908647e-01  2.8180750622319906e-01  8.3970678337673565e-01  
q[186]: 1.4966882333089207e-03  8.7096437611722000e-01  3.5666991310440443e-01  9.4222539558991764e-02  
q[187]: 2.1525173786440155e-03  8.5991253803594658e-01  3.1661691797363223e-01  2.4303630125930975e-01  
q[188]: 3.0618236415652536e-03  8.7032432989838437e-01  4.3079173605796106e-01  4.3235426958468426e-01  
q[189]: 1.5451733246453199e-03  8.6358316253522316e-01  4.3155652349017498e-01  8.1696790531798336e-01  
q[190]: 5.2805057245133987e-04  8.4809328529102113e-01  4.5716801414182329e-01  9.8181440671801234e-03  
q[191]: 2.4109901934033623e-03  8.6231854574940980e-01  4.6167609716482494e-01  1.8654285388535710e-01  
q[192]: 2.2242760000512150e-03  8.9226521004928017e-01  4.6885943007388831e-01  6.9116929944821126e-01  
q[193]: 1.2620003489283340e-03  8.8045530731245525e-01  5.1288252853901084e-01  6.7616372578747738e-02  
q[194]: 3.0476427934757670e-03  8.7008979644623463e-01  5.8102098722699924e-01  3.0797417923724452e-01  
q[195]: 1.7692598167682253e-03  8.7203012391134993e-01  5.4017341135111530e-01  5.7448816549902826e-01  
q[196]: 2.0472491210156382e-03  8.8138765398932706e-01  5.9758199024748093e-01  7.6567944267840882e-01  
q[197]: 5.3453383580236993e-04  8.7570658148618574e-01  5.7275646377070766e-01  8.6820996643984816e-01  
q[198]: 2.1275392488176543e-04  9.4440152590073789e-01  7.5596832423529103e-01  3.3561616921342500e-03  
q[199]: 1.9671735751788104e-03  8.7561044738694793e-01  6.5511976780590053e-01  1.3639738670569876e-01  
q[200]: 1.9902151718844078e-03  8.5784787123946016e-01  7.4946611860954848e-01  2.4736488435769394e-01  
q[201]: 2.1441391653576865e-03  8.8516714248242134e-01  7.3260026985181670e-01  6.6841396797892294e-01  
q[202]: 1.0745191502772101e-03  8.8091830771982760e-01  7.1726954388660380e-01  8.3988748742603625e-01  
q[203]: 1.1591457223759168e-03  8.5815959804409003e-01  7.5345966796423625e-01  5.5854940637898996e-02  
q[204]: 2.0781881571549322e-03  8.7326206262104078e-01  7.1388474194691753e-01  4.1623722374776340e-01  
q[205]: 9.4358718383933868e-04  8.7641718116998857e-01  8.0942138450380008e-01  7.7966141100227593e-01  
q[206]: 2.5987225074249672e-04  9.0347015830279809e-01  8.4333628024217000e-01  8.9384779994691443e-01  
q[207]: 2.2151934971871692e-04  8.5352327918543391e-01  8.0486541516412113e-01  4.6163134360867617e-03  
q[208]: 2.5591785280432849e-04  8.4990534560679265e-01  8.4288507582147876e-01  4.7520508465305956e-02  
q[209]: 1.0419413017253942e-03  8.5018918844070390e-01  8.1590374795402332e-01  1.4278551534080733e-01  
q[210]: 5.2729091560218709e-04  8.5106497478486387e-01  8.4353693926311257e-01  2.8526757663589103e-01  
q[211]: 1.2434321472037338e-03  8.5299515521631442e-01  8.0967795998375425e-01  4.1018820475439260e-01  
q[212]: 3.5986989314330689e-04  8.6474383411334543e-01  8.6001881938331948e-01  5.3469282933636841e-01  
q[213]: 1.3595578557384128e-03  8.9079477762150494e-01  8.1750085610637113e-01  5.7175997732068617e-01  
q[214]: 6.7226571588475459e-04  8.8296288216369301e-01  8.6574861911141276e-01  7.0160841198429880e-01  
q[215]: 1.1496500102842249e-04  8.6421619015746509e-01  8.6071500975266324e-01  8.4286020664894401e-01  
q[216]: 1.2170103328485674e-04  9.1770839387191561e-01  1.2956807093197378e-02  1.2403605400750674e-02  
q[217]: 2.6107173880464526e-04  9.5053243603776572e-01  1.1944110794966009e-02  9.5952910415273193e-02  
q[218]: 8.3102234938919775e-04  9.4617206358990280e-01  4.7791615631856840e-02  2.0022114387129525e-01  
q[219]: 2.4936503953445322e-04  9.5466680525339220e-01  5.1715063023199566e-03  3.0831354616940010e-01  
q[220]: 1.0393352090642921e-03  9.4855186200931052e-01  5.6415666694315282e-02  4.1488943963858765e-01  
q[221]: 3.6290204425643881e-04  9.3435286153808794e-01  7.3936703467124493e-03  5.1966716307243255e-01  
q[222]: 9.4780747915212927e-04  9.3836654122018182e-01  3.8927616881008459e-02  6.6275944566742107e-01  
q[223]: 2.7464713438180347e-04  9.3629330968683067e-01  6.1521055469864906e-03  7.9912654559711405e-01  
q[224]: 4.2485522278984004e-04  9.3955621093555464e-01  4.8843394260036747e-02  8.7754620188590660e-01  
q[225]: 1.3711101180145796e-04  9.4361913551302212e-01  1.6079523106178269e-02  9.2641524446829415e-01  
q[226]: 1.8759494616480833e-04  9.3702781319812656e-01  1.5498376776063338e-01  1.6957148198298833e-03  
q[227]: 3.6382111949799962e-04  9.4844524482943804e-01  6.5931726372169777e-02  3.1284124105951362e-02  
q[228]: 1.6013765155705407e-03  9.4665932775579986e-01  1.3349523074662495e-01  5.6050537117522692e-01  
q[229]: 1.0069919074436843e-03  9.4421853454419247e-01  1.0224188047604216e-01  7.8200079115528442e-01  
q[230]: 2.2828254089586757e-04  9.3559377865051008e-01  1.3173494402797947e-01  9.3087800638035467e-01  
q[231]: 1.1497558275990220e-03  9.4168704905272815e-01  1.3735640442545027e-01  1.0633232566528737e-01  
q[232]: 1.7425776247729948e-03  9.3952923534192401e-01  1.4808090906791596e-01  2.9829449345522246e-01  
q[233]: 3.8607588738338833e-04  9.2897829154192457e-01  1.2044212456874608e-01  8.7926555909487514e-01  
q[234]: 8.4376243055198617e-04  9.4096592035912019e-01  2.5985530874359941e-01  3.7249018000826521e-02  
q[235]: 1.8429434954702015e-04  9.9697950085166498e-01  2.8246013456191243e-01  4.3527312770224397e-01  
q[236]: 2.2931486317646715e-03  9.4889234529226574e-01  2.6799988527008534e-01  4.4098221918716252e-01  
q[237]: 1.1991461158074145e-03  9.4785265499765126e-01  2.1739239135912938e-01  6.8453867665885948e-01  
q[238]: 1.0125512400883671e-03  9.3588131583457623e-01  2.0812125653616056e-01  8.2248476833307571e-01  
q[239]: 7.8680207474450807e-04  9.3529377616513543e-01  2.6929477743230024e-01  9.0519937730149769e-01  
q[240]: 1.2671295399690006e-03  9.4967521401559674e-01  4.1129102579183646e-01  8.8833251798916713e-02  
q[241]: 2.2632145232525380e-03  9.3902348019256754e-01  4.1088720190450817e-01  3.0206672813489860e-01  
q[242]: 2.2934741708149986e-03  9.4062935250288970e-01  3.9572675117048522e-01  5.7537070352969655e-01  
q[243]: 1.4609525123887000e-03  9.3169588397581438e-01  3.0819944621097850e-01  7.0556306337515107e-01  
q[244]: 1.5718923081946793e-03  9.4000470625983701e-01  3.9382725642557287e-01  8.3760591354435643e-01  
q[245]: 3.9254647801214388e-04  9.4250983112888853e-01  4.4116995103622014e-01  9.3481621425955908e-01  
q[246]: 4.0514943374349072e-04  9.3896001527744399e-01  4.3124769021846732e-01  6.7467345645950113e-03  
q[247]: 1.2924229090010095e-03  9.5242417602714124e-01  5.3404660236046608e-01  1.6031683670498878e-01  
q[248]: 1.6902355495636791e-03  9.4097895780389984e-01  5.2890010283536348e-01  4.0883187641931806e-01  
q[249]: 1.3518540563669974e-03  9.5344201429082809e-01  5.7356173967689494e-01  5.4676393439520476e-01  
q[250]: 1.6099306421105467e-03  9.5939763538144029e-01  5.4442689713439552e-01  7.5452254828312271e-01  
q[251]: 1.1166307791712065e-03  9.5073463065427821e-01  5.8856973085179920e-01  9.0025762817258581e-01  
q[252]: 9.1198103812069743e-04  9.4020320208045838e-01  6.0673897273791122e-01  3.4410888884831202e-02  
q[253]: 1.6108531667878116e-03  9.4483212741687728e-01  6.2349392566561102e-01  2.2985831184792208e-01  
q[254]: 1.7348684437800345e-03  9.5180066983325451e-01  7.1067385753313339e-01  4.0162478936179352e-01  
q[255]: 1.5973046752448935e-03  9.5249253993850413e-01  6.7810643293345618e-01  6.5761235050590061e-01  
q[256]: 1.1587701519737534e-03  9.4839560617844554e-01  7.2874570202941980e-01  8.2442875445083330e-01  
q[257]: 3.3745426030720331e-04  9.5152722527916200e-01  7.4101374544482868e-01  9.4206889364669644e-01  
q[258]: 1.1929538532484696e-03  9.4497896411638149e-01  7.3821853858502129e-01  1.0100441813180570e-01  
q[259]: 1.5415482085560646e-03  9.3968520412455603e-01  7.8972022709593914e-01  2.6276204722118784e-01  
q[260]: 1.9635199576478806e-03  8.9131013759669553e-01  6.4380711548176883e-01  5.2806079529116190e-01  
q[261]: 9.2376459492089411e-04  9.7012508580901546e-01  8.1793845767836171e-01  7.2452202613113437e-01  
q[262]: 5.3115824566015595e-04  9.5751851169296909e-01  8.4917333090158453e-01  9.0791658965990651e-01  
q[263]: 5.5985761956295159e-04  9.4281070862575433e-01  8.4354870830531270e-01  3.8638626202234273e-02  
q[264]: 1.5913225069877782e-03  9.5306839485454908e-01  8.2566006699403482e-01  5.1942008353726199e-01  
q[265]: 7.2819104015379619e-04  9.4715868845359930e-01  8.6512118687223416e-01  7.9194651798749338e-01  
q[266]: 9.7427393039115483e-05  9.6397819182499567e-01  9.3693753445844741e-01  9.5413830075286477e-01  
q[267]: 1.3885293233901100e-04  9.3635515234553168e-01  9.1241763234519013e-01  1.1438993923625237e-02  
q[268]: 2.9172720657342805e-04  9.3694029312268845e-01  9.2162174360289328e-01  7.8377367277983889e-02  
q[269]: 9.5687433632735206e-04  9.3689965487861893e-01  8.6848176800481247e-01  1.5486012300885910e-01  
q[270]: 3.6718876409242481e-04  9.3848381979172413e-01  9.3048707101690609e-01  2.3521536798990222e-01  
q[271]: 1.1858775654279162e-03  9.3418141122319065e-01  8.8618510514849480e-01  3.6668511153346423e-01  
q[272]: 3.8317184907783915e-04  9.4231202234354849e-01  9.3413289281578904e-01  5.0907751696777293e-01  
q[273]: 7.3189718491206766e-04  9.5511500066618404e-01  9.1733821173383578e-01  6.6130908887560802e-01  
q[274]: 1.8830429472864953e-04  9.6845042451634811e-01  9.6205249883060562e-01  7.8126829141407372e-01  
q[275]: 3.1147374780395493e-04  9.3573576817749193e-01  9.2060991211520105e-01  8.6692011498306831e-01  
q[276]: 4.6819850720392122e-05  9.8630237008457378e-01  1.0644138684505120e-02  1.0624258573285883e-02  
q[277]: 1.0860118195183739e-04  9.9164866853343137e-01  8.0440376926046494e-03  1.5200759320347390e-01  
q[278]: 5.2743151959866908e-04  9.8921557621166645e-01  8.1007335844218417e-02  2.1866976826360229e-01  
q[279]: 2.5962082225705700e-04  9.9153863710135159e-01  2.1977762868375890e-02  3.5242459453441205e-01  
q[280]: 6.2722519111862258e-04  9.8985979497567278e-01  9.5252212018881594e-02  4.7682143357454093e-01  
q[281]: 3.0519071652586278e-04  9.8737373311924725e-01  1.6294369455688067e-02  5.7334561957125219e-01  
q[282]: 5.3477102666304424e-04  9.8897028491167482e-01  7.2194152447339663e-02  7.0750326180476586e-01  
q[283]: 1.6718536617657008e-04  9.8718334407579988e-01  9.1554028288657816e-03  7.8641846995257148e-01  
q[284]: 2.8770491645733771e-04  9.8818023796006771e-01  4.1485856402560341e-02  8.9806223726903034e-01  
q[285]: 3.6084998503287698e-05  9.9068182877815814e-01  3.5225819505334036e-03  9.6714197253874612e-01  
q[286]: 1.4303390894162204e-04  9.8914571622263514e-01  1.2810434756338662e-01  1.1069337354399252e-02  
q[287]: 2.2798099697779830e-04  9.8992412490171477e-01  5.0178346566892379e-02  6.1833137362062328e-02  
q[288]: 8.2067617580894499e-04  9.9017183034089251e-01  1.9994947801859447e-01  6.1902808735568005e-01  
q[289]: 5.0067315417911141e-04  9.8973447643021173e-01  1.4235897165182546e-01  8.3266564829226508e-01  
q[290]: 1.3886523214105262e-04  9.8771394397991152e-01  8.0685448461173592e-02  9.7540615986525891e-01  
q[291]: 5.5604169170746091e-04  9.8866225661188456e-01  1.7044131427562065e-01  1.0890981464385606e-01  
q[292]: 8.8709190772777251e-04  9.8793639834643165e-01  1.8679059929573830e-01  3.3262666868129076e-01  
q[293]: 4.3135115788380061e-04  9.8619705617733844e-01  1.7959951295359294e-01  9.3557369754674158e-01  
q[294]: 3.7617833112473057e-04  9.8795832706683773e-01  2.7545213291343734e-01  3.2846801151645226e-02  
q[295]: 9.7806202469102551e-04  9.8687723039427433e-01  2.9950288459031343e-01  2.0202604256390583e-01  
q[296]: 8.3043705749722817e-04  9.8894099169587157e-01  3.3639805657491084e-01  4.9443278792868095e-01  
q[297]: 8.0649809760019681e-04  9.8802276770763808e-01  2.8523775527900791e-01  7.7529970912568436e-01  
q[298]: 5.6832904783372311e-04  9.8776868897097247e-01  3.3483885563773608e-01  9.0047244950269978e-01  
q[299]: 1.4773146000057988e-04  9.8853932537396061e-01  2.8399758398819780e-01  9.8170894869558312e-01  
q[300]: 5.2212998596398556e-04  9.9158084602469410e-01  4.1930057947275778e-01  9.4427348978126671e-02  
q[301]: 1.1601197593963859e-03  9.8722100464420126e-01  4.3609361206193992e-01  3.2685605274343510e-01  
q[302]: 1.0712162292702730e-03  9.8758556149943388e-01  4.2157632929058458e-01  6.6494119582960187e-01  
q[303]: 6.2298906378745438e-04  9.8941494734241708e-01  4.8131631966380944e-01  8.3521044153764823e-01  
q[304]: 2.8996265450945743e-04  9.8789739240930075e-01  4.5507157313097296e-01  9.6460386236021178e-01  
q[305]: 1.2293181912273056e-04  9.8898191370909583e-01  4.2564421738742375e-01  2.9869675925522192e-03  
q[306]: 6.9214389659199844e-04  9.9197085088354819e-01  5.6172220826516073e-01  1.9590516721524576e-01  
q[307]: 7.4591207544888460e-04  9.8923822691824315e-01  5.8879405954289810e-01  4.4737440376915621e-01  
q[308]: 6.1937531642145048e-04  9.8997727533008861e-01  5.3302492315598504e-01  5.3844036272270213e-01  
q[309]: 2.7386499435999275e-04  9.9337697341201636e-01  5.7357295041441780e-01  9.3336040920829033e-01  
q[310]: 4.7612866361345285e-04  9.8772906992540477e-01  5.8064736463868671e-01  3.7038952415465405e-02  
q[311]: 9.1951227903474360e-04  9.8935288692476042e-01  6.9901164515467940e-01  3.1724762705019371e-01  
q[312]: 4.8515175974182204e-04  9.9613240268194536e-01  6.2754596825981301e-01  7.2720537283694309e-01  
q[313]: 6.4705569885460624e-04  9.8849931924259793e-01  7.0412842403805331e-01  8.5980945908235984e-01  
q[314]: 1.5501416585829878e-04  9.9006211288928891e-01  6.7621741080498754e-01  9.8255660402807188e-01  
q[315]: 1.5506576992607737e-04  9.8909336063444830e-01  7.4589331115270863e-01  7.9017955807436160e-03  
q[316]: 6.7088595815451566e-04  9.8873440872206131e-01  7.1925847317141189e-01  1.1042270599469976e-01  
q[317]: 7.4877692696076925e-04  9.8817087908714130e-01  8.3814148236359676e-01  2.1616335235119136e-01  
q[318]: 8.2318579950665341e-04  9.8983140229547761e-01  7.3543076995524748e-01  6.0122650394371779e-01  
q[319]: 3.2589583537054572e-04  9.9725642028887274e-01  8.5123761161394995e-01  7.7782336217337467e-01  
q[320]: 3.1466013710157600e-04  9.9179789554809206e-01  8.1439738965800534e-01  9.4036661890437234e-01  
q[321]: 3.2789396797047016e-04  9.8977657080311288e-01  8.6114363986680265e-01  4.8792034353063854e-02  
q[322]: 5.5654501191649837e-04  9.9345077024357409e-01  8.2425248391319283e-01  4.6157811378243324e-01  
q[323]: 3.6538807428621598e-04  9.8903507391176848e-01  9.3468781916192922e-01  8.6927729337912851e-01  
q[324]: 8.3496628345902397e-05  9.9228094293294200e-01  9.1094558020226801e-01  9.8278556578204179e-01  
q[325]: 9.2708535585406517e-05  9.8797462814186487e-01  9.4531358356625372e-01  1.0188993226212925e-02  
q[326]: 7.3069651493367651e-05  9.8760317679311937e-01  9.8398891448445325e-01  5.8935955407106014e-02  
q[327]: 3.7550679520607520e-04  9.8773611101993264e-01  9.3828167168531540e-01  1.3046255410360547e-01  
q[328]: 2.1653432675395424e-04  9.8853780227296761e-01  9.7475303749998055e-01  2.5633643132344947e-01  
q[329]: 6.4398013578936689e-04  9.8638848727683071e-01  9.1515165727927950e-01  3.5975874617249115e-01  
q[330]: 2.4930324155378043e-04  9.8805750560280181e-01  9.7506189082921324e-01  4.8364730347763601e-01  
q[331]: 4.9232904002406892e-04  9.9094647327586116e-01  9.2278799384449484e-01  6.1305000360345119e-01  
q[332]: 1.0201473506136845e-04  9.9658556440507606e-01  9.8454086920254147e-01  7.3379955572838873e-01  
q[333]: 7.0669376886089242e-05  9.9136692601100462e-01  9.8165545856130032e-01  9.4751459484688660e-01  

