deg: 21
dim: 3
nodes: 508
efficiency: 0.996063

q[0]:   4.7396947363529142e-05  6.8219458955928264e-02  8.4050987025675074e-03  5.8778441896438376e-02  
q[1]:   3.5469215567196684e-05  3.2288289815563261e-02  1.2854717191545876e-02  1.0338007682113789e-02  
q[2]:   2.9501873153747677e-05  4.9108638061029830e-02  4.3684540111222567e-02  4.2120556195497719e-02  
q[3]:   8.6167544847018512e-05  8.4817408852017134e-02  7.1211884187193014e-02  1.1913665786885493e-02  
q[4]:   4.5535091372577563e-04  1.8105224920225380e-01  4.5043692951281349e-02  6.4994229030246875e-02  
q[5]:   1.0261316348866443e-04  9.6995649812567378e-02  1.2360582006040616e-02  1.4158620032742415e-02  
q[6]:   1.4599162028916031e-04  1.4046106128643379e-01  7.0429104551754480e-03  9.0750765793619556e-02  
q[7]:   1.5653644094948163e-04  1.4047736185864831e-01  4.2565396255631383e-02  1.3150441775535615e-01  
q[8]:   2.2727683553082467e-04  9.8094964468543031e-02  4.7427518231943966e-02  5.1184586037368321e-02  
q[9]:   1.6527774208453827e-04  1.4531641269223999e-01  7.5294092155586106e-02  9.2283339144144348e-03  
q[10]:  4.8837804441598134e-04  1.8941371493631562e-01  1.0149110941984772e-01  1.2876937428579577e-01  
q[11]:  6.3394037289382600e-04  2.6590020826995425e-01  1.1920403294033476e-01  1.4009178321597118e-01  
q[12]:  1.5520076406393444e-04  1.8646766320739863e-01  1.7318284622998084e-01  1.4618625401539539e-02  
q[13]:  1.5221917212020729e-04  1.2202848866496387e-01  9.5941453001353372e-02  1.0792711367359194e-01  
q[14]:  4.9447120073194963e-04  1.8654289496090337e-01  1.3854223015771272e-01  5.7431381856437147e-02  
q[15]:  1.3609432427131007e-04  1.3382341244862483e-01  1.2804778659163302e-01  7.0814951478215746e-02  
q[16]:  1.5927660009598828e-04  2.0096481529398930e-01  6.7954043948963731e-03  3.6621148699147524e-02  
q[17]:  3.6177763638265635e-04  2.6099455955348716e-01  1.1708206529561655e-02  1.4566609508895889e-01  
q[18]:  1.1693587525998850e-04  2.0226501435739319e-01  3.0120932330969370e-02  4.2582662963787168e-03  
q[19]:  7.6527964769463534e-04  2.9629646715392027e-01  5.8483779947931802e-02  1.0793988632801868e-01  
q[20]:  1.0706722986780240e-04  2.0462557318766875e-01  9.8974298380581655e-03  1.9263496703548064e-01  
q[21]:  4.0754289617903484e-04  2.2363049715074138e-01  4.3265350485175727e-02  1.7135474801981768e-01  
q[22]:  4.0153516511261592e-04  2.3321422477361289e-01  9.9055004570192173e-02  2.9573850882598559e-02  
q[23]:  3.9762383246441587e-04  2.5843458037650563e-01  9.6704075582512428e-02  2.4115543345613746e-01  
q[24]:  8.4512496105545532e-04  3.2032633120347159e-01  1.8391328964497064e-01  2.5428186436618166e-01  
q[25]:  7.1019780075486571e-04  3.0312217356359383e-01  1.6046165891663569e-01  6.8056647578338250e-02  
q[26]:  1.3467609022756852e-04  2.2359048912128540e-01  1.4712735692658938e-01  2.2108343553584672e-01  
q[27]:  2.2647364377025250e-04  2.6045838169615143e-01  1.8027262317874848e-01  5.1702545300301916e-03  
q[28]:  8.9106647762718220e-04  2.9930668395474885e-01  2.1507995748207656e-01  1.3154456975587431e-01  
q[29]:  1.9364142759744496e-04  2.6132303661774564e-01  2.5786885387441399e-01  8.2833975104994573e-02  
q[30]:  4.2097687214665344e-04  2.3981701597824578e-01  2.1920151181680500e-01  1.4709145566434756e-01  
q[31]:  3.3667333371533158e-04  2.2559432586728895e-01  1.7346830926490669e-01  1.8513689784231058e-01  
q[32]:  1.0764444768117164e-04  1.9996995510916027e-01  1.9205096109296538e-01  1.8521810238862110e-01  
q[33]:  2.2469660108137278e-04  3.9406250884209254e-01  2.4630876097902709e-03  1.6445859614226893e-01  
q[34]:  7.1598588359247331e-04  3.8849807784058354e-01  3.0445957666167540e-02  2.3315122468403721e-01  
q[35]:  6.4885406041667788e-04  3.3059240637552573e-01  5.8625042594410905e-02  2.5825076526929036e-01  
q[36]:  2.1120694350604870e-04  3.2130837237431237e-01  5.6448387571470865e-03  2.7402554643258276e-01  
q[37]:  1.2228657398420789e-04  3.2062163824023115e-01  1.3481005573620808e-02  7.9564830424538897e-03  
q[38]:  3.4105790633611312e-04  3.1944812099997494e-01  1.3732788659407491e-02  6.7709501457947449e-02  
q[39]:  5.1711233434772433e-04  4.1161547467108489e-01  5.1278705428847937e-02  1.4668418076184045e-01  
q[40]:  2.0210154361320517e-04  3.1592910009076891e-01  3.6183354301124869e-02  3.0923764154341354e-01  
q[41]:  4.4489379520768705e-04  3.0651607160997746e-01  6.4370392667295315e-02  2.8434373976511017e-02  
q[42]:  2.9930327005559372e-04  3.4353596979688356e-01  1.3090558866056978e-01  6.7082648213205275e-03  
q[43]:  1.0245239792324285e-03  3.4736856412939149e-01  1.2079061247093202e-01  2.1270886693800470e-01  
q[44]:  6.1207312653863523e-04  3.8038579457002475e-01  1.2116923528857841e-01  3.5347480089549088e-01  
q[45]:  1.0705731823364031e-03  3.8715072000857625e-01  1.4686812953444034e-01  1.1026326114960577e-01  
q[46]:  4.9244370292366748e-04  4.0618928529622045e-01  1.8669663193302780e-01  3.3559855706658603e-01  
q[47]:  6.8885295171321691e-04  4.3684572506916669e-01  2.0502844307142529e-01  5.4132947330976712e-02  
q[48]:  3.1371664684049823e-04  3.7339934019274262e-01  2.0734737043587265e-01  3.6826653613061522e-01  
q[49]:  6.8770020991467545e-04  3.7566392772756946e-01  2.6097689674992913e-01  2.4760435599828542e-01  
q[50]:  4.7228087695083167e-04  3.2444927365620951e-01  2.5594266564429086e-01  2.9718903588096002e-01  
q[51]:  5.6058681516052422e-04  3.0067969147233176e-01  2.5430024428306180e-01  4.9370393578906872e-02  
q[52]:  6.2537512700801116e-04  3.7493239936225281e-01  2.4069242112499989e-01  3.2333366646918826e-02  
q[53]:  5.8074308514164199e-04  3.6495897294801188e-01  3.3084731172379650e-01  1.3088313350195405e-01  
q[54]:  1.1920889556048620e-04  3.1808893314912534e-01  2.9555406188959704e-01  3.1331986747036761e-01  
q[55]:  1.8404884974784685e-04  3.2067677649066556e-01  3.0668816555773015e-01  1.3602974032436746e-02  
q[56]:  2.6338865997766316e-04  4.1043261859464580e-01  4.0468465065525322e-01  7.6457560733125318e-02  
q[57]:  3.5442352315571545e-04  3.8248614348363974e-01  3.7437503538359501e-01  2.0807729035770101e-01  
q[58]:  6.6489556354528583e-04  3.5360271728425680e-01  3.0621508233193667e-01  2.3682699253790071e-01  
q[59]:  2.4634309127649558e-04  3.2108788397148869e-01  3.1323595529540527e-01  2.6737642813297924e-01  
q[60]:  2.2689167797713150e-04  4.4128009289493630e-01  7.2793563212252069e-03  3.8477197805066726e-02  
q[61]:  6.5756111101991546e-04  4.6878764731100708e-01  3.0048631317084313e-02  1.1295752347310896e-01  
q[62]:  2.3839415959521197e-04  5.2649624660788297e-01  6.0492955068970448e-03  1.8718532317595582e-01  
q[63]:  1.0952107151435562e-03  4.4124169757590492e-01  9.9369025558755805e-02  2.0140803133951740e-01  
q[64]:  3.8295012712091493e-04  4.5747315704672054e-01  8.7991593704037138e-03  3.3677981485144731e-01  
q[65]:  1.9240265598390971e-04  4.3322109619570115e-01  1.2360065853829040e-02  4.1726268005606715e-01  
q[66]:  2.6079812002330018e-04  4.4228545884204323e-01  5.2297581583879829e-02  7.4375530670025046e-03  
q[67]:  7.3498571226273670e-04  4.4712614551305208e-01  5.0791008123577383e-02  3.8967538601520413e-01  
q[68]:  2.5569065629412943e-04  4.6175262921626664e-01  8.9932098855397352e-02  4.5717292759135586e-01  
q[69]:  4.6944232662452103e-04  4.1000006363663094e-01  6.3600506886825323e-02  5.3460824541410351e-02  
q[70]:  3.9947160307380101e-04  4.6201916754599692e-01  1.3705546298259827e-01  2.0376938780537555e-02  
q[71]:  1.3574440311608163e-03  4.6914334590915885e-01  1.1832147056446161e-01  3.4630294510215887e-01  
q[72]:  1.3535075114669002e-03  5.1512564642205394e-01  2.6790175169199060e-01  1.3087492975817047e-01  
q[73]:  5.6174684382681952e-04  4.4468192950184038e-01  1.2081630453574380e-01  6.9123564884554886e-02  
q[74]:  1.5301261422973980e-03  4.7465105148056869e-01  2.0394399043363565e-01  2.8456779303574370e-01  
q[75]:  8.2395920253802875e-04  5.0487628344774749e-01  1.8068971466651998e-01  4.7173833024033968e-01  
q[76]:  2.7440210069382755e-04  4.5670236461540392e-01  2.4473696391612743e-01  7.1786271351595207e-03  
q[77]:  1.4788140815240687e-03  4.1813427717902868e-01  2.3846246593339759e-01  1.8951507311382909e-01  
q[78]:  1.2234602666465395e-03  4.7505967942285182e-01  2.5454859150408177e-01  3.9025132351315139e-01  
q[79]:  3.3014083624793866e-04  5.1465833662632821e-01  2.6662229163199308e-01  5.0945479612480915e-01  
q[80]:  1.2151886957178159e-03  4.2901524238811917e-01  3.1224303833162165e-01  1.1001561782842202e-01  
q[81]:  7.7337398629619180e-04  4.4429340207271822e-01  3.2096236198447897e-01  4.1183861857087189e-01  
q[82]:  1.6978432569969761e-03  5.5553493183557556e-01  3.3970445962701917e-01  2.3158664291418921e-01  
q[83]:  1.0407014453879496e-03  4.5997362952142207e-01  3.7595223320699361e-01  2.1846702138003890e-01  
q[84]:  2.9005897633214306e-04  4.1078903542092110e-01  3.2981888704870266e-01  7.2770041609224309e-03  
q[85]:  7.0787852739379498e-04  4.5061426936940757e-01  3.9506801585488155e-01  5.4851996313599938e-02  
q[86]:  1.4528762029423564e-03  4.8376237979988246e-01  3.4499690846134223e-01  3.3387168568893877e-01  
q[87]:  8.1438044738660071e-04  4.4340894810343023e-01  3.9314195433296051e-01  3.6668568019638703e-01  
q[88]:  1.8654459638308546e-04  4.5153685587796832e-01  3.9441206293537912e-01  4.4760612332085131e-01  
q[89]:  2.0422976132374328e-04  4.6616288919832938e-01  4.4994606643599144e-01  1.3814625168323765e-02  
q[90]:  9.0745219113561710e-04  5.7168906235720929e-01  5.3263318114987546e-01  1.3056956598438096e-01  
q[91]:  5.2076787608015492e-04  4.7262899297703925e-01  4.4063112651719022e-01  1.5470558802051609e-01  
q[92]:  5.5008390876146000e-04  5.1607998882169426e-01  4.8917914552456820e-01  2.9573342623058696e-01  
q[93]:  5.2491441386961471e-04  5.0686467146346148e-01  4.4453117816161680e-01  2.9824436791319725e-01  
q[94]:  3.5898216586414283e-04  4.7623990869451904e-01  4.6669236006580378e-01  3.4907679903322664e-01  
q[95]:  2.2540188114911241e-04  4.4101733361172302e-01  4.3083022119956510e-01  4.1566325634768519e-01  
q[96]:  1.3011154317547777e-04  5.4145269460533352e-01  1.3099563252027536e-02  9.5749587044097941e-03  
q[97]:  3.2194838275790026e-04  5.9106402429292015e-01  5.9514647284826050e-03  9.8888119877393821e-02  
q[98]:  9.6908293508011134e-04  6.1417271218124370e-01  4.3677354431403713e-02  1.8643064801821668e-01  
q[99]:  5.6739634496879221e-04  5.3547710850521013e-01  2.0823155999477910e-02  2.6305088527454162e-01  
q[100]: 9.0925741782359919e-04  5.1951871066846500e-01  6.0261866425989762e-02  3.0773690170251539e-01  
q[101]: 3.2611022180372887e-04  5.8389187040558421e-01  7.3260536303482978e-03  3.7678133877691117e-01  
q[102]: 3.3328489834552090e-04  5.5901072344779745e-01  1.0063921163240848e-02  4.9700884738248102e-01  
q[103]: 1.0726728110382764e-04  5.6962388343959836e-01  1.6928893755210190e-02  5.6483112266635671e-01  
q[104]: 2.5154010144765303e-04  6.0941133440025497e-01  8.8189163742769028e-02  4.4059054922971231e-03  
q[105]: 6.7611651882847307e-04  5.6662605378746467e-01  4.8586511113636009e-02  5.0986150453141983e-02  
q[106]: 8.9527716719017369e-04  5.4359187562412048e-01  9.7049298410977800e-02  1.1386309940280923e-01  
q[107]: 1.6287549672738895e-03  5.9528109792188222e-01  1.4277128366439146e-01  3.7948495386333181e-01  
q[108]: 1.0187794704785383e-03  5.7871349737874256e-01  4.9920986592171243e-02  4.4586068294206777e-01  
q[109]: 5.4052193425723643e-04  5.7067028082007998e-01  6.5002876454611169e-02  5.4492804532225081e-01  
q[110]: 2.9741142490435424e-04  6.0243187843799173e-01  1.6063113511651550e-01  5.9596413916079360e-01  
q[111]: 1.9505071836587247e-03  6.6251367351750190e-01  2.1449356916951190e-01  2.2462055521760294e-01  
q[112]: 1.1047371499565083e-03  5.6919331509527527e-01  9.0349584179778411e-02  2.3927530620878251e-01  
q[113]: 1.0920610703605931e-03  5.7881510896828181e-01  1.2996821427732808e-01  5.0279972856287558e-01  
q[114]: 5.8098553764506238e-04  5.5708619447194285e-01  1.2963853385015245e-01  3.2110588621040020e-02  
q[115]: 1.0228654926117439e-03  6.2640216259509318e-01  1.4477080803061523e-01  1.2104047504008345e-01  
q[116]: 1.5089142533959872e-03  5.9563735177870558e-01  2.2824536427122580e-01  4.6864252469522683e-01  
q[117]: 2.6206354012761499e-04  5.4278161601712027e-01  2.0949389831979950e-01  4.8670644069389512e-03  
q[118]: 1.8319263863563974e-03  5.8212482582061220e-01  2.2930314787639827e-01  2.9569510457014980e-01  
q[119]: 7.6191007127265258e-04  6.0787704736718207e-01  2.7864241892189617e-01  5.5956524946239949e-01  
q[120]: 1.4106704584267995e-03  5.7345098280936280e-01  2.3497118326879404e-01  7.5312020994929646e-02  
q[121]: 1.5120222632052675e-03  5.2593100442865137e-01  1.6871589588970776e-01  1.7753819094815573e-01  
q[122]: 1.7779830121156615e-03  5.9720803730969707e-01  3.2087780840628127e-01  4.1396151414244037e-01  
q[123]: 9.4017621137081910e-04  5.9778569016917360e-01  3.6835266420116136e-01  5.1570667513632040e-01  
q[124]: 5.3204552429351407e-04  5.9842600193202677e-01  3.2366468394345038e-01  1.8101639143950531e-02  
q[125]: 1.2566108047356375e-03  6.7507368148087576e-01  4.6394231541758002e-01  2.2019083966779807e-01  
q[126]: 7.5732574036450418e-04  6.2637686973088202e-01  4.4382597842691573e-01  4.7905751844318556e-01  
q[127]: 5.5222394778621975e-04  5.5712956206077924e-01  3.6192329498919185e-01  5.3088895693103189e-01  
q[128]: 1.4705374620946209e-03  5.7564849378624861e-01  4.6939566942940270e-01  2.1304120677869667e-01  
q[129]: 1.0157582897341963e-03  5.7127186691714960e-01  3.7422538127594285e-01  3.1766816576499884e-01  
q[130]: 9.5807265049210996e-04  5.6795983453825183e-01  4.4773674206624070e-01  4.8600578997625193e-01  
q[131]: 9.3551553656080202e-04  5.2307872893710106e-01  3.3942421681872004e-01  4.0367729040037471e-02  
q[132]: 1.1343287702445463e-03  5.5082854800537562e-01  4.1166800706536200e-01  1.1286295904389468e-01  
q[133]: 3.2280973127402936e-04  5.5299440608260142e-01  4.2987892460506183e-01  5.8191167927449964e-03  
q[134]: 7.5257412470641273e-04  5.7647443781177021e-01  4.9964191724906859e-01  4.4202298893145496e-02  
q[135]: 5.8217936129041788e-04  5.6740027653731473e-01  5.2295909274348906e-01  5.2700101766579488e-01  
q[136]: 3.3594712679053528e-04  5.6795649522201708e-01  4.5853020177184772e-01  5.5857902289876371e-01  
q[137]: 2.0038193671411422e-04  5.8908142844673006e-01  5.6231442414933364e-01  9.9556841042071718e-03  
q[138]: 2.6272832998038215e-04  5.6587342768241855e-01  5.6075010442915296e-01  6.7376928809414413e-02  
q[139]: 3.2715005330114465e-04  5.2674008155022278e-01  5.2116492999628050e-01  2.0405845795037450e-01  
q[140]: 1.1350638180876735e-03  6.3014015482552577e-01  5.7586057670704405e-01  3.0788120331221114e-01  
q[141]: 2.6163195205805014e-04  6.1107181622205975e-01  6.0643143363814545e-01  3.5306407177283167e-01  
q[142]: 1.4501426896734902e-03  6.1933414399170639e-01  4.7973157673253264e-01  3.7265106289929423e-01  
q[143]: 6.4506816018480785e-04  6.3725383278079240e-01  6.1031594398400224e-01  4.4969432643792911e-01  
q[144]: 9.9920372963927862e-04  5.8129880993484961e-01  5.1168279430448327e-01  4.3382292375153131e-01  
q[145]: 3.1797004436320950e-04  5.8063727314950053e-01  5.7280603847852329e-01  4.9220008906006979e-01  
q[146]: 1.0070029892700936e-04  5.7273151884899220e-01  5.6240169876499468e-01  5.6591083507381623e-01  
q[147]: 2.5094156855053377e-04  6.6676640835483725e-01  1.4547837545287082e-02  2.1636748877757361e-02  
q[148]: 2.6859160270442472e-04  7.3365631231188222e-01  6.4470888309747908e-03  1.0813758128773907e-01  
q[149]: 4.8608213968856165e-04  7.0041956065277011e-01  2.0950134373163357e-02  1.8100078003578426e-01  
q[150]: 5.0993214620904525e-04  6.7387612718802092e-01  7.9906029146144340e-03  3.0149376294632130e-01  
q[151]: 1.1488538102118063e-03  6.7538561123798335e-01  5.6306242387859175e-02  3.8299297166701235e-01  
q[152]: 5.8420675996249298e-04  6.8559952410141123e-01  2.5620568903873518e-02  4.6072621973959554e-01  
q[153]: 2.9753043674602824e-04  6.7994975348547915e-01  5.8736440745779167e-03  5.4734486394927373e-01  
q[154]: 2.2517851832730439e-04  6.8428795156763333e-01  1.2026431776509279e-02  6.5913671424990472e-01  
q[155]: 2.4468599355745172e-04  7.3195828812952679e-01  7.3157148005969772e-02  5.7494531617245746e-03  
q[156]: 7.6285199690451092e-04  6.9170595072876651e-01  5.5915140515675713e-02  7.2282975537509453e-02  
q[157]: 8.4970052262272071e-04  7.2414035811821731e-01  6.3376598270082685e-02  2.6475469639441751e-01  
q[158]: 3.9424260175941725e-04  7.3510774031861248e-01  1.4204719385543851e-01  4.1892095400484425e-01  
q[159]: 1.6802681430849969e-03  6.9361858600043158e-01  1.1432288253947154e-01  5.2672991504271138e-01  
q[160]: 8.5440825904441848e-04  6.8991517918469192e-01  4.9815180361444757e-02  6.1277356610190437e-01  
q[161]: 2.8393058232123854e-04  7.0059606244090677e-01  7.6436898834671613e-02  6.9457365425429407e-01  
q[162]: 8.2815768324773545e-04  7.0790051328851611e-01  1.4529628983605392e-01  3.9850806799667529e-02  
q[163]: 1.4959485915928981e-03  8.0067493601659168e-01  2.7767637287452085e-01  2.2099646220949648e-01  
q[164]: 1.5584288311435764e-03  6.7561286064179504e-01  1.2556485877226198e-01  3.1237157366513779e-01  
q[165]: 8.4860876523248040e-04  6.8750684939658735e-01  1.4464001852954078e-01  6.4480958288271051e-01  
q[166]: 5.4565447554552583e-04  6.5263214691826454e-01  1.9812779590096252e-01  2.8059208753582587e-02  
q[167]: 1.5333870707485734e-03  7.0469656738692066e-01  2.5659537742174765e-01  9.9796785059302395e-02  
q[168]: 1.1337547150027682e-03  7.0231120426112592e-01  1.0817463235760495e-01  1.4256748089700844e-01  
q[169]: 2.1363108607869974e-03  7.0338861388772700e-01  2.2516453558785854e-01  4.4710355276253172e-01  
q[170]: 1.7084441725888496e-03  7.1166000783787975e-01  2.3379234667745213e-01  6.0838285264685621e-01  
q[171]: 3.3750626606399555e-04  6.9084549651632499e-01  2.7531964782789353e-01  4.4351722333728343e-03  
q[172]: 1.2848157832512786e-03  7.4649400347961870e-01  2.7123914162999629e-01  3.1666041344489543e-01  
q[173]: 4.1920780192158399e-04  6.5507789251077364e-01  2.4856732977534940e-01  6.4212124889208622e-01  
q[174]: 1.0955750443420486e-03  6.8430654639297916e-01  3.6746272354480769e-01  5.0776004949809529e-02  
q[175]: 2.3243074977442584e-03  6.8909218927218152e-01  3.3972682115180436e-01  3.4432321214232947e-01  
q[176]: 1.9583600766145846e-03  7.2285309176512513e-01  3.4926489574712466e-01  5.4734894953959523e-01  
q[177]: 9.3327341280409536e-04  6.9951761974135052e-01  3.4982114860691188e-01  6.5704803213789797e-01  
q[178]: 4.3643139798307595e-04  6.7663419284671600e-01  4.6018116497705192e-01  9.2191673914904012e-03  
q[179]: 1.9199385513150602e-03  6.4488745545599768e-01  3.3464513469655488e-01  1.7672877308427135e-01  
q[180]: 1.4892078237632581e-03  6.9750109646495051e-01  4.6739226056242050e-01  3.2112840579305318e-01  
q[181]: 3.7336986125380706e-04  7.0171313602124141e-01  3.5819536856016360e-01  4.5225260021843960e-01  
q[182]: 1.5138119647892850e-03  7.0975773120483965e-01  4.5390676323608897e-01  6.0934229096360670e-01  
q[183]: 3.7653698843249011e-04  6.6439254781638379e-01  4.0980134070420493e-01  6.5916180801823321e-01  
q[184]: 1.1777682265425818e-03  6.3686690659849465e-01  4.2813964281970845e-01  9.6241522208723368e-02  
q[185]: 1.9351598996844431e-03  7.1547101987813233e-01  4.7123082255838228e-01  4.6537113588658902e-01  
q[186]: 9.7986762248489082e-04  6.8241577663070241e-01  5.2789103347843047e-01  6.4720567156637065e-01  
q[187]: 9.0839830058881636e-04  6.8984587815084741e-01  5.4438498586446027e-01  4.3163255608941659e-02  
q[188]: 1.1410568827418556e-03  6.7925880927875770e-01  5.6415514178761461e-01  1.3714844933365491e-01  
q[189]: 2.9384254836952687e-04  7.0069956577513826e-01  6.2293996738310109e-01  7.5276416132801600e-03  
q[190]: 7.5347059885613017e-04  6.9225533581897258e-01  6.4910644288335229e-01  7.3774022947043896e-02  
q[191]: 1.2025721117191136e-03  7.0848492859807488e-01  5.6876251564585045e-01  2.7119500034092053e-01  
q[192]: 9.4658644325545905e-04  6.9250703568319072e-01  6.2703929625515920e-01  6.1178256258676389e-01  
q[193]: 2.4598618107249008e-04  6.8191921259317290e-01  6.1730604831127389e-01  6.7621496401473757e-01  
q[194]: 1.6686064319944286e-04  6.8697092205008725e-01  6.7887766461715326e-01  2.3119551720840782e-02  
q[195]: 3.5375226020956807e-04  6.9630074328352842e-01  6.8773331525833992e-01  1.4260230612904995e-01  
q[196]: 9.4576119374335354e-04  7.0758715803718608e-01  6.3844915015083548e-01  2.0148679298509550e-01  
q[197]: 5.8820355917583739e-04  6.6006066118006324e-01  6.4492141801291381e-01  2.3807210825931654e-01  
q[198]: 8.8787835396724455e-04  7.4857706192868334e-01  7.0764928212121658e-01  3.4480109285984756e-01  
q[199]: 3.5807907282494104e-04  7.2686207743669629e-01  7.2131581467873884e-01  4.2286743687220696e-01  
q[200]: 1.2994304857808269e-03  7.1243289474531435e-01  6.0613274231047187e-01  4.1158573261871695e-01  
q[201]: 9.2165193568061437e-04  7.3370915431192052e-01  6.8201900192950049e-01  5.1030736142019650e-01  
q[202]: 1.5205012171551229e-03  7.1025195674717145e-01  5.7490628653514775e-01  5.5231572157258946e-01  
q[203]: 3.9486454748436777e-04  7.1499367211474096e-01  7.0422983152161189e-01  5.8773683595150794e-01  
q[204]: 2.6396274318983098e-04  6.9314305287152966e-01  6.8072466335319226e-01  6.6246934177002204e-01  
q[205]: 1.7818386745084967e-04  7.8604915835814859e-01  1.1951908798860768e-02  1.9801960071140712e-02  
q[206]: 2.2757698627687585e-04  8.3268895612843663e-01  1.1774285605507074e-02  1.0386207368892582e-01  
q[207]: 3.4527121797426756e-04  7.9596889717660146e-01  6.4910505453389059e-03  2.7438786214299726e-01  
q[208]: 9.5264236848872929e-04  7.9574647168587653e-01  3.1852905962695098e-02  3.9451002956357489e-01  
q[209]: 1.4828077559820864e-03  7.9244168798900161e-01  9.3453760707905675e-02  4.9973685161042353e-01  
q[210]: 3.2412882059316782e-04  7.8129351614480536e-01  4.0581622828720259e-03  4.8928447646528322e-01  
q[211]: 2.8680729629593769e-04  7.9434412902046359e-01  7.3229791674459029e-03  6.9878959416557229e-01  
q[212]: 1.2209227467407984e-04  7.8509650268607656e-01  1.3879084781629606e-02  7.7304013951246464e-01  
q[213]: 1.7471523676037285e-04  8.4559748322811135e-01  6.4506214413609805e-02  5.6096139535754758e-03  
q[214]: 5.6509543768349171e-04  7.9852736757666964e-01  5.0250014359760391e-02  6.6742821214474710e-02  
q[215]: 8.6611774039439674e-04  8.0110988916320436e-01  4.5979568422990967e-02  1.9440488897297947e-01  
q[216]: 1.2833534796367445e-03  7.5408340411042063e-01  1.6600513069228837e-01  2.2809955011078858e-01  
q[217]: 1.3410847928950350e-03  8.0578740345234168e-01  1.0289467933602971e-01  3.2391257628742204e-01  
q[218]: 9.1884645774793414e-04  7.8632556565955825e-01  3.6775452418839651e-02  5.9919103292971077e-01  
q[219]: 5.8892853313554836e-04  8.0549504260028393e-01  5.4201300402939794e-02  7.5882403777294860e-01  
q[220]: 1.7356879010203924e-04  8.2246398565258583e-01  9.7013702958202802e-02  8.1979022017657510e-01  
q[221]: 6.9419158181458016e-04  8.1677287741402071e-01  1.3081676106453771e-01  3.9947102807062304e-02  
q[222]: 1.0905936138741966e-03  8.1919721188997197e-01  1.1554072395266361e-01  1.4548928978407838e-01  
q[223]: 1.8579203824172722e-03  7.9396836028613971e-01  1.9320945237674433e-01  4.1006423499106576e-01  
q[224]: 1.1696410306218286e-03  7.9642789685555959e-01  1.1295109559278994e-01  6.7987912814884455e-01  
q[225]: 7.3300364575852876e-04  7.8506918558340943e-01  1.6507437785496082e-01  7.5113324427168959e-01  
q[226]: 4.4687352186371156e-04  7.8942362826041557e-01  2.1802879428926114e-01  9.5605930368829334e-03  
q[227]: 9.8510862966572099e-04  8.1618634313102034e-01  2.9229340130014364e-01  6.9856859960207005e-02  
q[228]: 1.1454382518115292e-03  7.9370694860996904e-01  2.0542792014844968e-01  1.1276296345881105e-01  
q[229]: 1.3472030569842172e-03  8.5235793105657121e-01  2.0931637693505578e-01  2.7278890519171906e-01  
q[230]: 1.7751947723830706e-03  8.0399470067386047e-01  1.9881008264349323e-01  5.9130850166175963e-01  
q[231]: 1.3979594109249246e-03  8.2471370834917523e-01  2.6068883021343275e-01  7.1836487912298652e-01  
q[232]: 8.8507897329335094e-04  7.7897839309042094e-01  3.5991113728336616e-01  3.3194535060806780e-02  
q[233]: 1.8337248513093376e-03  8.1755930933158372e-01  3.4763975175473177e-01  3.5910997891024432e-01  
q[234]: 1.3150435927409779e-03  7.9658809489974847e-01  3.2310241345953289e-01  4.8473441316176830e-01  
q[235]: 1.6914329565801500e-03  8.2381752124122165e-01  3.5709941074169532e-01  6.1402109298237229e-01  
q[236]: 4.4926373604212193e-04  7.6505478747655209e-01  2.5883865014435925e-01  7.5731276976720208e-01  
q[237]: 1.3209164023669816e-03  7.9898352588488430e-01  4.7853914868145508e-01  9.2067869194559629e-02  
q[238]: 1.5128162413590154e-03  8.3000779959187720e-01  3.9826440863721807e-01  1.6518970792689266e-01  
q[239]: 2.3497749151458534e-03  8.0827641348560941e-01  4.6423223683565235e-01  4.7364704792476808e-01  
q[240]: 1.7390295746157469e-03  8.1394818810506941e-01  4.7057693539230400e-01  6.8251836745373684e-01  
q[241]: 1.1123591303952487e-03  7.9719352321899684e-01  3.5540937650379067e-01  7.4150539995081666e-01  
q[242]: 4.2760278806914799e-04  7.8393767293196015e-01  4.7659998839349771e-01  8.0374754727892683e-03  
q[243]: 1.4375580075672366e-03  7.4203481411204308e-01  3.5947138528333683e-01  1.7355977577516332e-01  
q[244]: 2.2364121887313293e-03  7.8444785801896177e-01  4.5350026590555848e-01  2.8269489776907580e-01  
q[245]: 1.0460930839810399e-03  7.9687617650742981e-01  5.5676332845595411e-01  7.4556554054011359e-01  
q[246]: 4.9128770795114842e-04  7.9328176566117603e-01  4.3862483929331891e-01  7.8019286638805041e-01  
q[247]: 1.0145961265408613e-03  7.3136357232916771e-01  4.8448838713239317e-01  1.1699015985956826e-01  
q[248]: 1.7224102174209033e-03  7.8933646082266418e-01  5.7140806837946634e-01  1.9919819994110166e-01  
q[249]: 2.0192536113584755e-03  8.0799695155993212e-01  5.8572096369356141e-01  5.8735566542670792e-01  
q[250]: 1.9338282541399231e-04  7.6477570728717392e-01  5.2109680852688645e-01  7.5858999543227779e-01  
q[251]: 9.1154373506702863e-04  7.9827714692440932e-01  5.8842657623690742e-01  4.1496640690337983e-02  
q[252]: 1.3263213782269986e-03  7.9480835412740525e-01  6.6760584564382952e-01  1.1517384292173265e-01  
q[253]: 1.8697623314823770e-03  7.9046952392423864e-01  6.1090365812942660e-01  4.0278433192911306e-01  
q[254]: 7.3333524995972111e-04  8.3682018949771875e-01  7.3236108780979892e-01  6.7001654162083923e-01  
q[255]: 1.1164439855168807e-03  8.0120183071262974e-01  6.5518419814764461e-01  6.9714010442877983e-01  
q[256]: 2.8163661569603223e-04  8.0613142981957908e-01  6.6794434206132303e-01  7.0962955284150373e-03  
q[257]: 6.0866645822708833e-04  7.9889963676990117e-01  7.3316640918592502e-01  4.5343691687712712e-02  
q[258]: 6.7007645992400841e-04  8.3756136774122902e-01  6.5705506191509644e-01  2.5296592776594451e-01  
q[259]: 6.4193578229693464e-04  7.9733744628257830e-01  7.3837334829264623e-01  7.4800620302283194e-01  
q[260]: 4.2664775739868147e-04  7.8877801329009178e-01  6.5919747579931809e-01  7.7670804350673928e-01  
q[261]: 1.6076118653955045e-04  7.9147783092824731e-01  7.7141169712516855e-01  1.0894314328029684e-02  
q[262]: 2.8949574798681931e-04  7.9805739650114982e-01  7.9019306494981223e-01  8.5530835762792842e-02  
q[263]: 9.7338657595226073e-04  8.0390323338528691e-01  7.6393400591672789e-01  1.7877973448078593e-01  
q[264]: 3.9551211705016914e-04  7.9544208258428384e-01  7.8932598261001230e-01  2.8017364244921705e-01  
q[265]: 1.5225136517348346e-03  8.0982519923158591e-01  7.0950678943849765e-01  2.9396909680148192e-01  
q[266]: 7.2514513189019815e-04  8.2146849635799923e-01  7.8800252623518929e-01  4.3098632501672185e-01  
q[267]: 1.4019250715280940e-03  8.1729019002246484e-01  7.1651522887133656e-01  5.2498664865714906e-01  
q[268]: 3.9121152048357728e-04  8.1402116516333933e-01  8.0355985243623107e-01  5.6520399797509557e-01  
q[269]: 6.8607863373772605e-04  8.1180858900124930e-01  7.7286546162440239e-01  6.5430402321277004e-01  
q[270]: 2.1165546744840468e-04  8.1560004645498929e-01  8.1044447969706712e-01  7.3387997358865686e-01  
q[271]: 1.3427289549003727e-04  7.9306900769630850e-01  7.7529689312907735e-01  7.8488000526380763e-01  
q[272]: 1.1437897685851393e-04  8.8654875382594045e-01  8.4325327606962937e-03  2.1017131126809148e-02  
q[273]: 2.0011446587130533e-04  8.7305632521144483e-01  4.4976399259391512e-03  1.7694387458940289e-01  
q[274]: 7.5032040565317908e-04  8.8331742391117662e-01  3.2488001387068165e-02  2.9439023458363434e-01  
q[275]: 3.1787464512404674e-04  8.9014985416833359e-01  5.5560976147926294e-03  4.1994394585113737e-01  
q[276]: 8.9379815739003277e-04  8.8351290774957336e-01  4.5384966770593317e-02  5.1302362290343251e-01  
q[277]: 4.2603139834216665e-04  8.7696016265179355e-01  1.0657825021199137e-02  6.1867444625256995e-01  
q[278]: 2.7088508142974159e-04  8.8451371570437709e-01  1.1027909383449058e-02  7.7900418146662687e-01  
q[279]: 1.4829209193029631e-04  8.7812226724434761e-01  1.4762864912051647e-02  8.6118153351982518e-01  
q[280]: 1.6707689585138756e-04  9.0843720376039483e-01  7.8206775919201901e-02  1.4586545690882356e-02  
q[281]: 4.0647302867700410e-04  8.9310322403946185e-01  3.7067721432895273e-02  7.0182849211188961e-02  
q[282]: 7.8854142511967343e-04  8.9913691790804917e-01  6.8081901300162978e-02  1.6871795035505172e-01  
q[283]: 8.3123944431818663e-04  8.8426812818637845e-01  1.2683409920477365e-01  2.6193046274644305e-01  
q[284]: 1.1651077536496831e-03  8.9193974353247574e-01  9.8470866906090873e-02  3.9697554475087604e-01  
q[285]: 1.1930433855428552e-03  8.7879781773484844e-01  1.2248161040586493e-01  5.7721961925529408e-01  
q[286]: 8.9011834130389082e-04  8.7917013671753952e-01  5.9060511704420754e-02  7.0341795309991428e-01  
q[287]: 4.7528645340571369e-04  9.0112200292478739e-01  6.0930422152452313e-02  8.4527982863791162e-01  
q[288]: 1.9884088067335771e-04  9.0273357647256269e-01  1.0246104158810458e-01  8.9409696558487717e-01  
q[289]: 6.2091005715786819e-04  8.9785052793542242e-01  1.2809019332580859e-01  6.5775251854443093e-02  
q[290]: 1.6627460207235276e-03  8.8501802084767300e-01  2.0585250853281031e-01  4.5243077207188642e-01  
q[291]: 8.7781731628058270e-04  8.8826460803866070e-01  1.6776232410235972e-01  6.8105496449931779e-01  
q[292]: 8.4874996333441418e-04  8.8346296826436910e-01  1.4154336124541156e-01  7.9014815089219370e-01  
q[293]: 6.1676563509991018e-04  8.7393136722507492e-01  2.0261323333727485e-01  8.4664237245837104e-01  
q[294]: 4.1347735247086541e-04  8.8830055932927465e-01  2.0239324697377048e-01  1.3281609590739811e-02  
q[295]: 8.7197291746534354e-04  8.9358914494622521e-01  3.0528351208533228e-01  5.2250098787285121e-02  
q[296]: 1.1993768733961031e-03  8.9051957294031203e-01  2.2199202044982222e-01  1.3084344394494546e-01  
q[297]: 8.7036501191570356e-04  9.3092722143859474e-01  2.1668408024684802e-01  6.0311090620320018e-01  
q[298]: 7.3227105682431299e-04  9.2147028459562419e-01  2.8412958343780653e-01  8.2742696793505888e-01  
q[299]: 3.4940863080481577e-04  8.6432810002428317e-01  3.7445457343553840e-01  6.6395988050807556e-03  
q[300]: 1.5483040388551655e-03  8.9733996084826828e-01  3.3396053186926344e-01  2.1358628179488751e-01  
q[301]: 1.6395414721799330e-03  8.9383616795276777e-01  3.2208943806671692e-01  3.6885646265298866e-01  
q[302]: 1.6284636667461190e-03  8.7118605344855271e-01  2.9562565669472118e-01  5.4771905507369578e-01  
q[303]: 1.1835848715471683e-03  8.9522288054054144e-01  4.4964246981634798e-01  7.0568685417036014e-01  
q[304]: 1.1976042794185067e-03  9.0495246936848173e-01  2.6765948855254984e-01  7.2180728761773560e-01  
q[305]: 1.7337554917402231e-04  8.7130752673881151e-01  3.1106246565971263e-01  8.7021670972335985e-01  
q[306]: 9.4724222704726027e-04  8.8422003150459572e-01  4.9761389352212865e-01  3.9624676197421688e-02  
q[307]: 1.1879366793790126e-03  8.9266441330847179e-01  4.3100267874940063e-01  1.1779988336424897e-01  
q[308]: 1.8827525653953346e-03  8.9063740889943976e-01  4.7086182739085430e-01  3.1670490223519393e-01  
q[309]: 1.9704793348999583e-03  8.9598158688985885e-01  4.4745292071475340e-01  4.8938753886566783e-01  
q[310]: 1.5133823408650816e-03  8.7813469562548130e-01  5.4379695592368782e-01  6.1018000158020591e-01  
q[311]: 1.0009621588616276e-03  8.9761602643100480e-01  4.1191665074023021e-01  7.9133369020930366e-01  
q[312]: 5.8217329167969338e-04  8.7801379124902390e-01  3.3516028692740985e-01  8.3797785352558563e-01  
q[313]: 3.1871376770465769e-04  8.8375541694162985e-01  6.0593602309491845e-01  7.5265086850191329e-03  
q[314]: 1.7120480621579440e-03  8.8176918819778261e-01  5.6056804550885930e-01  2.2462037417187081e-01  
q[315]: 1.6776249496480932e-03  8.4666557503537221e-01  5.7813735888497852e-01  3.8075911413490260e-01  
q[316]: 1.0156988039584760e-03  9.4067661931299373e-01  5.8735501860824602e-01  7.5247713250566262e-01  
q[317]: 9.9940152478868996e-04  8.8738741100020513e-01  5.4271931788889560e-01  8.2894371292511138e-01  
q[318]: 4.2575005442388220e-04  8.8249466600550563e-01  4.5947486453058789e-01  8.6825236727891875e-01  
q[319]: 1.2793996095618475e-03  8.8117781860868483e-01  6.1235057433937123e-01  1.0661901246672482e-01  
q[320]: 1.1865238266440847e-03  8.8950162698570945e-01  7.1923289489540876e-01  1.8309882817276446e-01  
q[321]: 1.2556773568878181e-03  9.0252897194554171e-01  6.9898197176258747e-01  3.4566960558040261e-01  
q[322]: 1.3984562658645296e-03  8.8867306118092870e-01  6.4170751082176469e-01  7.5641925922074049e-01  
q[323]: 3.8080690621916039e-04  8.7672695823297742e-01  6.3276587736878742e-01  8.6816995268817510e-01  
q[324]: 7.6595179683030059e-04  8.9270707719608711e-01  7.2112940974070128e-01  4.0878460462459305e-02  
q[325]: 7.1391406921554655e-04  8.8259062478425232e-01  7.8959173463185206e-01  1.0600303523762879e-01  
q[326]: 8.0830805157365256e-04  8.8514400993484754e-01  7.3207884686703095e-01  8.3646196743070755e-01  
q[327]: 2.0838596315633451e-04  8.8479095670287755e-01  8.0377197505380837e-01  6.8625056699457426e-03  
q[328]: 3.5997744681266693e-04  8.8850591642324972e-01  8.5047141613823707e-01  5.5594386016695113e-02  
q[329]: 7.7863902986484315e-04  8.9652349617759919e-01  7.8613276939325560e-01  3.1297852747359955e-01  
q[330]: 7.7451439912640144e-04  9.3487279373992327e-01  8.1918051820619520e-01  5.2228947590151575e-01  
q[331]: 1.4332965905509451e-03  8.8426533981550814e-01  6.9255589353632852e-01  5.2449993139548612e-01  
q[332]: 5.0079452828449096e-04  8.9187126023558982e-01  8.4954583782519943e-01  8.0801336294820569e-01  
q[333]: 2.4673489530244814e-04  8.8127641370217169e-01  8.0785048346305077e-01  8.7204032548146271e-01  
q[334]: 9.7378422459181124e-05  8.8158490591259675e-01  8.7351236285511236e-01  1.7953936503800130e-02  
q[335]: 2.9691359418391929e-04  8.8862686413268466e-01  8.7781662138918848e-01  1.3417613602233780e-01  
q[336]: 7.6832059646970183e-04  8.9308912296511511e-01  8.3661492156907469e-01  2.1935651629021224e-01  
q[337]: 2.6932824096241928e-04  8.8763757655414866e-01  8.8006278076340594e-01  2.7780433292655443e-01  
q[338]: 6.9306588003823302e-04  8.8831329163669825e-01  8.5558415048238856e-01  3.8162823093462322e-01  
q[339]: 2.1085155881320428e-04  8.7688518943747962e-01  8.7457848357191570e-01  4.9947876290912158e-01  
q[340]: 9.8305182488446930e-04  8.8090381094981962e-01  7.8193776741733956e-01  4.4654076834834838e-01  
q[341]: 9.1549979493751768e-04  8.9565248034811451e-01  8.5065044742556006e-01  6.0333411833505335e-01  
q[342]: 5.5214303974120463e-04  9.0330835903245510e-01  8.0439235213427440e-01  7.0132001919743336e-01  
q[343]: 3.4197684638489356e-04  9.0003498238605140e-01  8.8996571067008823e-01  7.2276540998946104e-01  
q[344]: 1.4759470017696656e-04  8.8779614242622962e-01  8.7702397445770819e-01  8.6245870691321613e-01  
q[345]: 7.0846864957067998e-05  9.5814107579968188e-01  6.8275946183573941e-03  4.1143637018615842e-02  
q[346]: 1.6863377517471374e-04  9.3834342989559449e-01  8.5175343058159925e-03  1.2411582914733663e-01  
q[347]: 3.9235365359706933e-04  9.4733058978769424e-01  1.6975579323632140e-02  2.6060623770315766e-01  
q[348]: 1.6532785206845534e-04  9.5827058895407691e-01  4.3724958794352335e-03  4.3075204820029922e-01  
q[349]: 5.7148973073882655e-04  9.5114654408726929e-01  3.0276766004674601e-02  5.5817648030431177e-01  
q[350]: 1.8077593633665149e-04  9.4999045241960456e-01  5.0402658217295754e-03  6.8728834163622632e-01  
q[351]: 9.1143436767314215e-05  9.4900797036729467e-01  2.9211895131969648e-03  8.9241892124627220e-01  
q[352]: 9.7781133021815193e-05  9.4973017672428872e-01  2.8375769185677562e-02  9.4100721471154580e-01  
q[353]: 7.4452029042622621e-05  9.4991716878733701e-01  3.0842263877970236e-02  5.2053863115854955e-03  
q[354]: 2.1070456100067111e-04  9.6160169585543187e-01  4.6294062949480193e-02  6.9029379180027065e-02  
q[355]: 4.1378921078499430e-04  9.6366176861780017e-01  5.9925436012094775e-02  1.5409392260971394e-01  
q[356]: 8.1157197324794954e-04  9.5717408878871568e-01  1.2202806864532315e-01  2.4864650722413562e-01  
q[357]: 8.1638223655840073e-04  9.5345662543482257e-01  6.3720899886240703e-02  3.8559766608752266e-01  
q[358]: 1.2020535576529414e-03  9.5407104274105026e-01  1.4186569460846601e-01  5.1225862279241485e-01  
q[359]: 9.3485019732533336e-04  9.4789192369243003e-01  8.5425951261547964e-02  6.7669447664860305e-01  
q[360]: 4.2559595053610287e-04  9.4911689011235345e-01  2.8897380568108384e-02  7.9257056979372142e-01  
q[361]: 3.4220972182575537e-04  9.6603545180428330e-01  6.3462375318599135e-02  9.0013901113658501e-01  
q[362]: 1.8314881998014816e-04  9.6044349074142565e-01  1.2437898072859489e-01  9.4358173546119195e-01  
q[363]: 3.1316724907581471e-04  9.5520368830049940e-01  1.0929411475912582e-01  3.4961632231828646e-02  
q[364]: 2.9943372296253531e-04  9.2428564678167402e-01  1.3616785715383645e-01  1.4095429136845219e-01  
q[365]: 1.2232750838545887e-03  9.4973288969698877e-01  2.1493409094155702e-01  3.4837472602733499e-01  
q[366]: 7.8404909398955820e-04  9.4940994344500118e-01  1.3561134374545866e-01  8.1340813823048597e-01  
q[367]: 4.4308466961041340e-04  9.4644014187826420e-01  1.9425281887365006e-01  9.0362224573024919e-01  
q[368]: 1.3402328054480412e-04  9.5441594797718232e-01  1.8536838448894610e-01  3.8186905501763004e-03  
q[369]: 5.1866395307325697e-04  9.5587564627226407e-01  2.8593296183200112e-01  3.6015635816659328e-02  
q[370]: 6.5322014046823918e-04  9.5672598158413935e-01  1.9741251425864720e-01  1.0008744167152345e-01  
q[371]: 6.1294914147193161e-04  9.1503034454673038e-01  1.9089151647142710e-01  2.5244817881350562e-01  
q[372]: 5.2778449081945593e-04  9.6888371467192680e-01  2.4367268268602704e-01  6.3414329530431268e-01  
q[373]: 8.1828463844833322e-04  9.6482500632206969e-01  2.2046372150543284e-01  7.3997035629155239e-01  
q[374]: 5.8975694706061969e-04  9.7021646946298779e-01  2.8792207978065609e-01  8.7868425626193458e-01  
q[375]: 2.6309127436425415e-04  9.4183504826513942e-01  4.0278622538235803e-01  6.6186636537745834e-03  
q[376]: 1.1777117345406992e-03  9.5903125534269851e-01  2.9548855519592981e-01  1.9471186745568683e-01  
q[377]: 9.9471413927756220e-04  9.5278052378086009e-01  3.1448594909434946e-01  4.2518536837137522e-01  
q[378]: 1.0666115718252467e-03  9.5397444474068915e-01  3.3561762324668681e-01  5.4528642696468410e-01  
q[379]: 1.2928487170868618e-03  9.2406661969375936e-01  3.7954060115860150e-01  6.4101867097553589e-01  
q[380]: 1.0932198174646672e-03  9.6538658579749426e-01  3.8610097011767081e-01  7.7708773706805456e-01  
q[381]: 1.7651044981737928e-04  9.4605669760340538e-01  2.6680529478970372e-01  9.4244811921734206e-01  
q[382]: 5.7090845427202371e-04  9.5586856284180155e-01  5.3563711056267627e-01  3.5471955157725894e-02  
q[383]: 9.9117549588361668e-04  9.5281600310983650e-01  4.0953056384902031e-01  9.8437607951794917e-02  
q[384]: 1.5080252787777857e-03  9.5601410012256260e-01  4.2830912159286810e-01  2.9863427302463924e-01  
q[385]: 1.2511670326566695e-03  9.5737231955569879e-01  4.8455577323548588e-01  4.7991705829265269e-01  
q[386]: 1.2612093842920625e-03  9.6341441453040466e-01  5.1905536548066167e-01  6.5567990666368448e-01  
q[387]: 9.0065151560700569e-04  9.5728150172176130e-01  5.0927318402229649e-01  8.5658807208047527e-01  
q[388]: 6.1185876075847700e-04  9.4939269869463372e-01  3.9581519800739096e-01  9.1804976525084991e-01  
q[389]: 9.6427519083162376e-05  9.4853364722440980e-01  5.9720727398222673e-01  1.2037510201150552e-02  
q[390]: 1.3969937938519883e-03  9.4847548526406356e-01  5.4405614538532576e-01  1.8463979746678275e-01  
q[391]: 1.2611846872592324e-03  9.5719711118130335e-01  6.0214542258576542e-01  3.6918383756634349e-01  
q[392]: 1.3626203338076744e-03  9.1658254610580492e-01  6.1267790594915594e-01  4.5249247632423467e-01  
q[393]: 4.9763551516845148e-04  9.7080871157269211e-01  6.7345465456655607e-01  7.8197209855770022e-01  
q[394]: 5.5713845989963204e-04  9.5224112299913155e-01  6.3269396668783884e-01  9.0460679792994403e-01  
q[395]: 2.3178253072540214e-04  9.5044094212225771e-01  5.3868916622781682e-01  9.4438827692253946e-01  
q[396]: 9.0147682667058118e-04  9.4933477876900230e-01  6.5370198433689364e-01  9.1429963453527968e-02  
q[397]: 7.1701680901692909e-04  9.5864515170709397e-01  7.5413010421608639e-01  1.8845702218226201e-01  
q[398]: 1.0272187663811936e-03  9.4880314235075081e-01  6.9298174559645487e-01  2.7163200073470728e-01  
q[399]: 8.8312507738290739e-04  9.2127608916431802e-01  5.9217326535493442e-01  5.9500967716845021e-01  
q[400]: 1.0776689007459324e-03  9.0289957821666034e-01  7.2166872645770952e-01  6.5971340014180213e-01  
q[401]: 6.9718707504770844e-04  9.5295529605701745e-01  7.3956841974844467e-01  8.4709030566382593e-01  
q[402]: 2.5862440131911579e-04  9.4680571670655900e-01  7.1412611865674636e-01  9.3100268013190246e-01  
q[403]: 1.4603877157453826e-04  9.4696300277861978e-01  6.8463660309014174e-01  4.2701403330062020e-03  
q[404]: 6.5771740875210870e-04  9.4944591102283304e-01  8.2585045288114189e-01  1.2479771275630959e-01  
q[405]: 1.1455017073706743e-03  9.5987014467329679e-01  7.1388924828145117e-01  5.9538536897922112e-01  
q[406]: 5.2388775291131598e-04  9.0999017765825729e-01  8.0879878021852636e-01  7.8586413887053563e-01  
q[407]: 2.5020310277561886e-04  9.5183128879623968e-01  8.2178458564105306e-01  9.1073928466899889e-01  
q[408]: 1.9808993607547747e-04  9.5185638578236720e-01  8.3695981106661521e-01  1.3273118350586526e-02  
q[409]: 3.4305179189483945e-04  9.5365812914921766e-01  8.9497930694530015e-01  6.2938379804483982e-02  
q[410]: 8.7736436865006213e-04  9.5575807776622568e-01  8.5992226460540122e-01  2.8445250493119573e-01  
q[411]: 1.1431693317226930e-03  9.6025223191657860e-01  7.8904031106224470e-01  4.3239897204024713e-01  
q[412]: 7.3578827160577305e-04  9.5895832241334011e-01  8.2145589903987448e-01  7.0953849973520733e-01  
q[413]: 2.7224285855993361e-04  9.5378241874191749e-01  8.9953682472486707e-01  9.1527343216031598e-01  
q[414]: 9.5713223721249300e-05  9.4977588783167655e-01  8.2228260763604966e-01  9.4736846522792906e-01  
q[415]: 1.0011146154164714e-04  9.5068213998265083e-01  9.2795627075375431e-01  1.1585952194490866e-02  
q[416]: 9.0416760999635984e-05  9.5240801484850879e-01  9.5077351837330915e-01  7.5158851997751297e-02  
q[417]: 4.5640990974685897e-04  9.5415251314993688e-01  9.2429170897165480e-01  1.7610196428495153e-01  
q[418]: 2.1464048324151477e-04  9.5479032985123835e-01  9.4815844828010576e-01  3.0662713031959177e-01  
q[419]: 6.1993823263571017e-04  9.5443314921805400e-01  9.1162535522175159e-01  4.1803638899244505e-01  
q[420]: 2.7663480857778995e-04  9.4286019364389873e-01  9.3360292294931280e-01  5.2311469844406211e-01  
q[421]: 5.7988410559512099e-04  9.5809411280358958e-01  8.8946715237655261e-01  5.9957843625609875e-01  
q[422]: 3.0298405159844954e-04  9.5946187625846668e-01  9.4424423293145798e-01  6.9306735992496649e-01  
q[423]: 4.9909441639661299e-04  9.6070250882909802e-01  9.0746930818602201e-01  7.9684600092767310e-01  
q[424]: 1.5280125831835606e-04  9.5347895727558862e-01  9.4653334471259631e-01  8.6703950396531426e-01  
q[425]: 5.2300017872969330e-05  9.5076365509009397e-01  9.3479162410992811e-01  9.4536935961033264e-01  
q[426]: 3.1004285592867785e-05  9.9097592351321928e-01  1.0440449799144248e-02  1.6774237281109879e-02  
q[427]: 7.7222046374491812e-05  9.8863239269906567e-01  3.7825337400914172e-03  1.5390701492032832e-01  
q[428]: 2.5096326373068387e-04  9.8993640092731272e-01  2.8931435771477762e-02  2.7684627324169386e-01  
q[429]: 9.5009626463461697e-05  9.9207137103177245e-01  7.2132881876112911e-03  4.2343084928555558e-01  
q[430]: 3.0867988557130500e-04  9.9086703063503057e-01  4.3394035068627754e-02  5.4057650098010912e-01  
q[431]: 1.1503990742394562e-04  9.9072095505032098e-01  7.7811564807589769e-03  6.6813986895875155e-01  
q[432]: 9.1881399382295529e-05  9.8995984985680985e-01  8.8077011177428218e-03  8.7183212282692879e-01  
q[433]: 5.6602398153783087e-05  9.9017823285880879e-01  1.6799322037647398e-02  9.7038834391739115e-01  
q[434]: 8.6567228520732041e-05  9.9013863157092630e-01  8.1254134058993427e-02  1.1292948654314025e-02  
q[435]: 1.1235497051658313e-04  9.9327282251781446e-01  3.4191809370560017e-02  7.3762010627537150e-02  
q[436]: 2.1346988221573933e-04  9.9487831177107433e-01  8.6689545142760199e-02  1.7154975354691404e-01  
q[437]: 5.0288883069163532e-04  9.9086799004324599e-01  1.8369069554523099e-01  2.6275749994965070e-01  
q[438]: 4.1421773377470358e-04  9.9136193553465657e-01  9.4862498223845848e-02  3.8342213284296200e-01  
q[439]: 3.0319132558148285e-04  9.9213625791691618e-01  1.5913136346498263e-01  5.2420851982669736e-01  
q[440]: 4.0399054053265494e-04  9.8920332630599950e-01  1.0358447279891890e-01  6.5863211756421658e-01  
q[441]: 2.5475331495912413e-04  9.9013702987832808e-01  4.2894554807906549e-02  7.7700995639858039e-01  
q[442]: 1.0957858441830466e-04  9.9567867037644087e-01  6.5862170259428310e-02  9.2962754999866548e-01  
q[443]: 6.1552450297146639e-05  9.9104396336095746e-01  1.0268431027106315e-01  9.8549212993418456e-01  
q[444]: 2.3011501812759990e-04  9.9197351459806571e-01  1.4750199237183517e-01  6.3435973574220761e-02  
q[445]: 2.0065674169284295e-04  9.7602098027411788e-01  1.4361386376432567e-01  1.3324330436121351e-01  
q[446]: 5.8346439359669322e-04  9.9094478995198121e-01  3.1112019619460535e-01  3.4804148629368126e-01  
q[447]: 4.6261312305336715e-04  9.8868310964119044e-01  2.1970949846816798e-01  4.5054794185238328e-01  
q[448]: 1.4627686795842766e-04  9.9036610349417276e-01  1.0666014143666544e-01  7.9888277164826660e-01  
q[449]: 3.2729273446074577e-04  9.9036428136132471e-01  1.4955615644035608e-01  8.6315041194107733e-01  
q[450]: 2.4039177771541359e-04  9.9128929330637250e-01  2.0516624221174379e-01  9.5345542268704331e-01  
q[451]: 1.3476106688257964e-04  9.9158623236125953e-01  2.3345170633141421e-01  1.4213751923260900e-02  
q[452]: 3.2511571806493662e-04  9.9094046984938977e-01  3.5598867904556747e-01  5.7776998644829249e-02  
q[453]: 3.6860408981266547e-04  9.9308233054226769e-01  2.6086674804819415e-01  1.3797402872095701e-01  
q[454]: 2.5149194221456891e-04  9.9400298089413897e-01  1.9359459579799485e-01  6.8744199564532216e-01  
q[455]: 3.0185378721493450e-04  9.9492565837267000e-01  2.6522221173713234e-01  7.8935781406567063e-01  
q[456]: 2.6597013014020691e-04  9.9475722577463399e-01  3.4251729812310172e-01  8.9390264992132107e-01  
q[457]: 1.1610727541052969e-04  9.8885273729831569e-01  4.2397653199935337e-01  5.9032081773577015e-03  
q[458]: 5.1478195397046801e-04  9.9197578352640392e-01  3.9964334998414014e-01  2.2394195731228383e-01  
q[459]: 6.8490301197978072e-04  9.9110124135989008e-01  4.3759380790334323e-01  4.5822987695646067e-01  
q[460]: 4.5933962568867200e-04  9.9313266771391018e-01  3.0822045860783986e-01  5.7682174417564991e-01  
q[461]: 4.7488837430332377e-04  9.8524176567607213e-01  3.8204183869358610e-01  6.5246425079080383e-01  
q[462]: 3.4260060985285076e-04  9.9512594897076134e-01  4.3120302078924416e-01  7.4196597345653537e-01  
q[463]: 1.1118048931477236e-04  9.8950036812696840e-01  3.1997899551965076e-01  9.8337440281601074e-01  
q[464]: 2.2674712685200805e-04  9.9246042591560346e-01  5.5453473370943618e-01  3.6016289467675301e-02  
q[465]: 4.9407842549029481e-04  9.8978228057639617e-01  4.9207798693595539e-01  1.2430205279375976e-01  
q[466]: 5.8152697124340543e-04  9.9193017576226172e-01  5.4406212867607151e-01  3.2497400212036992e-01  
q[467]: 4.9411720123423118e-04  9.9396299949886857e-01  5.4454711162282488e-01  5.9783424739983304e-01  
q[468]: 4.5822170161054253e-04  9.9200134953959784e-01  5.2602815185494933e-01  8.5121398674709414e-01  
q[469]: 3.0025026803706857e-04  9.9019942957830576e-01  4.5047247130129764e-01  9.5259674110064396e-01  
q[470]: 1.0784360745390208e-04  9.8911138728260917e-01  6.7493109802014384e-01  6.2664516107300821e-03  
q[471]: 5.4219876269141092e-04  9.8917085008738537e-01  6.1947461061141451e-01  2.0898400208538187e-01  
q[472]: 4.2680433663135146e-04  9.9393492044859688e-01  6.5701297126340719e-01  4.5368011811700754e-01  
q[473]: 6.5886564119583537e-04  9.7575390627184411e-01  6.4251315567931910e-01  5.2994927148743198e-01  
q[474]: 5.4306298697510036e-04  9.9117885901661440e-01  6.3660434368364438e-01  7.4490422734981787e-01  
q[475]: 3.5669601507395379e-04  9.9094833087138467e-01  6.4987914655483814e-01  9.2706221599956296e-01  
q[476]: 1.0423648866747896e-04  9.9090534243661610e-01  5.7682301633815325e-01  9.8405736786947062e-01  
q[477]: 4.0730760226894477e-04  9.9065025169478693e-01  6.8207363696629086e-01  9.4271292141249907e-02  
q[478]: 2.9945516220601648e-04  9.9328706306373515e-01  7.6552374992781846e-01  2.1122438247515127e-01  
q[479]: 5.3625423070216148e-04  9.8930708978032045e-01  7.3997521926934595e-01  3.3650213976000753e-01  
q[480]: 2.5184686157353378e-04  9.9618391001095785e-01  7.3389243611041588e-01  6.4193208189632012e-01  
q[481]: 3.6799441346617939e-04  9.5369707035124429e-01  7.2279275710809143e-01  7.2206923233462394e-01  
q[482]: 3.7807705127018844e-04  9.9283749635402574e-01  7.6489501076239608e-01  8.5038106553486847e-01  
q[483]: 1.6779629843855615e-04  9.8948715967587664e-01  7.6099409024314912e-01  9.7452101335957153e-01  
q[484]: 1.8871505591766180e-04  9.9229829753354137e-01  7.9620071039784479e-01  3.4023563686434277e-02  
q[485]: 3.8957137648516814e-04  9.5962328513739392e-01  7.6271701803004954e-01  4.2125841812163500e-02  
q[486]: 3.4274970687986280e-04  9.9032002825012599e-01  8.4625151551862277e-01  1.2816495282979076e-01  
q[487]: 2.9336167263025674e-04  9.9199833881481470e-01  7.8753004600253684e-01  5.3257022792157749e-01  
q[488]: 3.1559669960537024e-04  9.6670154598727120e-01  8.3738363156450291e-01  8.5644788213172995e-01  
q[489]: 2.2124145747142197e-04  9.9160419318709581e-01  8.5595206335267038e-01  9.3341423918441768e-01  
q[490]: 5.7019877238061669e-05  9.9038083888841455e-01  8.9102785254418415e-01  4.1366783152365803e-03  
q[491]: 1.7193717715992637e-04  9.9109223821841452e-01  9.2288858302012389e-01  6.1639362200992941e-02  
q[492]: 3.5146226102448765e-04  9.9118384068085963e-01  8.7768436680074313e-01  2.9243326422677607e-01  
q[493]: 2.6783994800368404e-04  9.9340704785463507e-01  8.4747950088932267e-01  4.3192350355041048e-01  
q[494]: 4.2746463803314413e-04  9.9017193894542654e-01  8.2676360192064546e-01  7.0181544950848607e-01  
q[495]: 1.5276009268253579e-04  9.9176460614796136e-01  9.5346763443991001e-01  9.0380542528279506e-01  
q[496]: 6.8886491409450178e-05  9.9089793694436168e-01  9.1527468722765504e-01  9.8239436666271451e-01  
q[497]: 5.3363123494614421e-05  9.9055593286606824e-01  9.7406646755242410e-01  1.9862078642531145e-02  
q[498]: 8.7546788173170710e-05  9.9099265692120242e-01  9.8024404205087423e-01  1.1384322230943365e-01  
q[499]: 2.3769780713924328e-04  9.9111505357540419e-01  9.3958994451654232e-01  1.9714123209760576e-01  
q[500]: 9.4703644565627697e-05  9.9153166876075849e-01  9.8384805396413710e-01  2.8545662100186547e-01  
q[501]: 2.7217796132067835e-04  9.9153786371804153e-01  9.5154129885013172e-01  4.0675337332946437e-01  
q[502]: 1.2887341289219875e-04  9.8911583755477517e-01  9.8253669224485596e-01  5.3446445001068210e-01  
q[503]: 4.2607830555178660e-04  9.8989579230992319e-01  9.0174070131558204e-01  5.6435076422351771e-01  
q[504]: 2.0703225425565338e-04  9.9292986497855129e-01  9.6146922851442362e-01  6.8732541162690663e-01  
q[505]: 2.5447160889036568e-04  9.9370125396249553e-01  9.0308485311383180e-01  8.0367647580154089e-01  
q[506]: 7.0346810415045869e-05  9.9125925790902314e-01  9.8694789656670079e-01  8.1756807878390425e-01  
q[507]: 4.6637621545443281e-05  9.9029288940776705e-01  9.7936972989353555e-01  9.6577388685732346e-01  

