deg: 22
dim: 3
nodes: 579
efficiency: 0.993092

q[0]:   6.0911446565568880e-05  7.7356648161082620e-02  7.5072809247197989e-03  1.4232423880175201e-02  
q[1]:   2.5154440650848109e-05  3.0657883611276349e-02  9.1648592844007191e-03  2.2803283123263907e-02  
q[2]:   1.9340104410598478e-05  3.6415634016729287e-02  2.8420004848332455e-02  2.2915715905198033e-03  
q[3]:   5.3321225368040141e-05  6.9020568095922163e-02  6.1462274078000617e-02  5.3202093170476930e-02  
q[4]:   1.3297524935344368e-04  1.5686175109936154e-01  5.2377995519601300e-03  7.0005006349575932e-02  
q[5]:   9.3666891505595035e-05  9.5421493607471305e-02  1.2751826524750433e-02  8.0095108903923004e-02  
q[6]:   3.0256293578588068e-04  1.6049889048661103e-01  4.2978169589282390e-02  1.0360417906164170e-01  
q[7]:   8.6869672916021175e-05  1.1799625453812722e-01  6.3129984249644708e-02  3.1104934068580240e-03  
q[8]:   7.8998379803373611e-05  1.0920703192405937e-01  6.5729244138672718e-02  1.0529729490521167e-01  
q[9]:   1.6556271833008970e-04  8.7420173737219192e-02  4.3400597073324540e-02  3.9693495563418779e-02  
q[10]:  1.0812853782964056e-04  1.1019722921547351e-01  1.0005650130733466e-01  2.1462645558035339e-02  
q[11]:  1.0402186793197691e-04  1.4627146284923173e-01  1.3909293344886292e-01  1.1545328060874145e-01  
q[12]:  1.1386295502472379e-04  1.7093093650006758e-01  1.5319767375870935e-02  1.0990297415815595e-02  
q[13]:  2.4989393069347314e-04  2.5345162545382344e-01  1.1957223256000626e-02  1.5310494329339600e-01  
q[14]:  1.2744942184666119e-04  1.8526679180051356e-01  1.0502223538488675e-02  1.6755570377157952e-01  
q[15]:  4.5819770007044267e-04  2.5392737388015890e-01  4.9073559703402270e-02  1.9504660607323621e-01  
q[16]:  1.2599301587221936e-04  1.9236421739536463e-01  5.8234843375405958e-02  1.8759929174851486e-01  
q[17]:  1.9539994993834878e-04  2.3325644289798952e-01  1.0427963625878280e-01  5.3065355902708541e-03  
q[18]:  2.7159923256610458e-04  1.6336797201435921e-01  4.6104007316537098e-02  3.6176571839512478e-02  
q[19]:  6.7673709900427641e-04  2.5366612613445194e-01  1.0284980734325011e-01  1.3466830977428157e-01  
q[20]:  3.2807922543635204e-04  1.8114608544178132e-01  1.0202655974270149e-01  1.4812695716779878e-01  
q[21]:  4.2244443361242961e-04  1.9497514438597313e-01  1.1113730937072043e-01  5.9226309953251476e-02  
q[22]:  3.5561212814229386e-04  2.8346951690219219e-01  1.1286263613872895e-01  2.6412315975637352e-01  
q[23]:  2.4824622087901504e-04  1.9816369590345378e-01  1.5653435592967971e-01  1.8503810008014085e-02  
q[24]:  3.1699378733903485e-04  2.5259385879279006e-01  1.8217940799435908e-01  2.2071501903081109e-01  
q[25]:  2.8374596450538351e-04  1.5527921140362105e-01  1.1939057260154010e-01  8.4237180279910825e-02  
q[26]:  4.5339789736807593e-05  2.0093069579528608e-01  1.9685373403672576e-01  7.3512730763139692e-03  
q[27]:  1.7034511360798120e-04  2.0180977196923847e-01  1.9455704955443587e-01  7.2115638429237891e-02  
q[28]:  1.1021372711431359e-04  1.9095495367191062e-01  1.6802969537595358e-01  1.8381349190111593e-01  
q[29]:  1.5778518269686628e-04  2.6360385318300572e-01  4.4282089473818382e-03  4.9789269413377558e-02  
q[30]:  7.0848969218993512e-04  3.7769045445735849e-01  4.8004473921723419e-02  1.3458127283677243e-01  
q[31]:  3.3961136727192394e-04  3.5602891225319838e-01  9.8153012267282874e-03  1.8356868251203895e-01  
q[32]:  1.2219458439289682e-04  2.9620534315041991e-01  3.4816170101940034e-03  2.5733892416438847e-01  
q[33]:  1.3084206334477912e-04  2.8057774473108077e-01  2.2943652602139535e-02  7.0576598419670950e-03  
q[34]:  1.8138897936167931e-04  3.0217453127949750e-01  3.0389060041300535e-02  2.9497738858817124e-01  
q[35]:  5.2088948386106002e-04  2.5955906098035908e-01  3.8213928892558431e-02  9.2577401005206811e-02  
q[36]:  6.5249674222101102e-04  3.6984625208865213e-01  3.9615812430422524e-02  2.6863457701577975e-01  
q[37]:  4.5134076494134871e-04  2.7281191496502871e-01  7.1629145829428198e-02  3.4080101546416053e-02  
q[38]:  1.1278796492738285e-03  3.6457132855794505e-01  1.0005358493568516e-01  2.0643942387824429e-01  
q[39]:  5.8707484768826456e-04  3.9114364948833857e-01  1.5758415281220264e-01  4.6721131202434610e-02  
q[40]:  6.9074143546819268e-04  3.2421117891507029e-01  1.2785016323916312e-01  9.7136481515288808e-02  
q[41]:  4.4037581947099314e-04  3.3905791553612519e-01  8.8924401302430747e-02  2.9443741185848343e-01  
q[42]:  5.3548922489360829e-04  2.8871097244271987e-01  1.7681872800312240e-01  4.5023769359264255e-02  
q[43]:  7.0535860851342704e-04  3.0512149662139326e-01  2.0728560673114771e-01  1.2179222746041557e-01  
q[44]:  7.1030387656416340e-04  2.9843515149368788e-01  1.6471380607562272e-01  2.1718597852419666e-01  
q[45]:  5.6962086482502242e-04  2.5607895884133919e-01  2.0928416144025666e-01  1.4907691425902272e-01  
q[46]:  1.0892351578030597e-04  2.7536028166613841e-01  1.7605464193905018e-01  2.7424149405202308e-01  
q[47]:  3.8452236367618930e-04  2.7569073194927712e-01  2.4628809348921576e-01  6.7436144134446860e-02  
q[48]:  2.8968081750064103e-04  3.1025982530101298e-01  2.6747928599389575e-01  2.6515821151990704e-01  
q[49]:  1.6105413840492689e-04  2.9994590877079580e-01  2.4682162936422161e-01  4.9095576901663262e-03  
q[50]:  1.6733497506194058e-04  3.1671383589325630e-01  3.0855084994560061e-01  2.6099647873678095e-02  
q[51]:  2.7109944457622508e-04  3.3208164825246961e-01  3.2618943833280445e-01  1.4663134611416478e-01  
q[52]:  1.9736884083450726e-04  2.5192066746313641e-01  2.4433887668887655e-01  1.8588130304874367e-01  
q[53]:  1.2308313502490449e-04  2.9284958052703569e-01  2.8156033303532302e-01  2.7963597148831165e-01  
q[54]:  1.2334200180147851e-04  3.9371558100766796e-01  9.3667352941567347e-03  1.2986983063343385e-02  
q[55]:  2.4571955945292017e-04  3.8487760508557506e-01  8.0993183340330940e-03  8.7505869016557020e-02  
q[56]:  1.1315792984527208e-03  4.6876691593939868e-01  1.3275429439289793e-01  1.8106867334623916e-01  
q[57]:  3.4194230972741876e-04  4.6969182027664802e-01  7.0146146395549868e-03  3.0931054876386438e-01  
q[58]:  1.3119158251168929e-03  4.8792860245305231e-01  1.0003549429091749e-01  3.4155054530607987e-01  
q[59]:  2.1431363782172712e-04  4.0482861250164065e-01  1.0862532299336838e-02  3.4396706178937098e-01  
q[60]:  1.2609853458004378e-04  4.2460257263962214e-01  1.1966909427154296e-02  4.1390160935516124e-01  
q[61]:  4.3386762547771942e-04  3.7423367473703462e-01  4.3373568648284948e-02  4.2738554834868214e-02  
q[62]:  4.5653881207799088e-04  4.1600523683527624e-01  6.6383427867736086e-02  3.8459834821822148e-01  
q[63]:  8.7671478726457689e-04  4.5689316709931649e-01  1.5843886814800318e-01  3.8788937905133680e-01  
q[64]:  2.7941399505713858e-04  3.7351043481831303e-01  1.0038727903420482e-01  7.9315020684758621e-03  
q[65]:  6.2997029384380659e-04  4.1362929946962945e-01  1.0031259035923890e-01  8.8727544306158160e-02  
q[66]:  5.8344598973393395e-04  5.2017626557452745e-01  2.2609469125512258e-01  1.7715125224109271e-01  
q[67]:  1.1800286881354775e-03  5.1401183207184153e-01  2.1883221712704254e-01  1.0075855345174313e-01  
q[68]:  2.4647970492980948e-04  4.0177227338875771e-01  1.3411269586102142e-01  3.9855936889144655e-01  
q[69]:  3.4524467323369593e-04  3.6165556952216382e-01  1.9919889874986763e-01  1.0645607136868473e-02  
q[70]:  6.3227656827096433e-04  4.0365103859523399e-01  2.0020288780406226e-01  1.1723398922803312e-01  
q[71]:  1.1104726354046579e-03  4.0863766519104089e-01  2.1338320668453828e-01  1.9788271752317704e-01  
q[72]:  8.6939467762995584e-04  3.9599296462035999e-01  1.7494507931208866e-01  2.9811741011521653e-01  
q[73]:  8.3505747292058751e-04  4.1631486638495269e-01  2.9335991240382536e-01  9.7265402305239418e-02  
q[74]:  8.7516888684032368e-04  3.9184638790001247e-01  2.6781526530582850e-01  2.4626628950088003e-01  
q[75]:  6.1560988641062918e-04  3.8784045890051166e-01  2.1914442002501600e-01  3.6367880302443684e-01  
q[76]:  6.9834023245746060e-04  4.6018938281523425e-01  2.7995247117254479e-01  4.9714498245620804e-02  
q[77]:  7.1112697666092203e-04  3.8907196820131074e-01  2.8573129288161048e-01  3.2095142443939667e-01  
q[78]:  3.8666740640231896e-04  3.5833220379277236e-01  2.7670140971998364e-01  3.4258375118445990e-02  
q[79]:  4.4935978502176925e-04  3.7647507199898667e-01  3.3953249804029201e-01  9.0184636784807842e-02  
q[80]:  7.9585971856134421e-04  3.9176766997439860e-01  3.1954194619934467e-01  1.6993783439662094e-01  
q[81]:  6.8879439674389387e-04  3.7348960953682370e-01  3.4009324797260160e-01  2.4252954884846536e-01  
q[82]:  1.9997688455426898e-04  3.5918788309144406e-01  2.8779686754546341e-01  3.5148968412519038e-01  
q[83]:  1.0445140766086491e-04  4.0850842916580776e-01  3.8627103109590322e-01  4.1695813664349079e-03  
q[84]:  2.4513823700653912e-04  4.3392925592371023e-01  4.2624704193597934e-01  7.9467786103661425e-02  
q[85]:  6.2530282963638400e-04  4.8772964093670484e-01  4.4233082141021091e-01  1.4696724945197126e-01  
q[86]:  3.1185179453292066e-04  4.5031916742201761e-01  4.3797612452079637e-01  1.9006597891105506e-01  
q[87]:  2.0241655915686672e-04  3.9224874363784124e-01  3.8818453194224534e-01  3.1720834908312967e-01  
q[88]:  3.4564991271805089e-04  4.1706974777664757e-01  3.7119379674245834e-01  3.7267912701648997e-01  
q[89]:  1.5314084270216964e-04  4.1932523936152660e-01  4.0353329064531890e-01  4.0780200672157013e-01  
q[90]:  1.4286801741791454e-04  5.2584251878201704e-01  1.5924717393560803e-02  1.2372729451155742e-02  
q[91]:  1.3817646397143069e-04  5.0855097426084783e-01  2.7334462638205757e-03  6.5377936233332809e-02  
q[92]:  4.2076590127409271e-04  5.0958956875010686e-01  2.8611594811122843e-02  1.3689198196415403e-01  
q[93]:  3.2894693533621824e-04  4.8693987498809255e-01  9.6497037565665168e-03  1.8129107489504059e-01  
q[94]:  1.0676457059763493e-03  4.8612573771300105e-01  4.9024931211087329e-02  2.4980160054575185e-01  
q[95]:  2.0321274965191471e-04  5.8641624100276091e-01  4.9733650567453146e-03  4.5753889543767318e-01  
q[96]:  1.7626779140323217e-04  5.3807234595686393e-01  6.5479943051389398e-03  4.9726660985242488e-01  
q[97]:  2.5066254283656722e-04  4.9965642611341515e-01  6.3242981266664305e-02  4.9007899956072160e-01  
q[98]:  2.4317541805351909e-04  4.7531003695383495e-01  6.9277100864840388e-02  7.3853469290723053e-03  
q[99]:  4.5795709841873030e-04  4.9206812682047552e-01  4.0177468853592586e-02  5.5251423729075426e-02  
q[100]: 6.8637297109920071e-04  5.0801206978124225e-01  3.8992806504096943e-02  4.2201840563417170e-01  
q[101]: 7.2266425021372477e-04  5.3053332458762914e-01  1.3219303866598955e-01  4.8811817736845242e-01  
q[102]: 7.9654420292559597e-04  5.0142736151305300e-01  1.3881420863608121e-01  4.1454055123860148e-02  
q[103]: 9.3067406876745954e-04  6.0163048344215686e-01  1.1659945118824309e-01  4.7879416321172846e-01  
q[104]: 2.6177986494679687e-04  5.8771219440628786e-01  1.7429875494059738e-01  4.4676401646458318e-03  
q[105]: 9.8871427114695051e-04  5.2620537361331166e-01  8.8002299922763594e-02  1.2423460976436590e-01  
q[106]: 8.4510990963278666e-04  5.6823024828277902e-01  1.0839589963063540e-01  2.3223877752305006e-01  
q[107]: 7.5713871755436280e-04  5.8790956822598672e-01  1.5876455736816561e-01  3.2467830211678189e-01  
q[108]: 3.8112789957208743e-04  5.3611369451871904e-01  2.0733919227188274e-01  5.2826452552563763e-01  
q[109]: 4.8164035906579861e-04  4.9780180298799748e-01  2.2532021436111532e-01  1.0925666015847114e-02  
q[110]: 8.0152391733224700e-04  5.5564624596510903e-01  3.4100363475307915e-01  4.5625224865887160e-02  
q[111]: 1.4363299853608000e-03  5.0465525728589711e-01  1.9282862067679926e-01  2.8514966277163034e-01  
q[112]: 7.7984280224737746e-04  5.0348246001589725e-01  2.7504222601054906e-01  4.7335133920022454e-01  
q[113]: 1.1713664357700586e-03  5.0484744972081963e-01  3.0700643086632246e-01  1.7300671097461875e-01  
q[114]: 1.2082858561266732e-03  5.1442749247584474e-01  3.4113249478345548e-01  2.9432187939962606e-01  
q[115]: 1.3117678785745308e-03  5.0462127682229441e-01  2.6971755832142064e-01  3.6412646386926695e-01  
q[116]: 3.1418797403514823e-04  4.6833396408533390e-01  3.4316004848217468e-01  6.1250383567545367e-03  
q[117]: 2.4220904576844761e-04  4.7624542059267400e-01  3.4966167910964369e-01  4.7288707866689567e-01  
q[118]: 1.1083592697981775e-03  5.2974335285985075e-01  4.1391458097031503e-01  1.0454116075884791e-01  
q[119]: 9.7573762456965734e-04  4.9161807552449799e-01  4.0653333538718478e-01  3.3848985773058038e-01  
q[120]: 1.1511122322659438e-03  5.1192067545995834e-01  3.5830945313854440e-01  4.2885755205147191e-01  
q[121]: 5.2612268244557484e-04  4.5109708192778708e-01  3.9301242691265520e-01  3.5404257866773176e-02  
q[122]: 9.6999052969714422e-04  5.0782005683750719e-01  3.9456512262477711e-01  2.1886691297195790e-01  
q[123]: 5.5643355346606145e-04  5.0890644514776184e-01  4.3106246419205757e-01  4.7570208614163417e-01  
q[124]: 1.8164318952443808e-04  5.6521645190711378e-01  5.3187146606200919e-01  5.5928491679131040e-03  
q[125]: 1.1534751320659924e-04  4.8374788956697312e-01  4.7737036921676568e-01  2.4937785001604745e-02  
q[126]: 6.0085923567439485e-04  5.5549142486248959e-01  5.2108193087025578e-01  7.9317638325412332e-02  
q[127]: 3.1248633962974116e-04  5.5753497312166189e-01  5.5145331132769437e-01  1.7276363897122587e-01  
q[128]: 6.7422106171368713e-04  5.1170271889956354e-01  4.5951462883801841e-01  2.6019615129752682e-01  
q[129]: 4.0434629970003609e-04  4.9207909674296479e-01  4.8207405786430746e-01  2.9986503961836070e-01  
q[130]: 6.3737728790697133e-04  5.0773487276386997e-01  4.7497460341865083e-01  4.0506987523763621e-01  
q[131]: 1.5424552601215187e-04  5.2783170389513567e-01  5.2517474459055680e-01  4.8068653272454781e-01  
q[132]: 1.6612461911127681e-04  5.4377575225051411e-01  5.1616926667293517e-01  5.3655266649108335e-01  
q[133]: 1.6806637398761553e-04  6.2721959727497856e-01  8.0857720882405656e-03  3.2122244615350633e-02  
q[134]: 7.0111037285742887e-04  6.2293437277454744e-01  4.6921581916313494e-02  7.8834855459596662e-02  
q[135]: 4.0666449286187614e-04  6.1992659333434785e-01  1.0222933612387346e-02  1.4335879545081792e-01  
q[136]: 1.0843161215817747e-03  6.6113293993814493e-01  1.0122706703703011e-01  1.7208978467126967e-01  
q[137]: 9.8087167765368677e-04  6.2442211599556752e-01  4.4098942810031169e-02  2.3321542354037930e-01  
q[138]: 3.9945982681427981e-04  5.9740466023853811e-01  6.8633597419234032e-03  2.9537085522627404e-01  
q[139]: 9.3656437488543777e-04  5.9564514225129006e-01  3.5661410426309499e-02  3.9425885464897781e-01  
q[140]: 4.7454081234190432e-04  6.7479338727626603e-01  1.6003625980317914e-02  5.6521351065360259e-01  
q[141]: 1.3902134495751237e-04  5.8422998352795374e-01  2.1487997943364028e-02  5.7653766504318071e-01  
q[142]: 1.4189356769276937e-04  6.2573840941171011e-01  4.6064455315538190e-02  3.3700680305560702e-03  
q[143]: 1.3803221281957687e-03  6.3317245655002463e-01  9.7713967707333510e-02  3.4731243342413198e-01  
q[144]: 6.7436382041129270e-04  6.1517567772174464e-01  5.8484849127254039e-02  5.6357361775797121e-01  
q[145]: 3.6674615128677064e-04  6.2013477052710664e-01  1.2192360846972933e-01  6.1025460483463023e-01  
q[146]: 5.7091207030558939e-04  5.9935277360435291e-01  9.6190246900082349e-02  3.2346230936160146e-02  
q[147]: 4.3175486833831598e-04  6.8662077628668938e-01  1.5260656027747801e-01  1.1616521030872956e-01  
q[148]: 5.0630857273226539e-04  6.3346093490297484e-01  9.6798019098057075e-02  4.9334481994178964e-01  
q[149]: 9.5023023187514586e-04  7.1018429544739703e-01  2.1755723649355671e-01  6.0429497529098830e-01  
q[150]: 3.4497428040204648e-04  6.7328607589482348e-01  1.4153369713741681e-01  2.0182551032185875e-02  
q[151]: 1.1004037832766183e-03  6.1580511348393285e-01  1.6692191441990603e-01  1.0554491913293790e-01  
q[152]: 1.8295844199630307e-03  7.0990767959683965e-01  1.8291471226153636e-01  2.9864288494271529e-01  
q[153]: 1.0955744584797782e-03  6.2921114646159804e-01  2.4734805629073989e-01  5.5103236895170937e-02  
q[154]: 1.6169227003771823e-03  6.1171572158919507e-01  2.0343085281287038e-01  2.1384609065083948e-01  
q[155]: 1.3968527431821279e-03  6.1190578105712634e-01  1.9892427622651293e-01  4.1545073438041863e-01  
q[156]: 8.8362324852771506e-04  6.4609661797380336e-01  1.9862818393280399e-01  5.9418570615120148e-01  
q[157]: 5.3799476383575981e-04  6.2958710874713186e-01  3.2707478202910778e-01  1.6640185402397974e-02  
q[158]: 1.3177691503540882e-03  6.1018098781337637e-01  3.2235042266820924e-01  1.2953005706813761e-01  
q[159]: 1.8515353290931877e-03  5.9553397467923785e-01  3.0677039912271931e-01  2.8224822637332003e-01  
q[160]: 1.3484421835003744e-03  5.8031132686542208e-01  2.4087640960484077e-01  4.8054452950031296e-01  
q[161]: 1.2082381577455119e-03  6.9778384881613698e-01  3.3958812854680470e-01  5.5904275874228260e-01  
q[162]: 1.0724774442843635e-03  6.2634011476580742e-01  3.2498563523494872e-01  4.3435865630717113e-01  
q[163]: 4.9564377169054755e-04  6.6258162673009424e-01  2.8479453891937523e-01  6.5130714567599723e-01  
q[164]: 1.4802483145384959e-03  6.1509338829313764e-01  4.1639530710968231e-01  1.9708432566246015e-01  
q[165]: 1.4686548693815451e-03  6.2918213351855212e-01  4.0916165366395779e-01  4.1047049606337743e-01  
q[166]: 1.1793838164906199e-03  6.3010771691171685e-01  4.2624937168327198e-01  5.2092455294890172e-01  
q[167]: 1.0192690455587299e-03  6.2956369479810659e-01  3.4609554812139287e-01  5.8035278739193252e-01  
q[168]: 2.6779698070573618e-04  6.0924368500885806e-01  4.1961859623923342e-01  4.3067805737004522e-03  
q[169]: 3.7185601647044870e-04  6.0300783853742779e-01  3.9636261163176362e-01  5.9561551444424143e-01  
q[170]: 9.2063296721688580e-04  6.2845128233756187e-01  4.3990037562837303e-01  8.3482152366697870e-02  
q[171]: 1.0455458724497721e-03  6.1662258122245239e-01  5.2976487153889606e-01  1.8364742839917278e-01  
q[172]: 6.8167350135858653e-04  5.9316611038233213e-01  4.8377098942232499e-01  3.9669006912012122e-01  
q[173]: 1.0583147994670389e-03  6.2729045454867893e-01  5.2387227692529259e-01  4.9025326487915660e-01  
q[174]: 6.6412756821486040e-04  5.8116238572497547e-01  4.8179317238987207e-01  2.8458375548836713e-02  
q[175]: 5.9611558692708054e-04  6.7574833959018965e-01  6.2104589133976129e-01  5.1803232396432627e-02  
q[176]: 1.7398358156681091e-03  6.3350134241908040e-01  4.8650879129753016e-01  3.1663281636868684e-01  
q[177]: 6.8718079897890757e-04  6.1815799723659248e-01  5.7532857517098979e-01  5.4520823211533298e-01  
q[178]: 6.8801233758527386e-04  6.1250885563111368e-01  4.7995970504692598e-01  5.7321914944418939e-01  
q[179]: 1.2668960001403811e-04  6.0180432824221575e-01  5.9978286035714568e-01  4.0224365840646696e-02  
q[180]: 4.1384919417488753e-04  6.3748775012989056e-01  6.1741149111449733e-01  1.2775835623477005e-01  
q[181]: 9.4910545272225346e-04  6.7443898650923351e-01  5.6027606225341353e-01  1.1193639727101891e-01  
q[182]: 8.0099490031747972e-04  6.1343226213487823e-01  5.6625785490111558e-01  2.5377073489964713e-01  
q[183]: 4.0213855768371178e-04  6.1806951634566332e-01  6.0767554406714008e-01  3.1328750097880254e-01  
q[184]: 9.0174938499461873e-04  6.2243511792463846e-01  5.7158245014048403e-01  3.8490036888335477e-01  
q[185]: 4.0196891494161840e-04  6.0673652717651494e-01  5.9728338671553005e-01  4.4763824198729835e-01  
q[186]: 1.6441603471965520e-04  6.4791264318418662e-01  6.3817440465494990e-01  6.2529435878813711e-01  
q[187]: 2.8004601565006240e-04  6.3798390260114823e-01  5.5581763790873218e-01  6.2907959502559929e-01  
q[188]: 8.3682301340178521e-05  7.2282951578001464e-01  9.7622857911772304e-03  8.6307029271658117e-03  
q[189]: 3.3809444934527349e-04  7.2672282476183070e-01  1.1388110504503897e-02  9.0768357653313356e-02  
q[190]: 8.9649013786096874e-04  7.4196004689165285e-01  4.4531283739648167e-02  1.7299849097839343e-01  
q[191]: 3.6041630440699805e-04  7.2479818074863622e-01  5.9190734289803794e-03  2.5097702982976716e-01  
q[192]: 3.7313420502721798e-04  7.0764537808675188e-01  6.4776010748312119e-03  4.4722734659499791e-01  
q[193]: 1.0602085258505018e-03  7.1567751594768614e-01  5.7078722337028896e-02  5.1454347145129475e-01  
q[194]: 4.7558411920446968e-04  7.2553152926883535e-01  5.2977808509204874e-02  6.6687371435508547e-01  
q[195]: 1.6135225359550657e-04  6.8723686802796802e-01  7.6981708350124436e-03  6.6251595763017002e-01  
q[196]: 1.8834628977354852e-04  7.1150931443399390e-01  5.7897806135705658e-02  7.0673087197959394e-01  
q[197]: 2.1083188126533360e-04  7.4733726462020844e-01  1.1616919384575847e-01  4.0745345534489510e-03  
q[198]: 4.7660880562541734e-04  7.2954885461609298e-01  5.2015951450382097e-02  3.3602975515860466e-02  
q[199]: 1.0088109914598679e-03  7.2448931143266149e-01  3.5578636030745625e-02  3.5746760795104271e-01  
q[200]: 1.4195013302161967e-03  7.4767974307408003e-01  1.1590489344201967e-01  4.3429135006722580e-01  
q[201]: 6.7391509976227502e-04  7.3018350025775713e-01  1.3787667814107221e-01  6.9778067893673423e-01  
q[202]: 2.7000558682284658e-04  7.3796410081019148e-01  2.2379881429561549e-01  7.3160090186032889e-01  
q[203]: 8.9753123795533200e-04  7.3681013167206222e-01  1.0782202880169163e-01  9.0394173672194517e-02  
q[204]: 1.2795561694508334e-03  7.5142384775818138e-01  9.9097303941712955e-02  2.7732543406064863e-01  
q[205]: 1.0281631223147899e-03  7.2591589734381723e-01  1.1959303720386162e-01  6.0611632356082235e-01  
q[206]: 7.9860734354043623e-04  7.3360561005363611e-01  2.0058176490221655e-01  4.9744213070678396e-02  
q[207]: 1.4100456499559089e-03  7.5251175068677145e-01  2.1343981032446138e-01  1.8623479264461712e-01  
q[208]: 1.8138859686944065e-03  7.7263226956674391e-01  3.5270736278425668e-01  2.8635422407475636e-01  
q[209]: 1.2865215467637110e-03  7.4821901481781639e-01  2.8884612829858308e-01  1.1048902457072461e-01  
q[210]: 1.6038718353446682e-03  7.1625572562429851e-01  1.8918032189064030e-01  4.8724507988579208e-01  
q[211]: 1.0040319619010654e-03  7.5634545503588757e-01  3.0496718800026085e-01  6.9216157525162536e-01  
q[212]: 3.9804320713148237e-04  7.1155023701804110e-01  2.6736383835202188e-01  8.6239381722863166e-03  
q[213]: 1.6174734751384094e-03  6.9150751691341439e-01  3.0226687176895212e-01  1.9246705395694774e-01  
q[214]: 1.9559731416729093e-03  6.8530266424273933e-01  2.8289815986998745e-01  3.6774959877697305e-01  
q[215]: 7.3565889255053222e-04  7.1506023436853372e-01  3.8965230803345524e-01  5.6800402656314274e-02  
q[216]: 1.9621311670214329e-03  7.0644106189083222e-01  4.2086760693500680e-01  2.8667893586233956e-01  
q[217]: 1.9413832973380956e-03  7.3587118536274576e-01  4.2981730347420660e-01  4.4133640560709020e-01  
q[218]: 1.3017710003960326e-03  7.3742755191229004e-01  3.1193180435859530e-01  5.4025710588379328e-01  
q[219]: 2.3171975556378650e-04  7.9316342824187991e-01  3.8951274060166291e-01  7.8940457888761406e-01  
q[220]: 1.6173566212256075e-03  7.2726570265082746e-01  5.1875278442913941e-01  1.8715356542967021e-01  
q[221]: 1.4918867387138110e-03  7.4540323612765746e-01  5.5187078231156517e-01  3.7514942466798390e-01  
q[222]: 1.0226195322589669e-03  7.2678668968445048e-01  5.2024550836110206e-01  5.2325449855620276e-01  
q[223]: 1.3532230887858862e-03  7.4491886126493956e-01  4.5924720193640106e-01  6.3277865893854235e-01  
q[224]: 7.5359210357689552e-04  7.4421629811097445e-01  4.0717103902735974e-01  7.0922651251540458e-01  
q[225]: 8.6535959068453200e-04  7.0966825104533482e-01  5.0852925880560718e-01  3.6253359970843564e-02  
q[226]: 3.7165164982561505e-04  7.2399182223661607e-01  4.8626765382085002e-01  7.1618441653021592e-01  
q[227]: 4.5552481733184404e-04  7.4175654836991289e-01  5.9890707449549951e-01  8.0395512284543599e-02  
q[228]: 1.2247897255911596e-03  7.1832103659621027e-01  4.1363725688457559e-01  1.1732883327727060e-01  
q[229]: 9.8585258239715498e-04  7.4594845569914281e-01  5.7022081492888776e-01  5.3458227737351616e-01  
q[230]: 1.0840569773704299e-03  7.3196518905566277e-01  6.3063037539982303e-01  6.1078945797787698e-01  
q[231]: 9.7902336055222250e-04  7.2045089364160397e-01  5.4231207838308204e-01  6.6410235677601559e-01  
q[232]: 2.7392790651523319e-04  7.0005365130346808e-01  5.8838141000736055e-01  6.0774738861990689e-03  
q[233]: 1.7193446869506708e-04  7.4680891288278839e-01  6.6828465530879966e-01  2.4208896390633929e-02  
q[234]: 1.4421128958226380e-03  7.2829434250353564e-01  6.2909554890039732e-01  4.3695003682475880e-01  
q[235]: 5.3294462620680130e-04  7.2691667076797950e-01  6.7568385125336017e-01  6.8062398957160442e-01  
q[236]: 3.5040079410247747e-04  7.4655483656054222e-01  6.2960764700233540e-01  7.3377867820696296e-01  
q[237]: 1.7748213420527303e-04  6.9366604904931584e-01  6.7575058720727155e-01  1.2075097442375638e-02  
q[238]: 2.6650049933519269e-04  7.2878502547025326e-01  7.2152551705827872e-01  8.9327277135053465e-02  
q[239]: 8.3250856344813432e-04  7.2625044553945250e-01  6.7739753426775351e-01  1.6951453612564271e-01  
q[240]: 1.2999166430203398e-03  7.2333509136542906e-01  6.0627774784178901e-01  2.6316211835699133e-01  
q[241]: 3.8506269302471908e-04  7.0244828211521693e-01  6.9394657382143754e-01  2.3208262920507736e-01  
q[242]: 1.0552186189377430e-03  7.3583054303857776e-01  6.9104394878981668e-01  3.3146669748229052e-01  
q[243]: 3.6728522716304821e-04  7.2460537461736085e-01  7.1811640979060820e-01  4.2304131991792926e-01  
q[244]: 8.8723434986708006e-04  7.1993746042628304e-01  6.8368540520836152e-01  5.2416396589479686e-01  
q[245]: 2.9028584247538962e-04  7.0736799816960994e-01  7.0038019839386778e-01  6.0348167707046374e-01  
q[246]: 8.5452350901238684e-05  7.2732792497224141e-01  7.0613290927081585e-01  7.2392049285643001e-01  
q[247]: 1.6473771998323688e-04  8.1721756666394607e-01  6.6100169586433086e-03  4.3175697893543877e-02  
q[248]: 5.7673992152398662e-04  8.2826384993602664e-01  3.3906583752778753e-02  1.1766998950701023e-01  
q[249]: 2.2286749998980576e-04  8.2285308360905784e-01  3.4865892368911313e-03  1.9860234457438897e-01  
q[250]: 9.9711120568906275e-04  8.3803369630805702e-01  7.6935370671611186e-02  2.3888497308668971e-01  
q[251]: 7.1858712561403732e-04  8.2628960643503924e-01  2.5674258404858003e-02  3.2665550489527789e-01  
q[252]: 3.7939510786335338e-04  8.2237608281608998e-01  7.6440166793841982e-03  4.5264313900208630e-01  
q[253]: 9.3704088732077923e-04  8.1934117645539783e-01  4.5804692813310330e-02  5.4072831269069999e-01  
q[254]: 3.0699004410042447e-04  7.8710326376242157e-01  8.6360760194025016e-03  6.0366217779500597e-01  
q[255]: 4.7914450084953056e-04  7.9934727847494169e-01  3.8308138364353456e-02  6.7423491886249753e-01  
q[256]: 1.7903251694396406e-04  7.8918318251884201e-01  7.0515959457307454e-03  7.1777487636367188e-01  
q[257]: 1.3338197404766673e-04  7.9907303265701268e-01  1.6765419092720089e-02  7.8790531828940269e-01  
q[258]: 1.5137154347721324e-04  8.2393906878781942e-01  3.6276731812449767e-02  6.6323662270963294e-03  
q[259]: 5.9312741939448186e-04  8.2929293761562117e-01  8.4274850453647077e-02  5.1897286026815405e-02  
q[260]: 1.2548182643295157e-03  8.3728117335710139e-01  8.9079992087769261e-02  4.1956207830399200e-01  
q[261]: 1.3834676782451571e-03  8.3641986148587111e-01  1.7315815791858624e-01  5.1734931053946076e-01  
q[262]: 1.0827605274649540e-03  8.2587523175634048e-01  1.1239855671338811e-01  6.3375514117995579e-01  
q[263]: 4.5504405510710100e-04  8.2247412372180217e-01  6.2443031175280515e-02  7.8255304965951800e-01  
q[264]: 2.8300299935829872e-04  8.2603659144009456e-01  1.2438263584021991e-01  8.1889454175728338e-01  
q[265]: 4.3098964571796472e-04  8.0968156030391047e-01  1.9135708809666163e-01  2.3310058640420687e-02  
q[266]: 1.0038293294638925e-03  8.2516136290324238e-01  1.4096051192806452e-01  1.3175558141331853e-01  
q[267]: 9.8839670250120077e-04  7.9891502270170744e-01  2.0595542368724595e-01  6.0017444542551468e-01  
q[268]: 4.5316146173166933e-04  8.1698107084192373e-01  1.0469354556334221e-01  7.1264650564813870e-01  
q[269]: 8.4236133680616143e-04  8.2342951931305119e-01  1.8312739007000706e-01  7.5420759219335243e-01  
q[270]: 2.8981339585792867e-04  8.2575816810574587e-01  3.0321240659843435e-01  5.8946370706789986e-03  
q[271]: 1.1016950239070042e-03  8.4247432290479196e-01  2.4616561191451899e-01  7.6967892695175580e-02  
q[272]: 7.1965832535605381e-04  8.0889392789208792e-01  1.6345588710142137e-01  2.0450711439434022e-01  
q[273]: 1.7882386282866423e-03  8.3307311276490281e-01  1.9381736931039986e-01  3.4366701050113796e-01  
q[274]: 1.0120668288474540e-03  8.1902663513334639e-01  2.6256769663327839e-01  6.9418696026678306e-01  
q[275]: 8.2197635917956194e-04  7.8966720828716797e-01  3.6214834678054086e-01  3.8142407843456211e-02  
q[276]: 8.3605879380175521e-04  8.5504604823522190e-01  2.9747690863270537e-01  1.7602916736086274e-01  
q[277]: 1.4353198099031873e-03  8.3592178032755515e-01  2.9920184118937876e-01  2.5838272962796982e-01  
q[278]: 1.2853709591024805e-03  8.4688592961974818e-01  2.9377126578445334e-01  5.8772630840464479e-01  
q[279]: 4.5237843541107468e-04  8.1344454053885717e-01  2.5410847050537161e-01  7.9342985408063305e-01  
q[280]: 3.6097649357933045e-04  7.4634041888463365e-01  4.3918500150555745e-01  7.2041990764090862e-03  
q[281]: 1.3377275792831960e-03  8.3679414325668811e-01  3.9023424716326749e-01  1.2606625091856885e-01  
q[282]: 1.2165576000114182e-03  8.7504947565636204e-01  4.1604889262770450e-01  3.2601681817414335e-01  
q[283]: 1.4921570412887422e-03  8.2640824659061485e-01  4.3313732281925549e-01  3.9864506398416194e-01  
q[284]: 2.0529793592461215e-03  7.8785249396686996e-01  2.7323812164199002e-01  4.1774241495539877e-01  
q[285]: 1.3766513891719653e-03  8.3361138435146986e-01  3.9047029472376205e-01  6.8316952872255265e-01  
q[286]: 8.5959781038962989e-04  8.3190129349644926e-01  5.0715386535764784e-01  5.4698369696954414e-02  
q[287]: 1.9533567753351327e-03  8.0973278733945098e-01  4.6762135538943500e-01  2.0088533068749964e-01  
q[288]: 1.5682731710492113e-03  8.0682735773010117e-01  3.9160353983538437e-01  5.3345626344101749e-01  
q[289]: 1.2774973375230243e-03  8.1443430488496038e-01  5.1221018047973055e-01  6.1734037516382934e-01  
q[290]: 6.3253587189050341e-04  8.4043379719156086e-01  3.7066160944187532e-01  8.0109003597879669e-01  
q[291]: 1.2065049042601064e-03  8.0652203073817463e-01  5.6430336350331733e-01  1.0126618193362935e-01  
q[292]: 1.6458411767585096e-03  8.1814131685312474e-01  5.5336993516879762e-01  3.4457750605899296e-01  
q[293]: 5.9726238993423463e-04  8.4512648798920753e-01  6.0445231563019852e-01  6.5321555603904491e-01  
q[294]: 1.0852403353139785e-03  8.4192556677772001e-01  4.8634726937497641e-01  7.5677440915439054e-01  
q[295]: 3.2575675381648950e-04  8.1131234395188190e-01  5.8638318788964516e-01  8.1685481374810572e-03  
q[296]: 1.1764649867442786e-03  8.3420590990491794e-01  5.3051841245078657e-01  4.8492043989089012e-01  
q[297]: 1.6566819097047702e-03  8.3919178416628970e-01  6.4467642237937384e-01  5.2568848535863222e-01  
q[298]: 2.3328015310105708e-04  8.5481821882828590e-01  5.0970123426334879e-01  8.4826021422886400e-01  
q[299]: 6.2081129780261794e-04  8.1387250327110749e-01  6.7217878930714303e-01  3.4195840767427231e-02  
q[300]: 1.1834947691550899e-03  8.6831910989060646e-01  6.6169668546256322e-01  1.8295386275705397e-01  
q[301]: 1.2196621261698179e-03  8.2664152044014338e-01  7.1686585314177531e-01  6.3114201079462695e-01  
q[302]: 1.1358615364121178e-03  8.2112157581204370e-01  6.3553469647906080e-01  7.2025829568145550e-01  
q[303]: 7.3654615902090010e-04  8.2660995179367802e-01  5.7259583949112258e-01  7.9459004257063215e-01  
q[304]: 1.4293341665124997e-04  8.1324519455620825e-01  7.5225060414606615e-01  3.1060502688896245e-03  
q[305]: 5.8914740244722836e-04  7.9634652533464134e-01  7.4623415241544455e-01  6.6643258245615622e-02  
q[306]: 9.9367813502390656e-04  7.9505085356665961e-01  6.7411040982079140e-01  1.3332723432844348e-01  
q[307]: 1.1440373315929461e-03  8.1415567628587682e-01  6.2391632133203279e-01  2.5603224665049884e-01  
q[308]: 1.4628594922294260e-03  8.3015703178649303e-01  7.0506441197738656e-01  4.0755012144703279e-01  
q[309]: 6.5683415594145194e-04  8.2974314450156295e-01  7.3452286181647286e-01  7.8084221999130354e-01  
q[310]: 2.3919784580614324e-04  8.3648346888367131e-01  6.7310166626593204e-01  8.3009140905367684e-01  
q[311]: 1.5444899784706125e-04  8.0374658386249587e-01  7.9382886303397937e-01  2.1984739147755797e-02  
q[312]: 2.5574904336648921e-04  8.1119593476509566e-01  7.9866593258971952e-01  1.5040396660487707e-01  
q[313]: 5.9018747378348352e-04  8.2661574156853657e-01  7.8116344527055026e-01  1.9121082188233990e-01  
q[314]: 8.6960252937402056e-04  8.1319188217812133e-01  7.1633650876465993e-01  2.5924344770885688e-01  
q[315]: 3.4524851844258648e-04  8.0975947843481189e-01  8.0213012330185818e-01  2.7798482258936374e-01  
q[316]: 7.4353151450079090e-04  8.4910864115486540e-01  8.0093551138237939e-01  3.4511994490617554e-01  
q[317]: 4.5642872962343631e-04  8.1378267598738574e-01  7.9628726996553456e-01  4.2991934974638396e-01  
q[318]: 1.0473590383866332e-03  8.2295044972020570e-01  7.6502626344373181e-01  5.2606488891540082e-01  
q[319]: 3.3999109088472481e-04  8.1254240638955144e-01  8.0542604871725698e-01  5.9687552833902258e-01  
q[320]: 6.9268906759341136e-04  8.1259992649107993e-01  7.7741513668296558e-01  6.9607345425834055e-01  
q[321]: 1.6755579161829029e-04  7.9712332805774244e-01  7.9176645002812229e-01  7.5618816014454071e-01  
q[322]: 1.6835561765530892e-04  8.2330388001947186e-01  7.8368468201759889e-01  8.1453114203337817e-01  
q[323]: 7.7651234974354080e-05  9.0023131118719224e-01  9.6578952052970811e-03  1.2816830924390378e-02  
q[324]: 1.9338279114904477e-04  9.0296038048218474e-01  7.5059657291314330e-03  1.0568830677126149e-01  
q[325]: 4.3938344848654771e-04  8.9691075771016315e-01  2.7603896955147752e-02  2.1169046274666331e-01  
q[326]: 3.2885776684739185e-04  9.2714058891505657e-01  6.2227630821447506e-02  2.5846481532600735e-01  
q[327]: 2.0145354423437717e-04  9.0286395495436900e-01  4.3976212780617811e-03  3.1964235787876882e-01  
q[328]: 3.2339170776223930e-04  9.0961959387814850e-01  1.0841065682392110e-02  4.9766114022698360e-01  
q[329]: 6.7494770647608853e-04  9.0085288890068027e-01  4.8337344337741006e-02  5.7595829101990226e-01  
q[330]: 3.0290302796202379e-04  8.8339275062062139e-01  7.5640488709259315e-03  6.5732334339734810e-01  
q[331]: 5.4074498083504265e-04  8.8575349084741339e-01  3.2787453279417483e-02  7.6057952874082801e-01  
q[332]: 1.3415160055643908e-04  8.8073039965631583e-01  4.4765514755755464e-03  8.2615095630707680e-01  
q[333]: 9.1917091909580743e-05  8.8952278781320882e-01  2.4549881127272924e-02  8.8355004959824868e-01  
q[334]: 1.8163475371333080e-04  9.1066983212121710e-01  9.4415052963629634e-02  8.6860495850508840e-03  
q[335]: 3.6515132284373430e-04  9.0402915092324077e-01  4.4448772531428357e-02  5.0416527797570360e-02  
q[336]: 7.6526418411647043e-04  9.0545077689459541e-01  9.0905011526990806e-02  1.4387474297899780e-01  
q[337]: 7.4876999383526629e-04  9.1116285277264797e-01  4.7309073557453736e-02  3.9292334342681845e-01  
q[338]: 9.9842298639398288e-04  9.1228888137045971e-01  1.1959786570689562e-01  4.8466955956174845e-01  
q[339]: 7.5749934592796457e-04  9.0198295468376444e-01  8.7318777363401920e-02  6.9364266469551750e-01  
q[340]: 3.4910951269495860e-04  9.0499125416961856e-01  6.6919066188409232e-02  8.6887561217699461e-01  
q[341]: 1.4776371393725543e-04  9.1616060222117446e-01  1.2931292163606778e-01  9.1058651685306158e-01  
q[342]: 2.6241235044629493e-04  8.5537153799837295e-01  1.3995285674345181e-01  1.3526199199853164e-02  
q[343]: 6.4691210915803475e-04  9.0786090883012782e-01  1.5774650623632736e-01  8.1518338307060442e-02  
q[344]: 1.1502217212641386e-03  8.9963652841612440e-01  1.3584991075639150e-01  3.0106920525211855e-01  
q[345]: 1.3362339526818299e-03  8.9953322417270964e-01  2.2624459555232773e-01  7.3015032003767799e-01  
q[346]: 7.4337297105652714e-04  8.9763569449776781e-01  1.2879402991025857e-01  8.0488312832150122e-01  
q[347]: 5.6852644897891229e-04  8.9614662515908572e-01  2.1098389682025909e-01  8.6448752476563195e-01  
q[348]: 2.0040387037707818e-04  9.0653862223974258e-01  2.7222439954815403e-01  4.9142610166777647e-03  
q[349]: 4.4169660552998400e-04  9.1617345522205162e-01  2.1233578360220812e-01  3.5310743990885754e-02  
q[350]: 1.1881361308424051e-03  8.9889200853383555e-01  2.1355514033678319e-01  1.9933099933415305e-01  
q[351]: 1.2168045677610274e-03  9.1268846075407195e-01  2.3413610012700320e-01  4.0429087758115323e-01  
q[352]: 8.8521371769020754e-04  9.0574383033718175e-01  1.5714262856563960e-01  6.1855057324372242e-01  
q[353]: 8.3137009363386141e-04  8.9457168719124647e-01  3.7049035706630928e-01  4.1513091917368794e-02  
q[354]: 1.1092380655500782e-03  9.2668497929881666e-01  3.1208736976206886e-01  1.2356252871053398e-01  
q[355]: 1.3046050296838436e-03  9.1956840773676551e-01  3.2504706333712113e-01  3.1056422893527724e-01  
q[356]: 7.9822831886628169e-04  9.0485851443563103e-01  2.3141001039104128e-01  5.4397874675789581e-01  
q[357]: 2.2310865058181091e-04  8.8837685851441883e-01  3.0938334294469721e-01  8.8449619918058575e-01  
q[358]: 4.0832477056301243e-04  8.6564323430732537e-01  4.7791440112273009e-01  1.0842346812212867e-02  
q[359]: 8.9590975810745481e-04  9.0434538157613020e-01  4.8039741789749324e-01  1.0428827986967004e-01  
q[360]: 1.2571716317433508e-03  9.1348860972100332e-01  4.3290366738875496e-01  2.1513679491525847e-01  
q[361]: 1.0648898940582869e-03  9.1269467731304643e-01  4.7043191873375451e-01  4.2071808568833002e-01  
q[362]: 1.7000117680314284e-03  8.8153656327562968e-01  3.3016411798269357e-01  4.6474976744558183e-01  
q[363]: 1.0626908725964114e-03  9.0365812733029205e-01  3.7853090668197231e-01  6.7999962216408949e-01  
q[364]: 1.1363456054494900e-03  9.0065719543172429e-01  3.3313109376177497e-01  8.1602059537945770e-01  
q[365]: 5.5521322724448932e-04  9.3126542776222687e-01  5.7474279986803756e-01  3.5514522952863670e-02  
q[366]: 1.5274196711041930e-03  8.9349889000464389e-01  4.6595593055574669e-01  5.6718943648699993e-01  
q[367]: 1.2602614783133186e-03  9.1983039051937110e-01  4.8505113357447394e-01  7.6945618854017583e-01  
q[368]: 5.9316351743528436e-04  9.0667369277958931e-01  4.5725760227129708e-01  8.8061344164179312e-01  
q[369]: 7.0667144408584619e-04  9.0116375676493909e-01  6.0433784691119552e-01  1.0488788866208167e-01  
q[370]: 1.3005681219188177e-03  8.9758657930224239e-01  6.9632699577985846e-01  3.5209342451909204e-01  
q[371]: 1.2370676427472754e-03  9.0212961653785473e-01  5.9502639621990006e-01  4.6873844490064071e-01  
q[372]: 1.1795660143204074e-03  8.9300871820011585e-01  5.6056813117075499e-01  6.5367826524352346e-01  
q[373]: 9.3294450936223545e-04  8.9706624600375884e-01  6.5613264542042937e-01  7.4537291111879855e-01  
q[374]: 8.5539563233974708e-04  9.1171600388944130e-01  5.8914529989922038e-01  8.3824508667436315e-01  
q[375]: 2.0496741263262847e-04  9.0956656446138406e-01  6.5794974315337007e-01  5.8518115989925909e-03  
q[376]: 8.5682605425941151e-04  9.0019654114666336e-01  5.6208515778349188e-01  1.9466699359593290e-01  
q[377]: 1.0060776909317898e-03  9.2719101364220402e-01  6.6875392608496909e-01  5.5449553638706006e-01  
q[378]: 1.1648652520222433e-03  9.0810579954640624e-01  7.4499627958811721e-01  6.3850253672894863e-01  
q[379]: 2.0869072271809089e-04  9.2142221084584708e-01  6.2385735181265600e-01  9.1681057090929408e-01  
q[380]: 3.8615197115068764e-04  8.8386032120395630e-01  6.4970135868383194e-01  3.8893847226811509e-02  
q[381]: 5.0324759556861977e-04  8.9940856414690629e-01  7.2555875544969639e-01  6.6858829628842764e-02  
q[382]: 6.0175003376566135e-04  9.2772318185891511e-01  7.1930049832056764e-01  1.6316861424164464e-01  
q[383]: 4.2806311992642563e-04  9.1898780938688107e-01  8.0627581480280441e-01  5.8983391990587020e-01  
q[384]: 7.6276158518551510e-04  8.9998692831249383e-01  7.6887248749154657e-01  7.9412160978865132e-01  
q[385]: 6.1224301512009859e-04  9.0996530753366911e-01  7.1254263485184111e-01  8.7471664138592853e-01  
q[386]: 2.3474494279213432e-04  8.9032727313840165e-01  7.7353055026537099e-01  1.0214660964101129e-02  
q[387]: 3.8821280306486361e-04  8.9054932480388760e-01  8.4116933863016230e-01  4.2265794123515291e-02  
q[388]: 7.6189370525909172e-04  8.8032450786251848e-01  7.7445777457038756e-01  1.0893266955536914e-01  
q[389]: 5.5055575078712289e-04  9.1460791182731216e-01  7.1367023630163384e-01  4.4269299149319424e-01  
q[390]: 1.0067295284101993e-03  9.0589479003058737e-01  8.0766850346949381e-01  4.7397114173367993e-01  
q[391]: 3.7629345763573550e-04  8.9732242624193437e-01  8.5290099861245738e-01  8.4468863825053497e-01  
q[392]: 2.0185623362043871e-04  9.0663320207651821e-01  8.1033439420253994e-01  8.9832803898828129e-01  
q[393]: 8.4649845521674792e-05  8.9852150495394745e-01  8.8587708688875821e-01  9.9853628224614126e-03  
q[394]: 2.1735573865173629e-04  8.6904421667645837e-01  8.6039325377982612e-01  9.2843239794151433e-02  
q[395]: 5.4455022736747888e-04  9.0319934150513126e-01  8.5982514592990766e-01  1.6632904756698261e-01  
q[396]: 1.1667511848819164e-03  9.0152179563226531e-01  7.9031919459766131e-01  2.5871893412165448e-01  
q[397]: 2.8594250469973314e-04  9.0231094316156546e-01  8.9492298197268816e-01  2.5162314365141231e-01  
q[398]: 6.3578728904649037e-04  9.1547006804639874e-01  8.7938300880661358e-01  3.6205122730950640e-01  
q[399]: 2.3958780995873125e-04  8.8263071451645159e-01  8.7817408629298921e-01  4.6255592035842824e-01  
q[400]: 5.9106904331469076e-04  9.0135165768593539e-01  8.6471688074113284e-01  5.6660915826831026e-01  
q[401]: 2.7680753384324935e-04  8.9353873000439699e-01  8.8084760817288421e-01  6.5382461924913238e-01  
q[402]: 7.9725364615245667e-04  8.9990319307726530e-01  8.3522785074485284e-01  7.1748267823232892e-01  
q[403]: 2.3764515183715632e-04  8.8899750685180101e-01  8.7996796865404459e-01  7.8099515164277544e-01  
q[404]: 8.5081515841052064e-05  8.9050555166822865e-01  8.8109441595617599e-01  8.7628415760068601e-01  
q[405]: 7.8076523775691807e-05  9.6253168522924204e-01  5.2941078309486711e-03  4.4585882633485049e-02  
q[406]: 3.4460023427991662e-04  9.6082259400117909e-01  4.3688735415347693e-02  1.0388037519170776e-01  
q[407]: 1.9774291124185245e-04  9.5460169256923721e-01  1.1387890919742157e-02  1.8722123463844348e-01  
q[408]: 2.4187934616778283e-04  9.6258180199277676e-01  1.2305135375958523e-02  3.3932349690632974e-01  
q[409]: 1.3552527437678448e-04  9.6286090904256039e-01  4.1652823693775418e-03  5.4219023516843490e-01  
q[410]: 4.3136286389329302e-04  9.5446402202061464e-01  2.5845013141895676e-02  6.7238237545634472e-01  
q[411]: 1.2872774655463777e-04  9.5069109276778774e-01  3.6660922467472270e-03  7.8488476249396444e-01  
q[412]: 2.6868173122259473e-04  9.5131790730373633e-01  2.6516955715107392e-02  8.7086725822156619e-01  
q[413]: 5.5960815081696330e-05  9.4938823114276427e-01  6.4356525296058540e-03  9.3004458878717999e-01  
q[414]: 9.0252450658514144e-05  9.6397833050745274e-01  5.0313578235317381e-02  9.5474176604476435e-01  
q[415]: 8.4355858538712780e-05  9.5908526605578182e-01  3.4653380270576566e-02  8.3306652535068120e-03  
q[416]: 3.3807682266382105e-04  9.5958884090298691e-01  1.0676010858056172e-01  4.2514060554454336e-02  
q[417]: 4.4086940253799625e-04  9.6328412035651689e-01  6.7356176439404225e-02  2.5015741829746108e-01  
q[418]: 4.9606651357323925e-04  9.6887055556866686e-01  4.5163386111436887e-02  4.6090039793286902e-01  
q[419]: 7.4449754426857877e-04  9.6202119834540900e-01  9.3283696337176897e-02  5.8461066958353569e-01  
q[420]: 5.9295540091855686e-04  9.5666983086493818e-01  7.4245800971635412e-02  7.8694133181736947e-01  
q[421]: 2.8253217687392680e-04  9.6423837939022683e-01  1.0030525865638538e-01  9.1798635044622146e-01  
q[422]: 1.4383826768182723e-04  9.6316453111023281e-01  1.8073473512553118e-01  9.5428717285735998e-01  
q[423]: 1.4857646234629442e-04  9.6486774118119134e-01  1.8277641817453230e-01  6.1863855458956854e-03  
q[424]: 5.9436107831775794e-04  9.6260907362357839e-01  1.3801053314314859e-01  1.5524510521109525e-01  
q[425]: 7.1022480730379973e-04  9.5822078726546134e-01  1.2411370702499167e-01  3.5582671055228737e-01  
q[426]: 9.0689918986375186e-04  9.6083936111563684e-01  1.6940379402318728e-01  7.0587836360406198e-01  
q[427]: 5.4248086490779114e-04  9.5433142573544383e-01  1.6551849327586171e-01  8.5614236471410821e-01  
q[428]: 4.8285597255069105e-04  9.5440899588493655e-01  2.7237908317897619e-01  9.1636292189387547e-01  
q[429]: 4.0958778943606290e-04  9.6269656804528181e-01  3.3484478867573120e-01  2.6148881998363228e-02  
q[430]: 5.4674050212137149e-04  9.6742225795429271e-01  2.3500998416103605e-01  8.3266966789477592e-02  
q[431]: 8.1695755177539555e-04  9.5514849039599448e-01  2.1179448536955267e-01  2.3707200924045996e-01  
q[432]: 7.3192727889508926e-04  9.6310691354778666e-01  1.8696750907641435e-01  4.5808609533591205e-01  
q[433]: 6.0364869010082038e-04  9.5967213281924479e-01  2.6102008220709649e-01  8.1572130729620418e-01  
q[434]: 4.9003016247626500e-04  9.7819503500996807e-01  3.2958894179105447e-01  1.6205226678719284e-01  
q[435]: 7.9916046632914710e-04  9.7039219677569077e-01  2.8526973849341303e-01  3.2959290946504882e-01  
q[436]: 9.3390560521154381e-04  9.2967913288354331e-01  3.1243667513504381e-01  6.3663796654875793e-01  
q[437]: 1.8817792644490228e-04  9.5451662753419975e-01  3.7839556252854140e-01  9.4922611145010605e-01  
q[438]: 2.0968611613587400e-04  9.4222274501937864e-01  4.6168388575109870e-01  4.8429113041840097e-03  
q[439]: 6.9389936149973400e-04  9.5970417698034904e-01  4.5573265007902308e-01  7.5715337720800621e-02  
q[440]: 6.8495162545251177e-04  9.6238083915354500e-01  3.9832369178168714e-01  2.0863550461602956e-01  
q[441]: 9.3807331699775583e-04  9.6340609229363183e-01  4.8248617998632748e-01  3.0294408416748753e-01  
q[442]: 1.0930196370278506e-03  9.6158826737611980e-01  3.7298658717142208e-01  4.3932470273009433e-01  
q[443]: 1.0263201012768266e-03  9.4809822267552435e-01  4.1778494908448172e-01  5.4741655810125733e-01  
q[444]: 6.4045724784058842e-04  9.6139593956420921e-01  3.4552203120010733e-01  7.7098036149789084e-01  
q[445]: 6.8721209175088768e-04  9.5957344268105149e-01  4.1065026459366871e-01  8.7926868127737923e-01  
q[446]: 2.9606238011390778e-04  9.7684697118671415e-01  5.9046258511142646e-01  2.7431370903296025e-02  
q[447]: 1.0090954796431557e-03  9.6394673417549459e-01  5.7226368171719222e-01  1.6205009899134343e-01  
q[448]: 8.6728732950961426e-04  9.6450280045784142e-01  5.3845844829736877e-01  5.6676902990574918e-01  
q[449]: 8.0513253048578330e-04  9.6497466165172763e-01  4.4857036744810647e-01  7.0799694742912933e-01  
q[450]: 6.2229993599094424e-04  9.7227777678756577e-01  5.3673579677387473e-01  8.2216149363010993e-01  
q[451]: 4.0395558685491487e-04  9.6026476806494099e-01  5.3020316081675611e-01  9.3243467712396888e-01  
q[452]: 6.9631548601744371e-04  9.6135060630243696e-01  6.9936528472420856e-01  8.8335184458738655e-02  
q[453]: 1.3676853219514223e-03  8.8980047955277208e-01  5.5917918126155075e-01  2.9362867477002447e-01  
q[454]: 1.2046279817490412e-03  9.5207947552910899e-01  6.6701304960719887e-01  2.7276817534682402e-01  
q[455]: 9.9430600067193574e-04  9.7238745262581039e-01  6.8280524340831550e-01  4.7493419165591921e-01  
q[456]: 6.8797166112578411e-04  9.7137332025972445e-01  7.6515266600614296e-01  6.3406629053955077e-01  
q[457]: 4.1282759279711472e-04  9.7595015538176155e-01  6.5313585235409211e-01  7.6335275744977948e-01  
q[458]: 4.9255158379583083e-04  9.6205637545273570e-01  7.7519955188026946e-01  8.3552230672183325e-01  
q[459]: 5.3398280297238933e-04  9.6260310282674022e-01  6.3435148819182074e-01  8.7529792480552426e-01  
q[460]: 1.4504393412916473e-04  9.6973935785740351e-01  7.1070171648916725e-01  5.4864226127859655e-03  
q[461]: 4.7267006573415966e-04  9.6176186572642619e-01  7.9342401907003679e-01  5.3546147080235751e-01  
q[462]: 1.0275442557068429e-03  9.5165987070423974e-01  5.9538536831230504e-01  6.6595105848510838e-01  
q[463]: 7.4309706270449629e-04  9.4743648964890459e-01  7.0195887552505754e-01  7.5387100441083277e-01  
q[464]: 1.0020071486793610e-04  9.7246387952099245e-01  6.5549807215650946e-01  9.6832672624328753e-01  
q[465]: 3.8802871970445099e-04  9.5245623220375397e-01  7.9510303840651975e-01  3.2009075067688193e-02  
q[466]: 7.0947128463144595e-04  9.5938500742638699e-01  7.9914348253287604e-01  1.8859823144366830e-01  
q[467]: 6.6903812020089682e-04  9.6170630529913759e-01  8.5062952656595103e-01  7.3611290758506720e-01  
q[468]: 3.3421475910692841e-04  9.5185174015077867e-01  8.4054494700369475e-01  8.6513183626000756e-01  
q[469]: 3.3958740317587824e-04  9.6993506995274892e-01  7.3698988935713916e-01  9.2920819555294853e-01  
q[470]: 9.4188243400177875e-05  9.4987449556401915e-01  8.7601702411308746e-01  4.9902300766827175e-03  
q[471]: 1.8431574662036240e-04  9.5779623846952233e-01  9.1783684666958432e-01  4.5224340787242738e-02  
q[472]: 5.1583274703820986e-04  9.5356036795928256e-01  8.6131911568826536e-01  1.0025501035498301e-01  
q[473]: 4.7373194913520437e-04  9.5510706236419041e-01  8.4061855331071089e-01  4.0230861897779874e-01  
q[474]: 4.1192877754534283e-04  9.6010105124155631e-01  8.9436386822454728e-01  4.9491981102865401e-01  
q[475]: 4.5508459225499100e-04  9.6176195437871426e-01  9.0758589112901655e-01  6.5183598482910676e-01  
q[476]: 2.3534446179157670e-04  9.5894017361382011e-01  8.8988617270440673e-01  9.1492536870937324e-01  
q[477]: 1.6101464828215388e-04  9.6378167355582489e-01  8.1562297135800566e-01  9.5311962172024944e-01  
q[478]: 4.6234434597637789e-05  9.6649172504667857e-01  9.5578582104710030e-01  1.3180361739156038e-02  
q[479]: 1.0591814768609018e-04  9.3832969578923719e-01  9.3349606247785710e-01  7.8544844510605116e-02  
q[480]: 2.9125276957706585e-04  9.5564916764312724e-01  9.3199390877227584e-01  1.6099743435019409e-01  
q[481]: 6.0769599292792348e-04  9.6089391617373954e-01  8.8898958982071752e-01  2.6826994309905938e-01  
q[482]: 1.2511797968652716e-04  9.6828605327140638e-01  9.6436468694771738e-01  2.7767846024710224e-01  
q[483]: 2.6777718829163290e-04  9.7179526669024419e-01  9.4435026526607702e-01  3.8467948923265283e-01  
q[484]: 1.4011566809508290e-04  9.4413657657745453e-01  9.3781989888757211e-01  4.5303049761942255e-01  
q[485]: 2.3376218845168293e-04  9.5777142106441238e-01  9.4249371675053184e-01  5.6720440040912501e-01  
q[486]: 1.5058575718141393e-04  9.5035977641446567e-01  9.4560307253448095e-01  7.1326835230634178e-01  
q[487]: 3.9501419707058398e-04  9.5636288004565084e-01  9.2396199617907770e-01  8.1581927628562700e-01  
q[488]: 8.9569611346676322e-05  9.5540505562020739e-01  9.5086264111326924e-01  8.9739443038335287e-01  
q[489]: 8.0198393621508753e-05  9.5430404019246029e-01  9.2798161075640262e-01  9.4579972793720335e-01  
q[490]: 1.7277647736956226e-05  9.9407957710677941e-01  6.7356812460033109e-03  1.9714994578105358e-02  
q[491]: 1.0247624770091842e-04  9.9308571459683170e-01  3.0505005651872249e-02  7.6890087052281508e-02  
q[492]: 6.5539168172005602e-05  9.9070825028586562e-01  4.8827462483485191e-03  1.6451948658933851e-01  
q[493]: 2.1351052575075354e-04  9.9218707221301072e-01  4.0349922804717879e-02  2.5430438991605936e-01  
q[494]: 8.6794786368811331e-05  9.9372234344887411e-01  9.0458637973028725e-03  3.7816467398601245e-01  
q[495]: 9.1244073991305361e-05  9.9250686634373442e-01  9.5659620294298291e-03  5.8596693829181346e-01  
q[496]: 2.0056261464423790e-04  9.9083902178204564e-01  3.6564647544844973e-02  6.9645574345413042e-01  
q[497]: 6.7426136862906046e-05  9.9114941483909802e-01  5.1660140676521435e-03  7.9286195720774189e-01  
q[498]: 1.5437886774633829e-04  9.9071049452079285e-01  3.3408119828993298e-02  8.8149560775083835e-01  
q[499]: 4.0787706970848760e-05  9.8950029331640121e-01  5.8585283908274017e-03  9.4587203279760379e-01  
q[500]: 2.1527383036565901e-05  9.9294924531104400e-01  2.6325624756962283e-02  9.8767877290969774e-01  
q[501]: 1.3814129623876413e-05  9.9054616631110526e-01  3.5939529668990611e-02  1.5747102987977120e-03  
q[502]: 1.0743507660441369e-04  9.9098966477922612e-01  8.4179681948418322e-02  2.5944731104400764e-02  
q[503]: 2.5136484698622406e-04  9.9280860056214615e-01  9.7086760448881926e-02  1.4720168493792860e-01  
q[504]: 1.7469356808244669e-04  9.9580269716198100e-01  5.4064534979846972e-02  4.9209084870949571e-01  
q[505]: 2.8198663414045599e-04  9.9116685338168442e-01  1.5682653358138826e-01  5.5558003299799819e-01  
q[506]: 2.2669406810203597e-04  9.9191329534030026e-01  8.6024406928417715e-02  7.9244676334756647e-01  
q[507]: 1.0038878556204429e-04  9.9380093573727801e-01  7.8537992675474455e-02  9.5599887831881702e-01  
q[508]: 5.4474092108819528e-05  9.9299849272667196e-01  1.5384059070848308e-01  9.8606321781311457e-01  
q[509]: 2.1560254550824731e-05  9.9654000882864568e-01  1.5580103511874066e-01  3.7008014875986733e-03  
q[510]: 3.8970628785328290e-04  9.9185354864723796e-01  1.1275345776461297e-01  3.6069171448220194e-01  
q[511]: 2.4828091144024199e-04  9.9575948409774773e-01  2.5839983533448335e-01  6.6915363837697783e-01  
q[512]: 2.4081613910692870e-04  9.9169819763723144e-01  1.4395620477500662e-01  8.8244700242080731e-01  
q[513]: 1.9316194131143122e-04  9.9169906177835165e-01  2.2856210494026000e-01  9.4404569499745183e-01  
q[514]: 1.0251970920284886e-04  9.9213446736751754e-01  2.6718475822081605e-01  1.5784438385434883e-02  
q[515]: 2.1453858603643052e-04  9.9302300976570146e-01  1.7840212503200395e-01  6.8254178434816973e-02  
q[516]: 4.2760875581537909e-04  9.9253939808844593e-01  1.9520411359308329e-01  2.4189160888201799e-01  
q[517]: 3.8613211499478769e-04  9.9287620852058223e-01  2.2113400008765682e-01  4.6570495222098479e-01  
q[518]: 2.4697307798661098e-04  9.9312927083912195e-01  1.0981320739327584e-01  6.3954577846143101e-01  
q[519]: 3.1725555447277033e-04  9.9204146248016367e-01  1.9396714836982418e-01  7.6389773518377535e-01  
q[520]: 2.7646273945542641e-04  9.9158000218854214e-01  2.8109564860530040e-01  8.6517414330593412e-01  
q[521]: 1.3720901477902843e-04  9.9483379229741875e-01  3.6354029261944065e-01  4.2353809146269246e-02  
q[522]: 2.3324053461538810e-04  9.9584322443543583e-01  2.9362375099598903e-01  1.3966465138882916e-01  
q[523]: 3.6377882765449169e-04  9.9474329301489595e-01  3.1494540685912970e-01  3.5720416088017376e-01  
q[524]: 7.6561554197310049e-04  9.5839242049752160e-01  2.4893870406262308e-01  5.5393138190160340e-01  
q[525]: 6.0080050939685149e-04  9.7548219734199570e-01  2.9475111812932880e-01  6.4704283038353982e-01  
q[526]: 1.0438195280866561e-04  9.9152738858558587e-01  3.2384546284765803e-01  9.8060365855319265e-01  
q[527]: 7.7536059119750366e-05  9.8927846137823161e-01  4.5229551483072328e-01  2.2728666961928075e-03  
q[528]: 3.2213519792818819e-04  9.9077222479369409e-01  4.5457004258372341e-01  9.0230162728077504e-02  
q[529]: 4.3353766668082156e-04  9.9374488342896161e-01  4.2647737784752177e-01  2.5104298263957631e-01  
q[530]: 5.9755233103072670e-04  9.9141966021488370e-01  4.7441359380810583e-01  4.3738828176351230e-01  
q[531]: 5.2767432187366141e-04  9.9222124420589997e-01  3.6234388099922726e-01  5.5333928649123276e-01  
q[532]: 3.3727904379220934e-04  9.9362094607798290e-01  3.6642865629280080e-01  7.9277687869269842e-01  
q[533]: 2.6517285134854531e-04  9.9130030783818301e-01  3.9862078113876404e-01  9.2964949714210054e-01  
q[534]: 1.1259284685557203e-04  9.9540451470396274e-01  5.6229627766385759e-01  3.0864962593312974e-02  
q[535]: 3.1505002318317336e-04  9.9467205948704374e-01  5.6096130326494864e-01  1.6538949404965508e-01  
q[536]: 1.1392004839057956e-03  9.5093501538020297e-01  5.6140012711799991e-01  3.9485543113956917e-01  
q[537]: 5.0690535019851037e-04  9.9247947602125108e-01  5.7693488932182868e-01  5.7057479888355978e-01  
q[538]: 4.8746090656755025e-04  9.9225885538416025e-01  4.6370608141113961e-01  6.8559382966157389e-01  
q[539]: 2.6011088539938063e-04  9.9425937663834807e-01  5.0211367342381097e-01  8.7059837104715876e-01  
q[540]: 1.2639832764753465e-04  9.9165753801172218e-01  4.9988571768256762e-01  9.7880967558078147e-01  
q[541]: 2.8840174311182422e-04  9.9299292780567205e-01  6.8105904255667316e-01  8.8064430204701158e-02  
q[542]: 5.0377185423362977e-04  9.9086410684216553e-01  5.8603413624087219e-01  3.2346208178409147e-01  
q[543]: 7.2974422725827041e-04  9.5871425345775863e-01  7.7653207415455405e-01  3.5897587735945369e-01  
q[544]: 2.9282719809835663e-04  9.9520301964170033e-01  6.7228423029028694e-01  4.2752690057867854e-01  
q[545]: 4.4485012594367671e-04  9.9167164870462043e-01  6.9343779565485930e-01  6.7230676652172472e-01  
q[546]: 2.7256110190494428e-04  9.9573145983929534e-01  6.0027085987117224e-01  7.7665724588900276e-01  
q[547]: 2.6958647324085405e-04  9.9384329828223117e-01  7.1915411008206531e-01  8.7846754829664664e-01  
q[548]: 2.1988353935540534e-04  9.9323715710261662e-01  6.1607237296787909e-01  9.4253341809513735e-01  
q[549]: 4.1157684820116527e-05  9.9825900231173226e-01  7.1838022678149038e-01  7.5454362677739297e-03  
q[550]: 4.8795548453204587e-04  9.9069148540078877e-01  7.0616666138895279e-01  2.4172316742468294e-01  
q[551]: 2.3809070140838880e-04  9.9790407443661899e-01  7.8212215540693941e-01  5.4942167328778624e-01  
q[552]: 3.3576536526010777e-04  9.9211546171186726e-01  7.9664429365752554e-01  7.9052555767106825e-01  
q[553]: 4.2016046666176991e-05  9.9608457894593638e-01  7.0839809111736063e-01  9.9086082321204860e-01  
q[554]: 2.0926773115208138e-04  9.9102128749587526e-01  8.1034087711086500e-01  4.2222698107315187e-02  
q[555]: 3.2208260285967257e-04  9.9175444938539248e-01  7.9986142797577220e-01  1.6146119550999680e-01  
q[556]: 2.5230649442906566e-04  9.9481232417749565e-01  8.7107052115247030e-01  6.9145532534620158e-01  
q[557]: 2.4825038418473219e-04  9.9089984211390214e-01  8.7433613847911751e-01  8.9399577521672180e-01  
q[558]: 1.1900617828825175e-04  9.9504139727919871e-01  8.1270101674888351e-01  9.6154709074676081e-01  
q[559]: 7.1655057950570386e-05  9.8987796795159777e-01  8.9011230804576325e-01  8.0769474986204567e-03  
q[560]: 1.0013352555135025e-04  9.9179025501664164e-01  9.4550242120371830e-01  4.9787496944778818e-02  
q[561]: 2.1502096418593323e-04  9.9134107118856907e-01  8.9175816582545298e-01  1.0812690783354351e-01  
q[562]: 4.6824413301118099e-04  9.9093472535592275e-01  8.0258166508329132e-01  3.6215285922744539e-01  
q[563]: 3.1319780970338028e-04  9.9195047607854059e-01  8.9015909016455697e-01  4.8177354850086934e-01  
q[564]: 2.5749635826879952e-04  9.7898680510268887e-01  8.5480716336654750e-01  5.6368271344105214e-01  
q[565]: 1.0175306707836877e-04  9.9170899081519970e-01  9.5067977064801379e-01  9.4390420629776617e-01  
q[566]: 5.2366500570612806e-05  9.9146579816238289e-01  9.0429338663588887e-01  9.8488289876949719e-01  
q[567]: 1.8772302083646396e-05  9.9513948857472279e-01  9.8000333153291352e-01  1.2147281370099822e-02  
q[568]: 5.6314402792957791e-05  9.8950613493850892e-01  9.8505944758646080e-01  9.4044076332100587e-02  
q[569]: 1.8666829268490693e-04  9.9104050048771664e-01  9.5710625062195154e-01  1.8114117316806952e-01  
q[570]: 3.0175894141442570e-04  9.9278867346055821e-01  8.9052501274577145e-01  2.6792564194548024e-01  
q[571]: 4.0749394186910210e-05  9.9751208278733305e-01  9.9071107198248543e-01  2.8913702260310137e-01  
q[572]: 1.6601046277701399e-04  9.9409914424586210e-01  9.5298966269998531e-01  3.9131096727895992e-01  
q[573]: 9.3283803551715260e-05  9.9123086296128671e-01  9.8496405135022136e-01  5.1587274446700726e-01  
q[574]: 1.9833899871480814e-04  9.9333473879992373e-01  9.4985647891927061e-01  6.1562217443938738e-01  
q[575]: 1.1575117188073773e-04  9.9022782892566452e-01  9.7971479844325382e-01  7.2752030140383139e-01  
q[576]: 2.2007628496379018e-04  9.9213166259779484e-01  9.3391324822128374e-01  8.0769310923738125e-01  
q[577]: 7.0247254693636766e-05  9.9162845361712326e-01  9.8218685035049014e-01  8.7894087332915960e-01  
q[578]: 2.1702474744739912e-05  9.9120013307784416e-01  9.8283749526076025e-01  9.7842800340786817e-01  

