deg: 25
dim: 3
nodes: 821
efficiency: 0.997564

q[0]:   1.5729840601747831e-05  2.3700697890245263e-02  1.0428853354364494e-02  9.1760173654427350e-03  
q[1]:   2.7422994711880413e-05  5.4607660026893261e-02  6.7717264266245860e-03  4.3515253514811045e-02  
q[2]:   4.1216049051344956e-05  6.2924521477287415e-02  4.8974202948832701e-02  8.2990938894742464e-03  
q[3]:   2.0914679571177007e-05  4.5825796386163638e-02  3.9080546435316103e-02  3.8371646080876204e-02  
q[4]:   4.1161369053634855e-05  7.0720374645180870e-02  9.5732233751343061e-03  1.0213903249770300e-02  
q[5]:   6.0774483117402913e-05  1.1922604709103840e-01  4.0350277746068640e-03  5.6176234608712586e-02  
q[6]:   6.7055531063379281e-05  1.1780865730889765e-01  1.1827793465619723e-02  1.0308831068658666e-01  
q[7]:   1.1458001858942002e-04  8.4597570858592791e-02  3.7021373108799729e-02  4.1837160949496729e-02  
q[8]:   6.7019378589776380e-05  1.2193571085832389e-01  5.1938091809886941e-02  3.9494124388685077e-03  
q[9]:   4.3380830070205321e-05  9.1462060737835707e-02  4.4396291708672340e-02  8.7588645971380302e-02  
q[10]:  9.3481818278733152e-05  1.0785827395387480e-01  8.1531316123065800e-02  8.2055266602643603e-02  
q[11]:  1.9235389648351734e-04  1.3756251386215612e-01  9.1591696133257794e-02  3.4905088093278386e-02  
q[12]:  3.6846277706481230e-05  1.2181584309102346e-01  1.1313197744069532e-01  1.1473634227790350e-01  
q[13]:  6.9633175455149354e-05  1.3403861521410210e-01  1.2102391188553446e-01  9.9595460803556975e-03  
q[14]:  4.8373838627512716e-05  9.3897413266447183e-02  9.0135270179709667e-02  4.4477819792132237e-02  
q[15]:  9.7538257058486368e-05  2.0229766253359929e-01  5.5330516939467566e-03  1.3148976757199127e-01  
q[16]:  5.7616831781536875e-05  1.5019250537845893e-01  8.4083477571436915e-03  1.1377771273975410e-02  
q[17]:  1.4742456993381597e-04  2.1238783479444384e-01  1.0206882515509001e-02  7.2057363658397114e-02  
q[18]:  2.2666661308786109e-04  2.1708235080644131e-01  4.1834396477232617e-02  1.0858451133832102e-01  
q[19]:  4.9888396026794428e-05  1.8672632087839772e-01  6.9240118510182193e-03  1.7528135395705513e-01  
q[20]:  8.9033633017617924e-05  2.1611572585690619e-01  4.3213028761085959e-02  4.0906346156409767e-03  
q[21]:  1.7392188117517583e-04  1.4961470922182490e-01  3.3363214784344390e-02  3.6645599569891142e-02  
q[22]:  1.6493692005803263e-04  1.4494181370131357e-01  3.7591106287262019e-02  9.4574345523695980e-02  
q[23]:  2.1700642344480619e-04  2.1575908093057669e-01  3.3037060608105157e-02  1.7381681519136752e-01  
q[24]:  2.9476475081151093e-04  2.1576730910829034e-01  8.7657750556625516e-02  2.7866213323474647e-02  
q[25]:  2.7160326906989525e-04  1.8487252874109092e-01  8.7086975777686024e-02  8.4595284923382780e-02  
q[26]:  7.7871250925827114e-05  1.6740476429075793e-01  5.3500435278592058e-02  1.6355420511892621e-01  
q[27]:  1.2613505234852695e-04  2.0460743913762688e-01  1.3442198186816451e-01  6.1522555490805793e-03  
q[28]:  2.3563106320116542e-04  1.6993483019079100e-01  8.9054649193390442e-02  1.3588274900957020e-01  
q[29]:  1.3351397514964930e-04  1.8584115510918459e-01  1.3641889917036187e-01  1.7607320961761508e-01  
q[30]:  2.9357448293132672e-04  2.2714049365856398e-01  1.8277348124642342e-01  4.1349666178462370e-02  
q[31]:  2.3849040813441770e-04  1.7191396453454305e-01  1.3933804222482324e-01  9.4871789333681775e-02  
q[32]:  2.1887226722884225e-04  2.3929092601209961e-01  2.0421109749407490e-01  1.9264208822244810e-01  
q[33]:  8.7216952043421908e-05  2.2597135140988328e-01  2.1379675812961837e-01  1.0631077831251978e-02  
q[34]:  9.4688779201595701e-05  1.7632205922928521e-01  1.7125517061498385e-01  5.7434848786117071e-02  
q[35]:  9.1654752396756498e-05  1.7800232894191836e-01  1.7101568131219153e-01  1.3466476663147495e-01  
q[36]:  5.2072899451874599e-05  2.1810299723105242e-01  2.0875770186223130e-01  2.1000797129767837e-01  
q[37]:  8.3463083638451400e-05  2.4487297507609851e-01  6.0666960108085363e-03  2.0599024839750457e-02  
q[38]:  1.5060449285071836e-04  3.0353024601495388e-01  5.3374139065560291e-03  1.5251306340466686e-01  
q[39]:  3.0426725073961000e-04  2.9683425601682734e-01  2.8015796223602535e-02  1.9909539079411245e-01  
q[40]:  1.1262191828341519e-04  2.9184643900587220e-01  4.3436263653563846e-03  2.5022912140205844e-01  
q[41]:  8.0129687999036558e-05  2.6636370375137125e-01  2.2278579606373618e-02  2.6100459903311751e-01  
q[42]:  9.4495446933281016e-05  3.0557932649748493e-01  3.0031749640702942e-02  6.2303925466723545e-03  
q[43]:  2.8267851620527614e-04  2.5405980596720423e-01  3.9688891793509519e-02  5.2926516920312923e-02  
q[44]:  3.1883196364458562e-04  3.2507956222476975e-01  6.2086501101470418e-02  2.6850869531342464e-01  
q[45]:  3.5828386760312767e-04  3.1538594727492836e-01  8.7638327592721985e-02  3.1653519281815118e-02  
q[46]:  4.2629012483452570e-04  2.6342125574669212e-01  9.0278730528851048e-02  1.6606438850758615e-01  
q[47]:  2.3126252429165082e-04  2.5357166560454669e-01  7.4558924172079211e-02  2.3571305987378413e-01  
q[48]:  3.9240494361227356e-04  2.7649180610300950e-01  9.0324020417815218e-02  1.0444131390496728e-01  
q[49]:  1.8308598605494146e-04  3.0089465062646448e-01  1.3778929973269435e-01  6.3238285298916602e-03  
q[50]:  4.2347551212560704e-04  2.4885778303947206e-01  1.4712525786908845e-01  7.9840455152011006e-02  
q[51]:  3.9160537834177490e-04  2.6027499963695583e-01  1.3110340317956384e-01  2.1089564849791720e-01  
q[52]:  1.1495759789189403e-04  2.6627725172512468e-01  1.4395907040899275e-01  2.6312576409273131e-01  
q[53]:  4.0547789359570102e-04  3.1439257587035074e-01  2.0795357222270619e-01  2.9223872465279171e-02  
q[54]:  4.6366476793776868e-04  2.5429122211222688e-01  1.7426813071130579e-01  1.5576867084540189e-01  
q[55]:  2.7822177028967210e-04  2.8811905307529656e-01  2.1014423908686902e-01  2.6357199519970237e-01  
q[56]:  4.5306888829058046e-04  3.2609682944569301e-01  2.3138132861140182e-01  1.4846082619508780e-01  
q[57]:  1.2338536129019345e-04  3.0691718866874362e-01  2.5204287571561823e-01  4.7654583163025191e-03  
q[58]:  3.5354769132615188e-04  3.1794084588946997e-01  2.7367754451995135e-01  2.2461833269176576e-01  
q[59]:  8.5255005684552881e-05  2.9487521654594462e-01  2.6235817730464372e-01  2.8950014324831541e-01  
q[60]:  8.7935757425380652e-05  2.7073783768676046e-01  2.6711610502209782e-01  5.6589774942834389e-02  
q[61]:  3.3333015810598963e-04  2.6306580986964578e-01  2.3443210362880101e-01  1.0754851933277187e-01  
q[62]:  1.5261911659798962e-04  2.6570883568389458e-01  2.5933713901684469e-01  1.5740994677109615e-01  
q[63]:  9.5509717420865672e-05  2.8735757271109807e-01  2.8013952383465512e-01  2.4529787037598497e-01  
q[64]:  5.1022989598963451e-05  3.5907965748790754e-01  2.0611213646770333e-03  1.4808876041838982e-02  
q[65]:  2.2493453045877764e-04  3.3013156070868255e-01  1.0264124670960115e-02  8.1778848680772939e-02  
q[66]:  4.6280403116660910e-04  4.2460886593152969e-01  2.3165854921889956e-02  1.8046950761526326e-01  
q[67]:  1.1188147288978807e-04  4.1446705180588128e-01  9.5390319441899303e-04  2.4026048836432343e-01  
q[68]:  3.0996685979904740e-04  3.8508177437594338e-01  1.7300096981472425e-02  2.7990544504708464e-01  
q[69]:  5.2875149869285152e-05  3.6626879052711736e-01  8.1861770487584376e-03  3.5954832232066941e-01  
q[70]:  1.2956499217446141e-04  4.3543656553045867e-01  2.8919449830004322e-02  7.2884108152089719e-03  
q[71]:  3.0209625113474827e-04  3.6452136084212938e-01  3.5840608484143936e-02  4.2730280366995541e-02  
q[72]:  4.4514250275281414e-04  3.2530801998808551e-01  4.4279311224749721e-02  1.3972270813086973e-01  
q[73]:  6.1501344361506458e-04  4.1772100735074796e-01  6.4052175283867169e-02  2.4540277002110419e-01  
q[74]:  2.4074988389934389e-04  3.5674650370668071e-01  3.9314811476736440e-02  3.2891817886486024e-01  
q[75]:  4.7785495133700293e-04  4.1588572157177972e-01  1.5130360023035699e-01  6.1618676579519839e-02  
q[76]:  5.0515820388236901e-04  3.7593373901916827e-01  7.9331683508742257e-02  1.0126241812139852e-01  
q[77]:  7.4545702981491609e-04  4.0668184756276443e-01  1.3073600361185528e-01  1.7426419293622850e-01  
q[78]:  4.1391626265464962e-04  3.6281718266421764e-01  1.2171368404915033e-01  2.8524257584954549e-01  
q[79]:  1.6492004365313475e-04  3.5253777633481803e-01  9.2094611268033838e-02  3.4725491968424016e-01  
q[80]:  9.9903029110355742e-04  4.6051138036406769e-01  2.1664176629546017e-01  1.4895224839996754e-01  
q[81]:  4.6808658195846481e-04  3.5735528192628641e-01  9.6138275901602788e-02  2.2161894678201408e-01  
q[82]:  1.5609783413874796e-04  3.8057521612361161e-01  9.2311021121037798e-02  5.7377477926190898e-03  
q[83]:  3.0344006001614237e-04  3.4091117739362353e-01  1.3665195160081867e-01  9.2973866560168761e-02  
q[84]:  3.4086387510320096e-04  3.4485487023019279e-01  1.8126562696776988e-01  2.3432128276421632e-01  
q[85]:  4.7491080929334831e-04  3.6059849654613813e-01  1.5993217382120964e-01  3.3344048688999972e-01  
q[86]:  4.2416622624547051e-04  4.1774677560029777e-01  1.9089417421931049e-01  2.1570114343630431e-02  
q[87]:  6.6677665702653713e-04  3.4670930551349610e-01  1.7114346696479951e-01  1.7560937810556948e-01  
q[88]:  1.5929008376211384e-04  4.0920961514023069e-01  2.5443810565459324e-01  3.7781066410082706e-03  
q[89]:  6.4757538081668727e-04  3.6540387017894771e-01  2.3284895358375071e-01  2.9269834715197807e-01  
q[90]:  1.7577280757531669e-04  3.7565255274902110e-01  2.4248728165740263e-01  3.7069440124173497e-01  
q[91]:  3.7451008972608316e-04  4.1948558762648819e-01  3.1498263659144055e-01  2.8108424694380046e-02  
q[92]:  4.3953918265452358e-04  3.3052209584305975e-01  1.6830571679106118e-01  6.9042464961005606e-02  
q[93]:  6.5243114233026484e-04  3.8475636955641773e-01  2.9747071219486593e-01  2.4203609981055188e-01  
q[94]:  1.0415895452095743e-04  4.1952811683764007e-01  3.6194639953878643e-01  5.0622240150913394e-03  
q[95]:  5.6728757150434502e-04  3.9663648886755382e-01  2.5122088626619754e-01  1.3726134303331747e-01  
q[96]:  3.5230990762202520e-04  3.7912594936526089e-01  3.0702063544717789e-01  3.4795486677951304e-01  
q[97]:  2.9974115038173952e-04  3.3467507911030581e-01  3.0348704067307758e-01  4.3713916129734832e-02  
q[98]:  6.5009866106655308e-05  3.7986883256375464e-01  3.4708661369536226e-01  3.7579396685961097e-01  
q[99]:  7.7818283808809752e-05  3.3988776204001847e-01  3.3208775060187457e-01  1.2013031093420178e-02  
q[100]: 1.8695097959098498e-04  3.5575696348908498e-01  3.4839371778227540e-01  1.1130535618204830e-01  
q[101]: 5.5460254345294016e-04  3.4826552864314819e-01  2.7705323604158161e-01  9.1507764039491277e-02  
q[102]: 4.3801257318294582e-04  3.6956950129959060e-01  3.3881982286688550e-01  1.7399319929652482e-01  
q[103]: 1.8172530559000470e-04  3.7564062513605478e-01  3.7039094616682822e-01  2.3740571110171063e-01  
q[104]: 3.0204071488649831e-04  3.7096118437506781e-01  3.4479351383687268e-01  3.0413800095219423e-01  
q[105]: 5.9841124612402969e-05  3.4202896645996655e-01  3.3750656140225305e-01  3.2236044556371779e-01  
q[106]: 9.6369477366447503e-05  5.1145579456423262e-01  6.3065358134880402e-03  1.9249888044274039e-02  
q[107]: 1.7111602841571891e-04  4.4416810756545011e-01  1.0075969616149809e-02  5.7942696632524382e-02  
q[108]: 1.4612220353266858e-04  4.4344796710744072e-01  5.1841937303676736e-03  1.2582501403236721e-01  
q[109]: 3.8423410014346493e-04  5.1815150776720509e-01  1.7319454675597947e-02  3.6690904800177082e-01  
q[110]: 3.7155665969852122e-04  4.5515762573522800e-01  4.4038406635807381e-02  3.6289690070436026e-01  
q[111]: 1.4629168049965169e-04  4.3123891184906243e-01  5.7756142042435978e-03  3.7862558934066953e-01  
q[112]: 1.2986730226388364e-04  4.4835775524086396e-01  2.8515361700252321e-02  4.3484261241557792e-01  
q[113]: 1.8227466727506334e-04  5.2393153587124519e-01  8.2696989081166183e-02  9.1104847664143090e-03  
q[114]: 2.8859163165007755e-04  4.9360622666299203e-01  4.7233965404614449e-02  5.5274167760537937e-02  
q[115]: 5.1975021101161056e-04  4.5125343438241183e-01  5.5709155750418043e-02  1.1494665576837242e-01  
q[116]: 2.9356796432235456e-04  4.8428588706066489e-01  3.9177930912263952e-02  2.8188874277617298e-01  
q[117]: 3.4125720570206083e-04  4.5360876547950763e-01  7.2653754571983878e-02  4.0844372617326924e-01  
q[118]: 6.6503116456754596e-04  4.7882550354997921e-01  1.0625337067037037e-01  3.4366671621369121e-01  
q[119]: 4.1513907584261672e-04  4.5193699425885719e-01  9.1342462649950953e-02  3.3139034850475577e-02  
q[120]: 9.3251906753473869e-04  5.0143882773064319e-01  9.7364304145558314e-02  1.9824899842373042e-01  
q[121]: 2.8139316013968911e-04  4.1878446352119625e-01  1.0823709795659095e-01  3.4477742748215007e-01  
q[122]: 9.2122929244804839e-05  4.5320445506755308e-01  7.5755723524672886e-02  4.5094408182847623e-01  
q[123]: 7.3536491092086799e-04  4.8552787727503011e-01  1.4090787912992148e-01  9.9277118245715598e-02  
q[124]: 9.6296318115135135e-04  4.9476547300836227e-01  1.5982088582602602e-01  2.6561972322547905e-01  
q[125]: 4.3064450878880952e-04  4.6672831398865355e-01  1.3835025200351794e-01  4.4264532708676591e-01  
q[126]: 1.7219619972664476e-04  4.8743207551888734e-01  1.6677183301904383e-01  4.0472712781801532e-03  
q[127]: 8.5309159733059498e-04  5.4353569532908641e-01  2.7806464964767036e-01  1.0079402929325473e-01  
q[128]: 2.1574932266278627e-04  4.5939009810336129e-01  2.1273822799745393e-01  4.5379746965077522e-01  
q[129]: 5.8496439861683528e-04  5.3430381923621695e-01  2.2623837561544263e-01  4.8864471481456888e-02  
q[130]: 7.2133517235275883e-04  4.3577671019180020e-01  2.6318854435373340e-01  7.0825052383251014e-02  
q[131]: 5.2206604423191822e-04  5.0694113478484482e-01  2.3654061849250055e-01  2.3696392248545861e-01  
q[132]: 7.4472378246676161e-04  4.8466860839592879e-01  1.8474411712854860e-01  4.0303283956334768e-01  
q[133]: 2.6820953656903556e-04  5.3769052337912249e-01  2.8598996746913341e-01  8.8686392471969723e-03  
q[134]: 9.5215331373268292e-04  4.4064066935921731e-01  1.9993683652220356e-01  2.9689180072331006e-01  
q[135]: 6.5006741526553718e-04  4.6222343765371654e-01  2.5879730205318141e-01  4.1356022384484969e-01  
q[136]: 4.7749116779013809e-04  5.2250932719419352e-01  3.2731571598999448e-01  3.2402086940771541e-02  
q[137]: 9.4410541054400666e-04  4.5015446435048079e-01  2.8176137897134673e-01  2.3954835978955299e-01  
q[138]: 6.6716154896620517e-04  4.8397883306635664e-01  3.1043046627279597e-01  3.7114721892232172e-01  
q[139]: 2.1088537257041352e-04  5.2513075356362204e-01  3.9622852751152537e-01  6.0951388807010858e-03  
q[140]: 4.8695041022455495e-04  4.5648406905424338e-01  3.6578095908082603e-01  8.4314573823280822e-02  
q[141]: 8.0259645261705889e-04  5.0954361388574831e-01  3.8760018577547622e-01  3.1171701813611646e-01  
q[142]: 4.5954258537935899e-04  4.5930180416161237e-01  3.5325040584611200e-01  3.6189225258596486e-01  
q[143]: 3.5042484732426582e-04  4.6663814349456922e-01  3.3366634742932821e-01  4.4693065707698187e-01  
q[144]: 6.5498643913717745e-04  4.7286138742446227e-01  3.5191177336028789e-01  1.5669986775056757e-01  
q[145]: 3.6212844681318842e-04  4.7868048378756967e-01  3.9974154307109910e-01  4.1362736634229047e-01  
q[146]: 2.5753617499954274e-04  4.4514698503765432e-01  4.0106565585815590e-01  3.5718501976974106e-02  
q[147]: 6.1401790516692157e-04  4.6357760090344197e-01  4.1777285994863805e-01  3.2045344978573526e-01  
q[148]: 2.5259852147266364e-04  4.6624391340032278e-01  4.3490187682534026e-01  4.2490466839728847e-01  
q[149]: 1.3482272683823670e-04  4.7222875930065716e-01  4.0742401790878208e-01  4.6744724764850798e-01  
q[150]: 7.6512597192852585e-05  4.4705095449272120e-01  4.3285341052454968e-01  8.4466887726687388e-03  
q[151]: 1.4952124120682798e-04  4.3391667266155970e-01  4.2845843822385027e-01  5.8391809079619258e-02  
q[152]: 4.3377770801084238e-04  4.4496035600975770e-01  4.1160638887469514e-01  1.0921090249909841e-01  
q[153]: 3.8695477185717443e-04  5.2118620939548366e-01  4.8862901118166063e-01  1.7393708240455863e-01  
q[154]: 6.2497552702726617e-04  4.4892813220764166e-01  3.7967227472080117e-01  1.9757071529206272e-01  
q[155]: 1.7227845708287599e-04  4.6679839333756562e-01  4.6231897576899439e-01  1.7981342341846976e-01  
q[156]: 3.6889786261349466e-04  5.2784506052179714e-01  4.5585976092748848e-01  2.5777279379148677e-01  
q[157]: 3.4754641914464549e-04  4.7778082782456183e-01  4.6119164251006145e-01  2.6342989126309785e-01  
q[158]: 1.7781806117890309e-04  4.5568726878479060e-01  4.4992331209104963e-01  3.6608129648215526e-01  
q[159]: 7.8415908308870040e-05  4.3769952111840493e-01  4.2993644299323558e-01  4.2255188249100628e-01  
q[160]: 5.4776240977929978e-05  5.7297709440708033e-01  2.6147068217665950e-02  6.3304568028186149e-04  
q[161]: 2.0123196395914001e-04  5.8690307915385287e-01  7.5526023269070442e-03  7.8207650841053217e-02  
q[162]: 3.4082055479328556e-04  5.3472753560094699e-01  2.7936144201571287e-02  1.1236958694585890e-01  
q[163]: 1.8337003875195355e-04  5.5098222511219763e-01  4.9048567055200469e-03  1.7584035114320312e-01  
q[164]: 1.4857466499489146e-04  5.2834548234165390e-01  2.8913561693910631e-03  2.9581993168217374e-01  
q[165]: 5.4117569957809670e-04  6.3305331471311121e-01  3.0825334371387732e-02  4.2887878110342748e-01  
q[166]: 1.6005539673467995e-04  5.4573161703465323e-01  5.9380544413435961e-03  4.6011717145294556e-01  
q[167]: 5.4437631341883110e-04  5.7477945929611007e-01  6.0621878426996206e-02  4.4879318463910822e-01  
q[168]: 3.5630267383642033e-04  5.4273300682211734e-01  3.5057977744408525e-02  4.9950719482367345e-01  
q[169]: 6.5923642910856116e-05  5.1755611513379429e-01  6.2796901629496452e-03  5.0753006462030359e-01  
q[170]: 2.3381649577609680e-04  6.0963773044390257e-01  1.1952776681661288e-01  1.1862960104647201e-02  
q[171]: 3.8397711084417214e-04  5.8249990259505224e-01  4.6884569909489748e-02  3.7412697100968201e-02  
q[172]: 5.4840027017180669e-04  5.4793036941595841e-01  2.7759909941102823e-02  2.3822917159906531e-01  
q[173]: 1.0094215248856336e-04  5.5751365254636653e-01  6.2264566915909828e-02  5.5321564383250443e-01  
q[174]: 8.6283161562771698e-04  5.7610163688668425e-01  1.1606701829236458e-01  8.7428062272203025e-02  
q[175]: 9.0535614449896928e-04  5.6089894257517514e-01  7.4100292632936549e-02  3.2540442877784032e-01  
q[176]: 3.5902863324831805e-04  5.6743436650320966e-01  1.1082734110698092e-01  5.4528679009706871e-01  
q[177]: 4.2940088438755221e-04  5.5509403805161928e-01  1.6601830832780856e-01  3.2052778735538898e-02  
q[178]: 7.8304293276350073e-04  5.8088598505993039e-01  7.1223749972297301e-02  1.6668140290107861e-01  
q[179]: 5.7512372098550326e-04  5.6244522398345820e-01  1.0133270811865101e-01  4.7801037970562760e-01  
q[180]: 1.9519417785234371e-04  5.6549797661901557e-01  1.8763830891668826e-01  5.6109684153990436e-01  
q[181]: 1.2506684141477637e-03  5.6714617492643049e-01  1.9421327990466480e-01  1.7300636987715828e-01  
q[182]: 1.3429699001326185e-03  6.1504934099847763e-01  1.4287137750561682e-01  2.7489521496200292e-01  
q[183]: 1.0073112271393925e-03  5.6696189156356380e-01  1.5372601436336000e-01  3.9118954731568772e-01  
q[184]: 1.0210345297903571e-03  5.8417814300100679e-01  2.4627037749816111e-01  4.6013567172573933e-01  
q[185]: 2.0492014691792632e-04  6.2080086627681585e-01  2.2843129756002625e-01  4.1271624365710287e-03  
q[186]: 6.4780058189363465e-04  5.6522267065295706e-01  2.6818274556957084e-01  5.3516299586115168e-01  
q[187]: 7.5194177065804162e-04  6.2558369786003287e-01  2.5117230023705334e-01  1.0427120238831321e-01  
q[188]: 1.1691735633380367e-03  5.8412316374973183e-01  2.9989363183810336e-01  2.3818456982900157e-01  
q[189]: 1.2479376207384844e-03  5.9549142690419488e-01  2.3408076042278075e-01  3.2933731469778177e-01  
q[190]: 4.9871326931464092e-04  6.3118037280885453e-01  3.3689324459939624e-01  4.4787103325675881e-01  
q[191]: 8.8973788779168905e-04  5.7914714576115545e-01  3.4944186789245724e-01  4.9937587237710696e-01  
q[192]: 6.1937343854482545e-04  6.4461577337217690e-01  3.1606800421903924e-01  2.7189378479173180e-02  
q[193]: 7.3670015608116499e-04  5.3876145876098502e-01  3.4568638359158166e-01  2.5053834877570041e-01  
q[194]: 1.0511383046425498e-03  6.1482737999678183e-01  3.8160260487442432e-01  3.7551809279034609e-01  
q[195]: 1.0070279625050769e-03  5.4101847577801376e-01  2.8533926731679959e-01  3.6091321992091685e-01  
q[196]: 2.5162972492414704e-04  5.5089322411387542e-01  3.4967857330613039e-01  5.4506867300963768e-01  
q[197]: 6.5084092227006096e-04  5.5293719736937830e-01  4.0560628750742228e-01  7.0110675781272766e-02  
q[198]: 1.0356149164183846e-03  5.5169610319323470e-01  3.5987741234998422e-01  1.5041774589777415e-01  
q[199]: 9.9302208027813384e-04  6.1142866652213035e-01  4.4521271773295301e-01  3.1227235177625995e-01  
q[200]: 9.3243166279408508e-04  5.8241867129668867e-01  4.2169453079082508e-01  4.4212209819443282e-01  
q[201]: 5.0984844972205639e-04  6.4055674287961240e-01  4.8480801570117815e-01  3.0832427508325256e-02  
q[202]: 5.8064162889666252e-04  5.6428483669338647e-01  4.2653888232684495e-01  5.2335171895675137e-01  
q[203]: 3.7198248547768581e-04  5.4671666591080303e-01  4.6803000243835380e-01  3.0416202053913589e-02  
q[204]: 8.6724317935467409e-04  5.7466041526149059e-01  4.6136181392255482e-01  2.1126592144660208e-01  
q[205]: 6.2485558044818074e-04  5.7320201001158078e-01  4.9556726801761708e-01  4.8353881223375672e-01  
q[206]: 1.0251394916033187e-04  5.4995522353707038e-01  5.0871929140245675e-01  4.8404919780188176e-03  
q[207]: 8.5794497464858994e-04  5.8768464531842857e-01  4.9927792487815931e-01  3.8371993096201112e-01  
q[208]: 2.6699296761353467e-04  5.6076687923165947e-01  5.2656016061418354e-01  5.2971383017839702e-01  
q[209]: 1.9198849941752237e-04  5.7415771892970036e-01  4.8995712321353768e-01  5.6498958946264188e-01  
q[210]: 7.7715025028415318e-05  5.3655457430321962e-01  5.3154013354788043e-01  1.9309522596312440e-02  
q[211]: 3.5756063186274755e-04  5.4911456286457405e-01  5.2295343148919238e-01  6.2348071200370669e-02  
q[212]: 6.7743370148329438e-04  5.5913583351147844e-01  4.7996884167291720e-01  1.1187952531042383e-01  
q[213]: 2.0572557667556215e-04  5.5553783194636985e-01  5.4987125372344914e-01  1.2357986887935497e-01  
q[214]: 5.6432014608542359e-04  6.1445395932151248e-01  5.6815189135396071e-01  1.7988071410451489e-01  
q[215]: 3.1820191947837267e-04  5.9740327806557503e-01  5.8776398508886252e-01  2.5200222280201429e-01  
q[216]: 5.9323372704586067e-04  5.7793136351412755e-01  5.3167138173662509e-01  2.9295411694337065e-01  
q[217]: 2.0950432210201992e-04  5.5506882307930550e-01  5.5022543250749156e-01  3.5192400317055000e-01  
q[218]: 5.0630077922589486e-04  5.6080208882140548e-01  5.3260104510449335e-01  4.2746915959919557e-01  
q[219]: 1.3785086952472562e-04  5.6058607280828177e-01  5.5639428200499363e-01  4.9452504226981514e-01  
q[220]: 5.5449678626758267e-05  5.4123783641873902e-01  5.3225231407760687e-01  5.3600929018843879e-01  
q[221]: 1.0732675824758826e-04  6.4605064201583329e-01  8.2458018984095261e-03  1.7840246590866974e-02  
q[222]: 1.1835117273831732e-04  7.0394716704397819e-01  2.3980241278965205e-03  9.3316727484179490e-02  
q[223]: 5.5291976845076658e-04  6.5735112584883315e-01  2.9363114284945199e-02  1.4541259848571536e-01  
q[224]: 2.5864142518964271e-04  6.6532616620139284e-01  5.7491094201005686e-03  2.2540347563903690e-01  
q[225]: 3.3123059926907280e-04  6.3944775214286775e-01  9.2245568367151868e-03  3.5170793259784328e-01  
q[226]: 4.6488221071943719e-04  6.8159881611150830e-01  7.0916441290519522e-02  3.6548317464948410e-01  
q[227]: 1.5409552955024188e-04  6.4384706822077420e-01  2.9412636623252541e-03  4.8960964098513282e-01  
q[228]: 3.9510370335732535e-04  6.5117901741817807e-01  2.5419028958423621e-02  5.6569638062997407e-01  
q[229]: 1.0458311830905867e-04  6.2926320078351450e-01  5.5668626579364142e-03  5.9846616175808098e-01  
q[230]: 1.0764585711540102e-04  6.3229412123876105e-01  2.8370800571720665e-02  6.2617649698171785e-01  
q[231]: 1.6259043140123095e-04  6.8075874093701205e-01  6.3433113800240193e-02  6.3895879932262022e-03  
q[232]: 2.9842853407181167e-04  6.8915926332326394e-01  3.2274656311364974e-02  5.0990059680031632e-02  
q[233]: 6.2024869151419248e-04  6.6686004368538687e-01  8.0356419642754778e-02  9.0854269631540654e-02  
q[234]: 9.3390320086665071e-04  6.8136739315056261e-01  9.9255313289592667e-02  2.2328542215144462e-01  
q[235]: 6.6527738315256375e-04  6.5229901853680317e-01  4.3475504245515689e-02  2.7926107965488234e-01  
q[236]: 2.7125555667303474e-04  6.8773027444002177e-01  5.9321862743659040e-02  5.1042927195502619e-01  
q[237]: 4.6690745320020292e-04  6.5959068727593761e-01  7.4088336730837978e-02  6.2292564975008169e-01  
q[238]: 2.1487926596352948e-04  6.7540187669607876e-01  1.3513404552359723e-01  6.6947656446139547e-01  
q[239]: 3.5591358856887562e-04  6.7811852111713344e-01  1.1971612038544030e-01  3.4106129414140790e-02  
q[240]: 7.1509085766124285e-04  7.2465852085385296e-01  1.5878965286645683e-01  1.1309118729607351e-01  
q[241]: 8.4784718981685287e-04  7.2385579856884330e-01  1.4606116675473252e-01  3.5631349194355094e-01  
q[242]: 5.3349019796113627e-04  6.7808511223224888e-01  7.9782807321329224e-02  5.5724712194293735e-01  
q[243]: 7.8021688663956713e-04  6.8518871998292208e-01  1.5064169719137274e-01  6.1061465028450335e-01  
q[244]: 2.2803355579262643e-04  7.1248767098458299e-01  1.8681180532747532e-01  7.6472482574059461e-03  
q[245]: 1.1216669912150442e-03  6.6408964945535243e-01  1.7594117925849670e-01  1.6205373873971535e-01  
q[246]: 8.9255556045989622e-04  7.3503865826438486e-01  2.0281190802541454e-01  2.8519810418391239e-01  
q[247]: 7.5482775740172512e-04  6.6318700279800624e-01  1.0131270855879902e-01  4.0423818645556930e-01  
q[248]: 9.2246072421125677e-04  6.5720928685880031e-01  1.4368921048522690e-01  4.8641016634306500e-01  
q[249]: 5.1001604892381050e-04  6.6862258415999321e-01  2.1990623739155854e-01  6.4567018305039370e-01  
q[250]: 7.0708399770805089e-04  6.5974086887260530e-01  2.0372959858812595e-01  5.2924048188923975e-02  
q[251]: 7.0679045748978987e-04  5.8652202813966581e-01  1.8009089757452829e-01  5.2296357881451971e-01  
q[252]: 1.3569639817331816e-03  6.7498805812875051e-01  2.7580427072678476e-01  2.4784657506754698e-01  
q[253]: 7.0178000592077444e-04  7.0184025547454909e-01  2.3932547936911602e-01  3.4321753337995159e-01  
q[254]: 1.1416585416270740e-03  6.7600416675825215e-01  2.1560221173197922e-01  4.1824480541878012e-01  
q[255]: 1.0620954037827419e-03  6.8636557487581107e-01  2.3996828706726550e-01  5.5569985317745718e-01  
q[256]: 2.2626519875006278e-04  6.5796003319480290e-01  3.1903312011386792e-01  6.5389980955158022e-01  
q[257]: 6.8249255776099021e-04  7.0419577694968361e-01  2.9630812501178239e-01  9.4530403553045109e-02  
q[258]: 1.5413702512773215e-03  6.8926900577252748e-01  3.6117100259210594e-01  3.5441608405797154e-01  
q[259]: 1.1766758689911974e-03  6.8617562022886458e-01  3.1958415767938769e-01  4.7894165236839309e-01  
q[260]: 8.4669312551455657e-04  6.7926642035978479e-01  3.0949445757895266e-01  6.1766197763934760e-01  
q[261]: 2.6195300138767024e-04  6.4018821219373423e-01  4.1457667976191842e-01  6.4093400128927931e-03  
q[262]: 1.0119042885258858e-03  6.5662579533746213e-01  3.4030546850662469e-01  1.5432161859209287e-01  
q[263]: 1.0620843085014573e-03  6.6012772944793452e-01  4.1045831797798960e-01  2.1673168810980428e-01  
q[264]: 1.1349482094973663e-03  7.1854077139055050e-01  4.6308435030633138e-01  4.7010535223128613e-01  
q[265]: 6.0461706398988891e-04  6.6070665253750793e-01  4.1348087919701004e-01  6.3456936959506705e-01  
q[266]: 9.7262343225991660e-04  6.4150641805449127e-01  3.9319618728592443e-01  7.1019434652390717e-02  
q[267]: 1.1749264153174668e-03  6.5525231887621660e-01  4.8845462721313193e-01  1.4318277131075502e-01  
q[268]: 9.0095134077538251e-04  6.7950792017653672e-01  3.8677157076156565e-01  5.7010837866579600e-01  
q[269]: 4.6234349859086449e-04  7.4454485537376880e-01  4.8168221766317298e-01  2.1853146989966328e-02  
q[270]: 8.8567799305011314e-04  7.3735702847461015e-01  5.0793603992448078e-01  9.4329534201173126e-02  
q[271]: 9.4649136137709322e-04  6.8818810640506978e-01  4.6675481967705285e-01  2.9849935322503451e-01  
q[272]: 5.4551674483079514e-04  6.6614039487867360e-01  5.2524917643638414e-01  4.8763302042152584e-01  
q[273]: 2.0220950899600294e-04  6.5226109007502664e-01  4.9664875189056279e-01  6.4633771411999863e-01  
q[274]: 3.2362794135989108e-04  7.2049793440674836e-01  5.6675275276886428e-01  4.5313900804749153e-02  
q[275]: 7.4783276443448536e-04  6.6222597370068426e-01  5.7075037517104199e-01  8.2695986591092563e-02  
q[276]: 9.1752910438212159e-04  6.8224417367317403e-01  6.0078345696573998e-01  3.4645807318735194e-01  
q[277]: 1.0849278480735305e-03  6.9595308485759155e-01  5.4806466646915053e-01  4.2132632157297234e-01  
q[278]: 6.6430520734295576e-04  6.7880837099462243e-01  5.8253674022179891e-01  5.6146397160584027e-01  
q[279]: 7.7687916019334845e-04  6.7235366476936065e-01  5.0578564900128842e-01  6.0509460533344073e-01  
q[280]: 1.7158116255798392e-04  6.5183514376282148e-01  5.5351789739144031e-01  5.2717343437032431e-03  
q[281]: 3.2093949525482111e-04  6.5064739379666314e-01  6.0716879181900285e-01  3.1415651364727536e-02  
q[282]: 7.4931071698076945e-04  7.0353053617569294e-01  6.3042542867293061e-01  1.8784804690715487e-01  
q[283]: 8.1555630816474778e-04  6.6301016611933183e-01  5.4478165564755210e-01  2.4921095522111733e-01  
q[284]: 6.4104161295456923e-04  6.8001933857457886e-01  6.2405138654968118e-01  4.8701226879133974e-01  
q[285]: 4.2882072997584144e-04  6.6048169608528096e-01  6.3026737436180102e-01  5.8116576965539257e-01  
q[286]: 4.2406209958296943e-04  6.6548650113760777e-01  5.8599489617650735e-01  6.3181908794523567e-01  
q[287]: 1.2369709490214260e-04  7.1853384687231969e-01  5.9083009385546881e-01  7.0590065299011995e-01  
q[288]: 6.5769357177659574e-05  6.3952351671792573e-01  6.2659916501617707e-01  6.1634054482646921e-03  
q[289]: 1.0440130166088788e-04  6.4592698667154347e-01  6.4273072687026189e-01  5.2885698931166500e-02  
q[290]: 4.2093081318458680e-04  6.6374727684481150e-01  6.4033115120353157e-01  1.1231152403482163e-01  
q[291]: 2.0555854667127455e-04  6.7962476487393098e-01  6.7488543558985348e-01  1.9604582612319305e-01  
q[292]: 5.6247915342778638e-04  6.9319036643102694e-01  6.6264516125350903e-01  2.8575306434899039e-01  
q[293]: 1.9785835751690074e-04  6.7777548908031049e-01  6.7273035984544727e-01  3.7876117442767310e-01  
q[294]: 9.5763787669039726e-04  8.1124610492373195e-01  5.5328015175315637e-01  3.5436368719328709e-01  
q[295]: 4.3149082404452210e-04  6.4513510116347739e-01  6.1686496202366370e-01  3.9956132989866727e-01  
q[296]: 2.5138509297279772e-04  6.6279574195737556e-01  6.5626048426151418e-01  5.1184404417004670e-01  
q[297]: 1.0805471440838405e-04  6.5761371171522975e-01  6.5201723088219665e-01  6.3089145341176567e-01  
q[298]: 1.0095500195652306e-04  6.5582914060412345e-01  6.2274966239601848e-01  6.5170621101558579e-01  
q[299]: 7.3353652725853389e-05  7.4803558055368280e-01  1.3128428677108849e-02  7.1403307848559349e-03  
q[300]: 1.2812262484244720e-04  7.7655388034725148e-01  8.6502591086898475e-03  4.8452608198594524e-02  
q[301]: 3.2932017490812945e-04  7.6340291631924817e-01  1.4777347973494351e-02  1.6782949794991872e-01  
q[302]: 1.6782297859295369e-04  7.7804927623641240e-01  4.0119277448787544e-03  2.7657003560571930e-01  
q[303]: 1.9825155991058432e-04  7.4683954975397082e-01  3.6959226398526400e-03  4.3437461830046320e-01  
q[304]: 3.9167288227012846e-04  7.4112976232836791e-01  2.7249249340717992e-02  5.0762089038729319e-01  
q[305]: 2.4366301396730006e-04  7.4594168561473684e-01  1.1479828314743189e-02  5.7568067917712085e-01  
q[306]: 5.0173419026913301e-04  7.6352889029573534e-01  4.8590631909353775e-02  6.4760079697199624e-01  
q[307]: 1.0281391257044570e-04  7.3639049304266713e-01  3.1228662081721039e-03  6.4934210902021849e-01  
q[308]: 3.8129352136614166e-05  7.2218274700996976e-01  3.9569499149523452e-03  7.1412207518646320e-01  
q[309]: 8.8354515398013576e-05  7.8411293000623461e-01  1.2028369837234364e-01  1.1248153713119049e-04  
q[310]: 2.5588464483953675e-04  7.7072837249567394e-01  5.8607730359312216e-02  2.4268137176487885e-02  
q[311]: 4.0105899964211299e-04  7.7030761672852388e-01  4.3277868038019356e-02  9.5482682873276284e-02  
q[312]: 5.9561533276436898e-04  7.5701241078327985e-01  4.7326323737175581e-02  2.4193136091477313e-01  
q[313]: 4.8650704316175955e-04  7.4293328702598072e-01  2.3186161444490615e-02  3.4278306060872327e-01  
q[314]: 6.9676316771172860e-04  7.5640092942466386e-01  6.0541710175395724e-02  4.5675158952835859e-01  
q[315]: 8.2632857963493779e-04  7.6295735888980043e-01  1.0533709958747856e-01  5.7348736308789794e-01  
q[316]: 2.5700634905885425e-04  7.4097567020286415e-01  2.4281667445981796e-02  6.9977071730725271e-01  
q[317]: 1.5334258990773133e-04  7.3939193144145399e-01  5.6761518823544035e-02  7.3188563948487773e-01  
q[318]: 3.5253303456585808e-04  7.5367831474420233e-01  1.2090236687052522e-01  4.2144937686194206e-02  
q[319]: 5.3704398005700871e-04  8.0156226055586965e-01  1.0841420711302585e-01  8.9988943055184151e-02  
q[320]: 6.5485653920268781e-04  7.5028971987334414e-01  8.6408020268535710e-02  1.6385881674540143e-01  
q[321]: 7.6481531911313171e-04  7.7781972532039334e-01  8.9058137014053795e-02  3.3896738809661853e-01  
q[322]: 7.8697796902571320e-04  7.5220147603815990e-01  1.6118855113502231e-01  5.0687498286556576e-01  
q[323]: 3.8650100142952775e-04  7.7790702917556265e-01  8.9707146446831088e-02  7.1021538893404168e-01  
q[324]: 3.2466786464422129e-04  7.6570375314396777e-01  1.1560852951336800e-01  7.3313059261468483e-01  
q[325]: 3.1623274329656802e-04  8.0077569473551991e-01  1.8219676210698438e-01  2.1079399278631113e-02  
q[326]: 1.1811803011015256e-03  7.5084005168062162e-01  2.7160483957858739e-01  1.8996358340614608e-01  
q[327]: 8.6909788561402297e-04  7.7862374862431472e-01  1.5397665297141089e-01  2.5350554370587902e-01  
q[328]: 6.7755864892854087e-04  7.9316667524271656e-01  1.3086200196451384e-01  4.3033040920007964e-01  
q[329]: 1.0246836803706678e-03  7.7100472520886831e-01  2.4153473331112474e-01  6.0252309904569079e-01  
q[330]: 8.1332185567189867e-04  7.7974028802139028e-01  1.6702962113230824e-01  6.7160721316101146e-01  
q[331]: 2.1978955303997364e-04  7.7483758905099909e-01  1.7334486646015279e-01  7.6584493985951474e-01  
q[332]: 7.8107476676542631e-04  7.7057116360174627e-01  2.3552314817599043e-01  6.6620464643888738e-02  
q[333]: 1.0614896864547495e-03  8.2768218130664806e-01  2.7488892767916567e-01  2.6117122478180255e-01  
q[334]: 8.8532702224943134e-04  7.9848321390764532e-01  2.5092243482929133e-01  3.8257157823121135e-01  
q[335]: 7.9527202362341429e-04  7.7554135033001381e-01  2.1790431394141985e-01  4.8536662014363341e-01  
q[336]: 6.4456886818984379e-04  7.6360081102853195e-01  2.3579087103960997e-01  7.2053483294871923e-01  
q[337]: 3.9633058071800154e-04  7.4139285066097715e-01  2.8824920882337529e-01  1.7327838329177083e-02  
q[338]: 6.8947823215034158e-04  7.7806371154126208e-01  3.3688119001795702e-01  1.1683367741491935e-01  
q[339]: 1.1207935274066469e-03  7.6163394122788952e-01  3.7825212579713913e-01  2.5809545799670591e-01  
q[340]: 1.0756871549096119e-03  7.9911165658634187e-01  3.4599873272721565e-01  3.4625820538199947e-01  
q[341]: 1.1633955385759410e-03  7.7736488010990235e-01  3.4494673091436073e-01  5.4923776025991966e-01  
q[342]: 1.0107969225992041e-03  7.7867758764359774e-01  3.2985055687769926e-01  6.8613618229027562e-01  
q[343]: 2.4822166430729870e-04  7.5998762999598635e-01  3.0226632667674236e-01  7.5448762243560796e-01  
q[344]: 2.2294153871521905e-04  7.4540037553474248e-01  3.5346306712572445e-01  3.2977060843416735e-02  
q[345]: 8.3638935883858340e-04  7.6899477603422650e-01  4.4050575844117601e-01  3.3128640396561243e-01  
q[346]: 1.0837310248954183e-03  7.6333589571662774e-01  3.1365791420165262e-01  4.3495594437111573e-01  
q[347]: 6.6495920688742333e-04  7.6067233396261336e-01  4.0214642618485513e-01  7.3151547977538678e-01  
q[348]: 1.1909758476241269e-04  7.2826579695244331e-01  3.8129228862236614e-01  2.6200947628376014e-05  
q[349]: 1.0196392554239180e-03  7.4781137373470774e-01  4.1760980504132950e-01  1.5067638652605991e-01  
q[350]: 1.3870720197709943e-03  7.9039005147062469e-01  4.5285457485375580e-01  4.6393476121349225e-01  
q[351]: 4.1708501704003386e-04  7.6522572910465869e-01  4.3735963296312502e-01  5.7978031374913153e-01  
q[352]: 9.7501756082460670e-04  7.7482314554801468e-01  4.2770789460769115e-01  6.2944284897265601e-01  
q[353]: 2.2509109915064491e-04  7.5195017929010222e-01  4.9324571579143006e-01  7.4748212329762675e-01  
q[354]: 6.4962905048142404e-04  7.5153732433886100e-01  4.1115633892318210e-01  5.7451181582996433e-02  
q[355]: 1.1106089078988025e-03  7.5985897157369242e-01  5.0236283703967854e-01  2.1927420495344505e-01  
q[356]: 8.3323122177639188e-04  7.5000413276140809e-01  5.3235594651734341e-01  3.7837380704207491e-01  
q[357]: 1.2432376064425653e-03  8.0208408082131533e-01  5.6160611425293183e-01  5.6232067127837126e-01  
q[358]: 9.6479443551183053e-04  7.6296391636378846e-01  5.0607090294437274e-01  6.8901289720216374e-01  
q[359]: 2.0145743094464194e-04  7.5467920949977874e-01  5.7219083670990922e-01  6.7808410111857851e-03  
q[360]: 5.0371426059460617e-04  8.1174905844232370e-01  5.9470124799444324e-01  7.4096378240558605e-02  
q[361]: 8.4989821404160830e-04  7.5814484712072638e-01  6.0193545299849671e-01  1.5824207422845724e-01  
q[362]: 8.2287061887835174e-04  6.8528917195704298e-01  4.6824852970519393e-01  5.2988706544401465e-01  
q[363]: 1.0993940255026929e-03  7.6903262476001144e-01  5.9445330719725742e-01  6.1936983193236805e-01  
q[364]: 4.9524839768432351e-04  7.6533257672243638e-01  5.9488057345998802e-01  7.3675178114364637e-01  
q[365]: 3.4427921249623606e-04  7.6767586269168797e-01  6.3301017359483747e-01  4.1851218052417975e-02  
q[366]: 5.9111043166045483e-04  7.7355855917832339e-01  6.7411925997659894e-01  1.0330034451454997e-01  
q[367]: 9.6320139851386515e-04  7.4743000793385006e-01  5.8956614525765105e-01  2.6789382873616752e-01  
q[368]: 6.8760120026183829e-04  7.6573297731119172e-01  7.1568482532146993e-01  4.2775802541588115e-01  
q[369]: 1.0699840025108823e-03  7.9400895411591654e-01  6.2825424132895902e-01  4.4025061436797486e-01  
q[370]: 6.9129092143183784e-04  7.6949173022316897e-01  6.6776872828837464e-01  6.8952124188165120e-01  
q[371]: 1.7827306876310278e-04  7.4489947033817738e-01  6.6640049126346113e-01  8.6197705263508905e-03  
q[372]: 3.2839361012206665e-04  7.5092524182066411e-01  7.0150725059554286e-01  4.7284884873887968e-02  
q[373]: 6.1710388513514815e-04  7.8984984045473827e-01  7.1578704479531197e-01  2.0943124450997455e-01  
q[374]: 9.8121941915788741e-04  7.8336141122802372e-01  6.8531860291965496e-01  3.4115570496871239e-01  
q[375]: 1.0389276464877954e-03  7.6713345780195508e-01  6.6311843445858221e-01  5.2927509425897945e-01  
q[376]: 6.0869147888999826e-04  7.6194884029710219e-01  7.1853590607789131e-01  6.1505785979322702e-01  
q[377]: 3.2616863492741007e-04  7.5538921713854945e-01  7.1490492146506013e-01  7.1849489022465407e-01  
q[378]: 1.2457669467136196e-04  7.5466554725897028e-01  6.7375018818492094e-01  7.5038334343732538e-01  
q[379]: 1.0404639236155584e-04  7.4052843987402117e-01  7.2582125204460868e-01  1.1104670161554126e-02  
q[380]: 1.2590751626214238e-04  7.4922454781701420e-01  7.4396554254761149e-01  6.2561678751190758e-02  
q[381]: 4.0782777920158589e-04  7.6085646996264922e-01  7.2924709619965988e-01  1.2175264932292745e-01  
q[382]: 1.8208438618162086e-04  7.7077005602065640e-01  7.6511028572489648e-01  1.8016486177189242e-01  
q[383]: 5.0584233018570555e-04  7.7402783174882228e-01  7.4479955311342816e-01  2.6842140729249353e-01  
q[384]: 2.2765157089089165e-04  7.6346851717516395e-01  7.5836958489181294e-01  3.5700251843023878e-01  
q[385]: 3.4187386637054662e-04  8.3241627851407407e-01  7.6388423635894365e-01  4.8551863236636589e-01  
q[386]: 3.6529492005483538e-04  7.5069214067313683e-01  7.3194908571335793e-01  4.8561881738578067e-01  
q[387]: 1.8754739248108470e-04  7.7410398322355722e-01  7.6749959667168344e-01  5.7303444770543388e-01  
q[388]: 1.9539805243259633e-04  7.5174952596151190e-01  7.4440837020347861e-01  6.6798829136864080e-01  
q[389]: 6.8908515419328526e-05  7.5637416842441607e-01  7.4668087817537665e-01  7.4713409102732076e-01  
q[390]: 4.9144302291742571e-05  8.4413942103448858e-01  5.9346067468717643e-03  1.3162420310778475e-02  
q[391]: 1.3180997780656284e-04  8.4009922926187519e-01  3.4990172168518087e-03  1.1914357644243195e-01  
q[392]: 3.3071837050850091e-04  8.5138813394058477e-01  1.7391051071229374e-02  2.2942385358710354e-01  
q[393]: 1.3379882076824986e-04  8.5361580197445575e-01  3.5726147563428087e-03  3.4195641033801250e-01  
q[394]: 5.1492186414323776e-04  8.3319073354622064e-01  2.8135339841171902e-02  4.0925993100369468e-01  
q[395]: 2.1003171246296469e-04  8.4150167265964149e-01  7.5163301283571486e-03  4.9877443407214050e-01  
q[396]: 5.7733136142888947e-04  8.3734429255298026e-01  4.4439281438594387e-02  5.5990475824210317e-01  
q[397]: 2.0144386829563720e-04  8.3169116353415562e-01  6.8550408496105587e-03  6.1735596925246583e-01  
q[398]: 3.9065029017881743e-04  8.3889543463913596e-01  2.8201582242524802e-02  7.0135690872904533e-01  
q[399]: 1.1920186232018173e-04  8.2820392864649617e-01  4.1165721483183149e-03  7.5543008966503833e-01  
q[400]: 9.0691242108902604e-05  8.1601323952958893e-01  1.3687561167979322e-02  8.0416578431354657e-01  
q[401]: 1.1234498484576212e-04  8.4064798624328341e-01  5.0363277202933543e-02  6.6527926325682793e-03  
q[402]: 2.5764683107253809e-04  8.4975805043894947e-01  2.8078455473908748e-02  5.4769108984857158e-02  
q[403]: 4.2819689773046027e-04  8.4508338201480704e-01  4.6601796468827145e-02  1.4955624228697778e-01  
q[404]: 6.7300448285904772e-04  8.4742774020724621e-01  5.7552790633019525e-02  3.0335009476558988e-01  
q[405]: 7.1948743769838274e-04  8.7622954055299107e-01  1.1214945338107847e-01  4.0863859421090004e-01  
q[406]: 6.0177204565661411e-04  8.4578316183474200e-01  9.0578310574465526e-02  4.7920883492105615e-01  
q[407]: 6.6737132935264329e-04  8.3949995815460565e-01  8.8709253940900443e-02  6.3638706330684836e-01  
q[408]: 3.2806236372499197e-04  8.4302767323837791e-01  4.6359302713999413e-02  7.9933418972012704e-01  
q[409]: 1.2631795936935740e-04  8.3332643858247812e-01  8.0721546533947405e-02  8.2858746378824477e-01  
q[410]: 3.6830626535222115e-04  8.5729126510168474e-01  1.0778014661508464e-01  3.3307948113358722e-02  
q[411]: 3.8310147107800040e-04  8.7827802315617309e-01  8.1848134993299723e-02  9.4163734074016001e-02  
q[412]: 8.4350527044022483e-04  8.4171673113652257e-01  1.0826054987330214e-01  2.1256715738611612e-01  
q[413]: 1.0328868915139516e-03  8.4807224496098099e-01  1.6601832717110665e-01  5.5192926016394750e-01  
q[414]: 6.2447920595949571e-04  8.6305427830283532e-01  1.0223381787728827e-01  7.6217638571827595e-01  
q[415]: 3.8509960475709956e-04  8.5329285869412153e-01  1.5058269741982622e-01  8.2540419750700944e-01  
q[416]: 2.0219742343473572e-04  8.8020829089899799e-01  1.7887040694718348e-01  7.8426849063170500e-03  
q[417]: 4.9442065025268576e-04  8.5154403905426590e-01  1.9161021605355777e-01  7.9422591095674552e-02  
q[418]: 8.4890263274751217e-04  8.0001944488173338e-01  1.9304449837410870e-01  1.6022055513228561e-01  
q[419]: 1.0909965062013108e-03  8.4885396119763390e-01  1.7745270848855665e-01  3.3614568322403299e-01  
q[420]: 1.0745672634875536e-03  8.5320177916626183e-01  2.4063578586746676e-01  4.5031292751139818e-01  
q[421]: 7.3687441656999724e-04  8.5393769183426538e-01  1.7370628105166291e-01  6.7776983415275538e-01  
q[422]: 1.6810720618935530e-04  8.5062003252565666e-01  2.4043272904657065e-01  8.4611332394029770e-01  
q[423]: 4.6647999998211545e-04  8.6605217563038173e-01  2.6077931273941651e-01  4.5010087822567900e-02  
q[424]: 9.3692440464812632e-04  8.4661226933195022e-01  3.0710490401011353e-01  1.2920655592323518e-01  
q[425]: 1.1233638925936618e-03  8.4833150874767582e-01  2.8473356003580358e-01  5.9496046786348433e-01  
q[426]: 6.1963088237447863e-04  8.5191027519794160e-01  2.7200048515650399e-01  6.9733084407183032e-01  
q[427]: 5.0649914522248800e-04  8.4675505579259114e-01  2.7495257105192716e-01  7.9763156931870327e-01  
q[428]: 4.4158190293071140e-04  8.4692298656904619e-01  3.6499716413910110e-01  8.2724920044296690e-01  
q[429]: 2.3997625646424790e-04  8.2723437016984303e-01  2.8606861099888803e-01  7.3556034675476270e-03  
q[430]: 6.4750042934338730e-04  8.3178310435665082e-01  3.7052133148824618e-01  4.9363273355724747e-02  
q[431]: 3.5773364003815778e-04  9.0923755754316027e-01  4.0449002304753873e-01  6.4819789231025138e-01  
q[432]: 6.1383297708135368e-04  8.5827829271064349e-01  3.5719187611593983e-01  7.4996094192097518e-01  
q[433]: 1.7520664045645403e-04  8.4270006518930041e-01  4.7608882378206374e-01  8.3902145968206854e-01  
q[434]: 1.9414534071503719e-04  8.4391294795571692e-01  4.0839645867096547e-01  1.4622478673747481e-02  
q[435]: 5.3500238768995276e-04  8.9823613012107584e-01  4.1927250324841103e-01  1.6913162027052669e-01  
q[436]: 1.3656484707500964e-03  8.5531869203576127e-01  3.7748294941646010e-01  5.1029437791897603e-01  
q[437]: 9.7739887827484975e-04  8.6023636585927832e-01  4.0560865484629766e-01  6.7957715712726197e-01  
q[438]: 1.4899477320690321e-04  8.1440601418633085e-01  4.4625924187820848e-01  4.5642542332742699e-03  
q[439]: 3.1953523102637953e-04  8.7827056443667761e-01  4.6339635257930312e-01  8.6028637272191483e-02  
q[440]: 1.2245109822859514e-03  8.4051365641447895e-01  4.0900486623303761e-01  2.0042991985612574e-01  
q[441]: 1.3640689799177561e-03  8.6026317564913246e-01  4.7369088863484737e-01  4.1181142028214646e-01  
q[442]: 1.1683794029331564e-03  8.5658711345394678e-01  4.8543528320081492e-01  6.0512713888432512e-01  
q[443]: 8.3865452503299937e-04  8.4709347300244509e-01  4.6531018243090216e-01  7.8243580510487754e-01  
q[444]: 4.9472619713076507e-04  8.4301059396433897e-01  5.7319844439519918e-01  8.1799973798560288e-01  
q[445]: 5.5294259517163003e-04  8.4060455801013911e-01  5.3795099291685522e-01  2.9962931525777486e-02  
q[446]: 9.2781948060834303e-04  8.3491813357186861e-01  4.8342521405110567e-01  1.0313671773388040e-01  
q[447]: 1.1062678956803803e-03  8.4628272886354372e-01  5.0641693878392602e-01  2.6838560516204224e-01  
q[448]: 7.9885621633708087e-04  8.7072512327731266e-01  6.1226208490588341e-01  3.3350502614921490e-01  
q[449]: 1.1955396838862742e-03  8.6111980274687272e-01  5.9247651322693107e-01  4.9906384247985314e-01  
q[450]: 9.0776988148716506e-04  8.9070086429313688e-01  6.4653480333537094e-01  6.3867292307768531e-01  
q[451]: 1.0739271456304922e-03  8.4879947616995621e-01  5.4985179481547375e-01  7.0931772903946300e-01  
q[452]: 1.6992490637833229e-04  8.4195660409945217e-01  6.2556239040020201e-01  4.5755686134168888e-03  
q[453]: 5.0697370649948508e-04  8.5634126391232390e-01  6.5997415391333691e-01  6.2238273251917380e-02  
q[454]: 1.0080352886093181e-03  8.3281398447029520e-01  5.7088343094221528e-01  1.6718782489496747e-01  
q[455]: 1.0656760010895341e-03  8.7230901399620220e-01  6.9777473775320609e-01  4.1735074946995071e-01  
q[456]: 8.4661070692798493e-04  8.5194643434527451e-01  7.0770302174613275e-01  5.5327428455326055e-01  
q[457]: 7.9651667265553266e-04  8.6041478504224167e-01  6.9068345202116144e-01  6.7894723287420600e-01  
q[458]: 7.1131248964997212e-04  8.4844975404094514e-01  6.4549070055502222e-01  7.6555986783861318e-01  
q[459]: 1.4218383039010560e-04  8.3796138059405711e-01  6.6556588670609695e-01  8.3462374247748927e-01  
q[460]: 3.4680097365923193e-04  8.3832424612923906e-01  7.1971144363900219e-01  1.9830661498386918e-02  
q[461]: 5.6906972647559795e-04  8.5554069247367104e-01  7.6558499469588615e-01  9.5131300344895101e-02  
q[462]: 5.7935847426037704e-04  8.6044782832888944e-01  7.4581621980383483e-01  2.3320392980211394e-01  
q[463]: 9.3519116564769590e-04  8.3095937825459609e-01  6.5236085123328846e-01  2.6612017033319074e-01  
q[464]: 6.1564410406099782e-04  8.7702671146871847e-01  7.8905418943490691e-01  4.9647125774711681e-01  
q[465]: 6.3109265654744291e-04  8.4235194096897559e-01  7.6986303660872635e-01  6.3520077171189426e-01  
q[466]: 3.9430687692101082e-04  8.3760084743379659e-01  7.3409708939455720e-01  7.1024334669320566e-01  
q[467]: 3.5284885979424720e-04  8.4972444819087223e-01  7.1893073492221637e-01  8.0625727071773790e-01  
q[468]: 6.4682658520970462e-05  8.3049450969368543e-01  7.8458872304845462e-01  6.1442415889122442e-04  
q[469]: 2.8221973651356520e-04  8.3644485851245964e-01  7.9484983043684476e-01  4.1868333972242239e-02  
q[470]: 6.9326258621443338e-04  8.5051801945549843e-01  6.9017601953096153e-01  1.5236692526188059e-01  
q[471]: 6.4365651319218389e-04  8.5785330945133487e-01  7.6628294830319754e-01  3.4831346301620975e-01  
q[472]: 4.5945934262141882e-04  8.4678901271403928e-01  8.1755344285992382e-01  5.7450620538572761e-01  
q[473]: 3.3705375364479189e-04  8.4044157018203625e-01  8.0988379063716665e-01  7.3953779387494700e-01  
q[474]: 2.3414019906627530e-04  8.5042006515959945e-01  7.9730969439073263e-01  8.0008195601878895e-01  
q[475]: 1.8106197471338923e-04  8.3439631205166798e-01  7.5051270769114053e-01  8.1903669832594983e-01  
q[476]: 6.9643415465595314e-05  8.3118802002076753e-01  8.2523707316557493e-01  1.8304943532632425e-02  
q[477]: 2.1618770885432529e-04  8.4144100790345777e-01  8.2996676613863896e-01  9.6063065388811694e-02  
q[478]: 4.7661250807993116e-04  8.5212142831814774e-01  8.0834578564281567e-01  1.7131614300009421e-01  
q[479]: 1.2921358174105988e-04  8.5498105058828000e-01  8.4818913747523994e-01  1.9865482399838821e-01  
q[480]: 3.7280650936007858e-04  8.6425984948584977e-01  8.2063567121616321e-01  2.8647412066118261e-01  
q[481]: 1.9065837210425200e-04  8.4430512926407753e-01  8.3714211116449833e-01  2.9696968855461603e-01  
q[482]: 5.1038743478000730e-04  8.4405934182735032e-01  8.1528256083462836e-01  4.0494838985778209e-01  
q[483]: 1.6940316329378089e-04  8.3818486087800381e-01  8.3455900433608943e-01  4.9223612690618268e-01  
q[484]: 2.0149962556656370e-04  8.5113849277385079e-01  8.4374389423478124e-01  6.8660814098733092e-01  
q[485]: 9.4982221989169092e-05  8.3549398825753474e-01  8.3081903632437903e-01  7.9349537583619079e-01  
q[486]: 8.2067341548827861e-05  8.4094668299818420e-01  8.1545901778477659e-01  8.3400299915637799e-01  
q[487]: 5.6494781727963379e-05  9.0672159347703507e-01  1.2159995908598353e-02  1.3318956955094444e-02  
q[488]: 9.4450105712791174e-05  9.1121513248511421e-01  4.9587916975073493e-03  7.5742880897956111e-02  
q[489]: 1.7890281229104266e-04  9.1257778643283061e-01  1.1777233671797607e-02  1.8938917588479082e-01  
q[490]: 1.1392746561082588e-04  9.1669903556334076e-01  4.1800822439359920e-03  3.0091972339113510e-01  
q[491]: 1.3381600584705643e-04  9.1309936945370673e-01  3.4422640450946945e-03  5.1006520168751635e-01  
q[492]: 3.5912998280337907e-04  9.1015009540910008e-01  1.9074123173494498e-02  6.2944670451546281e-01  
q[493]: 1.2862046186741185e-04  9.0706611976760088e-01  4.1289301787306434e-03  7.3921580820101407e-01  
q[494]: 2.5862430602679976e-04  9.0694012051012707e-01  3.0911084389897772e-02  8.0430381840514487e-01  
q[495]: 8.4302919287595083e-05  9.0679972528389285e-01  7.5659385597145580e-03  8.5194359078867377e-01  
q[496]: 5.0493733138968878e-05  8.9083488875476036e-01  9.5732745296468330e-03  8.7915922087253195e-01  
q[497]: 7.5175041089297977e-05  9.1428027203416962e-01  7.2080828939777616e-02  3.2684790909215241e-03  
q[498]: 1.9017251615115950e-04  9.1936586389083153e-01  4.3452105587807335e-02  3.9611881735929527e-02  
q[499]: 2.6767825718054404e-04  9.1747272921621525e-01  3.5108433485198445e-02  1.2935306156028403e-01  
q[500]: 4.0018883415148031e-04  9.1906782607390591e-01  4.8924576004226408e-02  2.6668535152825007e-01  
q[501]: 4.1990574062528250e-04  9.1245442428525192e-01  2.5112389211636683e-02  4.0380857305324652e-01  
q[502]: 6.2234612134090149e-04  9.0992806484488076e-01  5.6602486370098744e-02  5.2264383773190770e-01  
q[503]: 5.5259861257759614e-04  9.0927835503111953e-01  6.1953968138138658e-02  7.1006702795100363e-01  
q[504]: 1.1881347753064556e-04  9.2412631420319524e-01  4.2331691939882704e-02  8.8661573298749885e-01  
q[505]: 7.5537232330064196e-05  9.0590884907989166e-01  5.1546726932267202e-02  9.0020188050945615e-01  
q[506]: 2.2925238894067686e-04  9.2595067517063312e-01  1.2151412646610688e-01  3.0435408565167237e-02  
q[507]: 5.5992620136502956e-04  9.1499750407226077e-01  9.9357409971381233e-02  1.8704540139856121e-01  
q[508]: 8.3696236681992764e-04  9.0756001322143587e-01  1.6597674586876560e-01  2.8257854883168110e-01  
q[509]: 4.2487291940234372e-04  9.1880069104605899e-01  8.2053832164510371e-02  3.3719389431594138e-01  
q[510]: 8.5488148663894435e-04  9.1351401634435303e-01  1.2226074155012598e-01  6.1682632491825184e-01  
q[511]: 3.4747641648700411e-04  9.3613179052288131e-01  9.2898709994412618e-02  8.3982572550418444e-01  
q[512]: 2.4610947322270814e-04  9.1025921659677733e-01  9.8888622878047727e-02  8.7427717022131402e-01  
q[513]: 7.7225156334816369e-05  9.3932252770990665e-01  2.1283772618162508e-01  5.9040532465628624e-03  
q[514]: 5.2177365654232041e-04  9.2120719529133965e-01  1.6724690801230310e-01  9.0329782756446916e-02  
q[515]: 6.1189593999640352e-04  8.7147306787678436e-01  1.7341403086785942e-01  1.4618533967858938e-01  
q[516]: 5.4973724407817923e-04  9.5746437510650351e-01  2.4584814092655524e-01  2.8444783779080118e-01  
q[517]: 4.1446380155404943e-04  9.4465541625627136e-01  2.0091961149115545e-01  3.9086976123881861e-01  
q[518]: 1.0676399807476860e-03  9.1579731662399722e-01  2.0075422369762730e-01  5.1018252952944709e-01  
q[519]: 6.5434005789797830e-04  9.2373958593995109e-01  1.5563153254770939e-01  7.6457234879869362e-01  
q[520]: 5.2990461539057301e-04  8.5588884353669603e-01  2.0420032542209454e-01  7.7326675024470337e-01  
q[521]: 1.3685126370214379e-04  9.1406879960948906e-01  1.5640266363081706e-01  9.0800562655250294e-01  
q[522]: 4.2596783070344600e-04  9.2685378969461041e-01  2.5325259781400911e-01  4.2298420443750991e-02  
q[523]: 7.7254400967208042e-04  9.2722301638683746e-01  2.6474891300268361e-01  1.5721911223305368e-01  
q[524]: 9.2198963131791332e-04  8.8254548738161553e-01  2.5728007781378359e-01  2.2559506935731161e-01  
q[525]: 9.2807375682094594e-04  9.1662094781327130e-01  2.6894835180652299e-01  3.6750698238881618e-01  
q[526]: 7.9842382252163461e-04  9.1286076524948034e-01  2.2951771893810491e-01  6.8104559161986278e-01  
q[527]: 7.3948388356307143e-04  9.1528534088980418e-01  2.9336530031514363e-01  7.8854648454209997e-01  
q[528]: 3.3592481678712397e-04  9.1757859097406325e-01  2.7263678859368806e-01  8.9742336800344580e-01  
q[529]: 2.3327625995632140e-04  9.0836485512868559e-01  3.3645568684917437e-01  8.8399615715238095e-03  
q[530]: 6.6215483742561787e-04  9.0679245554735899e-01  3.5202380498457858e-01  9.4137988695216515e-02  
q[531]: 1.0344919817831843e-03  9.2522966447177968e-01  3.7272929028006480e-01  2.5307983846765458e-01  
q[532]: 1.0877783803417960e-03  8.7033428251487999e-01  3.7093007984666176e-01  3.2549383588267533e-01  
q[533]: 1.0165613907846922e-03  9.1552365527350987e-01  3.0870751772437993e-01  5.9167320461934558e-01  
q[534]: 8.6298906025672007e-04  9.2841246647410947e-01  3.8837486121714931e-01  7.2623521344368414e-01  
q[535]: 6.1639933958873908e-04  9.1656547478689765e-01  3.7955388951819291e-01  8.5949197341341099e-01  
q[536]: 9.8176787278319783e-05  9.1189625180179967e-01  3.7723447250802372e-01  9.1040035448060863e-01  
q[537]: 4.4392609207600852e-04  9.1097368024179037e-01  4.3688616022803717e-01  3.2896707983916453e-02  
q[538]: 6.1277664905346819e-04  9.3168802443710685e-01  4.7522037167279907e-01  1.5195113266208010e-01  
q[539]: 9.9769383889402132e-04  9.1515055119286703e-01  4.8782338995719576e-01  3.2589824258143146e-01  
q[540]: 7.2416143871756387e-04  9.4004839256415673e-01  4.5467988370411977e-01  4.3837321493263581e-01  
q[541]: 8.9779369518673427e-04  9.2388081478038031e-01  4.3752379599637076e-01  5.2508395349698989e-01  
q[542]: 3.8504587298906362e-04  9.1594440834246238e-01  4.9236913822594297e-01  8.9554570026439795e-01  
q[543]: 1.3270138044330529e-04  9.0073094722710567e-01  5.0953643128132353e-01  2.5367928089425852e-03  
q[544]: 5.3528932577418052e-04  9.1509298124381211e-01  5.3838463421058402e-01  7.1666627749741529e-02  
q[545]: 8.2048917563729484e-04  9.0778586309876219e-01  5.4614041615299458e-01  2.0893109209832172e-01  
q[546]: 5.4786863697989024e-04  9.3000826082809795e-01  6.0999494819651812e-01  3.1749375958029086e-01  
q[547]: 9.5104707562983118e-04  9.1785337008397838e-01  5.8660566007552484e-01  4.3831732976061477e-01  
q[548]: 8.4268814535224637e-04  9.0809455225276858e-01  5.4125922427645468e-01  5.6388153272428654e-01  
q[549]: 7.3932816318627952e-04  9.2895988590715584e-01  5.0036090486433793e-01  6.6291660514858231e-01  
q[550]: 8.3957891126303324e-04  9.1537817556594558e-01  4.9137207604908778e-01  8.0251260713652461e-01  
q[551]: 1.1992497072577125e-04  9.1432016522585857e-01  6.1082921356972131e-01  9.1117920064346003e-01  
q[552]: 3.7200795516022429e-04  9.1406879643650696e-01  6.1608352457818405e-01  2.4359390611339540e-02  
q[553]: 4.1321755767876342e-04  9.1839857662320812e-01  6.9188643979445363e-01  7.6751716496380754e-02  
q[554]: 8.2480526905361073e-04  9.0482106704781395e-01  6.6555974287548825e-01  2.4299619554736596e-01  
q[555]: 8.4925187762034974e-04  9.2858601552606634e-01  6.9424417541082739e-01  5.3873610542060058e-01  
q[556]: 9.1255831765504197e-04  9.1895630763300928e-01  5.9406305594440612e-01  7.3922873153608248e-01  
q[557]: 5.4773354597787175e-04  9.1157406412019371e-01  6.0197975228418987e-01  8.5930945358697597e-01  
q[558]: 1.3885298433660205e-04  9.1277102543726785e-01  7.1166750118399380e-01  6.2324780533197094e-03  
q[559]: 7.1168487378747269e-04  9.0291986361905585e-01  6.1649158926400516e-01  1.2858710255699579e-01  
q[560]: 6.4136666412934688e-04  9.1821721097935083e-01  7.5290022324941586e-01  1.5977677942869303e-01  
q[561]: 6.4301068908400054e-04  9.3274598389795427e-01  7.0251475618606418e-01  3.9658116262595738e-01  
q[562]: 5.6336546830814392e-04  9.1749954728070371e-01  7.6227179318164084e-01  6.1002253022151420e-01  
q[563]: 6.4932888359012307e-04  9.1842646883138623e-01  6.9423079612968974e-01  8.1522375508686018e-01  
q[564]: 2.8555217382468583e-04  9.0885991599588856e-01  7.1477428043742142e-01  8.9203404742578463e-01  
q[565]: 3.3267406038252025e-04  9.1192603554441820e-01  7.6518499184771605e-01  3.9655842996307984e-02  
q[566]: 3.9343679398993813e-04  9.2391095115084509e-01  8.2545391251718059e-01  1.0125766781783363e-01  
q[567]: 8.0087353035219750e-04  9.1946006718780937e-01  7.7245139870909796e-01  3.2006489177055730e-01  
q[568]: 6.5530810534331128e-04  9.3408231552487675e-01  7.9833361710472062e-01  4.9391265691440850e-01  
q[569]: 5.2028412537278852e-04  9.1960672422557022e-01  8.4227462526900221e-01  6.2958288851640132e-01  
q[570]: 3.9283721013643835e-04  9.1999877864797763e-01  7.9959657280106111e-01  7.1805644340897734e-01  
q[571]: 4.0552930847187344e-04  8.9275413655611302e-01  7.9671853748544597e-01  7.7768706534775112e-01  
q[572]: 3.7617074562389585e-04  9.1933309885248315e-01  7.9144691076441775e-01  8.6627429976022396e-01  
q[573]: 1.3132507327957802e-04  9.0761497400337066e-01  8.2329276119445260e-01  8.0982097887669600e-03  
q[574]: 2.4165345863739598e-04  9.1106315072872446e-01  8.6413988694329591e-01  4.6871468189942256e-02  
q[575]: 6.1075656625456793e-04  9.2241990168145849e-01  8.5460641842196128e-01  4.0421513049962648e-01  
q[576]: 3.4084405242018276e-04  9.0850568126868958e-01  8.6945892072677367e-01  7.0356819987927222e-01  
q[577]: 2.2821677530249215e-04  9.1756813221452660e-01  8.6862362355733702e-01  7.9792527647658962e-01  
q[578]: 2.0638813818997368e-04  9.1525220513285843e-01  8.7712992965975378e-01  8.7832256002271158e-01  
q[579]: 1.2106663977259780e-04  9.0961071555827389e-01  8.2575277387952506e-01  9.0393359058779477e-01  
q[580]: 7.4033153618211821e-05  9.0512407772457648e-01  8.9023395403506822e-01  1.1251543697706295e-02  
q[581]: 8.5122052487341082e-05  9.0836515278289431e-01  9.0413071390348765e-01  6.8682396625561096e-02  
q[582]: 3.2797975221242304e-04  9.1751643637090541e-01  8.8815199482723228e-01  1.3731238755826514e-01  
q[583]: 1.1214130326271097e-04  9.1747393286658596e-01  9.1358264264867062e-01  2.1038691227761749e-01  
q[584]: 5.9370465421131611e-04  9.1970841076821785e-01  8.3943167654332840e-01  2.2366350847374028e-01  
q[585]: 3.6056210944693717e-04  9.1994643632437412e-01  8.9605888106728893e-01  3.0549518695299216e-01  
q[586]: 1.7484552825805885e-04  9.0520677047511533e-01  8.9997571446888958e-01  4.1749131008340140e-01  
q[587]: 4.6661249654367639e-04  9.1757703037983629e-01  8.8729554771964991e-01  5.2462083543087845e-01  
q[588]: 1.6822838445134907e-04  9.0779282536238026e-01  9.0160778925884499e-01  6.1770341883846192e-01  
q[589]: 1.2774159677979386e-04  9.2742005077502532e-01  9.1721571782955968e-01  7.5336734874144495e-01  
q[590]: 1.2325980436453697e-04  9.1059836511100356e-01  9.0314909617013506e-01  8.2775953485427223e-01  
q[591]: 4.2390011512752597e-05  9.0157223052537461e-01  8.9364585835054122e-01  8.9102665655872448e-01  
q[592]: 3.4606025700450354e-05  9.5612022020984577e-01  1.4448232620328726e-02  7.5268573368736909e-03  
q[593]: 4.0667591839831824e-05  9.6242761671817822e-01  3.7909699780733896e-03  4.8629618131628215e-02  
q[594]: 8.9659104671659879e-05  9.6347217409134800e-01  5.1747757668619224e-03  1.7815809137997762e-01  
q[595]: 1.3174584005267191e-04  9.6330556678909396e-01  7.6745245476650004e-03  3.4509417694696215e-01  
q[596]: 7.5582979200662797e-05  9.6323539602493546e-01  2.4106735367745158e-03  5.5314721401099065e-01  
q[597]: 2.6803279442949308e-04  9.6317664031007066e-01  2.6701732040880742e-02  6.4474694927653364e-01  
q[598]: 4.3101746796549156e-04  9.6306689667912382e-01  7.7585752714306802e-02  7.2882459909989783e-01  
q[599]: 9.0987259960187289e-05  9.6310827622455275e-01  4.7724135914830835e-03  7.3796815380712188e-01  
q[600]: 2.4296032480985405e-04  9.5988784994108423e-01  2.9622973664409642e-02  8.1180699833068071e-01  
q[601]: 6.7424910118467444e-05  9.6160693872669023e-01  4.9096722105470055e-03  8.8228046149321482e-01  
q[602]: 4.5264443722019474e-05  9.5573440088364248e-01  1.0851792497968459e-02  9.4404873819263735e-01  
q[603]: 6.2136803261509990e-05  9.6985467551493199e-01  7.8911568337102250e-02  7.0840965614473138e-03  
q[604]: 1.1019043079513111e-04  9.7016540581810140e-01  4.5664612452523110e-02  3.6566123486997115e-02  
q[605]: 1.6079119740529350e-04  9.6595972888557702e-01  2.6082054181436151e-02  1.0416104611350710e-01  
q[606]: 3.0476551237184355e-04  9.6529639530245204e-01  3.7441226272469298e-02  2.5158541166131088e-01  
q[607]: 2.5797830845137898e-04  9.6430748794721055e-01  2.4694008284147886e-02  4.6230431065766431e-01  
q[608]: 4.6017666816733181e-04  9.6213860289428899e-01  7.3317818223837192e-02  5.5486455814690583e-01  
q[609]: 3.9229139436940976e-04  9.7101939564571904e-01  1.6026494270482652e-01  7.9682981710910827e-01  
q[610]: 1.4849149636029995e-04  9.6852674505765135e-01  4.2829148527238056e-02  9.2303484698798699e-01  
q[611]: 5.6876275627116104e-05  9.6349031619508485e-01  7.2669188447834696e-02  9.5939206956479850e-01  
q[612]: 2.0253652843046479e-04  9.7293954379795211e-01  1.2809329290910534e-01  5.4683324271857216e-02  
q[613]: 2.4482755262705358e-04  9.4484136198384283e-01  8.4154878301826774e-02  8.9303525336192305e-02  
q[614]: 3.6542234942944486e-04  9.6835811092540403e-01  8.7956319800113064e-02  1.6685057983564494e-01  
q[615]: 3.8145314189211174e-04  9.6776985908375257e-01  7.2152836031708412e-02  3.8380924875747630e-01  
q[616]: 5.8446817441204122e-04  9.3383104144064799e-01  1.2224986228926453e-01  4.3746871807168780e-01  
q[617]: 5.6258845862871545e-04  9.6382478854247788e-01  1.5064359006585168e-01  6.4249092156672538e-01  
q[618]: 2.5133736387798690e-04  9.7626281334426168e-01  9.5818794783758321e-02  8.7482650723639221e-01  
q[619]: 2.0965860728676581e-04  9.6202226775674793e-01  1.3661234455485777e-01  9.3506874507370308e-01  
q[620]: 1.1445870861161423e-04  9.6138563092406915e-01  1.6805672635272609e-01  1.2429181280089378e-02  
q[621]: 4.3159258399058371e-04  9.7062755295556369e-01  2.0338885250354213e-01  1.1179613787579092e-01  
q[622]: 4.4244769570430363e-04  9.4814672272518363e-01  1.6740480237376407e-01  2.0169410929944034e-01  
q[623]: 4.8617448080182839e-04  9.6743287123447885e-01  1.3148472670305023e-01  3.0436729622585129e-01  
q[624]: 4.6829639871916976e-04  9.7237033329067502e-01  1.5603886776429582e-01  4.9072661777179727e-01  
q[625]: 5.9731477703995109e-04  9.6516992035440063e-01  2.4541430024889013e-01  5.6662315736521185e-01  
q[626]: 1.5434031487457386e-04  9.6725520273973442e-01  2.3227397913715297e-01  7.9505352012506025e-01  
q[627]: 3.3514795958923635e-04  9.6954065362456898e-01  2.1074939512480836e-01  8.9565095063655376e-01  
q[628]: 9.8479537683910677e-05  9.6536028698837595e-01  2.2845185544893173e-01  9.5990095011620791e-01  
q[629]: 2.8084861033363063e-04  9.7420248373083695e-01  2.7089945828407075e-01  4.1795293668567261e-02  
q[630]: 3.3959013657198101e-04  9.6997021759733804e-01  3.1668013188472471e-01  1.5904897258420489e-01  
q[631]: 3.1101272108755766e-04  9.7061111951150514e-01  3.0820586584932069e-01  2.3288139284623674e-01  
q[632]: 4.8792494082041212e-04  9.7805311572437414e-01  2.4127140623444895e-01  4.0450855280212195e-01  
q[633]: 8.8719112597284843e-04  8.9647379743341804e-01  3.3368238154635177e-01  4.2927800515244025e-01  
q[634]: 6.1344861240798972e-04  9.6049245167389885e-01  2.5289534992009199e-01  7.0474525505794094e-01  
q[635]: 5.2703158357501445e-04  9.6319741317948404e-01  3.1182652218926843e-01  8.3516125739909675e-01  
q[636]: 5.1939931408110805e-04  9.2220037786145492e-01  2.0135259590703783e-01  8.5516041551527155e-01  
q[637]: 2.7420206088516852e-04  9.6705640827250472e-01  3.1613677189896472e-01  9.3400062746870205e-01  
q[638]: 1.0459188625516195e-04  9.6407997548386160e-01  3.3322394888856166e-01  4.9312158350994706e-03  
q[639]: 4.9646393304948299e-04  9.5601712818228768e-01  3.6602000612008101e-01  8.3519878348119789e-02  
q[640]: 4.5009939978485857e-04  9.6946698889846550e-01  4.2224853023626591e-01  2.2912709339830664e-01  
q[641]: 5.7995924966011345e-04  9.5880321462062679e-01  3.6328532609349645e-01  3.5448051037437511e-01  
q[642]: 3.4557472959408704e-04  9.8572884954224405e-01  3.7933642816507512e-01  4.3827525544618889e-01  
q[643]: 5.6811173494285315e-04  9.6147746818557489e-01  3.7063173743331729e-01  6.1319779321673462e-01  
q[644]: 5.8031836759505262e-04  9.7560435627444519e-01  3.7990478539411726e-01  7.3830696502045734e-01  
q[645]: 4.1103568296253806e-04  9.6565769880889785e-01  4.2461000627900913e-01  8.9328631742202025e-01  
q[646]: 1.1644788729831779e-04  9.6163860009775870e-01  4.0570279428762068e-01  9.5592753784334661e-01  
q[647]: 2.9614719709192733e-04  9.6281101622298892e-01  4.3950147016750840e-01  2.6042671450200991e-02  
q[648]: 4.5897007972192335e-04  9.7013197502011694e-01  4.7111136320090274e-01  1.4762606774052664e-01  
q[649]: 6.7838216824644298e-04  9.6635605146364734e-01  4.9833260227527981e-01  3.4776780652491757e-01  
q[650]: 4.9555155365318352e-04  9.8314210924567669e-01  4.7570383330060900e-01  4.9601367911813377e-01  
q[651]: 6.8008704311543061e-04  9.7116700428920455e-01  4.8462168321552540e-01  6.2744164820951065e-01  
q[652]: 5.8382942671503441e-04  9.6438876468267176e-01  4.8330364777800044e-01  8.1220597754674162e-01  
q[653]: 2.6113509391197646e-04  9.6694113575912188e-01  5.2250116273279634e-01  9.4159169164002166e-01  
q[654]: 1.2058710977218223e-04  9.5820267695548755e-01  5.4555624409625592e-01  4.5782807760473493e-03  
q[655]: 4.8581828870004911e-04  9.6489945078667361e-01  5.5010254070536657e-01  7.3193815997673231e-02  
q[656]: 7.4242330841991686e-04  9.6227878690644175e-01  5.7803817445178707e-01  2.4243106887528931e-01  
q[657]: 5.6801603566658380e-04  9.6707849923457956e-01  6.5967522625044661e-01  3.9074421643284468e-01  
q[658]: 7.7769172001805370e-04  9.6432311010736371e-01  5.8246318896200555e-01  5.0772733038432094e-01  
q[659]: 5.6284451477382194e-04  9.5279745155012052e-01  6.1771754495814757e-01  6.2076195958111091e-01  
q[660]: 6.1396328878905368e-04  9.7060199618065679e-01  5.7649098632329654e-01  7.3941092619537185e-01  
q[661]: 4.8935753928223958e-04  9.6204057140864019e-01  5.9604854974513244e-01  8.8279317486053399e-01  
q[662]: 9.7298976386223394e-05  9.6548674423326886e-01  6.2607381821152419e-01  9.6116860282216232e-01  
q[663]: 2.8515678470954485e-04  9.6558030648863136e-01  6.5645793007441477e-01  2.8174501128657877e-02  
q[664]: 6.7590142765334949e-04  9.6158714655430244e-01  6.5506312574158287e-01  1.4227527123304753e-01  
q[665]: 4.7708739940343910e-04  9.5309843470947997e-01  7.3036150451023896e-01  2.3550736829932004e-01  
q[666]: 5.7334119027236709e-04  9.7810913879430672e-01  7.1189454357426329e-01  5.7587138309251784e-01  
q[667]: 6.0209314482069444e-04  9.5094955077702015e-01  7.0213495279332316e-01  6.8886725383177072e-01  
q[668]: 5.3009223385508126e-04  9.6855245666467482e-01  6.8224117144026075e-01  8.1846478964723435e-01  
q[669]: 3.2013937132341537e-04  9.6173440135085708e-01  7.0953236259595909e-01  9.2883810929023003e-01  
q[670]: 8.6403766326001414e-05  9.6374590316180453e-01  7.4843304440398262e-01  3.9744333632393616e-03  
q[671]: 4.1432635043151526e-04  9.6449433675713803e-01  7.5472027869073577e-01  7.3194714847041764e-02  
q[672]: 4.7969293081176337e-04  9.6950269592713745e-01  8.1651560466881901e-01  1.7172507095469877e-01  
q[673]: 5.6183519400236734e-04  9.7143077813008871e-01  7.7567547211525123e-01  4.5037226606264874e-01  
q[674]: 3.0112957136149709e-04  9.7071387302617274e-01  8.1701169151217434e-01  5.7878610989287882e-01  
q[675]: 4.8224126536793824e-04  9.7143552555187229e-01  8.0665472329005594e-01  6.9649686328869709e-01  
q[676]: 4.8145289724138785e-04  9.3509238740136802e-01  7.6230826595410406e-01  7.6336944622967717e-01  
q[677]: 3.9969200056111631e-04  9.6881438430655475e-01  7.9546074787193788e-01  8.8033088216162758e-01  
q[678]: 9.1581179563229428e-05  9.6187779657803629e-01  7.9853093874837833e-01  9.5680917562224888e-01  
q[679]: 2.1571051612772460e-04  9.6260815841857761e-01  8.3625399571870318e-01  2.5199252274043422e-02  
q[680]: 2.8038811981203498e-04  9.6766363753230888e-01  8.8159525038465492e-01  9.7787062559513804e-02  
q[681]: 5.7520522988827461e-04  9.6707596412681207e-01  8.4081533207906556e-01  3.2795717450294798e-01  
q[682]: 3.8305102323847075e-04  9.6919156542737483e-01  8.9065110600777908e-01  4.6478475356108295e-01  
q[683]: 4.0071972033737911e-04  9.6363889859297258e-01  8.8128575657537112e-01  6.1105478963507498e-01  
q[684]: 4.0616692300715423e-04  9.6765468998505988e-01  8.7215580284079497e-01  7.9025630580648176e-01  
q[685]: 2.1047680020935599e-04  9.5139739240002097e-01  8.7508840599935378e-01  8.5580814380818104e-01  
q[686]: 1.6855874633953365e-04  9.6535920268935471e-01  8.6363744955951849e-01  9.3516137246181508e-01  
q[687]: 4.6882547869235387e-05  9.6113101912346466e-01  9.0236324938902068e-01  2.8901040291242465e-03  
q[688]: 1.4212889474677859e-04  9.6326823048270060e-01  9.2416277656666823e-01  4.3616971807424000e-02  
q[689]: 3.5690989358282073e-04  9.6479522932651252e-01  9.0277734626910211e-01  2.3076257398555958e-01  
q[690]: 2.7144935266005350e-04  9.6692692716974271e-01  9.3241845749239649e-01  3.6427111284834984e-01  
q[691]: 3.0713335369855950e-04  9.6422605563562991e-01  9.2772625180317536e-01  7.1251890904168202e-01  
q[692]: 1.5062341268664734e-04  9.6609434605467048e-01  9.4180390002627601e-01  8.4924780108179587e-01  
q[693]: 9.8449756385106260e-05  9.7201024702025041e-01  9.3006077492462691e-01  9.1787737602464248e-01  
q[694]: 5.2510798814275954e-05  9.6371962815696588e-01  9.1667918246286717e-01  9.5527393826613316e-01  
q[695]: 3.6460006267296245e-05  9.5995011882101144e-01  9.5158482693505408e-01  1.3752236432762181e-02  
q[696]: 6.2062085197330408e-05  9.6132842721098211e-01  9.5533106294215553e-01  8.0147801894932785e-02  
q[697]: 1.6432582446286874e-04  9.6752134128340606e-01  9.4163036042900583e-01  1.4661208760497343e-01  
q[698]: 3.8961476492234580e-05  9.6482698101185516e-01  9.5969627989146311e-01  1.8680923942194227e-01  
q[699]: 1.0550987970393751e-04  9.6680725481947938e-01  9.5876890300101580e-01  2.7700699954914526e-01  
q[700]: 1.0361066407670234e-04  9.5848775715980994e-01  9.5440383117375083e-01  4.3848088147643810e-01  
q[701]: 2.3962708762455745e-04  9.6821339669215101e-01  9.4332732700302613e-01  5.4176084279720660e-01  
q[702]: 1.0093320039262150e-04  9.5965872305461697e-01  9.5449053432250763e-01  6.3547877172900546e-01  
q[703]: 5.8081780206527058e-05  9.6994924896006951e-01  9.6639867701121007e-01  7.9055381906139677e-01  
q[704]: 4.9899257888884914e-05  9.6238814185219035e-01  9.5748653185257426e-01  9.1602430538378987e-01  
q[705]: 2.6519390780046358e-05  9.5337086750600719e-01  9.4038329957920852e-01  9.4589003961969687e-01  
q[706]: 1.9791083514851519e-05  9.9129667032823532e-01  1.1903378391297329e-02  1.0825213528319510e-02  
q[707]: 2.7259966716665398e-05  9.9305929189504227e-01  4.5900710519711733e-03  7.7109181666476678e-02  
q[708]: 8.0071046773219656e-05  9.9340690602445159e-01  1.6497124999122714e-02  1.7860345218776938e-01  
q[709]: 4.8289163297688812e-05  9.9242168537360709e-01  4.5744873924240476e-03  3.0596102170711442e-01  
q[710]: 5.2346767875104603e-05  9.9285931576477138e-01  4.6097687009207262e-03  5.2621280083434097e-01  
q[711]: 4.9753372112687976e-05  9.9319998411999355e-01  7.2210796448522073e-03  7.2312000910380658e-01  
q[712]: 1.8877180020214864e-04  9.9289719901030893e-01  6.9078546151981099e-02  7.5564933333249928e-01  
q[713]: 2.3638928055819219e-05  9.9262264035930059e-01  8.2889854504582527e-03  8.1463240087672650e-01  
q[714]: 9.8193344392409488e-05  9.9208670279529820e-01  3.0411910589618694e-02  8.4591318671133320e-01  
q[715]: 2.7328664312224316e-05  9.9281663078551086e-01  5.1535105354687961e-03  9.1483804346255759e-01  
q[716]: 2.6977469946113321e-05  9.9159041938062353e-01  1.3018521837844880e-02  9.7672796234085013e-01  
q[717]: 2.0102172625732531e-05  9.9498287159297472e-01  7.8422424297758933e-02  4.5604919320327052e-03  
q[718]: 4.0023404120547647e-05  9.9511185298590721e-01  3.8163088445971584e-02  3.9656441627983888e-02  
q[719]: 1.0515604606042955e-04  9.9306058350487925e-01  5.6219617918317234e-02  1.0884316141461338e-01  
q[720]: 1.6395657072731546e-04  9.9348908162821814e-01  5.7097125799751611e-02  2.6876064103263936e-01  
q[721]: 1.3370596120817712e-04  9.9354282481140233e-01  2.8260003183924246e-02  4.1141761193195930e-01  
q[722]: 1.4623341394081859e-04  9.9284322466776465e-01  3.2240367674327405e-02  6.2843997610919755e-01  
q[723]: 4.2856714031951591e-05  9.9448313748575967e-01  1.4082636553241687e-01  7.1337767794290141e-01  
q[724]: 6.5310753141982044e-05  9.9504021836168488e-01  5.0369898593453553e-02  9.3979189580932909e-01  
q[725]: 2.4074442735692793e-05  9.9323121138243065e-01  6.8820959664127823e-02  9.8846945957211851e-01  
q[726]: 7.3068248234585162e-05  9.9500961289478251e-01  1.2429591878114321e-01  3.8333526728596273e-02  
q[727]: 6.3974225050554833e-05  9.8980391771653142e-01  1.0623440700191615e-01  9.3669557021695812e-02  
q[728]: 1.4565937747925250e-04  9.9532930829385802e-01  1.2046206733188201e-01  1.8207687842028838e-01  
q[729]: 2.0435779293112802e-04  9.9396932489725687e-01  1.1524370721621967e-01  3.6159573395339828e-01  
q[730]: 2.2711656653601970e-04  9.9312834809609563e-01  7.8196362179329695e-02  5.1739849380388858e-01  
q[731]: 2.5583389576390111e-04  9.9262062531201134e-01  1.2911220079087565e-01  6.4512667038759819e-01  
q[732]: 1.0830156630631477e-04  9.9627714381482990e-01  1.1369618979763030e-01  8.7560801205759775e-01  
q[733]: 1.0103233295535838e-04  9.9251722515813934e-01  1.3380951935983962e-01  9.6394468933226174e-01  
q[734]: 7.1949097774546081e-05  9.9139229401895534e-01  2.0042793822048074e-01  9.7748241439585409e-03  
q[735]: 1.3144799906630649e-04  9.9602377877473625e-01  2.0112794979984944e-01  9.8312590111415230e-02  
q[736]: 2.5933057393755124e-04  9.8492758911837264e-01  1.7989105341302467e-01  2.2084004280467920e-01  
q[737]: 1.8025077712963518e-04  9.9571150023804411e-01  2.1227919696668121e-01  2.8375677696550922e-01  
q[738]: 1.7874681572098444e-04  9.9432504855196591e-01  1.7479013936496859e-01  4.4438654286102580e-01  
q[739]: 1.9932374938528676e-04  9.9563929708636223e-01  2.1367881011237472e-01  5.5692407800095878e-01  
q[740]: 2.0783607701975226e-04  9.9412375128364094e-01  1.8538266859025529e-01  7.9579815940361398e-01  
q[741]: 1.5652758781553794e-04  9.9436611545484810e-01  2.2115934496602346e-01  9.2099869973245907e-01  
q[742]: 3.7523289766477482e-05  9.9327969393520132e-01  2.1335789034764063e-01  9.8894234333559838e-01  
q[743]: 7.9254159814015927e-05  9.9675540786328354e-01  2.8747907615379131e-01  4.1633739421866579e-02  
q[744]: 2.4801513967847102e-04  9.9356545827929554e-01  2.9282490048393794e-01  1.6861246373357175e-01  
q[745]: 2.4122042076101259e-04  9.9122875694889301e-01  2.9840473085631725e-01  3.2303798667491967e-01  
q[746]: 1.2205905291422570e-04  9.9882748237487984e-01  3.1002348359015858e-01  4.2706745568614973e-01  
q[747]: 7.2847707313184590e-04  9.5605487622264274e-01  3.3315863340663687e-01  4.8079807795623269e-01  
q[748]: 3.3237831814425598e-04  9.9185416173817875e-01  2.5618051607345033e-01  6.9471856079545791e-01  
q[749]: 2.6277827048918186e-04  9.9280055479038809e-01  3.0623243923195409e-01  8.4860659022173723e-01  
q[750]: 1.1703315400693034e-04  9.9365480055132016e-01  3.1881664678849442e-01  9.6856248753166363e-01  
q[751]: 5.0299226624028741e-05  9.9327062470471839e-01  3.5774243565617780e-01  5.8216462797424625e-03  
q[752]: 2.5448293897505146e-04  9.9126053842461348e-01  3.8234662877522890e-01  8.5955723915268498e-02  
q[753]: 1.3940166938588926e-04  9.9741918717832101e-01  4.0163660261869671e-01  2.2348083978905414e-01  
q[754]: 3.2429676012296697e-04  9.9037286015965431e-01  4.1712577454615563e-01  3.0488192807056502e-01  
q[755]: 8.5339320561001345e-05  9.9990028790966490e-01  4.4341356493579803e-01  4.8493248349101525e-01  
q[756]: 3.6684929570806577e-04  9.9037894489378897e-01  3.2292818030703485e-01  5.6419540578710292e-01  
q[757]: 1.1961603779865978e-04  9.9739891311908868e-01  3.5604243530511476e-01  7.5540123678855797e-01  
q[758]: 2.0858257895047392e-04  9.9344252167623270e-01  4.1165127834631848e-01  9.1537095192474449e-01  
q[759]: 5.2107674492180669e-05  9.9245947037533666e-01  4.3551159136486323e-01  9.8824780413901137e-01  
q[760]: 1.3695130116743147e-04  9.9280322179565805e-01  4.6739479503457371e-01  2.8031926475224012e-02  
q[761]: 1.9444913134733087e-04  9.9458892069823523e-01  4.9132550595448671e-01  1.3430003928715947e-01  
q[762]: 2.2370731622026643e-04  9.9639176211036140e-01  5.2488201582382299e-01  3.6891899012087337e-01  
q[763]: 2.1065185710504128e-04  9.9563459978307689e-01  5.5135179967536951e-01  5.7720857132625758e-01  
q[764]: 2.5829279346781383e-04  9.9505937850810533e-01  4.1726374151517326e-01  6.4408786294486797e-01  
q[765]: 2.3874081983828139e-04  9.9311930542570637e-01  4.6716746523915859e-01  8.2363419911901126e-01  
q[766]: 1.3564848248950846e-04  9.9387825685171693e-01  5.2677396354305928e-01  9.5850940299497112e-01  
q[767]: 4.7901707088899992e-05  9.9185965996513903e-01  5.6668008474318698e-01  3.5594263777582380e-03  
q[768]: 1.8527211295464515e-04  9.9337872821314399e-01  5.8468662246848224e-01  6.5653001414268136e-02  
q[769]: 3.2956119692847193e-04  9.9200771424841017e-01  5.6097722613561241e-01  2.2294349097129015e-01  
q[770]: 2.4296776401395276e-04  9.9485895141791281e-01  6.6938408873468280e-01  2.9378421886478995e-01  
q[771]: 2.9551422466964430e-04  9.9396699327987181e-01  6.4296624653028978e-01  4.7847102909291234e-01  
q[772]: 3.1227877605886478e-04  9.9192898201766166e-01  6.2350050823233050e-01  6.6204327126556139e-01  
q[773]: 2.1892387544070831e-04  9.9503142329494065e-01  5.2635256287509169e-01  7.4087836653378103e-01  
q[774]: 2.7713044097510127e-04  9.9257946146137255e-01  5.8665833035338089e-01  8.7999221065171940e-01  
q[775]: 5.9502056921758154e-05  9.9376958683353211e-01  6.3189745304604128e-01  9.8529933426491834e-01  
q[776]: 9.4473677920884402e-05  9.9336406344060579e-01  6.7985608657013896e-01  2.0840284946931225e-02  
q[777]: 8.1618798919640787e-05  9.9411666866061876e-01  7.4230328036941318e-01  6.1592027905823223e-02  
q[778]: 2.7452031921696644e-04  9.9247106155243947e-01  6.6554611961578525e-01  1.4121119142764785e-01  
q[779]: 2.2931008921165904e-04  9.9224543269576460e-01  7.5969952099927029e-01  2.2014805927524067e-01  
q[780]: 2.6985911208787317e-04  9.8500456283331095e-01  5.9548610348058595e-01  3.7915857912883516e-01  
q[781]: 1.2695438827067034e-04  9.9798312602099482e-01  7.3612001130554972e-01  5.7486206884732327e-01  
q[782]: 2.0097979534806126e-04  9.8759566232560225e-01  7.0732120513465335e-01  7.1936821078089652e-01  
q[783]: 1.9042925673178054e-04  9.9624859635369223e-01  6.7805976832600368e-01  8.0016947434395613e-01  
q[784]: 1.9617062425508340e-04  9.9229670525755354e-01  6.9640952227145914e-01  9.3765834047621766e-01  
q[785]: 3.8432229849034033e-05  9.9305350346839594e-01  7.8570059314431406e-01  5.3166911074807414e-03  
q[786]: 1.2899032298868457e-04  9.9218151761917939e-01  7.7371616431180301e-01  9.1179783468931963e-02  
q[787]: 1.1176693105621115e-04  9.9564519366870075e-01  8.2663202825793192e-01  1.7306856055475645e-01  
q[788]: 2.5001701693497643e-04  9.9463825748624068e-01  7.5669918872983621e-01  4.0331945626268290e-01  
q[789]: 1.8860754907884725e-04  9.9598584154705749e-01  7.9416227707734321e-01  6.8871147959842560e-01  
q[790]: 2.0784618424864488e-04  9.8471275619265974e-01  7.7364591233912461e-01  8.0637218758570361e-01  
q[791]: 1.4493343828837326e-04  9.9583797290232912e-01  7.8609495751223479e-01  8.8183272512450472e-01  
q[792]: 7.0399292636275361e-05  9.9250739263856580e-01  7.7887499147823380e-01  9.8175896776152749e-01  
q[793]: 1.0310727356433620e-04  9.9277180980262292e-01  8.4834258220296732e-01  3.4427024512000484e-02  
q[794]: 1.3190476330867464e-04  9.9388724664155159e-01  8.8727961605565298e-01  1.0864822139289115e-01  
q[795]: 2.3334812867556562e-04  9.9397527608232805e-01  8.4560806242486164e-01  3.2055080278895715e-01  
q[796]: 4.3104405831621026e-04  9.7321707332431062e-01  7.2256868158538545e-01  2.8958867824257528e-01  
q[797]: 2.3158448560985738e-04  9.9378741871986465e-01  8.3935766494595709e-01  5.0974675506250089e-01  
q[798]: 2.0025962179557921e-04  9.9319464679633207e-01  8.8786089962116543e-01  6.1283751775610773e-01  
q[799]: 1.7804605306442496e-04  9.9480029556383442e-01  8.6886927604406428e-01  7.8849570830835503e-01  
q[800]: 1.2271073835110139e-04  9.9214908696932924e-01  8.9688981313186167e-01  8.9636751908800905e-01  
q[801]: 1.0033007454933164e-04  9.9351992529807165e-01  8.5320067915618059e-01  9.5366824876505107e-01  
q[802]: 3.3192905720350875e-05  9.9263335469993075e-01  9.1344801509400209e-01  6.4413329747451164e-03  
q[803]: 7.6073880402300340e-05  9.9324125684270381e-01  9.4370374985068795e-01  5.0691590686245805e-02  
q[804]: 1.9813208712247336e-04  9.9388861405886930e-01  9.1782070997566712e-01  4.2265104478967358e-01  
q[805]: 1.6980186506554889e-04  9.9281906925395746e-01  9.3615006945651524e-01  7.0550345694337047e-01  
q[806]: 9.8208760583174450e-05  9.9329961758555052e-01  9.4619244699698402e-01  8.5252449882593584e-01  
q[807]: 4.9626184715740298e-05  9.9483497332252513e-01  9.5434876285765513e-01  9.5323226810277517e-01  
q[808]: 3.1360087513807146e-05  9.9302859420716105e-01  9.1158609989775108e-01  9.8796853215394986e-01  
q[809]: 2.4244715373598731e-05  9.9232210749771677e-01  9.7830923415521864e-01  1.3214749206274259e-02  
q[810]: 2.9434432645608883e-05  9.9249554004901674e-01  9.8756598405457696e-01  7.5894664711134985e-02  
q[811]: 9.1074935795994611e-05  9.9385355683375964e-01  9.6346400864635739e-01  1.4520157047071966e-01  
q[812]: 3.6408252963673176e-05  9.9356888704203261e-01  9.8936354646843694e-01  2.2272650672369604e-01  
q[813]: 1.9019251160310162e-04  9.9302822708015681e-01  9.1573317063774695e-01  2.3269872533695013e-01  
q[814]: 1.1942847637320204e-04  9.9357603579123899e-01  9.6738722888565287e-01  3.2449704386341643e-01  
q[815]: 5.7030203005240176e-05  9.9246239613425724e-01  9.8768425682341709e-01  4.4411217908103767e-01  
q[816]: 1.2815990624180421e-04  9.9435528288237429e-01  9.6107711356994530e-01  5.4673083755690011e-01  
q[817]: 6.1675925573092462e-05  9.9233837398022617e-01  9.8568191896136204e-01  6.5080809310648258e-01  
q[818]: 6.6043888562978301e-05  9.9388051292571511e-01  9.7961352646758171e-01  7.8692196933439762e-01  
q[819]: 3.1730953459309114e-05  9.9377691079211627e-01  9.8790832386842076e-01  9.0673663880518551e-01  
q[820]: 2.0893970143332667e-05  9.9130437341623967e-01  9.8030653243087773e-01  9.7935702546966397e-01  

