deg: 23
dim: 3
nodes: 652
efficiency: 0.996933

q[0]:   5.1399122359685345e-05  7.4530329801658843e-02  9.2342750680803158e-03  6.2263620706138889e-02  
q[1]:   2.3903506999712790e-05  2.7624600641475299e-02  1.0187277735654827e-02  1.3763089706449115e-02  
q[2]:   2.9874372909813684e-05  5.4176069708548817e-02  4.4314385464398746e-02  4.7064644156278812e-02  
q[3]:   2.3903506999712790e-05  5.1452840461924811e-02  4.4087489542142269e-02  6.2798889283961863e-03  
q[4]:   9.9940322739516842e-05  1.2790626168519142e-01  8.9742156032102498e-03  6.6185883551626787e-02  
q[5]:   4.7318894900717254e-05  1.5501373426466244e-01  4.8605445051248721e-03  1.4433457697568836e-01  
q[6]:   6.8068537189482200e-05  7.6978759012268694e-02  1.2393394213050661e-02  1.2692098848241238e-02  
q[7]:   2.6263213570551947e-04  1.6404892965872633e-01  3.7054742361743401e-02  1.2300141468292157e-01  
q[8]:   9.1128758008069818e-05  1.1971303252371183e-01  5.4292852794512091e-02  1.1429328086045161e-01  
q[9]:   1.6109423754070239e-04  9.2386807621231970e-02  4.8525773118904568e-02  4.9580185275361767e-02  
q[10]:  9.9464080663799515e-05  1.1230029023286861e-01  7.0658238183132438e-02  8.2184450054807630e-03  
q[11]:  3.5104322314856109e-04  1.6887782918058658e-01  1.1669513900956618e-01  1.1176522152859994e-01  
q[12]:  8.9920865913842738e-05  1.1787465254787752e-01  1.0496956655112702e-01  1.0097203876936184e-01  
q[13]:  6.7092751523024449e-05  1.5588240833556871e-01  1.4616892764033329e-01  9.8029189359788837e-03  
q[14]:  9.1405400191467309e-05  1.0674201145948368e-01  9.8973050417842781e-02  3.9584492957878088e-02  
q[15]:  6.8258844260106821e-05  1.6234706583228978e-01  3.1659245564556000e-03  2.9379084118565428e-02  
q[16]:  2.9014061906510586e-04  2.1860492424410957e-01  1.8671537586761634e-02  1.0343294206017090e-01  
q[17]:  1.1485449990415276e-04  2.3001932148825921e-01  5.6100093200772850e-03  1.7914152152527685e-01  
q[18]:  6.0519321311293362e-04  2.7116291214357896e-01  7.2424099022839111e-02  1.9054738670034266e-01  
q[19]:  1.0673617801138842e-04  2.0793174537810241e-01  3.8934147718780718e-02  2.0114936954844218e-01  
q[20]:  1.0250161354302758e-04  1.5980660859562545e-01  2.8217028190665867e-02  6.7519260357560874e-03  
q[21]:  3.2284936271548520e-04  1.6012570760677813e-01  5.6453682967355721e-02  4.8050668533152555e-02  
q[22]:  3.1653655263857631e-04  2.1143655013918033e-01  1.0726871013748340e-01  1.8834425061706672e-01  
q[23]:  4.8618375307043322e-04  2.2467745174770579e-01  1.0032959135436943e-01  1.1391483631462014e-01  
q[24]:  2.1679033251038960e-04  2.0759203009894184e-01  1.1065855786160803e-01  1.1137033518389820e-02  
q[25]:  3.5116121640311527e-04  1.8750279116956395e-01  1.4228904456337957e-01  4.6754221808585315e-02  
q[26]:  3.3769642538712728e-04  2.5163151273834150e-01  2.0627366510125247e-01  1.9530830782494840e-01  
q[27]:  4.7088861354735608e-04  3.0237591580133655e-01  1.5634383724093842e-01  2.4914835503795030e-01  
q[28]:  1.3522418534211002e-04  2.4666389067755753e-01  2.0724523958366461e-01  5.8670153255282863e-03  
q[29]:  9.3973590524473995e-05  1.9332099503557967e-01  1.5406685245720464e-01  1.9018698314271937e-01  
q[30]:  1.3589145612923097e-04  2.4446765919055435e-01  2.3793922233623974e-01  3.7565645424719275e-02  
q[31]:  1.9908217972235018e-04  1.9532059665211551e-01  1.8566296473369656e-01  9.5932611673168480e-02  
q[32]:  9.3848614433685585e-05  1.9290943219343867e-01  1.8663766009041236e-01  1.6672321669927245e-01  
q[33]:  1.1564058704910130e-04  2.5803754032839432e-01  1.2280148249309958e-02  1.2069810546125279e-02  
q[34]:  1.6386481122818104e-04  2.8056647423680675e-01  6.3092355831104209e-03  7.1250873314355312e-02  
q[35]:  1.4509089066465806e-04  2.9578886395699844e-01  8.4171058863459196e-03  1.8641293012577570e-01  
q[36]:  6.9126475576920647e-05  2.8637552679267309e-01  9.2453996979448803e-03  2.7902539143519517e-01  
q[37]:  4.9063757451078176e-04  3.1129869095413260e-01  4.8823289844324554e-02  1.4161368486182499e-01  
q[38]:  4.0704253011126092e-04  2.4634735312032419e-01  4.9057355890109726e-02  4.7679538598536554e-02  
q[39]:  3.2500271860819483e-04  2.8932251347469323e-01  3.5904927093142476e-02  2.5299535779896393e-01  
q[40]:  1.8515828232976112e-04  2.8439334828660168e-01  9.7618821639880268e-02  2.7665610102953164e-01  
q[41]:  6.5063135674152503e-04  3.0978432730358979e-01  1.1255406341009903e-01  1.0776382671895952e-01  
q[42]:  1.7557413039202729e-04  2.8181568350175029e-01  7.6659677922619046e-02  5.6300888593040126e-03  
q[43]:  5.2463753568166276e-04  3.6633140626750565e-01  1.2424367323273446e-01  3.2603735113104082e-01  
q[44]:  4.0204569023359675e-04  2.7681124848018274e-01  1.3006360687716970e-01  4.1632974851561963e-02  
q[45]:  1.0393445953748206e-03  3.7105731556018384e-01  1.4921099985321074e-01  2.2104974289599796e-01  
q[46]:  8.3385286337151062e-04  4.4912190469762003e-01  1.8607110901542545e-01  1.2047884017642353e-01  
q[47]:  6.3254838264329620e-04  3.0178912889262671e-01  1.9302740489732637e-01  1.8929792661232200e-01  
q[48]:  2.3469020133408500e-04  3.4369364341908154e-01  1.9757930965608297e-01  6.1785419976480094e-03  
q[49]:  5.5326961965525333e-04  2.7620836546100180e-01  1.8151624606292893e-01  1.0292913214391189e-01  
q[50]:  6.5625564527531063e-04  3.9707712661319278e-01  2.2114975068215578e-01  3.1371538900109364e-01  
q[51]:  7.1819240277932149e-04  3.7809024554363324e-01  2.1073745660479290e-01  9.5750086081726526e-02  
q[52]:  3.3254294980681736e-04  2.7493464247398647e-01  2.3917556918170990e-01  1.5396917474920904e-01  
q[53]:  2.7321457492045524e-04  3.0077807477576107e-01  2.3371727144241625e-01  2.7215170304283137e-01  
q[54]:  1.7842266538808051e-04  3.0401738868894629e-01  1.9594896147197774e-01  2.9746202099230085e-01  
q[55]:  4.4416351191736713e-04  3.0615104472415056e-01  2.2212916492769563e-01  3.7152606377586141e-02  
q[56]:  4.3043105637999068e-04  2.9669933546639710e-01  2.6080943146715529e-01  8.3030475273561319e-02  
q[57]:  1.0687474022772733e-04  3.2467265435574849e-01  3.1301445917578447e-01  1.2237039857061420e-02  
q[58]:  1.9444227931041049e-04  3.1793239007370344e-01  3.1252571885964980e-01  1.4206500840618538e-01  
q[59]:  1.7565762193959392e-04  2.9768984757938699e-01  2.9106561636565931e-01  2.2690720216612945e-01  
q[60]:  1.2255908343787917e-04  2.8661324263998267e-01  2.7173939214945408e-01  2.7603329099518320e-01  
q[61]:  1.1680559563598428e-04  3.8880705016577444e-01  2.6794709898835330e-03  5.3566592747064039e-02  
q[62]:  4.6565125242806633e-04  3.7962165798625169e-01  3.0411601645383101e-02  1.0603829170979348e-01  
q[63]:  9.4691646479666948e-04  4.1635396365105798e-01  9.9329907462004846e-02  1.8406823145523288e-01  
q[64]:  2.0221510844264766e-04  3.6823657278633459e-01  6.6329482030482905e-03  1.6897893283674625e-01  
q[65]:  1.8151159830345485e-04  3.7301991229536841e-01  5.6078745694211245e-03  3.0010044953607423e-01  
q[66]:  6.3320409658186493e-05  3.9759457971591317e-01  7.5288841133020297e-03  3.8839344899481265e-01  
q[67]:  1.2260262284510668e-04  3.8280251560243178e-01  1.6246791693823429e-02  8.6099231884290660e-03  
q[68]:  5.3833396178811996e-04  3.7578466979021241e-01  3.6121626193128829e-02  2.4145887928037285e-01  
q[69]:  2.2197739793180653e-04  3.8088548090743152e-01  7.1465724621853507e-02  3.7364253042341622e-01  
q[70]:  1.9223858266625944e-04  4.1210885463440788e-01  9.8766588226911631e-02  4.1484360694972041e-03  
q[71]:  3.5658673300761239e-04  3.5246018519852351e-01  4.6006039633987639e-02  3.4423761460368775e-02  
q[72]:  3.1873097114307029e-04  4.0274058307606531e-01  3.2998790283894734e-02  3.6468356531036566e-01  
q[73]:  7.2880552131274255e-04  4.7482701104771302e-01  1.6476538101871357e-01  4.1791106310052495e-01  
q[74]:  6.2073029206272687e-04  3.8705253726333172e-01  9.5229783079466807e-02  7.9704246418156752e-02  
q[75]:  8.2006562032262598e-04  4.0493470042701002e-01  8.6070176432494733e-02  3.0792577627207962e-01  
q[76]:  5.4913821104489121e-04  3.7841849843184977e-01  1.4735009268201288e-01  3.2025796255373898e-02  
q[77]:  8.9927707152297730e-04  5.0267162004002897e-01  1.6058470232106667e-01  6.3316682115350617e-02  
q[78]:  1.0566262616652504e-03  4.9525142889647505e-01  1.5077227312409000e-01  2.9924228490133092e-01  
q[79]:  8.1291880950184385e-04  4.0333715932876668e-01  2.2710328513916717e-01  1.7861644137015642e-01  
q[80]:  7.5915203035174328e-04  4.3432955654091515e-01  2.8215925542611636e-01  4.9997025550827974e-02  
q[81]:  1.0777343770595809e-03  5.3330526925800559e-01  2.8214761061136479e-01  8.7710476980809568e-02  
q[82]:  1.1663558741797043e-03  4.7267734551139989e-01  2.9211330947315145e-01  2.8030559929483140e-01  
q[83]:  3.5440514536327097e-04  4.0541943053710788e-01  2.0014053537036447e-01  3.9453736973908726e-01  
q[84]:  1.0027130675505772e-03  4.8108084674314189e-01  2.1589209041400675e-01  3.4852175113464279e-01  
q[85]:  5.6665855393255233e-04  4.1490709643799117e-01  2.8337637229895102e-01  3.8040479942590838e-01  
q[86]:  7.2066211822616731e-04  4.1676424913055005e-01  3.2412496785184564e-01  1.0641702533813854e-01  
q[87]:  7.9993552049258197e-04  3.8414664276224081e-01  2.9451753275892950e-01  1.7607711433152470e-01  
q[88]:  7.9122928649039527e-04  3.9773953592160460e-01  3.0116505490126333e-01  2.8833653801186698e-01  
q[89]:  3.8933840422393788e-04  3.8497547243783015e-01  3.4640612102508089e-01  4.7250240982462124e-02  
q[90]:  2.3414069242609691e-04  3.8769371176588746e-01  3.1227852507384318e-01  9.4489441503308406e-03  
q[91]:  4.8142153344747315e-04  4.1431722762641127e-01  3.8483249292560068e-01  1.4454031763540673e-01  
q[92]:  1.5226173530799686e-04  3.9497997035081805e-01  3.2979563944063350e-01  3.9210038699992489e-01  
q[93]:  7.9493180796138930e-05  4.2837334962279339e-01  4.1468459803418273e-01  8.5043795474622590e-03  
q[94]:  1.6413172381707068e-04  3.8774120763886777e-01  3.8394049661298074e-01  7.8834852429856592e-02  
q[95]:  3.3478808925605907e-04  4.5489212774685217e-01  4.4567495448046285e-01  2.3351373280753845e-01  
q[96]:  5.2380729823967086e-04  3.7688711784999113e-01  3.4158062053527571e-01  2.3152593634531218e-01  
q[97]:  2.0857198235596858e-04  4.1221073414232107e-01  4.0563030612572942e-01  3.1283053166107316e-01  
q[98]:  4.5091705670968258e-04  3.8145821513941514e-01  3.3855510105859865e-01  3.2918568762070849e-01  
q[99]:  1.4074619004871388e-04  4.0110364730108983e-01  3.9180408964383251e-01  3.8214839680701856e-01  
q[100]: 1.2282836890009795e-04  5.0661447112854929e-01  5.4998862386370249e-03  2.7110749534178202e-02  
q[101]: 5.2141937498662754e-04  4.8991082972969424e-01  2.8378291149974599e-02  8.1227457218744609e-02  
q[102]: 1.0546459072050371e-03  5.1021400117691185e-01  9.8314559434117266e-02  1.3353615774305558e-01  
q[103]: 2.3708560997059514e-04  4.8779775384994872e-01  5.4276144873095355e-03  1.5650444258834875e-01  
q[104]: 5.7060400204999283e-04  4.7585480781338219e-01  4.6504554578314067e-02  1.8762821565802332e-01  
q[105]: 3.0094719693618175e-04  4.6599930379195537e-01  1.2749444489077437e-02  2.4822512189900203e-01  
q[106]: 8.6973860216696852e-04  5.0084691699961426e-01  6.0927959071046534e-02  2.9883490495975445e-01  
q[107]: 3.1994898890295244e-04  4.8940606103052470e-01  9.8284109462031463e-03  3.5047544613458942e-01  
q[108]: 5.7293939570808995e-04  5.0341423658097184e-01  4.0384922777831310e-02  4.1769847506756680e-01  
q[109]: 1.4359678299015192e-04  5.0859163805073715e-01  4.2881323201500446e-03  4.6973661209296891e-01  
q[110]: 1.2567950184986393e-04  5.1400438586141850e-01  3.2650387831449641e-02  4.9067210372779422e-03  
q[111]: 1.4639688717823325e-04  5.0314950394442748e-01  3.1081042112571657e-02  4.9733710246528628e-01  
q[112]: 5.1784775126255129e-04  4.7998768125948565e-01  7.0909866071205488e-02  3.2729930797769799e-02  
q[113]: 1.1103487540483634e-03  5.6162341819055417e-01  1.3776786461279109e-01  2.5238764051278179e-01  
q[114]: 5.5664972255729318e-04  5.0277576583687744e-01  9.1260107142563079e-02  4.7145318261400770e-01  
q[115]: 2.3010081611133049e-04  4.9342471468041882e-01  1.5499931811877493e-01  4.8863822018269981e-01  
q[116]: 9.0057004561771041e-04  6.4185291573187475e-01  2.9805218939200490e-01  1.3564840681975668e-01  
q[117]: 1.1162987954573210e-03  6.3547246616800357e-01  1.7142118260521105e-01  3.5614734442970125e-01  
q[118]: 9.6672081155405932e-04  5.3742510394786247e-01  1.1031841067046561e-01  4.1106712508040810e-01  
q[119]: 9.0375515176039972e-04  5.8489553266926753e-01  1.9460093330652431e-01  5.0323519973309594e-01  
q[120]: 3.0045042652351042e-04  5.3918103994553801e-01  1.6132303922185504e-01  7.6295116162417818e-03  
q[121]: 1.2655141923089762e-03  5.9030128431035833e-01  2.1152304533973096e-01  1.5874805835187272e-01  
q[122]: 7.8843388943526291e-04  5.1789446976493869e-01  2.9148899085094848e-01  4.3003629220490497e-01  
q[123]: 6.0071953664788910e-04  5.2739635239205973e-01  2.6136441844920871e-01  5.0200399496306380e-01  
q[124]: 5.1079687932192505e-04  4.7632095776714917e-01  2.2948623442957425e-01  1.5189684874130971e-02  
q[125]: 1.2152311522889946e-03  5.0364343404520096e-01  2.0876471100591673e-01  2.0849226594771744e-01  
q[126]: 1.5011224977846665e-03  5.7388958266449352e-01  2.8684098764640065e-01  3.1242009113761704e-01  
q[127]: 1.2818754797850635e-03  5.8491824767745937e-01  3.8522768433435567e-01  3.9517900651928872e-01  
q[128]: 5.8725073903832868e-04  5.2544814654945970e-01  3.6033828301041204e-01  4.6172864067087299e-01  
q[129]: 1.3917171121425849e-03  5.2563360485571620e-01  3.2540360570940080e-01  1.7377971361409478e-01  
q[130]: 2.5394252061165990e-04  5.1191278852562638e-01  3.4286752417502986e-01  5.0758014616532787e-01  
q[131]: 6.2320756925159863e-04  5.5917367572212096e-01  3.7540229587288415e-01  3.8139005728821000e-02  
q[132]: 9.4640652216144755e-04  5.2921549589737471e-01  4.0591911051614304e-01  1.1501097930716533e-01  
q[133]: 1.0445138761362670e-03  5.1379036853873272e-01  3.8522729502702324e-01  2.4867507803541797e-01  
q[134]: 2.1932341937858272e-04  4.9199352927562945e-01  3.4400919585477246e-01  4.4782779241894621e-03  
q[135]: 5.4547978979104330e-04  4.9860319285104310e-01  4.1995799782749232e-01  3.5832009924148339e-02  
q[136]: 1.0190637865048326e-03  5.1520905970392150e-01  4.0307993646086504e-01  3.8915258292753557e-01  
q[137]: 1.1632953747201259e-04  5.0384105130222323e-01  4.6556888358249876e-01  5.8936430483052240e-03  
q[138]: 5.0422136610500689e-04  5.0152996817428053e-01  4.1658127815917928e-01  4.7310190028138421e-01  
q[139]: 1.6011552603536629e-04  4.9138211623084521e-01  4.8464421909660782e-01  4.0371143215783188e-02  
q[140]: 6.1470915560060116e-04  5.1140982609209407e-01  4.7661476432368743e-01  9.5645086805152921e-02  
q[141]: 3.0191742917634276e-04  5.2677177810829623e-01  5.2027260559801447e-01  1.6822788530759875e-01  
q[142]: 7.6414264306700480e-04  5.0851202288291464e-01  4.4109293724666415e-01  1.9354536148889587e-01  
q[143]: 7.6758792602972417e-04  5.8373655371918820e-01  5.5138270226136887e-01  2.7901030221606155e-01  
q[144]: 8.4574692306142328e-04  4.9543575631840764e-01  4.3855751277447858e-01  3.0458191685551822e-01  
q[145]: 3.4238895553818265e-04  5.2545360220538173e-01  5.1266979910620980e-01  3.7648250378413917e-01  
q[146]: 5.6841837791196290e-04  4.9964357508612262e-01  4.6054200941770096e-01  4.2243673230524070e-01  
q[147]: 1.2503978617174014e-04  5.2393014414911643e-01  5.2106126247847095e-01  4.7682127011121467e-01  
q[148]: 1.4733542933445008e-04  5.0413508990832712e-01  4.7849924666047644e-01  4.9626522108245269e-01  
q[149]: 6.9830445880531919e-05  6.3202663863079522e-01  7.3479386012070859e-03  7.5816165326184478e-03  
q[150]: 1.8499506951202434e-04  6.0128044374559175e-01  4.1759934350471886e-03  9.2637179098646369e-02  
q[151]: 8.7187348304453222e-04  6.0921383852290445e-01  6.8738122846822430e-02  1.0776884106293305e-01  
q[152]: 5.0612804531668856e-04  5.9930348425920554e-01  1.9720860907086767e-02  1.7747789504446670e-01  
q[153]: 7.4594064215314907e-04  5.8505318848418764e-01  4.8107960494028344e-02  2.4498244289606161e-01  
q[154]: 3.5770925129192000e-04  5.9113130780857492e-01  6.4553478097024823e-03  3.0883745968140508e-01  
q[155]: 7.1908038242139108e-04  6.3350934016407667e-01  7.4634652359549913e-02  3.3860897907779514e-01  
q[156]: 7.4609297293403007e-04  6.0921214062325868e-01  3.1737172919905056e-02  4.1490632230187319e-01  
q[157]: 8.0019644183832838e-04  6.2292051920081548e-01  1.0656466673101159e-01  4.0918823072521576e-01  
q[158]: 2.6929341466535456e-04  6.1506078874296533e-01  6.2346623981490374e-03  4.9803012903041194e-01  
q[159]: 1.0858676100856593e-04  6.1749286086089095e-01  1.0970922172649764e-02  6.0606921738948916e-01  
q[160]: 2.2443986136715685e-04  6.1227661027919789e-01  8.4034901010495669e-02  8.0026593588099649e-03  
q[161]: 4.3433984536847428e-04  6.2063940857485633e-01  3.2830544584122850e-02  4.2425246518419321e-02  
q[162]: 1.1615317695834635e-03  6.3702902673935191e-01  1.2258005366907608e-01  2.0069528720327282e-01  
q[163]: 4.8679054318636483e-04  6.0676193872809947e-01  3.8085900843658635e-02  5.5404910757302250e-01  
q[164]: 2.8726392242516317e-04  6.0428013287595528e-01  8.8548160842291973e-02  5.9359949349590935e-01  
q[165]: 5.1369534848024194e-04  5.9360485563225995e-01  1.1682386785071734e-01  4.0008515574059926e-02  
q[166]: 9.0893175611502484e-04  6.4005163795524445e-01  8.4197049351825426e-02  5.2812535201594535e-01  
q[167]: 7.1106950999111200e-04  6.3025081894645574e-01  1.4787690575442261e-01  5.8518236030807402e-01  
q[168]: 3.3440274229257742e-04  6.1237569085305787e-01  2.1210667932726918e-01  6.0469331799859871e-01  
q[169]: 1.0718456206162377e-03  6.3655088287168360e-01  1.7821874748767466e-01  8.8051867144942578e-02  
q[170]: 1.1295480116775218e-03  5.9440969582507186e-01  2.2242349001741449e-01  4.1299842746061977e-01  
q[171]: 6.8369709972450441e-04  6.7170757054557251e-01  2.6775472379683130e-01  5.7112175062736914e-01  
q[172]: 3.2836615855050304e-04  6.5988517904469013e-01  2.1504961584057938e-01  9.1192448345019054e-03  
q[173]: 8.7486569176315366e-04  6.0816313724156301e-01  2.6794805548057510e-01  3.6680205000160213e-02  
q[174]: 1.5099471857745279e-03  6.5525371682831679e-01  2.4897039728545717e-01  2.8000872693906137e-01  
q[175]: 6.7163772209111975e-04  6.2638844194178922e-01  2.9925102516298069e-01  5.8727374166274837e-01  
q[176]: 3.0095486567713797e-04  6.1264918200181362e-01  3.4525626368769502e-01  4.5020264995066298e-03  
q[177]: 1.3661656053699986e-03  6.9220967180968185e-01  2.7636779929004890e-01  4.3933487625600465e-01  
q[178]: 1.1284744998419436e-03  6.2213846943189033e-01  3.1677564732098984e-01  4.7849222670574176e-01  
q[179]: 7.6875343863785179e-04  7.2760133188945808e-01  3.2430932336129087e-01  1.6721097555550823e-01  
q[180]: 1.2512540051719922e-03  6.3316575282157550e-01  3.3892867689318334e-01  2.3192199978734065e-01  
q[181]: 9.5200199820114463e-04  7.1937124312893519e-01  3.9814750609990496e-01  2.6665445589817133e-01  
q[182]: 1.3590457451818189e-03  6.7343207548071149e-01  3.8586190042143970e-01  3.8055939780319564e-01  
q[183]: 3.1225953316206350e-04  6.3592791322058029e-01  3.7547695168822004e-01  6.2969353423632823e-01  
q[184]: 1.3540021321356167e-03  6.4922132532970622e-01  4.3511061412775381e-01  1.6855390716758972e-01  
q[185]: 1.5131738997425574e-03  6.2914094318225389e-01  4.4605613757502222e-01  2.9472007028152764e-01  
q[186]: 9.4693097752056885e-04  6.3994290040771207e-01  3.9760126341471397e-01  5.4973124995139611e-01  
q[187]: 7.4768323175802018e-04  6.2036945514756614e-01  4.4952765196902278e-01  5.8414690118612533e-01  
q[188]: 9.1813302702464718e-04  6.4609665856873688e-01  3.9060953030160200e-01  8.5346839147690937e-02  
q[189]: 1.2291298287930782e-03  6.6917030151042745e-01  4.8783152986660488e-01  4.9006430198938966e-01  
q[190]: 4.7442315111217455e-04  6.4206075155248987e-01  4.6843999437481726e-01  2.6463659573377225e-02  
q[191]: 6.5705049603806518e-04  6.1398324601074539e-01  4.8268074323697113e-01  8.8447112093693353e-02  
q[192]: 1.0427281604862050e-03  6.2345748567767389e-01  5.1925571825081884e-01  5.2381372585627806e-01  
q[193]: 2.6595521913122446e-04  6.0341264968775810e-01  5.0530084060875691e-01  7.6852972669160238e-03  
q[194]: 5.7788662370454624e-04  6.1744743416003955e-01  5.6603731933519519e-01  5.0230366668704743e-02  
q[195]: 9.5558807478575837e-04  6.2717811310839688e-01  5.1478600259853502e-01  2.2427551427019726e-01  
q[196]: 2.8208317194280031e-04  6.6459364611965910e-01  6.0250770219150263e-01  3.8154442870977973e-01  
q[197]: 1.2757608973880494e-03  6.1921545602277561e-01  5.1681087420653005e-01  3.7322036292306776e-01  
q[198]: 4.9183883748060643e-04  6.1658932805916467e-01  5.7365077316115376e-01  5.7200216437582596e-01  
q[199]: 2.6406633844668461e-04  6.0777622072505388e-01  5.1469219273467970e-01  6.0066436137609880e-01  
q[200]: 1.4590144972864480e-04  5.9469885289232538e-01  5.8130191611144655e-01  1.3162265624310741e-02  
q[201]: 2.1161491757736004e-04  6.1486512992639086e-01  6.0928193450507739e-01  8.6208792324183506e-02  
q[202]: 5.4058991551453165e-04  6.5082314064679825e-01  5.5050759048338715e-01  1.1623281170154830e-01  
q[203]: 5.4009624816461830e-04  6.4297132002427348e-01  6.1525378883801252e-01  1.5563011098104285e-01  
q[204]: 5.5680643038115234e-04  6.1083572501377514e-01  5.4694448848396837e-01  1.8197545548408384e-01  
q[205]: 3.2209853017793697e-04  6.6074031369774455e-01  6.5401088558216491e-01  2.5432567305105319e-01  
q[206]: 2.4930644285212994e-04  5.9875523641117001e-01  5.9384316893112554e-01  3.5573264729433612e-01  
q[207]: 8.0640592624525731e-04  6.2204598723045457e-01  5.7787486596068194e-01  4.5596737130981846e-01  
q[208]: 2.8914137616691958e-04  6.3155804563691309e-01  6.2246130661560239e-01  5.3094590154661669e-01  
q[209]: 9.2336583569275685e-05  6.1170600143808629e-01  6.0127913189141624e-01  6.0176690751130102e-01  
q[210]: 1.5513326848939292e-04  7.2916660584994653e-01  1.0631960771853468e-02  2.9152809525276924e-02  
q[211]: 3.0626339704965854e-04  7.1824703986967564e-01  1.0720001700569158e-02  1.0255809883203870e-01  
q[212]: 7.8955917404776373e-04  7.1114950671987442e-01  4.1967926576545488e-02  1.7416626879196997e-01  
q[213]: 2.2667360833834160e-04  6.9454083384124032e-01  3.3222704240314809e-03  2.3768946771264560e-01  
q[214]: 7.0402633180552117e-04  7.0144581021697361e-01  8.9755354789376851e-02  2.6311315131073482e-01  
q[215]: 7.9871794785921419e-04  7.1070445948822547e-01  3.0066100626125525e-02  3.2586213755124926e-01  
q[216]: 3.6632093128937304e-04  7.1214492157898479e-01  7.1573016701235587e-03  4.4011903414588510e-01  
q[217]: 1.1913743495978117e-03  7.3495808347085101e-01  8.3356328381032560e-02  4.2673028011463021e-01  
q[218]: 8.0975642648515179e-04  7.2297370706601261e-01  4.0106924573168050e-02  5.3332295489271875e-01  
q[219]: 2.5412112744688974e-04  7.2541484090431063e-01  8.7128852017003180e-03  6.1114316106150623e-01  
q[220]: 8.7935286724158689e-05  6.8756346142772395e-01  6.1740870173526115e-03  6.5023259507663145e-01  
q[221]: 1.8477939096398955e-04  7.1741807135725311e-01  5.5566448057558768e-02  6.7384869222720800e-03  
q[222]: 5.7390333265522992e-04  7.3767836800153652e-01  6.2084523838831576e-02  6.5487167900026094e-02  
q[223]: 1.2121210169521389e-03  7.2332330106187770e-01  1.6531740563825276e-01  3.2279989799682085e-01  
q[224]: 1.1822292969143134e-03  7.4322748667618455e-01  1.4553027496710114e-01  5.1599800755822633e-01  
q[225]: 4.6458963107563815e-04  7.2411933887083746e-01  4.1819113095572076e-02  6.6576204130285488e-01  
q[226]: 1.3666637136110907e-04  6.9520795551079251e-01  5.3320671433433400e-02  6.9049938644733788e-01  
q[227]: 5.5644256364459539e-04  7.0930554014594205e-01  1.2919002080808337e-01  3.7164404128882347e-02  
q[228]: 9.2170853764560981e-04  7.2641162133206538e-01  1.1766828686309738e-01  1.2281856871907001e-01  
q[229]: 8.8436422942913216e-04  7.7182994948197803e-01  1.0829335442531661e-01  2.4890343556919822e-01  
q[230]: 8.5176983938614105e-04  7.4744719408315052e-01  9.8702916826261797e-02  6.2971648566120098e-01  
q[231]: 5.5097704504104513e-04  7.2637481140863558e-01  1.1671448569199648e-01  6.9909572072431325e-01  
q[232]: 2.8663411515229397e-04  7.2290633227465040e-01  2.1123550698550633e-01  7.1762905443723490e-01  
q[233]: 5.2721098819408934e-04  7.5608723862575822e-01  2.0539981010387712e-01  1.1284650377348107e-01  
q[234]: 1.4827820930385196e-03  7.2492338474961293e-01  2.1381015898174857e-01  1.9154675844591812e-01  
q[235]: 1.0643624466233556e-03  6.7880323505756779e-01  1.7601015599536490e-01  5.1517603890512831e-01  
q[236]: 1.0477636282430918e-03  7.3613611569777293e-01  2.0074239191471810e-01  6.5775284816174828e-01  
q[237]: 2.1729101583958514e-04  7.3209996298166058e-01  1.6852629986952386e-01  8.7472033847043433e-03  
q[238]: 8.1895246624693262e-04  7.2714596611020865e-01  2.5558330241953936e-01  5.2711255272574212e-02  
q[239]: 1.0456551432194638e-03  7.5042820391155163e-01  2.1199880847266989e-01  4.0769184836602784e-01  
q[240]: 1.3611769223195566e-03  7.5274862360316175e-01  2.8818383063591457e-01  5.9239818583247073e-01  
q[241]: 8.3339878253769996e-04  7.2566957559437073e-01  3.0767360310673469e-01  6.9188023196305859e-01  
q[242]: 4.4596036549813742e-04  7.3852906391577589e-01  3.4741617699168553e-01  1.0900021980748216e-02  
q[243]: 1.2100482898639048e-03  8.2118386036705859e-01  3.3373655852744982e-01  1.4595286743121846e-01  
q[244]: 1.3858437516116630e-03  7.6121000510321812e-01  2.9920669303573277e-01  2.7950083780977708e-01  
q[245]: 9.6591115363803672e-04  7.2251880812151648e-01  3.3925373847933815e-01  9.4261940822791546e-02  
q[246]: 1.5092647322818083e-03  7.5396858305940528e-01  3.4656569557427097e-01  3.8803970335948562e-01  
q[247]: 1.5089880649427408e-03  7.3159724280936311e-01  4.0091982723970065e-01  5.1728932964209051e-01  
q[248]: 1.0948962130437334e-03  7.3465394436138054e-01  3.9723004711617288e-01  6.3214364800939393e-01  
q[249]: 3.2322022500951307e-04  7.3882663444082974e-01  4.0935212157063533e-01  7.3109162301731034e-01  
q[250]: 8.1976863441904726e-04  7.2041030078650181e-01  4.2944133034848980e-01  3.6702022645443019e-02  
q[251]: 1.1595440615849882e-03  7.6681377554093000e-01  4.2716106198704851e-01  2.0152344136509112e-01  
q[252]: 1.4463861760478608e-03  7.5928703529512709e-01  4.8517956948485913e-01  3.2182086184095821e-01  
q[253]: 1.3355625075696601e-03  7.3936836153172181e-01  5.0629450183395597e-01  4.3716925345086921e-01  
q[254]: 9.2824384376106290e-04  7.3576342178579079e-01  4.8455500172009891e-01  6.8498622777437912e-01  
q[255]: 4.0480444379975198e-04  7.2087068462796233e-01  5.5317677845422475e-01  7.0952572689140680e-01  
q[256]: 1.1865384299084641e-03  7.5634423006132145e-01  5.0092021526613129e-01  1.3187146104403480e-01  
q[257]: 1.4464323500364190e-03  7.3416375837722414e-01  5.6038069497600540e-01  2.2021522360916795e-01  
q[258]: 1.2266621131663087e-03  7.3271413217820602e-01  5.7696029220103318e-01  3.5560859873132789e-01  
q[259]: 1.0961507610391232e-03  7.5082730598220071e-01  5.2698497725733684e-01  5.8665164114928647e-01  
q[260]: 2.4431082489678784e-04  7.2593942372206754e-01  5.1878871285906736e-01  3.2784382382716635e-03  
q[261]: 5.2922219297006623e-04  7.2319165726562007e-01  6.2061625731959913e-01  2.6415731039619365e-02  
q[262]: 9.5114666899548015e-04  7.2882882148503902e-01  5.6080535979463975e-01  7.6057847538466367e-02  
q[263]: 1.0086527516634748e-03  7.3564045603234141e-01  5.9284035869812712e-01  6.3508963583231670e-01  
q[264]: 5.7403499686325239e-04  7.2165454390203598e-01  6.3369559295104705e-01  6.8025784034003711e-01  
q[265]: 1.3069159511619558e-04  7.0361899856742416e-01  6.6190070687658131e-01  3.6565999747836652e-03  
q[266]: 5.1582202956618672e-04  7.2845683551433726e-01  6.9245869544429806e-01  7.2169499520081601e-02  
q[267]: 6.8614725214729644e-04  7.8037978910188699e-01  6.7996749765657338e-01  2.7010063352697844e-01  
q[268]: 1.3938708767595933e-03  7.4021534034495573e-01  6.2505422674186562e-01  4.8423985894471161e-01  
q[269]: 4.1344499499820802e-04  7.3195928853872405e-01  7.0161369220524850e-01  6.4510019528508367e-01  
q[270]: 1.4531391199349694e-04  7.1353413033247837e-01  6.6856895648181025e-01  7.0875595250996848e-01  
q[271]: 1.2999458045917362e-04  7.1075760578648517e-01  7.0459918420942103e-01  2.7441919260169520e-02  
q[272]: 2.4268979753686376e-04  7.3974602900914832e-01  7.3371063565329153e-01  1.3746045285769204e-01  
q[273]: 9.6754755746707101e-04  7.3673051180478333e-01  6.4931907663180433e-01  1.4714041236767200e-01  
q[274]: 6.6985358088668769e-04  7.4982800530352611e-01  7.1934416144341651e-01  2.2953658707174057e-01  
q[275]: 1.0043648568684542e-03  7.0533720510809561e-01  6.3511433856430388e-01  3.0074805812211947e-01  
q[276]: 2.1376269324051696e-04  7.6247608099020292e-01  7.5995879471986305e-01  3.4513002821420236e-01  
q[277]: 7.2902358980671223e-04  7.1476423466552397e-01  6.8595729255969340e-01  3.9935450885247398e-01  
q[278]: 3.2030180035283977e-04  7.0296897853723694e-01  6.9454665061794374e-01  4.8678062917454984e-01  
q[279]: 9.3999735808749654e-04  7.3686342841195618e-01  6.7623797656480356e-01  5.7056151006326328e-01  
q[280]: 1.2022403540771756e-04  7.5085036546037720e-01  7.4594752473395509e-01  6.3531722278238345e-01  
q[281]: 1.4068178765857387e-04  7.1164367926388972e-01  7.0402514929120141e-01  6.8233286881234723e-01  
q[282]: 8.2821632564572227e-05  8.0553807017637258e-01  1.3001058647917740e-02  8.5446162076310631e-03  
q[283]: 1.7064596186150505e-04  8.2987078599334929e-01  4.8609815615895278e-03  8.3234415759641023e-02  
q[284]: 5.6175270535680595e-04  8.1662503375418838e-01  3.2820635835728681e-02  1.4902439992714736e-01  
q[285]: 2.9943751226393158e-04  7.9867978513608895e-01  6.8002506352348481e-03  2.3359760516925152e-01  
q[286]: 8.5030344203344799e-04  8.1133192170788782e-01  4.4918090101297749e-02  3.1560241536082040e-01  
q[287]: 3.7641947227022392e-04  8.0957112079874938e-01  8.7907306142427852e-03  4.0775766705871846e-01  
q[288]: 7.2806029821023742e-04  8.1855329766883178e-01  3.2973104146617152e-02  5.2773022321333651e-01  
q[289]: 2.2149633050342450e-04  8.1129732134959920e-01  4.1395482076058455e-03  6.1192029888472821e-01  
q[290]: 5.2095749472125784e-04  8.2342618351224095e-01  3.2873374786666638e-02  7.0701478910826898e-01  
q[291]: 1.5015268976361054e-04  8.2269313132136568e-01  7.2893726365713552e-03  7.6501082644842777e-01  
q[292]: 1.0869325630745734e-04  7.6159121015000486e-01  1.1109553548092423e-02  7.4764277143272462e-01  
q[293]: 1.6603113252640128e-04  8.1408331378711563e-01  9.3510912694964490e-02  6.9915771634178545e-03  
q[294]: 3.6186100164673282e-04  8.2362394325926269e-01  4.4778476611072301e-02  4.2630777059380613e-02  
q[295]: 7.4019923069051409e-04  8.2471369953276674e-01  9.2183144701661834e-02  1.9812226704647820e-01  
q[296]: 1.1150058575509301e-03  8.2915731528659031e-01  8.9326322577802222e-02  4.4103242267450288e-01  
q[297]: 9.8311937064569878e-04  8.2820456912708718e-01  8.5054652047416232e-02  6.3050669774971657e-01  
q[298]: 4.3158494279011810e-04  8.2428287266567601e-01  6.6427961734975435e-02  7.8686653711064780e-01  
q[299]: 8.3695599340388250e-05  7.9975620395240277e-01  5.4872595294308803e-02  7.9686488721355764e-01  
q[300]: 5.2787450269981451e-04  8.1729599153887222e-01  1.5423636093659965e-01  3.1111631316278355e-02  
q[301]: 7.1594698371677120e-04  8.3897612277223221e-01  1.0378116201163408e-01  9.6887041990220593e-02  
q[302]: 7.1267278950981736e-04  8.2651419853465347e-01  1.3762582009689966e-01  7.4827757141487028e-01  
q[303]: 3.0392534820744376e-04  8.2003908097613365e-01  1.5673749567679912e-01  8.1067695459965872e-01  
q[304]: 7.0889674314516074e-04  8.1400153277032727e-01  1.8766250687731292e-01  1.1277372639197723e-01  
q[305]: 1.0091033061442227e-03  8.3061898136803580e-01  1.9111910252253980e-01  2.1269371369439016e-01  
q[306]: 1.2770744816221658e-03  8.4051207489531932e-01  1.6341872705587726e-01  5.4649194676104074e-01  
q[307]: 8.3514747052226064e-04  8.1717138234714115e-01  1.9153765375519613e-01  6.4573268272321693e-01  
q[308]: 7.3481861398684675e-04  8.3956954058130995e-01  2.3421390477139312e-01  7.1137046307749141e-01  
q[309]: 7.7858083896550651e-04  8.2211976819306565e-01  2.5383537511261667e-01  7.8421675724141460e-01  
q[310]: 2.3464058064158943e-04  8.0794407231806264e-01  2.5618365686861472e-01  4.9688899031348479e-03  
q[311]: 6.6232931721724414e-04  8.1340629453709556e-01  2.6650043890258007e-01  5.4945188673604699e-02  
q[312]: 6.0755450176865641e-04  8.4707353561884058e-01  3.1047041357065480e-01  1.9896706684043372e-01  
q[313]: 1.1837548423013690e-03  8.3469227990392170e-01  2.6297726542586625e-01  2.8938422367006100e-01  
q[314]: 1.3431772613683539e-03  8.1950613607764988e-01  1.6638680589058832e-01  3.5994873980375414e-01  
q[315]: 1.5445870318270731e-03  8.3932521417601358e-01  2.8064494384438288e-01  4.5075184438124044e-01  
q[316]: 1.0177687323213319e-03  7.8810303412019478e-01  2.5639213601830180e-01  5.1363782066843366e-01  
q[317]: 1.2372171095089432e-03  8.4984899267140213e-01  3.2069840167150182e-01  6.4325643370256369e-01  
q[318]: 2.9809454060459483e-04  8.2250082658164747e-01  3.4691678928553488e-01  8.1681356091363178e-01  
q[319]: 6.2529814970011259e-04  8.3516517712140070e-01  3.7696619963532446e-01  2.9771725927686715e-02  
q[320]: 1.5018493767267364e-03  8.2108612976893580e-01  3.9464046701704697e-01  5.4543357327853481e-01  
q[321]: 1.2900477151991780e-03  8.2280025294661285e-01  3.6938855764618117e-01  7.3347573720668457e-01  
q[322]: 1.0439940869079538e-03  8.2153498305519890e-01  4.3326188561922357e-01  9.0743977062502618e-02  
q[323]: 1.3217161779517819e-03  8.4539303582146297e-01  4.5188857135646238e-01  2.4494743858533730e-01  
q[324]: 1.4735883245187969e-03  8.4348064155595681e-01  3.8647626119291323e-01  3.4660889557310975e-01  
q[325]: 1.3423221963943131e-03  8.2259786931404177e-01  4.6101805114465699e-01  4.3887285894168726e-01  
q[326]: 1.4468831424249116e-03  8.2523550717495420e-01  5.5305561979528761e-01  5.4512130815765214e-01  
q[327]: 2.9544338452837225e-04  8.3022699140922207e-01  4.8936409661795716e-01  6.1420991889354288e-03  
q[328]: 7.1102599356455084e-04  8.4532014327348282e-01  5.3662828070488022e-01  2.0381691044497174e-01  
q[329]: 1.5473980658443128e-03  8.3534135309096624e-01  5.8972044026160952e-01  3.0509539103227656e-01  
q[330]: 1.1251800562716682e-03  8.6390849735737629e-01  5.4266849871244871e-01  4.1771663820749155e-01  
q[331]: 1.4831743236643038e-03  8.2785859496636893e-01  4.8248124427041378e-01  6.6343311905390756e-01  
q[332]: 7.8687207287670119e-04  8.2810442515558680e-01  4.7210608973891760e-01  7.9463124139307695e-01  
q[333]: 2.7915003681183676e-04  8.2068662904039313e-01  5.7413515776063018e-01  8.1436602958171667e-01  
q[334]: 6.1086179805368019e-04  8.1299720834861999e-01  5.1916311858878672e-01  5.2109486558236238e-02  
q[335]: 7.5439015951586706e-04  8.4008497318436093e-01  5.9427873193854874e-01  1.2244116302995520e-01  
q[336]: 1.1675245982468798e-03  8.2897995086757781e-01  6.5795862685698847e-01  1.8677586307630559e-01  
q[337]: 9.2932600518986813e-04  8.2928438417974437e-01  6.8570018956936940e-01  3.6419118069820011e-01  
q[338]: 1.2825551045007571e-03  8.2725615054391977e-01  6.5564791001744560e-01  6.2807134515199092e-01  
q[339]: 1.0814316494505629e-03  8.2972284423429932e-01  5.8487625854182068e-01  7.3995415341203341e-01  
q[340]: 4.9759136781490215e-04  8.1353571970597183e-01  6.0682252560037930e-01  2.2632813780577406e-02  
q[341]: 6.9476227426037290e-04  8.2817325433587596e-01  6.8413887395352413e-01  7.1228819732844451e-02  
q[342]: 4.4490899077185918e-04  8.1101671002223463e-01  7.2260054235751847e-01  1.0633210789428940e-01  
q[343]: 1.2813941926308164e-03  8.2989402813749324e-01  6.4415576409255804e-01  4.6535431661419152e-01  
q[344]: 9.0673491289499622e-04  8.3131171993872943e-01  7.3066015411870200e-01  7.1725843029563174e-01  
q[345]: 6.1876228886926490e-04  8.2333083029620280e-01  6.6425444580763782e-01  7.8593234930014055e-01  
q[346]: 1.8935588896384399e-04  8.1627168708483167e-01  7.0881232366718772e-01  5.1702529447420391e-03  
q[347]: 3.7406445121741479e-04  8.1622780317290033e-01  7.6381896764652657e-01  3.5539547455770051e-02  
q[348]: 8.9830646668880693e-04  8.5048413581516369e-01  7.6232452226428726e-01  2.5207410830034771e-01  
q[349]: 9.3750535797516225e-04  8.0977934767711612e-01  7.3883796591648565e-01  4.1939907651646624e-01  
q[350]: 9.3978259791957898e-04  8.3911366292230016e-01  7.4865715572172042e-01  5.6844097961427731e-01  
q[351]: 4.2118137344649093e-04  8.1560705219264917e-01  7.7120481905585636e-01  7.6736921036091543e-01  
q[352]: 2.0036160539560764e-04  8.1156917940018003e-01  7.1892023583913967e-01  8.0438780195849291e-01  
q[353]: 9.7016047091858171e-05  8.0713032622847325e-01  7.9337258443955438e-01  9.4220161694046935e-03  
q[354]: 2.0978902660880993e-04  8.2665983391768572e-01  8.1873449810140486e-01  7.6468314027146406e-02  
q[355]: 6.0847789361200867e-04  8.3496837617730690e-01  7.9484439090708470e-01  1.5238034387909358e-01  
q[356]: 2.4984350683752141e-04  8.3350014258836680e-01  8.2642633617065187e-01  2.2548471504949327e-01  
q[357]: 6.1655666202459919e-04  8.2909328149534323e-01  7.9971188797177817e-01  3.3827004419262136e-01  
q[358]: 2.1969089091965303e-04  8.3177644637694614e-01  8.2505382383198522e-01  4.7251723807359214e-01  
q[359]: 4.7765221628983913e-04  8.0617048176376260e-01  7.7488419154548371e-01  5.1281512277668595e-01  
q[360]: 2.2766728927383788e-04  7.9837894895541239e-01  7.8990324516371557e-01  5.8564277786345087e-01  
q[361]: 5.6691495230823006e-04  8.4016953667288208e-01  8.0485650442938883e-01  6.6928624554480565e-01  
q[362]: 1.6827811130587123e-04  8.3487360617021122e-01  8.2948980147526574e-01  7.4481747423969191e-01  
q[363]: 1.0332003569176571e-04  8.0593164696127706e-01  7.9425792991367816e-01  7.9374919754135398e-01  
q[364]: 9.5742395963053123e-05  8.9186871728837647e-01  1.0479478759056150e-02  1.7355814316271978e-02  
q[365]: 1.3232988995411514e-04  9.1232985607212047e-01  7.6349082157320643e-03  9.9282149858121782e-02  
q[366]: 3.6921300495131238e-04  8.9913620602003053e-01  3.1980500267159609e-02  1.5707878927684321e-01  
q[367]: 1.9776171253632269e-04  8.9003758772452612e-01  5.4426423203176380e-03  2.3861743805860114e-01  
q[368]: 3.7470873007822234e-04  8.8510993180171371e-01  4.8878588831421918e-02  2.7179929437726574e-01  
q[369]: 4.2782521313364507e-04  8.9213754704215387e-01  1.7487708714536292e-02  3.6872130803297060e-01  
q[370]: 1.8587705329373798e-04  8.9270813347931421e-01  3.6045797464883361e-03  5.1398253433665841e-01  
q[371]: 4.9469523883620566e-04  8.9699196679755266e-01  3.3377074407363531e-02  5.9265013356157348e-01  
q[372]: 2.2309032384342737e-04  8.9552564929913892e-01  8.6110891446463961e-03  6.9223955662100278e-01  
q[373]: 3.5364121569602064e-04  9.0084010780964052e-01  3.5836911676495914e-02  7.6203260247564908e-01  
q[374]: 1.1021890524296290e-04  9.0497106701628449e-01  4.0313308961142857e-03  8.2854793111124914e-01  
q[375]: 1.0967244084117345e-04  8.7092503938320054e-01  1.6342145245645909e-02  8.5985347820352664e-01  
q[376]: 1.1448419413203947e-04  8.8770008909779530e-01  7.0660882328840741e-02  4.2003186370825124e-03  
q[377]: 2.9635004581858321e-04  9.0255104731388314e-01  4.5112093288732072e-02  5.2750661184884515e-02  
q[378]: 1.0878934091135969e-03  8.9032705963486103e-01  1.1753841840892863e-01  3.1143442327086690e-01  
q[379]: 8.2356321801117663e-04  9.0529380222313360e-01  6.1084886522494039e-02  4.5747725885706314e-01  
q[380]: 7.2725062028658894e-04  9.0719072608215490e-01  8.7452959455171342e-02  6.7501012061752008e-01  
q[381]: 3.5255812698034437e-04  9.0969446371525131e-01  5.1074094359989226e-02  8.5966998102710646e-01  
q[382]: 1.8488131205826759e-04  8.9844395358408624e-01  9.8088260997618679e-02  8.9023192212005320e-01  
q[383]: 4.7393079364737472e-04  9.0534610123021786e-01  1.4358425413987091e-01  3.5536497688586750e-02  
q[384]: 1.2937887061278332e-03  9.0249321475591349e-01  1.9742525837505431e-01  4.1179427781058009e-01  
q[385]: 9.4105213046790726e-04  9.0929940379544005e-01  1.2927070124859041e-01  5.4661471611589729e-01  
q[386]: 6.1912299323660706e-04  8.9091178147141137e-01  1.1161687739503952e-01  7.7849890562177848e-01  
q[387]: 5.5839087975212800e-04  9.0231614981538966e-01  1.7513226884637015e-01  8.6029673778698068e-01  
q[388]: 2.3975033948367544e-04  9.0004330985755643e-01  2.5530222951983450e-01  8.9326499124484748e-01  
q[389]: 9.2572453166397375e-04  8.8839764451163605e-01  2.5066916695287128e-01  8.3395459267747163e-02  
q[390]: 1.1129329465228771e-03  9.0285074481060090e-01  1.8194384650964662e-01  1.8156762484463243e-01  
q[391]: 8.1490616703466692e-04  9.1038893124568243e-01  2.7952650492138414e-01  5.0124167285784826e-01  
q[392]: 4.3240024021805752e-04  9.0281101513332529e-01  1.8175189772452244e-01  6.6352286354419532e-01  
q[393]: 9.0231291105610030e-04  9.1172925171004171e-01  2.0167677808970577e-01  7.4288819486464042e-01  
q[394]: 9.0384358327440630e-04  9.0325992720576342e-01  2.9050175050030247e-01  8.1707612291969511e-01  
q[395]: 2.4710270835357016e-04  8.8943637161078659e-01  2.1762321454103412e-01  9.5693379150538424e-03  
q[396]: 4.8145131261327547e-04  9.0877233058448115e-01  3.4238729132403573e-01  3.1678278715586053e-02  
q[397]: 1.0397582847008627e-03  9.0309462554622899e-01  3.5327275750577941e-01  1.5253222936999170e-01  
q[398]: 1.3764334083344104e-03  9.1306928039302560e-01  2.7973962809159775e-01  2.8502761639414015e-01  
q[399]: 7.1522197065439469e-04  8.9070527635590802e-01  2.4964240769079069e-01  5.8412948895695893e-01  
q[400]: 1.0219568983882430e-03  9.2100124420461560e-01  3.1344067549979637e-01  6.6163938316696769e-01  
q[401]: 1.1177932596276674e-03  9.0610913284836059e-01  4.0245090625757135e-01  7.4968921923654175e-01  
q[402]: 5.6659692271579434e-04  9.0132421345857738e-01  3.8198217432263787e-01  8.7379401000066248e-01  
q[403]: 9.9945932737126840e-05  8.8392126293884721e-01  3.4341301239044508e-01  3.7278933334727303e-03  
q[404]: 1.2382866798435345e-03  9.1042507314853371e-01  3.7311000435453590e-01  3.8323581456629846e-01  
q[405]: 1.0509235216184915e-03  8.9879190691885735e-01  3.9853438827865922e-01  5.1215246797455183e-01  
q[406]: 8.1316560885319174e-04  8.9690973846539157e-01  4.3895894185566853e-01  5.9309319763193735e-01  
q[407]: 1.0838794581117628e-03  9.0259626348622923e-01  5.1728486671700669e-01  6.6242085300527465e-01  
q[408]: 7.9087946436296646e-04  9.0534233109686901e-01  4.8498369030299704e-01  8.3014235580169504e-01  
q[409]: 8.6756473569350474e-04  9.0583722985347814e-01  4.5080372767588578e-01  7.7577113901763570e-02  
q[410]: 1.2456771642967062e-03  9.1525493088460130e-01  4.4804090435861482e-01  2.4160095564007655e-01  
q[411]: 1.1619298951882277e-03  9.1555272541308108e-01  5.3243733389336501e-01  3.5789715304502984e-01  
q[412]: 1.1113513930290371e-03  9.1928426494330207e-01  5.2748121424691041e-01  5.0320646358885401e-01  
q[413]: 1.3341400013528993e-03  9.0357416767196130e-01  6.2941424468202101e-01  5.8513903744063600e-01  
q[414]: 8.0250041292807774e-04  9.0067757735177834e-01  5.7068034057063821e-01  7.6567117299460785e-01  
q[415]: 2.0531481831433332e-04  8.9884701359187080e-01  5.0489211112762711e-01  8.9465163236095724e-01  
q[416]: 4.6082216548429023e-04  9.0443287853176524e-01  5.6398668868490265e-01  3.0235027172347582e-02  
q[417]: 1.0596170464287266e-03  8.9567957383856212e-01  5.4167870851424293e-01  1.4419055212518128e-01  
q[418]: 1.0132777150767441e-03  9.1706393106919004e-01  6.2755228493081205e-01  2.7952065558917522e-01  
q[419]: 1.1262503578785745e-03  9.1436599675780417e-01  6.7371145642844188e-01  4.3624996011388356e-01  
q[420]: 7.8490498037141177e-04  8.9684997756914686e-01  6.6293787403824811e-01  7.0878743926147858e-01  
q[421]: 5.4684546662293063e-04  9.0400996992423310e-01  6.1211129728932212e-01  8.6216974024940196e-01  
q[422]: 1.3696293598136183e-04  9.0271061097826588e-01  6.3416252453751121e-01  8.8903029560514479e-01  
q[423]: 4.9304627330881939e-04  8.9265845566599256e-01  6.2410236057817081e-01  5.7500568251667071e-02  
q[424]: 7.0884136294851801e-04  9.0925548061623651e-01  6.7906192391059672e-01  1.9537807621742062e-01  
q[425]: 9.4814130724017612e-04  9.0071280150295707e-01  7.3150077447996475e-01  3.2644831536342045e-01  
q[426]: 8.4101910914820223e-04  9.1166286211697267e-01  7.5669296851470447e-01  6.7953794927878319e-01  
q[427]: 7.4034537823596902e-04  9.0487441754208564e-01  7.1736772969761464e-01  8.1410839654583944e-01  
q[428]: 2.0948851747879730e-04  8.9405073010563596e-01  6.7754620802940169e-01  5.7616432344824511e-03  
q[429]: 4.0646305042063791e-04  8.9924149549392884e-01  7.6913148108513052e-01  2.8648009283267977e-02  
q[430]: 5.5748857722689115e-04  8.9412865700317035e-01  7.8901031648418030e-01  1.2833678203860957e-01  
q[431]: 1.0761686546822697e-03  8.9926573987428826e-01  7.5100183273734644e-01  5.1765948486289015e-01  
q[432]: 6.1949620806150030e-04  9.1224374767792449e-01  8.1833113223065979e-01  7.7054876780357051e-01  
q[433]: 3.9111887313692531e-04  8.9952015476348945e-01  7.9468578176623239e-01  8.6156257204412623e-01  
q[434]: 2.2001747954612132e-04  9.0030587253834748e-01  7.2312267925975626e-01  8.9105169797495043e-01  
q[435]: 1.0082740386709072e-04  8.9504154726305563e-01  8.4618667031475248e-01  4.3164336762110730e-03  
q[436]: 2.8445287615859905e-04  8.9618078954315594e-01  8.3381841800603473e-01  5.4432303026202972e-02  
q[437]: 6.1058905432894502e-04  9.1501899917325002e-01  7.7552723711875848e-01  2.1852161534687656e-01  
q[438]: 9.4320265158527768e-04  9.0229570354003152e-01  8.2214984624989851e-01  4.0758187394939854e-01  
q[439]: 6.5553133346579371e-04  9.0601284221003620e-01  8.3531363749399290e-01  6.0818332027548749e-01  
q[440]: 3.2308669382037544e-04  9.0142389234120757e-01  8.6130719634756303e-01  8.3264791035545849e-01  
q[441]: 1.0230726135285088e-04  8.8516032100921360e-01  8.3270233515122416e-01  8.8033551062246573e-01  
q[442]: 9.6371876910595925e-05  8.9706122111723052e-01  8.8921939002478290e-01  2.3297195437830088e-02  
q[443]: 2.6544850232324756e-04  9.0501016094333553e-01  8.7999713901867249e-01  9.1599901250599775e-02  
q[444]: 3.8760802228238699e-04  9.2494292542292378e-01  8.6202558329548518e-01  1.7758809131219122e-01  
q[445]: 1.8039079889246219e-04  9.0688566650470837e-01  9.0084767630226770e-01  1.7427446305147543e-01  
q[446]: 5.8278382989853826e-04  9.0877591930120949e-01  8.7325020478344861e-01  2.7809995811873445e-01  
q[447]: 2.0172457073555099e-04  8.9490913047542997e-01  8.9066080287557114e-01  3.6952321001540833e-01  
q[448]: 5.7372390466742761e-04  8.9747301426373738e-01  8.6978663015249946e-01  5.0127074434141794e-01  
q[449]: 2.1052850750660282e-04  8.9379579408808429e-01  8.8892534341672347e-01  6.2836566211516809e-01  
q[450]: 3.5341236932202088e-04  9.1091057890671068e-01  8.7668565615085370e-01  7.1064566424897635e-01  
q[451]: 1.5549329792410689e-04  9.1039776865810240e-01  9.0185329050861240e-01  7.8760301834703683e-01  
q[452]: 1.0088098136556185e-04  8.9572176239388523e-01  8.8643455067200716e-01  8.7393817585096889e-01  
q[453]: 6.9529230845846620e-05  9.5477363223252942e-01  1.7504204750193483e-02  1.1602518138240842e-02  
q[454]: 6.7471084394368682e-05  9.6005417288495554e-01  4.0006611591291786e-03  6.9277820049051850e-02  
q[455]: 3.0546545197164391e-04  9.6269138885363459e-01  3.1899338855190702e-02  1.5255261369342327e-01  
q[456]: 1.4882491238399242e-04  9.5543279867421493e-01  6.5944335251329504e-03  2.3849563673804677e-01  
q[457]: 5.0616338597077759e-04  9.5359904183330535e-01  4.6280395258402642e-02  3.1923237741738725e-01  
q[458]: 1.9682513256927031e-04  9.5488264377845522e-01  9.8948892536257823e-03  4.0322787751310385e-01  
q[459]: 1.7956965935079730e-04  9.5444063855482497e-01  1.0809409659592409e-02  5.3622751532768920e-01  
q[460]: 3.1510169437320160e-04  9.5397016980881677e-01  3.5055814515241653e-02  6.2613952923315630e-01  
q[461]: 1.3393280819379308e-04  9.5809377485344527e-01  5.0450333969639808e-03  7.0899842106832711e-01  
q[462]: 3.1534108191669176e-04  9.5700537819892995e-01  3.1839867579474032e-02  8.0213024571811409e-01  
q[463]: 8.2894087104399509e-05  9.6340770251979535e-01  5.9160915401505355e-03  8.8013781138402003e-01  
q[464]: 8.0305429916949857e-05  9.4480012580593264e-01  1.4353613761488242e-02  9.3083203958681981e-01  
q[465]: 1.0017017538925157e-04  9.4798082520778171e-01  8.9169325914791264e-02  7.3418441684135081e-03  
q[466]: 2.4106285517093204e-04  9.6026879827785461e-01  5.5894206513381610e-02  5.2743206278240966e-02  
q[467]: 3.9486194589443053e-04  9.1131450526298241e-01  7.4017652021000260e-02  2.1498335465439877e-01  
q[468]: 4.3315230008212957e-04  9.6639038687670853e-01  6.0490646434070837e-02  4.9689035427506534e-01  
q[469]: 4.7251342484761388e-04  9.6161890537567418e-01  8.9344857209693526e-02  7.2954843255025903e-01  
q[470]: 2.0656169230496963e-04  9.6985928539397170e-01  5.2489734795171911e-02  9.2166403405224018e-01  
q[471]: 7.3161469382535267e-05  9.5566438140570509e-01  8.0536771779482874e-02  9.5145503138778831e-01  
q[472]: 2.4670913693655884e-04  9.6638633368517590e-01  1.5768565469587237e-01  2.7886148383028109e-02  
q[473]: 5.4087835729501319e-04  9.1234336620382794e-01  1.0066976966114294e-01  1.1021485849589538e-01  
q[474]: 3.7644784804785836e-04  9.6571633125967205e-01  1.1552617976774369e-01  1.1672216846852150e-01  
q[475]: 7.3183062742378365e-04  9.5351128668832785e-01  1.2394064872508674e-01  4.0308012536972254e-01  
q[476]: 2.4330518977452108e-04  9.6492204247808366e-01  8.7192019549253347e-02  6.3301791411873454e-01  
q[477]: 4.9651003705836964e-04  9.5224165933345595e-01  1.1196014614619615e-01  8.4803097029347663e-01  
q[478]: 2.8308871654161703e-04  9.5912677194419538e-01  1.5613677363655254e-01  9.2968168665553663e-01  
q[479]: 1.2044297585191200e-04  9.5972866940179591e-01  2.4030052818893224e-01  9.5399732904948475e-01  
q[480]: 5.5266656186512338e-04  9.5033846213656081e-01  2.1251533665595373e-01  9.1911518084973678e-02  
q[481]: 4.4053004845721574e-04  9.6922587769509794e-01  2.1457660851847563e-01  1.9689459883212557e-01  
q[482]: 5.2898903497111292e-04  9.5254641444099541e-01  1.8165884396191559e-01  2.7696086113980362e-01  
q[483]: 4.2097108851378085e-04  9.6572897049444739e-01  1.4133177147042159e-01  5.4370043683929770e-01  
q[484]: 7.1571858070452869e-04  9.5259991972563696e-01  1.9143278116299137e-01  6.1040136124303079e-01  
q[485]: 3.9243093329322540e-04  9.6654376981027867e-01  1.8649262559238658e-01  7.9658824874674117e-01  
q[486]: 5.3607126810064807e-04  9.5964862617057411e-01  2.4887156761079562e-01  8.7505473381468835e-01  
q[487]: 3.6764354028934919e-04  9.5859470004892466e-01  3.3981750720827819e-01  9.2582427102386056e-01  
q[488]: 1.2479944555406753e-04  9.5145540186730571e-01  2.4232184788327085e-01  3.8522677463289795e-03  
q[489]: 4.3132446752310348e-04  9.5853961800025678e-01  3.0657871990873004e-01  4.4943780625910472e-02  
q[490]: 8.1225197388021698e-04  9.5608851255646354e-01  3.1803367628966611e-01  1.6898099259913515e-01  
q[491]: 8.5662898198730615e-04  9.6815253667804280e-01  3.4700163705134673e-01  3.1186389162559647e-01  
q[492]: 5.9589300581939337e-04  9.6537222697943037e-01  2.2246203800355918e-01  3.6737750114594381e-01  
q[493]: 1.0624284542679985e-03  9.6027513929796726e-01  2.7810743951837918e-01  4.9441344847022017e-01  
q[494]: 6.5993120719293576e-04  9.7136578620434766e-01  2.8771680208413908e-01  6.9866083549558411e-01  
q[495]: 4.2623258023917400e-04  9.6340620470544980e-01  3.9931560286321172e-01  8.0673591688344193e-01  
q[496]: 1.1985225980642302e-04  9.5663251266687765e-01  4.2701930790286263e-01  9.5297950824626643e-01  
q[497]: 2.1163424393993459e-04  9.6124140279898163e-01  4.1560204835459025e-01  1.0707968614273406e-02  
q[498]: 6.8986403892445046e-04  9.6209298677247712e-01  4.3004720156370935e-01  9.9470712096560651e-02  
q[499]: 1.0307007807057653e-03  9.5917766441525698e-01  4.2542181567684523e-01  4.2765196227976082e-01  
q[500]: 1.0720929810299070e-03  9.5885883838850361e-01  3.9866516181592998e-01  6.0694825316348500e-01  
q[501]: 1.0009848370082129e-03  9.5817803739087781e-01  4.9952422303686461e-01  7.2504605211232809e-01  
q[502]: 5.8186327214182769e-04  9.6211912933068466e-01  4.5766144636452694e-01  8.8679016669848210e-01  
q[503]: 4.2943850047836505e-04  9.6207526791897024e-01  5.4080745927766349e-01  4.1242708065660549e-02  
q[504]: 9.2534056389607640e-04  9.6505145742305543e-01  4.8098919895874021e-01  2.3628460508520616e-01  
q[505]: 8.9187657777923396e-04  9.6588944476465821e-01  5.7034750609706353e-01  3.6545325896738834e-01  
q[506]: 8.8130164678758792e-04  9.6639485665174663e-01  5.3754230903393851e-01  5.5253824618227831e-01  
q[507]: 9.1152325671008951e-04  9.6049215727605819e-01  6.3470666375604445e-01  6.6339173855702349e-01  
q[508]: 6.8806416294877660e-04  9.6072068719874659e-01  5.8960686233542570e-01  8.3923532355329877e-01  
q[509]: 3.5803834854229548e-04  9.5764807232194415e-01  5.5863293539582104e-01  9.3522243665914884e-01  
q[510]: 2.0510116662849417e-04  9.1238384860986788e-01  4.7674979737238321e-01  6.7101725579803272e-03  
q[511]: 6.9979855292629119e-04  9.5521102462607976e-01  5.8102501314253985e-01  1.3877419560388179e-01  
q[512]: 4.0345632074458021e-04  9.5299418919802137e-01  6.2404558099760432e-01  1.9423440196226419e-01  
q[513]: 7.2810889217356527e-04  9.6812799745787192e-01  6.8851180369291820e-01  2.9184733243130873e-01  
q[514]: 9.1551508664481382e-04  9.6315410399413748e-01  6.7026439340280697e-01  4.9220520341279461e-01  
q[515]: 5.3960492579732894e-04  9.4998457862132046e-01  6.6830466435870839e-01  7.7735582788897573e-01  
q[516]: 3.5767880172396228e-04  9.6094015304036362e-01  6.8522913596624957e-01  9.0957478986995166e-01  
q[517]: 1.1283922571737012e-04  9.6110366083635157e-01  7.0018222041048561e-01  9.5804335865466062e-01  
q[518]: 5.1087160451029163e-04  9.5920004504328660e-01  6.7898525756553907e-01  7.1222963539005257e-02  
q[519]: 6.8335056219151122e-04  9.1254803348811497e-01  7.1254665626023517e-01  9.6710274579242028e-02  
q[520]: 6.2300650505408390e-04  9.6535900590470203e-01  7.6525227283685937e-01  1.6178663538721977e-01  
q[521]: 3.1624941408522932e-04  9.6668262050311948e-01  7.9658619164877764e-01  2.5368302888352062e-01  
q[522]: 7.8383771404900158e-04  9.6163983079831183e-01  7.7227908468724493e-01  4.0423575102114162e-01  
q[523]: 8.5599596226046772e-04  9.5781863192489802e-01  7.6448882381437622e-01  6.1160980534598952e-01  
q[524]: 5.9531180250406586e-04  9.6758836707340279e-01  7.6231380775388402e-01  7.6862222854805751e-01  
q[525]: 3.3214856132509469e-04  9.5738632348739172e-01  7.5649473942793166e-01  8.7557091567327539e-01  
q[526]: 1.6586839963552745e-04  9.5421063702944098e-01  6.6260763510101828e-01  7.2740106369920563e-03  
q[527]: 3.1594564631368344e-04  9.5931264160153573e-01  7.7937561821160128e-01  2.8347025675435750e-02  
q[528]: 4.7817344872956146e-04  9.5826280694937149e-01  8.5033382389392032e-01  9.1252374679495693e-02  
q[529]: 5.1747451485206005e-04  9.4901062045475648e-01  8.3719645416292088e-01  3.2934775701016394e-01  
q[530]: 6.5865448740578788e-04  9.5826713358613613e-01  8.4705825620425812e-01  5.2838861659071568e-01  
q[531]: 4.0590697408642457e-04  9.6364969384950538e-01  8.4614556370747529e-01  8.4984879778583888e-01  
q[532]: 2.5055739872816864e-04  9.5879918074295800e-01  8.1383993546707867e-01  9.3646103274990700e-01  
q[533]: 8.6677555096744229e-05  9.5399514974704824e-01  8.5383717915512136e-01  3.5827722375800829e-03  
q[534]: 2.0566152605213295e-04  9.5721666262548610e-01  9.1077582157136761e-01  3.6677644454930013e-02  
q[535]: 3.4963648771556283e-04  9.6684104303316409e-01  8.7757481493541478e-01  2.3122361203473174e-01  
q[536]: 3.6626072607853544e-04  9.6371836535818101e-01  9.0605654951465342e-01  4.7073833348870792e-01  
q[537]: 5.5367128161489735e-04  9.6264130746784338e-01  8.6414092171289481e-01  7.1400754134226485e-01  
q[538]: 2.3858952233247988e-04  9.5903380624757695e-01  9.0284254351630533e-01  9.0842208975549676e-01  
q[539]: 6.1879436567584744e-05  9.4881680542445557e-01  8.7975229602586402e-01  9.4547313757077978e-01  
q[540]: 4.1899700761543004e-05  9.5944708976536630e-01  9.4783534983303708e-01  9.2249127805621913e-03  
q[541]: 9.1443467430029807e-05  9.5573942888403318e-01  9.5017558414963155e-01  8.1577864498896452e-02  
q[542]: 2.9299234150695049e-04  9.6674562588230828e-01  9.3371529470311776e-01  1.5456705951438549e-01  
q[543]: 1.5936067917294880e-04  9.6127493778305206e-01  9.5433974239390129e-01  2.6114768691790108e-01  
q[544]: 2.8987621514792877e-04  9.6617293849166197e-01  9.1925389956738823e-01  3.3798648706493006e-01  
q[545]: 2.4008130091537989e-04  9.5190650710281899e-01  9.3664005886729684e-01  4.1253483342532243e-01  
q[546]: 1.5044410510314565e-04  9.5346452959730754e-01  9.4776965688862669e-01  5.5076364076876660e-01  
q[547]: 3.9861372811452839e-04  9.5825140664478159e-01  9.1995090547855984e-01  6.2814235414702702e-01  
q[548]: 1.4103864890837410e-04  9.6124157022482926e-01  9.5404467865836251e-01  7.2975348008024454e-01  
q[549]: 2.9266764548024665e-04  9.6326524410988645e-01  9.2581648953779150e-01  8.1005500222422144e-01  
q[550]: 8.7964000498422579e-05  9.5853346594081301e-01  9.5226575477994624e-01  8.8096161818227381e-01  
q[551]: 6.2743061638182492e-05  9.5629101133429484e-01  9.4164499311969918e-01  9.4266643571654940e-01  
q[552]: 3.6229167871443419e-05  9.9161365370884158e-01  1.3556279988450076e-02  1.8402141611125824e-02  
q[553]: 5.5058070088483113e-05  9.9198792739227104e-01  8.1758599801085696e-03  1.0564446504799803e-01  
q[554]: 1.2819764433904306e-04  9.9329581717676663e-01  3.5511869971378146e-02  1.8947669476094545e-01  
q[555]: 6.3246627250313238e-05  9.9110164623929486e-01  4.3789582080610108e-03  2.7536535362612791e-01  
q[556]: 2.7836363162546298e-04  9.9061103800613504e-01  7.8496705721301546e-02  2.8238874604425235e-01  
q[557]: 1.9994785779793166e-04  9.9146580239000559e-01  2.7397419035738960e-02  3.9827192751077606e-01  
q[558]: 7.1882553031388778e-05  9.9137743926319077e-01  4.4819157062525100e-03  5.3380687046561892e-01  
q[559]: 1.9567311420137025e-04  9.9118811299933796e-01  3.0555476721811876e-02  6.5221155843974343e-01  
q[560]: 5.6927268316213837e-05  9.9223484323957822e-01  5.7317656582364452e-03  7.6168327418432191e-01  
q[561]: 1.6255263242270345e-04  9.9141960076879121e-01  4.1688187028552731e-02  8.3062562238660631e-01  
q[562]: 4.2994847469110962e-05  9.9343794870863633e-01  8.8333228763493536e-03  9.0451303700711971e-01  
q[563]: 3.4634745067294279e-05  9.8918158922938038e-01  1.2732273272125623e-02  9.7489670370069770e-01  
q[564]: 4.5875241564354793e-05  9.8990904048945383e-01  7.9506193070729508e-02  4.4146388274252484e-03  
q[565]: 1.1344307099850154e-04  9.9275496024850995e-01  5.5484221651563678e-02  6.0077126968811505e-02  
q[566]: 4.9671150255201578e-04  9.5953171454695885e-01  1.0322065945482618e-01  2.2584364059567011e-01  
q[567]: 1.9671320609531068e-04  9.9508794887360419e-01  7.5856031712576460e-02  5.3446925759593211e-01  
q[568]: 4.7584415474516550e-05  9.9705014392367697e-01  5.1346853413765055e-02  9.5280347014742961e-01  
q[569]: 3.5535611826579754e-05  9.9104222261395458e-01  8.3163268363477372e-02  9.8743748880844406e-01  
q[570]: 9.4074080863839558e-05  9.9494458947412789e-01  1.5850577519496784e-01  3.0271123787521968e-02  
q[571]: 6.2977309561231185e-05  9.8812158253211479e-01  1.5355073401532662e-01  6.7279106761066854e-02  
q[572]: 1.8746317244313946e-04  9.9379517272127671e-01  1.1334478283075038e-01  1.3496330137898160e-01  
q[573]: 2.2804153100066261e-04  9.9084341677680177e-01  1.1754421121898120e-01  4.2743254671041797e-01  
q[574]: 2.4503800350035918e-04  9.9321346324068915e-01  9.7168987950776997e-02  7.3926326450330626e-01  
q[575]: 2.1336603841850754e-04  9.9103021303852001e-01  1.1098384788777189e-01  8.9269758770264551e-01  
q[576]: 1.3184429524723158e-04  9.9223091460203805e-01  1.6415887830970632e-01  9.6434910933203444e-01  
q[577]: 4.6777607115349682e-05  9.9268816431738560e-01  2.6508294209581529e-01  9.8862401557453905e-01  
q[578]: 3.1910674950959473e-04  9.9139869662878699e-01  2.5510168417486856e-01  9.1091487906160770e-02  
q[579]: 2.5134195928259957e-04  9.9335175136512133e-01  1.9220397666380085e-01  2.0806649594272292e-01  
q[580]: 2.6518940788130267e-04  9.9251610912988497e-01  1.6229844861247605e-01  3.4085025608385550e-01  
q[581]: 4.0041504425779762e-04  9.9155319631569583e-01  1.6543952273842721e-01  6.2597523872638905e-01  
q[582]: 2.9677726691697379e-04  9.6295922036075410e-01  1.8659018297556748e-01  7.2945272025702690e-01  
q[583]: 2.5500609984359645e-04  9.9300389953785195e-01  1.8823532944683979e-01  8.2530476086065829e-01  
q[584]: 2.5700615167409922e-04  9.9207182586435183e-01  2.6394510594412396e-01  9.1682890306272269e-01  
q[585]: 7.6959072652990591e-05  9.9100449840505456e-01  2.6039652713978489e-01  6.4403049252047912e-03  
q[586]: 1.9991032774298149e-04  9.9207649409665255e-01  3.6973404038394148e-01  3.4945770146182803e-02  
q[587]: 2.5059808791157514e-04  9.9293935523456811e-01  2.8570567110602318e-01  2.5896861871944277e-01  
q[588]: 3.0776176901459764e-04  9.9433132694258475e-01  3.1949480248181628e-01  3.6414808632484236e-01  
q[589]: 4.0237984420640033e-04  9.9247776754492656e-01  2.2673332461900392e-01  4.8065510580000154e-01  
q[590]: 4.0460695979452506e-04  9.9246222946056517e-01  3.2123760560722553e-01  5.9477949858166557e-01  
q[591]: 2.5099149664651433e-04  9.9520416821666713e-01  2.6337751292648909e-01  7.3344240003641015e-01  
q[592]: 5.1612017871043654e-04  9.5767395229543129e-01  3.3037988342181707e-01  7.9634608321892519e-01  
q[593]: 3.5946018553567941e-04  9.9239232875626404e-01  3.6465465594265561e-01  8.4052057854653961e-01  
q[594]: 1.2668002949513650e-04  9.9157475925929106e-01  3.6686470355761447e-01  9.6921945560375622e-01  
q[595]: 6.1651015936596982e-05  9.9321963421567949e-01  4.8658876164462261e-01  4.9701445244279300e-03  
q[596]: 4.0360246730478062e-04  9.9227102886387863e-01  3.7751101339918258e-01  1.6013233884970299e-01  
q[597]: 2.1218501369378080e-04  9.9332673811864414e-01  4.4568358705823369e-01  4.1301035135025255e-01  
q[598]: 3.9923270834404647e-04  9.9140147468666839e-01  4.1122592079027992e-01  4.9413632261685420e-01  
q[599]: 3.3842639957687014e-04  9.9250716853697207e-01  4.5891965077470026e-01  6.5461525578576607e-01  
q[600]: 2.2119266471178851e-04  9.9251134991889078e-01  4.1330402274494155e-01  7.3615489457995686e-01  
q[601]: 3.5597289510999901e-04  9.9148623195259067e-01  5.3053991489963170e-01  7.6896431779232854e-01  
q[602]: 1.4905305240084843e-04  9.9309746030311841e-01  4.3674742330903854e-01  9.3703359438698886e-01  
q[603]: 2.6750502217177301e-04  9.9311640866391859e-01  4.9916324389210304e-01  7.9742188753252563e-02  
q[604]: 3.9321472706152055e-04  9.9400863188469624e-01  4.7825376563357241e-01  2.6924678110567607e-01  
q[605]: 3.2255527211080717e-04  9.9132079373623827e-01  5.5577187282585228e-01  4.1033132863167743e-01  
q[606]: 3.9757814316992925e-04  9.9413944279643862e-01  5.7342782819552396e-01  5.6238810290141961e-01  
q[607]: 3.2704737387401228e-04  9.9255031644884617e-01  6.4747349042859226e-01  6.8896750592016498e-01  
q[608]: 2.6089748094876921e-04  9.9313946487335025e-01  5.2592762488838485e-01  8.8687143671451929e-01  
q[609]: 8.8941816834661814e-05  9.9138936970680114e-01  5.1387070174977678e-01  9.8383040824183343e-01  
q[610]: 5.6860037384866396e-05  9.7122591912707856e-01  5.7586360174581253e-01  6.7682334975909583e-03  
q[611]: 4.0536298345940445e-04  9.9133961668753279e-01  5.8907704977593001e-01  1.6016526250927035e-01  
q[612]: 2.7812529803446933e-04  9.9130853640089223e-01  6.7173932858235341e-01  2.4191431567539493e-01  
q[613]: 2.3308853849540205e-04  9.9541022159863457e-01  6.3756951271827722e-01  3.4101790879527766e-01  
q[614]: 4.5348234577739300e-04  9.9291582831953329e-01  7.1722631598064057e-01  4.7447127499212682e-01  
q[615]: 3.4708475987721101e-04  9.9181408349344935e-01  6.5780962139552646e-01  8.2552149003554964e-01  
q[616]: 2.1375937284509136e-04  9.9191061859895058e-01  6.2576260200497325e-01  9.5047065869011316e-01  
q[617]: 5.0662324762753687e-05  9.9323438929139907e-01  7.0637535220899483e-01  9.8728118874138471e-01  
q[618]: 1.6560437472862852e-04  9.9286487987080574e-01  6.2238720946788029e-01  2.8626978225663107e-02  
q[619]: 2.9843188434513671e-04  9.9169194820267992e-01  7.1305994018799612e-01  8.9348684837254166e-02  
q[620]: 2.1300358716574096e-04  9.9499909957782984e-01  7.7854324262445518e-01  1.9511374015678887e-01  
q[621]: 2.6218291786905416e-04  9.9426168084390742e-01  7.9577087310785433e-01  3.3252855543211862e-01  
q[622]: 3.0174116382048887e-04  9.8995666487629119e-01  8.5702471195731311e-01  3.9583826747593770e-01  
q[623]: 3.0292577792336375e-04  9.9140778163717380e-01  7.3110638923385551e-01  6.4531335995142336e-01  
q[624]: 2.6390168148473901e-04  9.9423457137337945e-01  7.9379272465834949e-01  7.6870150765825074e-01  
q[625]: 2.6664601853893644e-04  9.9216270276171215e-01  7.4976479178844557e-01  9.0204292978898981e-01  
q[626]: 6.4830723826204325e-05  9.9141621061361995e-01  7.4094177003917716e-01  5.5026546969801230e-03  
q[627]: 1.4829034729583118e-04  9.9247350617289642e-01  8.2174189995806857e-01  3.7978532071831328e-02  
q[628]: 2.2118897364953929e-04  9.9207819583867740e-01  8.6120879124852423e-01  1.2116112222942557e-01  
q[629]: 3.9430511328294890e-04  9.9193614126209850e-01  8.2879858411758900e-01  5.7265983455676173e-01  
q[630]: 2.0777087817949931e-04  9.9319030431685607e-01  8.7497748674186926e-01  8.6009640548532762e-01  
q[631]: 9.0143029084073861e-05  9.9231589239202300e-01  8.5917033220771344e-01  9.4852993230433380e-01  
q[632]: 9.0537210823502499e-05  9.9211035448297435e-01  8.0636954203682210e-01  9.7179147280365896e-01  
q[633]: 5.1686394176833148e-05  9.9099611776081298e-01  8.9866089054051046e-01  7.0416769076111609e-03  
q[634]: 1.1918909148565958e-04  9.9158580127120355e-01  9.3032679762026438e-01  5.6818087223896085e-02  
q[635]: 2.4443678580705154e-04  9.9293076317894968e-01  9.0071561335736872e-01  2.4590274425677858e-01  
q[636]: 2.1628054583532622e-04  9.9398808863362020e-01  9.2015761920948747e-01  4.7797497158747765e-01  
q[637]: 1.7122227538055566e-04  9.9213479062511445e-01  8.7903098057377893e-01  7.1138943062549309e-01  
q[638]: 1.1071123662025366e-04  9.9242804864697221e-01  9.3963472796681868e-01  9.3205107062407067e-01  
q[639]: 4.2298388503474665e-05  9.9064062943306541e-01  9.1258922054095326e-01  9.8643804013903080e-01  
q[640]: 3.2256715198247865e-05  9.9260195678902774e-01  9.7512137617879613e-01  1.4945574107214402e-02  
q[641]: 4.3008758858726717e-05  9.9088474777420732e-01  9.8473342138700537e-01  7.7784722303689421e-02  
q[642]: 9.9796075377451044e-05  9.9454579738476501e-01  9.5635956968546076e-01  1.4682176720390130e-01  
q[643]: 5.5400009995862588e-05  9.9299595672797603e-01  9.8671538560177730e-01  2.2182829518039945e-01  
q[644]: 1.6428965387306179e-04  9.9304627859515071e-01  9.6194295393750240e-01  3.3832143929136616e-01  
q[645]: 7.3468052926813738e-05  9.9036254441232252e-01  9.8617641635597597e-01  4.4786222057361613e-01  
q[646]: 1.6839899630062961e-04  9.9127490296737952e-01  9.6769007623284131e-01  5.8073761630925447e-01  
q[647]: 1.8469844594349216e-04  9.9214142730106858e-01  9.2018018515359923e-01  6.6417412561928846e-01  
q[648]: 6.3687854868406859e-05  9.9264466457738942e-01  9.8636717447060440e-01  7.1563480258586565e-01  
q[649]: 1.5513545037307210e-04  9.9303575418221457e-01  9.5188294683202190e-01  8.0081020776146494e-01  
q[650]: 5.6761292504791385e-05  9.9202406417890299e-01  9.8408831848574818e-01  8.8396130884417456e-01  
q[651]: 3.5488179704953348e-05  9.9158709887324692e-01  9.7837681650754360e-01  9.7303410500282428e-01  

