deg: 11
dim: 3
nodes: 92
efficiency: 0.98913

q[0]:  6.6337717568810343e-04  9.3697939865724139e-02  2.1368336857467071e-02  2.9239134970406783e-02  
q[1]:  1.5528018420349224e-03  2.0342070143500060e-01  1.5654115686268497e-01  2.9122171670842720e-02  
q[2]:  6.7435233335862187e-04  1.1591897815424618e-01  9.4105188965769443e-02  9.6700089938675446e-02  
q[3]:  1.9395872462045201e-03  2.7794735407181453e-01  2.2041249391591102e-02  6.4101943460086172e-02  
q[4]:  1.7655205930636028e-03  2.3673121583545700e-01  3.9805774141644497e-02  2.0220592113137936e-01  
q[5]:  3.8583356536732311e-03  2.7611929435183397e-01  1.2648642837573545e-01  1.4989114846993062e-01  
q[6]:  2.2300885273943772e-03  3.4187875399650053e-01  1.3589552747788569e-01  1.9850819264536523e-02  
q[7]:  2.6144130006030214e-03  3.2444044693952473e-01  2.4060373976190899e-01  2.9876551761660874e-01  
q[8]:  7.2903877815507128e-03  4.4852578554177508e-01  2.9823673247346683e-01  1.5041002126651629e-01  
q[9]:  2.6056919021661524e-03  4.1838554573081266e-01  3.7473672595789498e-01  4.1157659583608792e-02  
q[10]: 2.1351804126933612e-03  3.0741029489848448e-01  2.9300865624727240e-01  1.7217620517731907e-01  
q[11]: 3.3618788259860196e-03  4.9587686729145725e-01  2.9816957641698918e-02  1.6300975829121375e-01  
q[12]: 6.3803615994744139e-03  4.6307274710309504e-01  1.1093872297061969e-01  2.6507603961342679e-01  
q[13]: 2.0299444087171462e-03  4.3746539517653366e-01  1.3815681501839703e-02  3.5484570360279227e-01  
q[14]: 6.9954825806555531e-03  4.9985146436065309e-01  2.6189558478678060e-01  3.9563522027363823e-01  
q[15]: 2.4370234336972014e-03  4.6803719614717160e-01  1.1853639537216169e-01  4.5527015026891238e-01  
q[16]: 1.0044630866214909e-02  6.5691806516664508e-01  3.1593865281225164e-01  2.7694711884681067e-01  
q[17]: 1.1432438170057638e-03  4.9125073601216895e-01  4.0150973586585641e-02  1.0789881543191979e-02  
q[18]: 6.3072455473162812e-03  5.3818889677870585e-01  1.6638462552139288e-01  8.9000213505609951e-02  
q[19]: 3.4429126808550059e-03  6.0848365115723080e-01  4.3846456538675155e-01  5.8727993489336117e-01  
q[20]: 3.4616495049042510e-03  5.7892285396039000e-01  3.5103619235865224e-01  2.2586935187774500e-02  
q[21]: 6.7840386683299409e-03  5.4295635975022494e-01  4.6368368347473388e-01  3.4678406727960287e-01  
q[22]: 1.4516837341122140e-03  6.2459205260668671e-01  5.7058179935505826e-01  2.3737562077327256e-02  
q[23]: 2.6688017550694815e-03  5.7481976894396014e-01  5.6322183907174284e-01  1.9188081696086473e-01  
q[24]: 1.8161769103727046e-03  4.9599179592721243e-01  4.7467812205379251e-01  4.4597289175535887e-01  
q[25]: 2.2206439533822126e-03  6.7059460209833222e-01  3.7132397052102264e-02  5.6002887189303227e-02  
q[26]: 2.7784846701336568e-03  7.0903529435430224e-01  1.7001567929384741e-02  2.6681344517176381e-01  
q[27]: 4.0276750950749736e-03  6.6857499867828463e-01  4.3568518065361293e-02  4.5138784669867510e-01  
q[28]: 3.8986491361338279e-03  6.5415026017928846e-01  1.3394910584272351e-01  5.5454373921152966e-01  
q[29]: 1.9191098949978738e-03  6.6486600402404683e-01  2.9661166096216392e-02  6.2327085248591241e-01  
q[30]: 7.2658630290976670e-03  7.3509792217111203e-01  1.3780831867205998e-01  1.8176869759365732e-01  
q[31]: 7.4691354298118641e-03  6.9420121662621159e-01  1.6603625642702632e-01  3.9716336479936659e-01  
q[32]: 7.6216847532501446e-03  7.1786678595826026e-01  5.0272475492981461e-01  3.9852742553956044e-01  
q[33]: 2.9392057062790425e-03  7.2881601413469765e-01  2.2963411544144097e-01  7.1166582086832864e-01  
q[34]: 3.0711302307352851e-03  7.3335963992022435e-01  2.0931661894861936e-01  1.8037180670316726e-02  
q[35]: 8.8185980902981079e-03  7.1530695317183290e-01  3.5473896049587156e-01  5.8400135221459060e-01  
q[36]: 7.5259716451011385e-03  7.6693471758643927e-01  3.9104162745519144e-01  1.0536349990560225e-01  
q[37]: 1.8709915101938254e-03  7.0666738430057541e-01  6.7439616357253618e-01  6.5837502732780762e-01  
q[38]: 6.2426206994245833e-03  7.5254258309627620e-01  6.3048580137040722e-01  5.9691151527137498e-01  
q[39]: 1.9255937996147375e-03  7.4056139250624775e-01  7.0818109889013447e-01  6.3879532889301066e-02  
q[40]: 7.7683752748222970e-03  6.7775617506850594e-01  5.3065653241456778e-01  1.4879340814020545e-01  
q[41]: 5.4416296312794687e-03  7.8042218503923999e-01  7.1017457554682228e-01  3.1951370855584499e-01  
q[42]: 2.3925202207924655e-03  7.3602879571596702e-01  7.2284301681683061e-01  4.8223525471600709e-01  
q[43]: 2.1682664328397912e-03  8.4129799217066037e-01  4.2113659091782815e-02  4.8439013719578809e-02  
q[44]: 2.6323178451258230e-03  8.8543769930715976e-01  2.5727348938207658e-02  2.4906803158437024e-01  
q[45]: 2.1853092768600929e-03  8.5080408993224599e-01  1.0303389032985787e-02  6.1382403934883423e-01  
q[46]: 5.6380431076149037e-03  8.5115669876912847e-01  1.2376950756724504e-01  7.2702404381899943e-01  
q[47]: 1.2105519235612303e-03  8.5577170889318632e-01  3.7035491350567357e-02  8.3048317898358204e-01  
q[48]: 5.8939487185338544e-03  8.9472188864551871e-01  1.8559625830508186e-01  1.4617017658403561e-01  
q[49]: 9.4693451270437025e-03  8.6015403601248352e-01  3.4240293211087208e-01  3.1649416089947030e-01  
q[50]: 7.1556996621193712e-03  8.7232421612270250e-01  1.0315528397324507e-01  4.4124958520057678e-01  
q[51]: 9.0043122616691260e-03  8.6070400741652753e-01  2.8934922179654976e-01  5.7856948624992399e-01  
q[52]: 2.2022532966079469e-03  9.0061609901632489e-01  2.6707328515429501e-01  8.7973365991916053e-01  
q[53]: 1.5792453897452044e-03  9.1038670114469589e-01  2.4575658075047666e-01  7.1659464840586242e-03  
q[54]: 6.0096225721184802e-03  8.9566277840949982e-01  4.4283349544936312e-01  7.8736587019245174e-01  
q[55]: 4.9056330354959295e-03  9.0983604405776652e-01  4.6116811525611445e-01  7.2888739310677381e-02  
q[56]: 8.2409413787871838e-03  8.6711375059716289e-01  5.6315228657802974e-01  5.4489647689459497e-01  
q[57]: 3.6255129343345234e-03  8.2403190143810479e-01  5.6064085651004825e-01  7.9478327124117953e-01  
q[58]: 2.7362635690737305e-03  8.1406578615930747e-01  5.9816522499703328e-01  1.5687708744917324e-02  
q[59]: 7.0186860251377891e-03  8.7574175282010991e-01  5.7504336480307883e-01  3.1595158939641671e-01  
q[60]: 5.2395850994824524e-03  9.1012319447958245e-01  7.4957409054058954e-01  7.5192206712538001e-01  
q[61]: 1.7757573705816049e-03  8.8870834954121447e-01  8.3727558748274022e-01  4.3907067451161561e-02  
q[62]: 6.3639285493751656e-03  8.8472414164086544e-01  7.1211071911624535e-01  1.6666390996834582e-01  
q[63]: 1.7679170118858221e-03  8.6031578393365260e-01  8.4803031965114817e-01  2.1863072473382014e-01  
q[64]: 5.5131926767474143e-03  9.0699907310445993e-01  8.1982665045702752e-01  4.9206335423830255e-01  
q[65]: 1.6561368231203545e-03  9.0428936939396365e-01  8.9766628482241417e-01  6.9235494207445880e-01  
q[66]: 1.7214158072807329e-03  8.6344645444752199e-01  8.0802423673107282e-01  8.3251047836478875e-01  
q[67]: 1.2359222528147322e-03  9.6832359695000025e-01  5.2601845855891137e-02  4.4506994693898648e-02  
q[68]: 8.3138472880251899e-04  9.7785668084223198e-01  9.1782536613708911e-03  2.5629230337896530e-01  
q[69]: 1.6899114022329242e-03  9.7084006963212965e-01  2.6304565502109224e-02  6.6033050970602791e-01  
q[70]: 4.3268227345912534e-03  9.7107507892707512e-01  1.8842303029936344e-01  7.7084265688698295e-01  
q[71]: 1.3815179615131125e-03  9.7051053147842226e-01  4.5457921080184448e-02  9.0476877082414220e-01  
q[72]: 2.1995207781184897e-03  9.8160236018295455e-01  1.5923043686112257e-01  1.6779259893674381e-01  
q[73]: 1.8923100598914114e-03  9.6602806806144292e-01  2.4311275501640076e-01  3.8063027682996259e-01  
q[74]: 2.9496913391510310e-03  9.7768447172587558e-01  1.0311725195462901e-01  4.5087681706430316e-01  
q[75]: 4.9946374089614495e-03  9.7426811934700619e-01  3.5623381865261333e-01  5.7070912427414966e-01  
q[76]: 7.2022926058530677e-04  9.8122328745181242e-01  2.1841360019239139e-01  9.6989660188437554e-01  
q[77]: 9.2678843098480568e-04  9.9308520770778286e-01  3.1815047704732408e-01  3.2759926210100328e-02  
q[78]: 4.0468705452960385e-03  9.7292133671285930e-01  3.8293480975507838e-01  2.6896638727543432e-01  
q[79]: 2.5953583139711389e-03  9.8357548850622567e-01  4.4918127281246861e-01  8.9132626434543605e-01  
q[80]: 2.4201707974359447e-03  9.8074687349641299e-01  5.5794811201876349e-01  1.1177433587669687e-01  
q[81]: 4.8188545303531382e-03  9.7183798162747137e-01  5.9388454450946637e-01  6.7084167106692072e-01  
q[82]: 1.6244833038667273e-03  9.6564372155422662e-01  6.7885275105780851e-01  9.4912280013599049e-01  
q[83]: 1.2946328839008772e-03  9.6874918532975318e-01  7.2264217743658477e-01  1.2823058461039294e-02  
q[84]: 4.6430732832755733e-03  9.7509779344448755e-01  6.2994340649562430e-01  3.7512516682597075e-01  
q[85]: 1.9091578776558051e-03  9.8750624920092922e-01  7.9044541442799920e-01  8.2219286342631615e-01  
q[86]: 8.9694172444933912e-04  9.7842640233789357e-01  9.3677847033882766e-01  5.8578154470725063e-02  
q[87]: 2.7338609236669045e-03  9.7897826024460677e-01  8.1657284492792659e-01  1.8240394501850413e-01  
q[88]: 1.7615915632304049e-03  9.6936646727552045e-01  9.4482705352086571e-01  3.1381673258831100e-01  
q[89]: 2.7682799404790833e-03  9.8093333929132320e-01  8.3380165935466155e-01  5.0511745776212957e-01  
q[90]: 9.5565089716950714e-04  9.9107481018820520e-01  9.5902092098080649e-01  6.9138234896707529e-01  
q[91]: 1.1490909242288494e-03  9.7422895350166827e-01  9.2274849249108737e-01  9.2280375008808313e-01  

