deg: 17
dim: 3
nodes: 287
efficiency: 0.993031

q[0]:   1.1370689870228797e-04  4.5736677312420752e-02  1.8268868187159591e-02  2.0705502768314534e-02  
q[1]:   2.6699290197461909e-04  1.1927785911882541e-01  2.1410172259296981e-02  1.0112566782397465e-01  
q[2]:   1.1569620179779223e-04  8.5943726930720485e-02  7.5788527298960726e-02  7.3049892823636706e-02  
q[3]:   2.2123550384657060e-04  1.0726707647162667e-01  8.3044458480851180e-02  1.3695132749039135e-02  
q[4]:   2.9160123063955927e-04  1.3028414465977503e-01  1.5209881160321376e-02  2.5100721191952571e-02  
q[5]:   7.0594458125049252e-04  1.5853565791526200e-01  7.7098444745546141e-02  8.4144346704184789e-02  
q[6]:   3.7944086524144293e-04  2.2248304912966371e-01  4.5537518820152794e-03  1.3662331074184234e-01  
q[7]:   4.7523228179503465e-04  2.4736027019364482e-01  3.5106738096098752e-02  2.3245756383583935e-01  
q[8]:   1.2267074307260512e-03  2.6188769285018454e-01  9.5943563554377900e-02  1.9262270506017237e-01  
q[9]:   4.2096455190419895e-04  2.0716123198457129e-01  9.0152291928148914e-02  8.5259055900317911e-03  
q[10]:  7.7303609649096957e-04  2.3407485933825445e-01  1.6119425493659140e-01  6.6662696247361944e-02  
q[11]:  4.4813538099552637e-04  1.8981543729539868e-01  1.2968340296348690e-01  1.7783478027932667e-01  
q[12]:  3.5162099986212276e-04  2.2419929367266700e-01  2.0827122409557400e-01  2.5158668939791230e-02  
q[13]:  3.5085083051496549e-04  1.7011720599583990e-01  1.5710081469080009e-01  9.1854484885286761e-02  
q[14]:  4.1462894546371188e-04  2.7421280937911446e-01  1.7140919302756723e-02  2.1540430425264039e-02  
q[15]:  6.6933869429140291e-04  3.7544408706697929e-01  1.0212706884972283e-02  1.5124164190143857e-01  
q[16]:  4.2455014807144735e-04  3.7244753104977113e-01  8.7580103530363086e-03  3.3226376273008873e-01  
q[17]:  4.8633245174136645e-04  3.3874007228954539e-01  1.5696412691336234e-01  3.3230740206426868e-01  
q[18]:  1.2279197746302467e-03  2.6109267846065953e-01  5.4002990912482222e-02  8.3629366192122773e-02  
q[19]:  1.4700374094264858e-03  3.6843369140075266e-01  4.7679455655907400e-02  2.4847756451248598e-01  
q[20]:  8.4806702887470621e-04  3.5847393344814199e-01  1.3008863263593878e-01  1.6212822519832158e-02  
q[21]:  2.2448692007907777e-03  3.6431481993380876e-01  1.6053161025358959e-01  1.7643694141358229e-01  
q[22]:  1.1038889881844949e-03  3.3266614092486851e-01  2.1479024227492793e-01  2.8376178039460664e-01  
q[23]:  1.3665588251324879e-03  3.3029496188320068e-01  1.9551239397405409e-01  6.7954178724520503e-02  
q[24]:  1.5224819531957608e-03  3.0234375624741272e-01  2.3804747468975376e-01  1.8097799053530875e-01  
q[25]:  4.4780690303752185e-04  3.1985355630772483e-01  2.5607415155626428e-01  1.0920315953144822e-02  
q[26]:  7.8363833821023924e-04  3.3123246342881174e-01  3.1794797715354484e-01  1.2178668814391973e-01  
q[27]:  3.4905035105132321e-04  2.4346245072654499e-01  2.3271091645274339e-01  2.0484651426533168e-01  
q[28]:  4.1759265355367287e-04  3.4302219228488579e-01  3.0511690324544699e-01  3.3309377195691070e-01  
q[29]:  4.1916537275597657e-04  4.3890471805896675e-01  4.2989283143934028e-02  7.3689249328816675e-03  
q[30]:  5.2728705897599605e-04  4.2766741396130653e-01  1.3912912644151043e-02  6.2068075638703951e-02  
q[31]:  1.4633761818890290e-03  4.5187822659799270e-01  7.2629019621452948e-02  1.8324962947414178e-01  
q[32]:  2.2367725793260526e-03  5.6655116432667463e-01  8.1723202167440376e-02  3.0179873327228895e-01  
q[33]:  1.0133736595388371e-03  5.0399310491432903e-01  1.7395864613746641e-02  3.5164867745215317e-01  
q[34]:  1.7167211949091139e-03  5.6617457036038565e-01  1.0080159079086103e-01  5.9959620721086924e-02  
q[35]:  2.4528969427095237e-03  4.8854615873061058e-01  1.6508140329485069e-01  3.1156568427231024e-01  
q[36]:  1.5948732833440807e-03  4.1883934617873136e-01  1.1906922544817861e-01  3.6685665043108218e-01  
q[37]:  3.9633318785148287e-04  4.3003300179274484e-01  5.6597931020121034e-02  4.2412119949274635e-01  
q[38]:  1.5310054806142112e-03  4.0956089433843207e-01  9.0843917715161732e-02  7.7822387555702449e-02  
q[39]:  2.2815378799935435e-03  5.1184193660247224e-01  1.9184135083129519e-01  1.6463873464498524e-01  
q[40]:  9.3773012950108510e-04  5.0203135527100817e-01  2.5748326637366337e-01  4.8619603465158645e-01  
q[41]:  1.8770417774712097e-03  4.8792150660233691e-01  2.4815458803533663e-01  7.2450930331695404e-02  
q[42]:  2.3419768595249425e-03  4.5968289053308325e-01  2.6495033018963859e-01  3.4466366254079217e-01  
q[43]:  9.0428017989731236e-04  4.5682586358623206e-01  3.0423566311690792e-01  1.5102007239283871e-02  
q[44]:  2.5821676877387620e-03  4.6399583860064020e-01  3.1285464805360352e-01  1.8402354638023585e-01  
q[45]:  3.9515029610103224e-04  4.9246676705533393e-01  3.5899706346068994e-01  4.8387558567171091e-01  
q[46]:  1.1992678735509726e-03  5.8618590277040628e-01  4.1169845929211180e-01  4.4174465592013057e-01  
q[47]:  1.6785030058630939e-03  4.2648273151422461e-01  3.5819853187606127e-01  8.7903435763537721e-02  
q[48]:  1.2463382686900134e-03  4.5435644243457551e-01  3.5838991048537383e-01  4.0181246223590761e-01  
q[49]:  5.2214724659014808e-04  5.3302118143077537e-01  4.8179226293129973e-01  1.0231092462178647e-02  
q[50]:  3.9065059227117225e-04  3.9632335041525157e-01  3.8321851632208431e-01  2.6054609294910262e-02  
q[51]:  1.0032867779137804e-03  5.0169663235177075e-01  4.8727660130565886e-01  2.0629531852102387e-01  
q[52]:  2.0375532970805109e-03  4.5592963618778776e-01  3.8915760455305387e-01  2.7273252607153031e-01  
q[53]:  7.2013156724086294e-04  4.0023571624054627e-01  3.8897583202478869e-01  3.0916853730945892e-01  
q[54]:  4.5872348583307024e-04  4.9957080853249780e-01  4.8139635580441054e-01  4.7823056489079424e-01  
q[55]:  2.9803923794291369e-04  5.6077988142571278e-01  5.7568211638013645e-03  3.4691440910514793e-02  
q[56]:  1.6198441121476786e-03  5.7253376953314983e-01  3.6692489570323575e-02  1.4370448215918327e-01  
q[57]:  6.3985741581833167e-04  5.5588510201063113e-01  7.9102275418683355e-03  2.4603811979411697e-01  
q[58]:  2.7431315406294906e-03  7.0164875540752880e-01  1.0710916107810900e-01  3.0146040110195904e-01  
q[59]:  3.5030196682248244e-04  6.4626724922889744e-01  2.7610205050010851e-03  5.1698834376803171e-01  
q[60]:  5.4337750829453379e-04  5.5072683159174518e-01  1.7213894481718436e-02  5.2145507636277477e-01  
q[61]:  5.1450465508160999e-04  6.3894738381278082e-01  5.2109651269872777e-02  9.1645116226631122e-03  
q[62]:  1.7942211458703962e-03  5.5131539294788268e-01  7.4687682396048075e-02  4.6209245955312805e-01  
q[63]:  7.0099725396022359e-04  5.9281364165847261e-01  1.2853119662564688e-01  5.8468940002893466e-01  
q[64]:  2.2486283921439236e-03  6.6718336117786781e-01  1.8923859217375924e-01  1.4079188001698201e-01  
q[65]:  1.9297645598476936e-03  6.1050889421159771e-01  1.6607803328665052e-01  2.0338851550069706e-01  
q[66]:  1.1326114520764962e-03  5.4576172471247930e-01  1.8787672095765545e-01  1.5685363181370496e-02  
q[67]:  3.2196008075594247e-03  6.3259762168122624e-01  1.7631299896096053e-01  4.4824441798993164e-01  
q[68]:  1.6345261376362642e-03  5.7067804287116619e-01  2.1223650283115569e-01  5.1717113200250919e-01  
q[69]:  4.0194421536602449e-03  6.2527536225706082e-01  2.8985788908377497e-01  3.1092332596372846e-01  
q[70]:  2.4706673828367681e-03  6.2037284157552108e-01  3.2338725749985120e-01  4.9918198908457106e-01  
q[71]:  1.8622790407780286e-03  6.0860568312178132e-01  3.1587224796177221e-01  9.9287057144886351e-02  
q[72]:  1.5291030099558655e-03  5.4940470348215087e-01  3.3227780092316611e-01  3.1083804909684054e-01  
q[73]:  1.7841019070846829e-03  6.2142666342957043e-01  4.3701915196488350e-01  5.7108843186291769e-01  
q[74]:  3.3027213712841222e-03  6.1507086367537833e-01  4.2033380570923584e-01  1.9317782151952928e-01  
q[75]:  2.2972185167911136e-03  6.2337216364381309e-01  4.7743911590943017e-01  3.9286681221467390e-01  
q[76]:  1.0076090252555646e-03  6.3269881193867483e-01  3.8707185875505662e-01  1.1753085409676369e-02  
q[77]:  1.8881668880962855e-03  5.8232100143778331e-01  4.5458013435020095e-01  6.1602848934279537e-02  
q[78]:  2.0568482055116646e-03  7.3822371948499321e-01  5.5259299737704026e-01  3.3212460738107741e-01  
q[79]:  1.6410645233131613e-03  5.7318187963621969e-01  5.1156192659917576e-01  4.7118302333109252e-01  
q[80]:  5.2061511022584081e-04  6.1259714105453156e-01  5.2620865806969419e-01  6.0440047547393028e-01  
q[81]:  3.3895013731436460e-04  6.4379629622878054e-01  6.2922908854542348e-01  2.6383825293855360e-02  
q[82]:  5.2592720538237759e-04  5.3951003377290763e-01  5.2969684695318098e-01  7.5424718545663530e-02  
q[83]:  1.6405007506270347e-03  5.8181512856266593e-01  5.2122405521351600e-01  1.5252546932559649e-01  
q[84]:  1.3342219516061899e-03  6.8710525312624193e-01  6.5521678257951277e-01  3.1066490457224866e-01  
q[85]:  2.0029907577128140e-03  6.1501097345540101e-01  5.2852167488284985e-01  2.9982987857167132e-01  
q[86]:  9.3915452916362827e-04  5.8064444570397511e-01  5.6738947669761686e-01  3.8993632892064772e-01  
q[87]:  4.0166457052974469e-04  6.3332053446575742e-01  6.2532646675246117e-01  5.6670563724277401e-01  
q[88]:  4.3582695645669721e-04  7.7949443312073186e-01  2.1882409214892876e-02  2.0236671293871817e-02  
q[89]:  6.1944282159103132e-04  6.9635087981939869e-01  1.1812752162710298e-02  8.5718125973878248e-02  
q[90]:  1.8489775265987357e-03  7.2888196675063111e-01  5.2686956138708781e-02  1.8617778631849627e-01  
q[91]:  6.9365520764124193e-04  7.0981617580113687e-01  5.7018079109353885e-03  2.9511084654277125e-01  
q[92]:  1.6894030675790816e-03  6.8619787823522493e-01  3.5521337659371675e-02  4.2648694065671983e-01  
q[93]:  3.0629511892847448e-04  7.3468636191126280e-01  5.4203484279202957e-03  6.6204669448622444e-01  
q[94]:  5.3005075605371584e-04  6.9632998797472045e-01  3.6498861429719212e-02  6.8022911079934467e-01  
q[95]:  9.9556307438034746e-04  7.1830811297799968e-01  2.1141767499353648e-01  1.2779320199949885e-02  
q[96]:  1.7648962400292189e-03  7.2765942185260502e-01  1.0960225222009912e-01  6.5885441882144374e-02  
q[97]:  1.0684466859785199e-03  6.9742033353753696e-01  4.9534941391279279e-02  5.3707231393821098e-01  
q[98]:  1.6379615248897311e-03  7.0100197747638615e-01  9.9035214976580827e-02  6.2669517650201756e-01  
q[99]:  1.7266249855277765e-03  7.1072702674837185e-01  2.3528122506670363e-01  6.6485277500028239e-01  
q[100]: 1.8138465307888122e-03  8.1602744600426036e-01  3.1277065859601971e-01  8.7955857530118975e-02  
q[101]: 2.8134200860878231e-03  8.0067860304143823e-01  1.9334626590178058e-01  1.7399893159136604e-01  
q[102]: 3.6233445563081386e-03  7.4891777528486592e-01  2.8514523111289702e-01  2.7949076194784006e-01  
q[103]: 2.4332047173624949e-03  7.4557505667192225e-01  1.7382413904522953e-01  4.4473567684486365e-01  
q[104]: 2.1384528605171648e-03  7.7593467897635016e-01  1.5813925451249425e-01  6.1066894546156703e-01  
q[105]: 2.0751329688579729e-03  6.9802916294782802e-01  3.0475644349583514e-01  6.2280527202054396e-02  
q[106]: 3.0931639173827595e-03  8.7300936575374311e-01  3.1659014925964352e-01  3.1384295317729821e-01  
q[107]: 2.6044398462861684e-03  7.6313807307063053e-01  2.9720171186143246e-01  4.5814042684208522e-01  
q[108]: 2.5715766381195332e-03  7.4756241710884219e-01  3.1068796511445651e-01  6.0447360417931228e-01  
q[109]: 1.0683629985021692e-03  7.8223679684950853e-01  4.5371348791444954e-01  1.6903433966572741e-02  
q[110]: 2.8207816870365258e-03  7.2787526384189116e-01  4.0400298161146520e-01  1.7626597965457375e-01  
q[111]: 2.6368188132836492e-03  7.5398789275687983e-01  4.6786145197846490e-01  3.4208185291681736e-01  
q[112]: 3.0841218463843268e-03  7.1944131889040852e-01  4.2637600579902790e-01  4.7757612432726226e-01  
q[113]: 9.4507581392585377e-04  6.8400516542730483e-01  3.6316556981398518e-01  6.7534455853938746e-01  
q[114]: 1.6080150977725932e-03  7.2165913233256340e-01  5.4032209735667336e-01  5.9625509821846667e-02  
q[115]: 2.1804770032802525e-03  7.4246130660181320e-01  5.6039010718056270e-01  6.1244417889884195e-01  
q[116]: 1.9484325883602641e-03  7.6390427418460638e-01  4.4218086405073997e-01  6.8610370224229922e-01  
q[117]: 6.6807245428018251e-04  7.1016369259708978e-01  6.1408547305731020e-01  1.0620237614773069e-02  
q[118]: 1.9179270287126733e-03  7.7102888616322018e-01  5.3909022642959825e-01  1.2485769166972627e-01  
q[119]: 2.6982238180649171e-03  7.4359112679117711e-01  6.2426236351262199e-01  2.1005799533421096e-01  
q[120]: 1.8827658539102494e-03  7.8497863152189340e-01  6.9190937123571006e-01  4.1920818383149078e-01  
q[121]: 1.9146342847638238e-03  7.7876152808216315e-01  5.9294585482320528e-01  4.9599639182864541e-01  
q[122]: 1.1431500922841414e-03  7.1722300463570565e-01  6.4633729221110392e-01  6.5596055364227968e-01  
q[123]: 9.8049381346726472e-04  7.5071290380304512e-01  5.6498665414406002e-01  7.2683099596491019e-01  
q[124]: 2.5206906776865207e-04  7.5953445499767902e-01  7.4872515584370092e-01  3.0253912671900470e-02  
q[125]: 1.5171277253986923e-03  7.0468057772798109e-01  6.5548319296471658e-01  1.0193891196761351e-01  
q[126]: 5.7969295835163170e-04  6.9215464729241327e-01  6.8864831056967335e-01  2.0189439214483076e-01  
q[127]: 8.8557609564451618e-04  7.2419637729245689e-01  7.0573120190941541e-01  4.5944404837026159e-01  
q[128]: 1.9127650895652184e-03  7.1932402592631417e-01  6.3970064512654456e-01  5.3224808145075841e-01  
q[129]: 7.3134637529765289e-04  7.7002659336773349e-01  7.5688290716679230e-01  6.3451972051637529e-01  
q[130]: 2.7774180869634510e-04  6.9865935609166052e-01  6.7797394945155531e-01  6.8600949205328332e-01  
q[131]: 2.8309276790903907e-04  8.9903418096582444e-01  1.2120644880507592e-02  3.7054172874999756e-02  
q[132]: 5.9181427079945748e-04  8.3978521142919693e-01  7.3788247589059797e-03  1.6377129077901131e-01  
q[133]: 1.8315606773258136e-03  8.5765864564451944e-01  1.0440305260203843e-01  2.4716444925135073e-01  
q[134]: 2.1908680759045855e-03  8.3602515455536641e-01  1.7454791255558663e-01  3.6729346666015239e-01  
q[135]: 1.2170027342489349e-03  8.3360825407597050e-01  3.0801308101185681e-02  3.2367939716579053e-01  
q[136]: 7.8063358091664506e-04  8.2360003600842202e-01  9.8980056910184747e-03  5.0715719711842089e-01  
q[137]: 9.6023720883990724e-04  8.2544148806304418e-01  2.2944215391250734e-02  6.8012829027496113e-01  
q[138]: 2.2398036799783544e-04  8.3313489348004621e-01  1.5291706366811863e-02  8.2040709887685181e-01  
q[139]: 6.3386504623522296e-04  8.3066845211332252e-01  1.2397844451489276e-01  1.2267859264469686e-02  
q[140]: 1.3688428763889721e-03  8.4886232001876538e-01  6.4790718118371227e-02  9.2690037954911347e-02  
q[141]: 1.5104663907406261e-03  8.1937951687215194e-01  7.6106922795114662e-02  4.3161184825341936e-01  
q[142]: 1.7035095891503355e-03  8.3041549448862140e-01  8.3211334977943030e-02  5.8468508768817784e-01  
q[143]: 1.2800972576193254e-03  8.3546369045119118e-01  7.8653293735240604e-02  7.8255438269474986e-01  
q[144]: 6.1456728515834258e-04  7.7837927954169772e-01  1.6483342532966463e-01  7.7219333599485185e-01  
q[145]: 1.4652810345814862e-03  8.6705327875238980e-01  2.2097046248129737e-01  6.0014623248478081e-02  
q[146]: 8.0236712415789947e-04  8.8844957475329933e-01  1.4146759455141164e-01  6.1907307342343687e-01  
q[147]: 1.9091076311619768e-03  8.5100129299522775e-01  2.3400005276229380e-01  7.6394014211295069e-01  
q[148]: 7.2059795043840822e-04  8.5386251341558583e-01  3.3816626756421370e-01  1.1983879633715406e-02  
q[149]: 2.3601393895591569e-03  8.8485771638942734e-01  2.1926882333471634e-01  4.9484676976558284e-01  
q[150]: 2.9709704856559164e-03  8.6185019479589564e-01  3.0036612924676087e-01  6.1508920346730733e-01  
q[151]: 1.2899418809278387e-03  8.3038322340363635e-01  3.4300045374443061e-01  8.0224011588775546e-01  
q[152]: 2.5944794971865608e-03  8.4724794578962648e-01  4.2022167475564853e-01  1.7411027109567717e-01  
q[153]: 3.3385705933947152e-03  8.4607893124987399e-01  4.2056201739342164e-01  4.5783011381966349e-01  
q[154]: 2.2560364868787664e-03  8.7402898264081796e-01  4.3077203339434433e-01  7.3745449039233635e-01  
q[155]: 1.1020451229226803e-03  8.4417468775859150e-01  4.8554325298582590e-01  6.1525945108060733e-02  
q[156]: 1.7757934053978510e-03  8.9789668250094956e-01  5.9766994415062002e-01  1.6377126126908595e-01  
q[157]: 3.0539278994106186e-03  8.5987930528121692e-01  6.1047289574755381e-01  2.9887241468796283e-01  
q[158]: 2.7023248755715999e-03  8.7130351782360871e-01  5.9997216298230105e-01  5.7512679609912798e-01  
q[159]: 2.0937397406912894e-03  8.2796240123870091e-01  4.8867912117925744e-01  6.2175645683261482e-01  
q[160]: 6.4584561414630286e-04  8.4763081810273400e-01  4.9607493191127744e-01  8.3868826912978967e-01  
q[161]: 1.2446786158795673e-03  8.6032035326244127e-01  6.4076890114668494e-01  7.1534242379086621e-02  
q[162]: 1.7396519867537731e-03  9.5194109243318514e-01  7.4464873711630752e-01  3.3549710214832607e-01  
q[163]: 2.3567904145531471e-03  8.5965256470298779e-01  7.0715121624770394e-01  6.9128870701465850e-01  
q[164]: 1.8178605804565543e-03  8.6017808675096274e-01  6.0252239528360230e-01  7.9571873256906966e-01  
q[165]: 5.7784126960695183e-04  8.4211091239560776e-01  6.6341137271799977e-01  8.0972931639025497e-03  
q[166]: 1.2296090739044925e-03  8.3161204088053975e-01  7.5392450895025065e-01  5.8973855001960687e-02  
q[167]: 2.0465521149716712e-03  8.5956305343803141e-01  7.3185644216567558e-01  1.7812499991230926e-01  
q[168]: 2.5304970418458493e-03  8.7309625794176748e-01  7.1719010574049524e-01  4.4148618400678563e-01  
q[169]: 1.2082221247997097e-03  8.4239537667680087e-01  7.6668451538272375e-01  7.6980879103424649e-01  
q[170]: 3.9398936964896001e-04  8.1094416776125811e-01  6.9180808560881324e-01  8.0586084885543607e-01  
q[171]: 1.9930108295875996e-04  8.4266850037125618e-01  8.1877353424892074e-01  8.2684262769877441e-03  
q[172]: 7.9323289951860646e-04  8.2850820720909790e-01  8.1424317969889204e-01  1.4284526116258997e-01  
q[173]: 1.8821835711698557e-03  8.2698999807550200e-01  7.8500747481650057e-01  2.9740311998892865e-01  
q[174]: 5.5320992442093567e-04  8.3832085547390844e-01  8.3614022200048710e-01  4.4540236482345102e-01  
q[175]: 1.8972031258641135e-03  8.5662142952466136e-01  8.0388391790924174e-01  5.8461246026970803e-01  
q[176]: 5.3284184612168741e-04  8.8488097610059302e-01  8.7175723454636211e-01  7.3506753248546908e-01  
q[177]: 3.4745286708888593e-04  8.2818024867035411e-01  8.1127618644109956e-01  8.0393869092574821e-01  
q[178]: 1.8280019369562009e-04  9.1905266859941659e-01  5.2018889299269289e-02  5.7240726030752002e-03  
q[179]: 2.3857579476047516e-04  9.5548057629592631e-01  4.7698080610537865e-03  1.3176337168346750e-01  
q[180]: 1.0416893652845760e-03  9.3344154320411221e-01  3.9900311949953776e-02  2.3338680397428210e-01  
q[181]: 1.8327828642115520e-03  9.4216856381949932e-01  1.4024352823811934e-01  3.4336069398591246e-01  
q[182]: 6.1959667654968751e-04  9.2132336116742997e-01  1.2196624414287909e-02  3.8924159167123351e-01  
q[183]: 6.8675071355678817e-04  9.2977415541771324e-01  1.4431433245560035e-02  6.3055544343214154e-01  
q[184]: 3.4600409463078082e-04  9.1712383611372295e-01  7.8401433067721970e-03  8.2924183898749548e-01  
q[185]: 2.2759140431674908e-04  9.3140934852508428e-01  3.5437404813435901e-02  9.1705459843195680e-01  
q[186]: 5.5829392110345725e-04  9.3465178623242451e-01  1.5705785881246578e-01  2.2964783804992287e-02  
q[187]: 8.3094787601876194e-04  9.4578416728008508e-01  7.6303929993649725e-02  8.7617335730247617e-02  
q[188]: 1.7628092699261944e-03  9.2643691105287662e-01  7.4142279952604376e-02  5.0083459361528460e-01  
q[189]: 1.2182383404594898e-03  9.2831238760244827e-01  6.2698526863666684e-02  7.4743827368802918e-01  
q[190]: 6.1291058977146879e-04  9.4340584352971824e-01  8.9565400605934195e-02  8.8987023031313794e-01  
q[191]: 4.6042943054514586e-04  8.9884588816422295e-01  1.6100670356483135e-01  8.9057557119827990e-01  
q[192]: 8.8164923942093628e-04  9.5714161495072791e-01  2.6717268614377043e-01  6.2969877790083825e-02  
q[193]: 1.5569156164413063e-03  9.1665909023232806e-01  1.6761150209342010e-01  1.6093836066682057e-01  
q[194]: 1.4797842393120086e-03  9.4740717124853790e-01  2.5475110778449084e-01  3.8027332241505596e-01  
q[195]: 1.7631667169014105e-03  9.4676164574021471e-01  1.7818816083514954e-01  6.4881153812659453e-01  
q[196]: 1.2532960068535430e-03  8.9116279672458221e-01  1.6185141480486487e-01  7.4725633492750465e-01  
q[197]: 1.0652103006187849e-03  9.5192664426874141e-01  1.9944556129304045e-01  8.6324160199474742e-01  
q[198]: 4.2322722012773974e-04  9.3650884916277810e-01  3.4754578037838052e-01  8.5261398259704364e-03  
q[199]: 2.1916808650166062e-03  9.2850699784501844e-01  3.0786988128020554e-01  1.9568672781910518e-01  
q[200]: 1.3520569365141966e-03  8.3061433166450316e-01  4.7396810476474160e-01  2.8182718309705179e-01  
q[201]: 1.2529611009953368e-03  9.6674871281898656e-01  2.8202497610780058e-01  5.2860236336217470e-01  
q[202]: 2.0724975804889091e-03  9.5069907254294217e-01  3.2605131162563800e-01  7.6959139949497934e-01  
q[203]: 1.0002230613865633e-03  9.2682973931694179e-01  3.2038840857452400e-01  8.9969440355531294e-01  
q[204]: 1.8865201609831795e-03  9.3272699568432194e-01  4.3844910426058292e-01  9.1287309873816919e-02  
q[205]: 2.6261643369594437e-03  9.4060165137512119e-01  4.9231754220153112e-01  2.9572806638505045e-01  
q[206]: 1.9690120364539670e-03  9.0139229609855087e-01  5.3463039252057065e-01  4.3428814985219738e-01  
q[207]: 1.3561784047481306e-03  9.3056423216878781e-01  3.9502476215310289e-01  6.2559751605802982e-01  
q[208]: 1.4845429157236054e-03  9.3476405541297258e-01  4.7627592596591722e-01  8.5585233030987473e-01  
q[209]: 1.0196210525228399e-03  9.2199166665118648e-01  5.6040565976396406e-01  2.3766260565799800e-02  
q[210]: 1.6588975837823780e-03  9.5903642489362051e-01  6.3636131320005274e-01  1.8256291820179696e-01  
q[211]: 1.7793268989642090e-03  9.5964969756283758e-01  6.4168081598917115e-01  4.5835911550964337e-01  
q[212]: 2.0072805882282757e-03  9.4537439460116390e-01  5.3248894463454377e-01  6.5327035503744091e-01  
q[213]: 1.6593225679098515e-03  9.3331701648651211e-01  6.1872018433861786e-01  7.5693303238927134e-01  
q[214]: 3.7536624629816423e-04  9.4292948481550043e-01  5.3647892799445562e-01  9.3929473262329988e-01  
q[215]: 1.3561487342478617e-03  9.4287597970103276e-01  7.5113864836300526e-01  8.1167561042080727e-02  
q[216]: 1.0857747452908957e-03  9.1804818995602944e-01  7.9354426325635163e-01  2.7880619505823589e-01  
q[217]: 1.2669901990833825e-03  9.4964757548657641e-01  7.6122662006774078e-01  7.8339412862219238e-01  
q[218]: 8.8904723099290798e-04  9.4672192682341982e-01  6.6704177009053467e-01  8.9812407716285036e-01  
q[219]: 2.2631462398131811e-04  9.4263627126903071e-01  7.3115589163098726e-01  4.2550121168008579e-03  
q[220]: 5.2570771854900148e-04  9.2661759307580249e-01  8.4286489717361990e-01  2.4291742144749502e-02  
q[221]: 1.0955201963309521e-03  9.3319297974860760e-01  8.7402232765338772e-01  1.4869764209828187e-01  
q[222]: 1.5971346452309707e-03  9.2745528324432425e-01  8.6511887745962301e-01  4.3172247483393106e-01  
q[223]: 1.6719413240938873e-03  9.4097194931955386e-01  8.1121410049567366e-01  6.2128276751891232e-01  
q[224]: 9.8931772937011918e-04  9.4012115705222621e-01  8.5082763387937965e-01  8.5218408881795382e-01  
q[225]: 6.3295857363748569e-04  9.1229339193413517e-01  7.4672986871683300e-01  8.9466320145439837e-01  
q[226]: 6.1813015541883738e-05  9.4649717305368375e-01  9.2736896626746745e-01  5.4952170447547201e-03  
q[227]: 3.2381792710021659e-04  9.1875361018580282e-01  9.0872714492521844e-01  6.4878517953933706e-02  
q[228]: 7.0079147112519732e-04  9.2717595563901756e-01  9.1327740246010669e-01  2.7926762513162418e-01  
q[229]: 5.2009046663208840e-04  9.3939137827648989e-01  9.3013533982613006e-01  5.5632320526970169e-01  
q[230]: 8.4932539327986652e-04  9.4657022823700032e-01  9.0596169616822730e-01  7.2411054328216962e-01  
q[231]: 1.8915914074262003e-04  9.3657343071883070e-01  9.3092333469655208e-01  8.7015061951164330e-01  
q[232]: 2.6792039556195894e-04  9.2527726743535210e-01  8.8549594019893074e-01  9.1269626751330735e-01  
q[233]: 1.7863865216001469e-04  9.8236485754194536e-01  2.4296564012022903e-02  2.3981564452071030e-02  
q[234]: 1.1104755119541316e-04  9.9555338113820546e-01  1.2531471159203769e-02  1.5339895511588106e-01  
q[235]: 6.4171636924598716e-04  9.8672253747478178e-01  5.5151940094708050e-02  2.7911593459444645e-01  
q[236]: 7.6849429432597634e-04  9.9222808414474284e-01  1.8033330112625420e-01  3.8021391293664103e-01  
q[237]: 2.8989065929596494e-04  9.8407166796529211e-01  7.9530378054553930e-03  4.2324246053264630e-01  
q[238]: 4.0368449030505759e-04  9.8728219391850203e-01  2.2363679123134961e-02  6.7150834586805175e-01  
q[239]: 2.8433728441696601e-04  9.8409846319451089e-01  1.6691505030549884e-02  8.6029221258212230e-01  
q[240]: 6.2400536904283903e-05  9.8385605677604571e-01  1.1524490445253423e-02  9.7100758027615175e-01  
q[241]: 1.8363026711547522e-04  9.8729799509318350e-01  1.5476801301338725e-01  8.3499602322196706e-03  
q[242]: 3.1552640244206226e-04  9.9182141379428046e-01  8.9421994645753844e-02  8.1586067534480028e-02  
q[243]: 8.9364599906448954e-04  9.8554003640023546e-01  8.0550868994766850e-02  5.2324726643966335e-01  
q[244]: 8.0294396714008880e-04  9.8600890840842004e-01  1.0338268898769334e-01  7.8744100258453409e-01  
q[245]: 2.5919508869016734e-04  9.9091420334137503e-01  7.6866917315352501e-02  9.4761997467192849e-01  
q[246]: 2.1410163176863276e-04  9.8191411049619870e-01  1.8688565778997454e-01  9.7764584095872142e-01  
q[247]: 4.0778264840930133e-04  9.9270279994622801e-01  2.8683869873482248e-01  5.5980824031063574e-02  
q[248]: 9.0256778220980784e-04  9.8263280834861877e-01  1.6456569971873464e-01  1.7648868101170473e-01  
q[249]: 8.3579514498790966e-04  9.8964635567153436e-01  1.9772601810178181e-01  6.5060800308913669e-01  
q[250]: 5.1637682424751185e-04  9.9254828574833032e-01  2.2610597625635356e-01  8.9454229066152879e-01  
q[251]: 2.8706997446786587e-04  9.8624613771655967e-01  4.3902546915862939e-01  1.0436945923889872e-02  
q[252]: 4.5707501610539678e-04  9.8883509991797469e-01  2.7610228553628002e-01  1.8731842421495570e-01  
q[253]: 1.2899614530312929e-03  9.8485560275835471e-01  3.6306691354712278e-01  2.8154613148500179e-01  
q[254]: 6.3041040774700519e-04  9.9444646810840454e-01  3.3131684085295948e-01  5.0271533236053845e-01  
q[255]: 7.6370851452245360e-04  9.9232086787306961e-01  3.4554230097708138e-01  7.6930434329962960e-01  
q[256]: 5.7908364882949251e-04  9.8629765997627583e-01  3.7749962187523251e-01  9.5399664492836844e-01  
q[257]: 1.0232945805296648e-03  9.8756912377373118e-01  4.7321283529675562e-01  1.2610513795687447e-01  
q[258]: 1.1640318273419944e-03  9.8788235081936360e-01  5.0758539243639056e-01  4.0613786465965507e-01  
q[259]: 2.0809572713656331e-03  9.4184424115304122e-01  3.9941237799845120e-01  4.8538545234073688e-01  
q[260]: 1.2145916561178767e-03  9.8774156046820416e-01  4.7695022562858169e-01  6.3826167174344695e-01  
q[261]: 1.0646417491813197e-03  9.8662595859163615e-01  5.1578393883949381e-01  8.6515208041025826e-01  
q[262]: 6.9679954295599419e-04  9.8498261350085603e-01  6.2781569118901803e-01  4.0538803128377217e-02  
q[263]: 7.4678636022888615e-04  9.9344443820923145e-01  6.2671593319542285e-01  2.4983218189221776e-01  
q[264]: 6.8536704253306180e-04  9.9319848196080163e-01  6.5054787276452486e-01  5.3500238884374751e-01  
q[265]: 1.0805470791754575e-03  9.8821464734456621e-01  6.6066302527438880e-01  7.4780803421440134e-01  
q[266]: 2.2446014899822145e-04  9.9124995312454278e-01  5.9515994691574159e-01  9.7790465201977006e-01  
q[267]: 5.7314858250151414e-04  9.9252256994528765e-01  7.7597848918737078e-01  1.1976203162003939e-01  
q[268]: 7.7564749365007066e-04  9.6928368406725995e-01  8.3356141242652648e-01  2.2881372912623643e-01  
q[269]: 6.6299282276024031e-04  9.9432167946560557e-01  7.8054049073595777e-01  3.6177316633187351e-01  
q[270]: 1.3789950357162824e-03  9.4522613187413840e-01  7.0643134138027441e-01  5.6321620173055076e-01  
q[271]: 5.4323931977888831e-04  9.9151605136573973e-01  8.3523716172559637e-01  8.1584939461738859e-01  
q[272]: 5.7148677922414415e-04  9.8891221652693895e-01  7.2225967208329656e-01  9.1959592879909413e-01  
q[273]: 1.4893034430255738e-04  9.8933449789536365e-01  8.0140172943297905e-01  5.3275044559484008e-03  
q[274]: 4.0720927521858627e-04  9.8583588509181663e-01  8.9987635458993176e-01  5.3537355021008433e-02  
q[275]: 4.6252430365737167e-04  9.9102464022661141e-01  9.0773259335590006e-01  2.1806650074527451e-01  
q[276]: 9.5576952187280677e-04  9.8444400625839223e-01  8.9493596125316566e-01  4.6690563812320096e-01  
q[277]: 8.7188023785597245e-04  9.8893155439088176e-01  8.0324022469085932e-01  6.1347946077709470e-01  
q[278]: 3.2889451340292286e-04  9.8938071412215356e-01  9.1594330957742942e-01  9.0834802025834294e-01  
q[279]: 2.7535732137468701e-04  9.8330006359300970e-01  8.3229580703454065e-01  9.7100322115934712e-01  
q[280]: 8.2363456235646089e-05  9.8721455880885134e-01  9.6663251620017876e-01  1.6857075246697325e-02  
q[281]: 2.5144818350677275e-04  9.8464709216419388e-01  9.7111405239125315e-01  1.2786659659789060e-01  
q[282]: 4.1392816323866785e-04  9.8557245617814893e-01  9.6465529554238438e-01  3.3458158794701304e-01  
q[283]: 2.1946166371614414e-04  9.8965669672133239e-01  9.7843344331234694e-01  5.6320044086249432e-01  
q[284]: 5.1353020726389636e-04  9.8951326391550942e-01  9.3265472132521454e-01  7.0228611724199408e-01  
q[285]: 1.8988249687961406e-04  9.8631391973091109e-01  9.7806057530786772e-01  8.3200312328203119e-01  
q[286]: 1.2289031731235566e-04  9.8615751761913595e-01  9.6299923423076117e-01  9.6465469423579542e-01  

