deg: 13
dim: 3
nodes: 142
efficiency: 0.985915

q[0]:   3.2943638076406270e-04  7.9865520925335720e-02  1.7266044664157449e-02  6.1578053400740788e-02  
q[1]:   3.2070719382281196e-04  8.1801592561986478e-02  6.3224149801354268e-02  1.5145504953950175e-02  
q[2]:   4.9883051708531209e-04  1.6137635701893419e-01  1.4229988768316720e-01  1.4020831089123284e-01  
q[3]:   1.0908407954502016e-03  1.8529818474604676e-01  3.2604741294947483e-02  3.5291732361150970e-02  
q[4]:   1.0344185367924695e-03  2.4426268220882144e-01  1.3971340563625437e-02  1.7510178778916180e-01  
q[5]:   1.0113423604035351e-03  2.4672739270307825e-01  8.0478123106439453e-02  2.3573734257621334e-01  
q[6]:   1.9736234982303739e-03  2.0958328198791676e-01  1.1880688942926483e-01  1.2019162880255541e-01  
q[7]:   1.4984024442111158e-03  3.2960428202896619e-01  2.9210399491919875e-01  2.9230804321073156e-01  
q[8]:   9.9973886015454288e-04  2.4771144662787886e-01  1.6589971269109305e-01  1.1012134458641628e-02  
q[9]:   1.1381408976246781e-03  2.4538249797631431e-01  2.3011642427492199e-01  7.2803947669206323e-02  
q[10]:  1.4607699059137481e-03  3.6427843771173529e-01  3.3142931702400527e-02  3.2508015279126889e-02  
q[11]:  1.6888733092489134e-03  3.9971840803372222e-01  1.7470329813560382e-02  1.8574736453011845e-01  
q[12]:  1.4438891944333180e-03  4.3171534201153783e-01  3.1580236415051796e-02  4.0151320990648875e-01  
q[13]:  4.1956884941337421e-03  4.1949349043918971e-01  1.1051382907383255e-01  3.0998875757607208e-01  
q[14]:  3.7749867166268014e-03  3.5203617903310180e-01  1.1773056895705628e-01  1.1927710163951291e-01  
q[15]:  2.1760585898826634e-03  4.2470183571500680e-01  2.2914540961688998e-01  4.0364900892350514e-01  
q[16]:  3.7925759404064344e-03  4.1686351593720838e-01  3.0785690765986490e-01  1.0898173462559964e-01  
q[17]:  1.8409632300343665e-03  4.1143872605507498e-01  1.8926156853253628e-01  2.1713114282773192e-02  
q[18]:  3.4631815840216033e-03  3.6909175994561050e-01  2.4726491661475675e-01  2.4329165643828601e-01  
q[19]:  1.3574975327654917e-03  4.2524603379749337e-01  3.9479252642912133e-01  2.9434213922561358e-02  
q[20]:  1.3087147732293903e-03  5.0215619018632318e-01  4.3632141850247486e-01  1.7911615744805545e-01  
q[21]:  1.7443537303425793e-03  4.1544992942687453e-01  4.0143881737415149e-01  2.3095640975650572e-01  
q[22]:  1.1953839235640416e-03  5.0503445686747794e-01  4.6534393376953787e-01  4.8101011358687340e-01  
q[23]:  1.3427218450048643e-03  5.7290356290356592e-01  1.2044383145081650e-02  7.3066132385975119e-02  
q[24]:  4.1709071816490367e-03  5.5258058110158248e-01  7.1593789813163375e-02  1.9107454652132186e-01  
q[25]:  4.5647172341598732e-03  5.9444584194841288e-01  1.6634183454070675e-01  3.5150629045015780e-01  
q[26]:  1.7994890980934420e-03  5.6766505442250303e-01  1.2125595064163859e-02  3.8510324998594769e-01  
q[27]:  1.2683203796201826e-03  6.5931317483939611e-01  2.5144854812405009e-02  6.2311453951354712e-01  
q[28]:  1.3262868118563353e-03  5.6854349650206426e-01  8.8372244184136695e-02  1.0329551976667390e-02  
q[29]:  4.4663124853098713e-03  5.5343440229916807e-01  1.7786839538364937e-01  9.2073028082321318e-02  
q[30]:  3.4548569747303382e-03  6.2168214434472668e-01  9.6581865115345819e-02  5.0815475854193426e-01  
q[31]:  1.5228904573893040e-03  5.8680002515314689e-01  1.5277924467083528e-01  5.7667393616885565e-01  
q[32]:  2.9757488850621901e-03  5.9053827506333334e-01  3.3279102610410716e-01  1.5283906145507317e-01  
q[33]:  4.8481731595528656e-03  6.0275144477854325e-01  2.8314011075445877e-01  5.2160749269196993e-01  
q[34]:  6.4836337934012223e-03  5.4579561720558978e-01  2.8648079717224489e-01  2.7333776497854972e-01  
q[35]:  7.7885474681127836e-03  7.2591015512213042e-01  4.5064568274437611e-01  4.7073097557795224e-01  
q[36]:  1.9193525915789584e-03  5.6084683903547983e-01  3.7014874034467160e-01  1.6580186217085228e-02  
q[37]:  3.3416413999650023e-03  6.1918624066044925e-01  4.9849573783523737e-01  9.7555823221210203e-02  
q[38]:  5.1343393083046508e-03  5.5325805435772257e-01  4.2441921188552512e-01  4.2050366218054958e-01  
q[39]:  1.9078577674223167e-03  6.2608852462245290e-01  4.6276902439160972e-01  6.0780493498792454e-01  
q[40]:  1.1949197596126974e-03  6.4165215868109438e-01  5.9653223526771504e-01  2.0912539395481215e-02  
q[41]:  1.4188235760350615e-03  5.9355110716990367e-01  5.8591102964762964e-01  1.3801935136363797e-01  
q[42]:  4.4946012703647236e-03  6.1401826645700575e-01  5.4746542223953198e-01  3.0687109633468251e-01  
q[43]:  1.3812661012662494e-03  5.8689570742150343e-01  5.7382873676683321e-01  4.7209874217646680e-01  
q[44]:  1.5277106464113167e-03  7.5562991014467673e-01  3.7865681683690075e-02  3.4332241826139268e-02  
q[45]:  1.9652819600255024e-03  7.3102237672973180e-01  1.6485255460494584e-02  2.3726583038939666e-01  
q[46]:  3.2656860899485467e-03  6.9760633161670693e-01  6.5430465693539178e-02  3.5129440258698852e-01  
q[47]:  4.4287107691179150e-03  8.0824599209725378e-01  1.3277137574553657e-01  4.3313066882934131e-01  
q[48]:  2.2258249559854583e-03  7.8650264256479119e-01  1.7391542150602360e-02  5.5325672993135611e-01  
q[49]:  1.0056725151837199e-03  8.3029314538747334e-01  2.8899461732162297e-02  7.9378060539282314e-01  
q[50]:  1.5861093262574788e-03  7.2476671161839235e-01  2.2642965338388713e-01  1.5801220445361364e-02  
q[51]:  5.4690069867055829e-03  7.4684351034770713e-01  1.2778259040072112e-01  1.2872742286255412e-01  
q[52]:  3.5880256529648123e-03  7.8627264452532342e-01  1.0802732436955784e-01  6.6983559168261009e-01  
q[53]:  1.4768749259843953e-03  7.7832980929210049e-01  1.8500064928607435e-01  7.6882569099190168e-01  
q[54]:  7.9920938999698803e-03  7.3667129952002197e-01  2.6738294465674173e-01  2.6545194334746403e-01  
q[55]:  5.9630807776831322e-03  7.4962822936826723e-01  2.4219125735213989e-01  5.2371374539697169e-01  
q[56]:  1.1916443617373928e-03  8.1966156613950869e-01  2.6806216509313319e-01  7.2102355559903009e-01  
q[57]:  3.3758557977747591e-03  7.6213476341657915e-01  3.4296629889893121e-01  6.9809369666326182e-01  
q[58]:  5.9200742868926277e-03  8.3366583210785217e-01  4.2680474480307345e-01  4.0503791709387343e-01  
q[59]:  3.6243080418386941e-03  6.9498997524662465e-01  3.3944670617743333e-01  5.9155859952525543e-02  
q[60]:  5.2164737402294915e-03  8.0795469019322508e-01  4.7418499475943438e-01  1.4964001931787052e-01  
q[61]:  5.5111778999729277e-03  7.0050068686498024e-01  4.9466132238465704e-01  2.3614105193385640e-01  
q[62]:  2.4996257129140812e-03  8.0507310390279685e-01  5.1751624605410329e-01  6.8546017105350776e-01  
q[63]:  2.0709782197028855e-03  7.8505244299936894e-01  5.5687706832124728e-01  1.3634664250124514e-02  
q[64]:  3.6631900937253875e-03  7.8119810285418301e-01  6.7443757549713357e-01  1.0329744341050642e-01  
q[65]:  5.0716100785023711e-03  7.5405318342816252e-01  6.3175993564978838e-01  6.2338777456054828e-01  
q[66]:  1.4507188250371011e-03  7.5637238524727912e-01  4.6889451655479714e-01  7.3747099393423332e-01  
q[67]:  7.0277690108557606e-04  7.8675939207929357e-01  7.7173291725060089e-01  3.7307654215845053e-02  
q[68]:  2.8026050516320551e-03  7.7798482801884195e-01  7.5019241754075561e-01  2.3846604845133518e-01  
q[69]:  5.1713021386196184e-03  7.9448958637479938e-01  6.6979497693523093e-01  3.9956363969460768e-01  
q[70]:  2.2501201153400227e-03  7.3958814691605501e-01  7.1938548955174009e-01  4.7776667331198053e-01  
q[71]:  1.4922420216243342e-03  7.2792037905050377e-01  6.9201739034908272e-01  6.9503110497372544e-01  
q[72]:  6.4461437570666300e-04  9.0583807785535941e-01  3.1356689653678778e-02  2.5052938701139622e-02  
q[73]:  1.2113618270884162e-03  8.6570825841034926e-01  1.3052843560311932e-02  1.6309359419237277e-01  
q[74]:  3.7699766161769974e-03  8.7994664881067841e-01  7.2007630813788498e-02  3.3049796350328320e-01  
q[75]:  1.5425678149701089e-03  9.1661045874942126e-01  1.5916439818798776e-02  5.0487341027389299e-01  
q[76]:  2.9967917126648858e-03  9.1324293693755620e-01  8.2322391885358351e-02  7.0898997483349646e-01  
q[77]:  6.5078750574434322e-04  9.2703572272217583e-01  1.0278415568082318e-02  8.2226322761062343e-01  
q[78]:  7.3423692219166058e-04  9.2078154479442254e-01  9.7011479768259523e-02  9.0754469503283786e-01  
q[79]:  1.3115650314287869e-03  8.6457128004101191e-01  1.9208205699387451e-01  1.3462015190942762e-02  
q[80]:  2.9254499570537354e-03  9.0908940279651373e-01  1.1963722599616396e-01  1.0601316326639794e-01  
q[81]:  1.0745084710628151e-03  9.8570957886943922e-01  1.1489079541577084e-01  8.7668584967625307e-01  
q[82]:  2.9550938856505640e-03  9.1300315233416918e-01  2.1957104673649272e-01  8.3579569311166169e-01  
q[83]:  3.6996693950527727e-03  8.6171597675360034e-01  3.5607689210110105e-01  6.9915789820885865e-02  
q[84]:  5.6360023500319810e-03  8.8636239720606025e-01  2.5719097597389079e-01  2.3471853993563460e-01  
q[85]:  2.0441785275075010e-03  9.2249548476808751e-01  2.9931826666582023e-01  3.8513352808002532e-01  
q[86]:  4.8676800867252937e-03  9.0510533342340926e-01  2.1095423304439631e-01  5.6004881571924203e-01  
q[87]:  5.4399227909589561e-03  8.8561936603413005e-01  3.6897466725408012e-01  6.7749717407596044e-01  
q[88]:  1.7837960153691292e-03  9.0909931551212153e-01  4.1765197070957732e-01  8.9077359887353491e-01  
q[89]:  4.1977020539539778e-03  9.2177708022315208e-01  4.5182360904266727e-01  4.5330974069639551e-01  
q[90]:  1.5132334627725287e-03  9.2602674783183681e-01  5.1164460779590537e-01  1.6723637553591457e-02  
q[91]:  4.4132514496958587e-03  9.3345607052240342e-01  5.3050244930834312e-01  2.2772483042973390e-01  
q[92]:  4.5597258813435187e-03  8.6484674635081138e-01  6.4150862717049573e-01  2.8094341849313698e-01  
q[93]:  3.5091711599432155e-03  9.3232007429551744e-01  7.1275859111379458e-01  4.4593923161584181e-01  
q[94]:  5.5513982611376331e-03  8.9179259737920957e-01  6.1567245740658794e-01  6.1327383161151516e-01  
q[95]:  3.1893125678211977e-03  9.0937758680722303e-01  5.7191548194715958e-01  8.1662961124168854e-01  
q[96]:  3.0475492251614889e-03  9.1576451885838472e-01  6.8498462843607666e-01  8.1257715157860899e-02  
q[97]:  1.5817390405058088e-03  9.1170063764035691e-01  8.0945914604297731e-01  1.5974478061512792e-01  
q[98]:  2.7477850853241904e-03  9.1857809408867408e-01  7.9164852714361378e-01  7.9800870017454872e-01  
q[99]:  1.5600185852832982e-03  8.5483355814399553e-01  6.7515502525395499e-01  8.3707187567346031e-01  
q[100]: 1.0437247347483537e-03  8.9479780961676425e-01  8.1999517432142455e-01  1.8726645396854997e-02  
q[101]: 7.9978044549240137e-04  9.0687349193167321e-01  8.9937243976439007e-01  1.2555261264288309e-01  
q[102]: 2.3689466727875004e-03  9.1953580209086327e-01  8.4135786916740429e-01  2.8285096587617536e-01  
q[103]: 1.7511542572722352e-03  9.0493700320978165e-01  8.8541140851083355e-01  4.4405871017441367e-01  
q[104]: 3.2927359844183986e-03  8.9033159114761951e-01  8.0634565437205219e-01  5.9459571801901190e-01  
q[105]: 1.1735498615671085e-03  8.5863041361373549e-01  8.4634860564179315e-01  7.0518505593950120e-01  
q[106]: 8.8358313661056126e-04  8.8958712828753173e-01  8.5245686699536394e-01  8.5829993198605914e-01  
q[107]: 4.9665187374147736e-04  9.8213872024982962e-01  4.2019888108553671e-02  4.0570439417782808e-02  
q[108]: 7.8526621089641216e-04  9.7251428154138142e-01  1.4102559524031496e-02  2.0862480687863946e-01  
q[109]: 2.0915616373722926e-03  9.7007854447463859e-01  1.2149651385638958e-01  3.0523044721002324e-01  
q[110]: 9.1825938871378332e-04  9.8713507190922856e-01  4.1002645406294967e-02  4.5830054315828617e-01  
q[111]: 1.3611108958526837e-03  9.7338015197433125e-01  1.0073215758295558e-01  6.1949554476554569e-01  
q[112]: 4.9229086723450431e-04  9.8773336575997872e-01  1.6177097097440245e-02  7.4583654128307086e-01  
q[113]: 3.2061969282584928e-04  9.8095581609686211e-01  3.1185580359241499e-02  9.5178114210423992e-01  
q[114]: 7.9500373243117579e-04  9.7432402961365239e-01  2.2535848401955869e-01  1.4026571186998850e-02  
q[115]: 1.0030079019319558e-03  9.8894039326513616e-01  1.4285632136485368e-01  1.3362902684334904e-01  
q[116]: 5.7773013906273446e-04  9.8480704059634661e-01  2.5037803992717256e-01  9.6836777103506100e-01  
q[117]: 2.5670756416486694e-03  9.6625652738616763e-01  3.5161150214974263e-01  1.0673831198346403e-01  
q[118]: 1.4563564258554941e-03  9.8817242562439556e-01  3.2244996001419024e-01  2.5776002211256521e-01  
q[119]: 2.1783698228707957e-03  9.7696754689288190e-01  2.3732291997891747e-01  4.5056055498623759e-01  
q[120]: 1.2911519880677150e-03  9.8784570064940858e-01  2.0457993216762596e-01  6.8131711812720175e-01  
q[121]: 2.4282294750929243e-03  9.7716338384330326e-01  3.3249700523796794e-01  8.1651139135627071e-01  
q[122]: 1.1173439833939531e-03  9.8592833095061472e-01  5.0203018325977689e-01  9.3856857425632678e-01  
q[123]: 1.7986236220595391e-03  9.8656444314165859e-01  5.1491841714663555e-01  3.2563025858737982e-01  
q[124]: 1.6854262453570963e-03  9.8643428129994415e-01  4.0650495942083686e-01  5.4939957475011458e-01  
q[125]: 2.7324090002970721e-03  9.7284990627068701e-01  4.9693023382105150e-01  6.8841892564879426e-01  
q[126]: 7.1550222157352788e-04  9.9298313052658715e-01  5.1520250746755269e-01  4.0709026268195676e-02  
q[127]: 1.8103952482187028e-03  9.8446657716866537e-01  6.7254331746749296e-01  1.5059181050293841e-01  
q[128]: 2.1181281242309297e-03  9.8457507080203410e-01  6.6387609296797945e-01  4.9750814872741261e-01  
q[129]: 1.1074964212392665e-03  9.8534191018209349e-01  6.9224372267138690e-01  7.2039348494534694e-01  
q[130]: 1.5165096524954707e-03  9.8029955084277187e-01  6.6102899478024846e-01  8.4724071979415161e-01  
q[131]: 6.7953693583448522e-04  9.8107456142905214e-01  7.8219440928409956e-01  1.8873251775297879e-02  
q[132]: 1.0429357201377253e-03  9.8420947589834029e-01  8.9657660527220862e-01  1.2444032406839625e-01  
q[133]: 7.9896387376646812e-04  9.8974915508379802e-01  8.7096156326314422e-01  8.7698929188569008e-01  
q[134]: 8.2810940098871082e-04  9.7250433872725284e-01  7.4811154726555851e-01  9.5933629423051470e-01  
q[135]: 3.6084910218419736e-04  9.7689468848989147e-01  9.5147924122064365e-01  3.3014735419184316e-02  
q[136]: 5.2784285312938337e-04  9.8421247911199872e-01  9.7212780073096017e-01  2.7370355632817661e-01  
q[137]: 2.0613990494040839e-03  9.8306844008065075e-01  8.1423775173009250e-01  3.2276311718686046e-01  
q[138]: 1.2725538084995245e-03  9.8380655131525696e-01  9.3400561453791786e-01  5.1452261297995550e-01  
q[139]: 1.9512892850686613e-03  9.7800535190904925e-01  8.3653952220748606e-01  6.6383951560539123e-01  
q[140]: 8.4413320428203937e-04  9.7291596727490304e-01  9.5832685070944679e-01  7.5766413802320276e-01  
q[141]: 4.7602698584898242e-04  9.7699536245635521e-01  9.4131251827157258e-01  9.4246945586574693e-01  

