deg: 9
dim: 3
nodes: 56
efficiency: 0.982143

q[0]:  1.7268457023674564e-03  1.2959492538767969e-01  8.7891712025091842e-02  3.4830770028102698e-02  
q[1]:  1.5423762285997492e-03  1.5259828661141195e-01  3.1456355211407945e-02  1.2426834779261080e-01  
q[2]:  3.5475887008359257e-03  2.8410478847193815e-01  2.4648732990298006e-01  2.2618744212320693e-01  
q[3]:  4.3483592076942997e-03  5.4731356955873423e-01  1.9792719820071743e-02  1.7527105350820371e-01  
q[4]:  4.0688929593785377e-03  3.7655384735648856e-01  2.5974480216979904e-02  2.7439476358863085e-01  
q[5]:  4.8924513528781867e-03  3.0841019215617071e-01  6.4169994593780894e-02  5.0370358415889681e-02  
q[6]:  1.0710418004864226e-02  3.9316181313644782e-01  2.0823852341180132e-01  2.0778585690195409e-01  
q[7]:  3.4144474824017714e-03  4.0210226528313747e-01  1.6252069433610514e-01  3.9177406179814100e-01  
q[8]:  4.8721072382283404e-03  3.6606869694473093e-01  3.1490449060654307e-01  5.4915511840000313e-02  
q[9]:  5.4550358448957016e-03  5.4347987382700935e-01  5.2458806861880414e-01  3.0647322363738683e-01  
q[10]: 3.2867592461587715e-03  5.6558446769199289e-01  7.7484567275771785e-02  2.7788570205887778e-02  
q[11]: 1.2590387526823092e-02  6.2573635868675215e-01  1.4416224870616759e-01  3.5915497255021200e-01  
q[12]: 4.8063686002629740e-03  6.4060954188678731e-01  4.5227166214681223e-02  5.7370629002981754e-01  
q[13]: 4.6741632019572195e-03  5.3524912032391025e-01  2.9219297407191458e-01  2.1162993009147896e-02  
q[14]: 1.0766569006987858e-02  6.1618476584901560e-01  2.1758662551581587e-01  1.5213615684902551e-01  
q[15]: 3.2921817956883155e-03  5.6038471958970260e-01  1.4169425190888968e-01  4.9663027214966204e-01  
q[16]: 1.3549505986650051e-02  6.2852076976976234e-01  4.6981830336884506e-01  2.0441224308972844e-01  
q[17]: 1.5036168382170990e-02  6.4327318290626756e-01  3.8786704682634610e-01  4.8623795319608298e-01  
q[18]: 4.4985597562685661e-03  6.5046005229495873e-01  6.0836119791650500e-01  5.7045265996426078e-02  
q[19]: 5.7199645624243052e-03  5.5128012286035577e-01  4.7219254193276466e-01  5.0425354300890901e-01  
q[20]: 4.9713679454697901e-03  8.1706662629526905e-01  7.8665491955010880e-01  2.5078244619905798e-01  
q[21]: 1.1865829973388481e-02  8.0443229184452936e-01  6.8256415979977136e-01  4.7157866168976503e-01  
q[22]: 3.5235872257983005e-03  7.5276790113173131e-01  3.9512684077808585e-02  8.1660626189243732e-02  
q[23]: 1.1765232117891189e-02  8.3661588312677937e-01  1.1779043659753570e-01  2.7927157350060616e-01  
q[24]: 4.9298439976155350e-03  7.8162296389188712e-01  1.7062625252227046e-02  4.6452312642761806e-01  
q[25]: 1.4919763275202754e-02  8.4057577791527294e-01  2.2473919017204216e-01  6.3023262680846459e-01  
q[26]: 4.7555395421038805e-03  8.6288956177960618e-01  7.0396177622354811e-02  8.0452263624712506e-01  
q[27]: 3.1958819486760251e-03  8.2759525151694557e-01  1.7824533755807134e-01  1.1838625772497004e-02  
q[28]: 7.1252425280265977e-03  9.6199956412637089e-01  5.1588622518043192e-01  6.5641385154442056e-01  
q[29]: 5.6894193226488619e-03  7.4222666931362324e-01  3.0876802065719544e-01  7.2524819210409452e-01  
q[30]: 1.0460211697173543e-02  8.1050168865187477e-01  3.3171473619406255e-01  1.1729094676952857e-01  
q[31]: 2.8819347793722482e-03  9.9109596218153917e-01  6.9103758720695618e-01  8.8241162680605334e-01  
q[32]: 5.2511771112905212e-03  7.7774314960012447e-01  5.2847181615891314e-01  2.9656543321399997e-02  
q[33]: 9.7393693557219704e-03  8.7037999027530422e-01  6.5864415614186000e-01  1.8971714433532191e-01  
q[34]: 1.8286449773236901e-02  8.3409038982448891e-01  4.2522203850109652e-01  3.9260790756526753e-01  
q[35]: 1.1985647233503290e-02  8.6949880051108885e-01  5.8980156541783801e-01  7.5154210029383162e-01  
q[36]: 3.2707123418837859e-03  8.9300808606414539e-01  8.3148731277130961e-01  4.7189196989074443e-02  
q[37]: 2.6151398604505184e-03  9.6290124659932208e-01  9.4514680172798615e-01  3.4534351937994678e-01  
q[38]: 3.4511938518669142e-03  7.9413173587457697e-01  7.8104810663013802e-01  6.1974727238959026e-01  
q[39]: 3.6076924233326658e-03  7.7872436996159100e-01  6.9446569443258521e-01  7.4864346272246240e-01  
q[40]: 1.8885547098963487e-03  9.0904134743557441e-01  1.4847449333662962e-02  1.0855346418342744e-01  
q[41]: 2.1187999106581784e-03  9.7920077118013638e-01  4.3659356598991672e-02  2.4910572702276088e-01  
q[42]: 3.2790439445032358e-03  9.5280116174002194e-01  2.2632556636141367e-02  6.4371107488948232e-01  
q[43]: 5.1584273567997522e-03  9.7684402938652848e-01  2.4440004227863071e-01  7.6805359032460530e-01  
q[44]: 1.5422270666974318e-03  9.8205933535935741e-01  7.3122492284182633e-02  9.2309272616257421e-01  
q[45]: 1.8364976575493516e-03  9.6967527598121028e-01  1.1571036835894553e-01  2.8884123476338709e-02  
q[46]: 6.7885550387151326e-03  9.7189897984829865e-01  4.6450165368552210e-01  4.1854225969639547e-01  
q[47]: 7.2200550166455204e-03  9.6261978394869308e-01  1.6029899325058597e-01  4.4832490549002085e-01  
q[48]: 4.1903326471259481e-03  9.4909712571439986e-01  3.7646475047557182e-01  9.2089274115465913e-01  
q[49]: 7.9522633219584696e-03  9.6145913021261653e-01  3.1566171542539351e-01  1.4772070245941230e-01  
q[50]: 3.6806086602644899e-03  9.6007901863922551e-01  5.7189065059854982e-01  2.7981836156890871e-02  
q[51]: 6.2962968173760816e-03  9.7265525708261291e-01  7.1162126245285673e-01  2.5293349678847910e-01  
q[52]: 1.6302654601498398e-03  9.5042435122774771e-01  8.4050837437855563e-01  9.4130035277433355e-01  
q[53]: 1.6399016501137400e-03  9.8890961165590729e-01  9.0340646457007490e-01  8.1443034783558896e-02  
q[54]: 8.1791000082086680e-03  9.6068365760392571e-01  8.1838833907523856e-01  5.7248220284857665e-01  
q[55]: 2.8420169744811292e-03  9.5926759179665355e-01  9.2657586043236273e-01  8.0229916314717087e-01  

