deg: 12
dim: 3
nodes: 115
efficiency: 0.991304

q[0]:   5.3189178921966547e-04  1.3364788869455049e-01  1.2722352508876230e-02  2.9820018531300570e-02  
q[1]:   4.1633179553462763e-04  7.0159115830161781e-02  4.3402722353563190e-02  4.1967644802464267e-02  
q[2]:   6.9936307223485757e-04  1.7524047724020037e-01  1.4432428978333237e-01  1.4215844684339864e-02  
q[3]:   1.6974106708670265e-03  2.8797739879774703e-01  6.2182920940324703e-02  2.7818763222261688e-02  
q[4]:   1.8737705704296988e-03  3.1335042686184711e-01  1.5420822751418099e-02  1.6301431504711630e-01  
q[5]:   1.0628970811030511e-03  1.8979158920244310e-01  4.2497399072309761e-02  1.7010099227639758e-01  
q[6]:   2.9521257679642043e-03  2.2833279441422905e-01  1.3034298366384758e-01  1.1197020087823609e-01  
q[7]:   2.1313343950845652e-03  3.7422475155056895e-01  2.4941971739145610e-01  2.1638714222611138e-02  
q[8]:   7.3712069195710789e-04  1.9776514399686590e-01  1.8542653129897832e-01  1.6620521734689786e-01  
q[9]:   1.6999255449694935e-03  3.3465807444508822e-01  3.1668514189133856e-01  8.4139334303162838e-02  
q[10]:  1.2634281854070751e-03  5.3163073585886578e-01  1.2086499016452613e-01  2.8216746628024895e-04  
q[11]:  1.6082345832576614e-03  4.5246534849227943e-01  2.1567869178899791e-02  5.2037430107416287e-02  
q[12]:  1.2055224700774907e-03  3.8815758551878948e-01  3.4253469226770729e-02  3.6396955747899457e-01  
q[13]:  3.4579174691147267e-03  3.9265373759837319e-01  1.4369212471315981e-01  1.1328068829133771e-01  
q[14]:  2.1000263138002810e-03  3.4830424862517317e-01  2.2585766538355712e-01  3.2878474060275720e-01  
q[15]:  4.2667015280353831e-03  3.8994927274953001e-01  1.2081703403005237e-01  2.9687468735575312e-01  
q[16]:  5.9381500509693638e-03  5.6261871358937277e-01  2.6604485220527746e-01  6.8919564075973716e-02  
q[17]:  3.9283707094396386e-03  4.3147980777189443e-01  3.1175284837236872e-01  1.7918125045430541e-01  
q[18]:  2.5907391736874263e-03  3.7529833861145889e-01  3.3542524430128207e-01  2.6955245183444271e-01  
q[19]:  1.6259216215079181e-03  5.0172236063317366e-01  4.5584686669329333e-01  2.5591943489715878e-02  
q[20]:  2.2152838138716486e-03  5.4811748209645905e-01  5.1963014496764171e-01  3.7219208640784907e-01  
q[21]:  1.0949386998964519e-03  6.2099811284381612e-01  1.1076821847767324e-02  1.1497212379131140e-01  
q[22]:  6.0832665913967592e-03  5.3150221601587322e-01  1.0098056192609367e-01  1.9412425537455069e-01  
q[23]:  2.8248810315821900e-03  5.4092646623696639e-01  2.0363985306685674e-02  3.2867540932830575e-01  
q[24]:  2.2499954809575696e-03  5.6871361450932822e-01  4.4596296675140847e-02  5.1936112793033806e-01  
q[25]:  5.8733323676714716e-03  5.9532923557172479e-01  1.6376342810050804e-01  4.3875966433080593e-01  
q[26]:  3.3288964606789330e-03  6.7211357409076578e-01  9.2515627117233490e-02  7.3991277087263024e-02  
q[27]:  3.7386856194015273e-03  4.7332107465427392e-01  2.7046735255188670e-01  2.7687327348717172e-01  
q[28]:  2.2271853379727318e-03  5.5322844800978388e-01  2.1985393860136354e-01  5.4325423160546693e-01  
q[29]:  2.9473480507431205e-03  5.7143294324402538e-01  3.1662886734812185e-01  4.5676178667971135e-01  
q[30]:  5.9408783536970293e-03  5.9441901478138714e-01  4.6397952790649444e-01  1.4732810366095284e-01  
q[31]:  4.6693984119887790e-03  5.7244614260748250e-01  4.2815920036243488e-01  5.0764884194823401e-01  
q[32]:  2.5370342489437845e-03  6.7397219115778406e-01  4.8002253449538174e-01  1.6605921087352836e-02  
q[33]:  1.7153428885468942e-03  5.5622169659303733e-01  5.4699952556750786e-01  1.6804231512211132e-01  
q[34]:  4.2027963746793942e-03  6.1874388632740729e-01  5.3415653751128822e-01  3.4784167484605605e-01  
q[35]:  8.9175680071833826e-04  4.8055943606327695e-01  4.6148311849941381e-01  4.6261864618832554e-01  
q[36]:  5.7644544289446945e-04  7.2656353541648799e-01  1.7131024244554739e-02  6.9583831355999907e-03  
q[37]:  3.0374795776205370e-03  7.3307149680325767e-01  2.6779193425937122e-02  2.6797781693914141e-01  
q[38]:  7.2222888421162408e-03  7.4459761215868203e-01  9.8627739494470679e-02  4.4187053749998145e-01  
q[39]:  1.8854991922788720e-03  7.3742931603713113e-01  1.2166561537946938e-02  6.0447133662618502e-01  
q[40]:  5.0295156352406058e-03  8.7468583967458147e-01  1.5328272754583377e-01  2.1694077798041500e-01  
q[41]:  1.1128701215795903e-03  7.4126130513588684e-01  5.9686278330278265e-02  7.3404187729221293e-01  
q[42]:  4.4915142080060883e-03  7.2627025505942433e-01  1.7922005341478817e-01  6.4918888979608869e-01  
q[43]:  3.3478037947468381e-03  7.6753451374877701e-01  2.6348765775844840e-01  2.5417836905440968e-02  
q[44]:  9.1422855054683529e-03  6.5094501157274409e-01  3.3656076374429733e-01  3.2539500773192909e-01  
q[45]:  7.7720838410820781e-03  7.9206024053856972e-01  3.3240429801669408e-01  5.7865293746220137e-01  
q[46]:  8.3281605764074177e-03  7.2143072059010449e-01  2.2397535049910230e-01  2.2098093373319197e-01  
q[47]:  5.0208960558523977e-03  7.2867577684761731e-01  4.8882221624385130e-01  5.4809313204531518e-01  
q[48]:  3.7139146103506437e-03  7.5309224660009721e-01  3.9316111521103181e-01  7.2216516118475138e-01  
q[49]:  7.4264827365100082e-03  7.7898973064160637e-01  4.4068461829939759e-01  1.2071615279364450e-01  
q[50]:  7.0863468629450204e-03  7.6969512391350881e-01  5.6342527023183164e-01  2.9841532044760699e-01  
q[51]:  4.2646603497988288e-03  8.0596805184889908e-01  6.0366411009008514e-01  7.1548494047723010e-01  
q[52]:  1.9360994499204090e-03  8.4493075231472936e-01  6.6573953496485205e-01  2.1851880454771089e-02  
q[53]:  4.4248826509068681e-03  7.7622786017665746e-01  6.8689239495957366e-01  1.5415147720741021e-01  
q[54]:  1.4163056631670671e-03  7.0350954666975307e-01  6.1517759469789379e-01  6.9560907544052097e-01  
q[55]:  1.8394016781682389e-03  7.0129147176661133e-01  6.6949974582948291e-01  4.8285398053674669e-02  
q[56]:  2.5263545407579980e-03  7.5876261467303185e-01  7.4422391211360517e-01  3.1569692047318632e-01  
q[57]:  5.3619588269810123e-03  7.7128948190254509e-01  6.7831250862303150e-01  5.0623502492459993e-01  
q[58]:  2.2438425674600609e-03  7.0803754431848542e-01  6.8784943755727646e-01  6.0856378939848454e-01  
q[59]:  1.4697306481136203e-03  8.8132894421677843e-01  2.5480468326370853e-02  7.7650695689936308e-02  
q[60]:  1.3788735397555802e-03  8.6803069490472851e-01  1.4402912803589072e-02  2.6735159766663918e-01  
q[61]:  4.0801657408900743e-03  9.1368884277072981e-01  8.0897898125041251e-02  4.3196893921569779e-01  
q[62]:  2.0873556934305798e-03  8.7663936193314951e-01  2.2074030946493118e-02  5.8995116211618837e-01  
q[63]:  1.3041054185523855e-03  8.9874267241950112e-01  3.2139496007267059e-02  8.5507492080698966e-01  
q[64]:  2.4774512950502692e-03  8.0080231158696180e-01  9.7677346716911695e-02  9.8217970945202529e-02  
q[65]:  4.2711768304808939e-03  8.6374369864598455e-01  1.2124377730785210e-01  7.3121625078515873e-01  
q[66]:  2.5048083690423690e-03  8.7798926024803103e-01  2.5708059014976864e-01  8.5379749028199681e-01  
q[67]:  1.1958162452535310e-03  8.9814842971453179e-01  1.3164283476035807e-01  8.5157621028651345e-03  
q[68]:  4.5025615220171868e-03  9.1437626592904309e-01  3.0356179182120446e-01  9.5629064572184591e-02  
q[69]:  5.4499032081072249e-03  9.2583731907473776e-01  2.1984983696630786e-01  6.3085137749850073e-01  
q[70]:  5.8076562733234858e-03  9.1462549863309672e-01  4.2355849684591396e-01  7.7151065644439953e-01  
q[71]:  2.3641681765511138e-03  9.0360092195416608e-01  5.0093617718303773e-01  2.9058504065786982e-02  
q[72]:  6.2163067733581505e-03  8.9209496564780688e-01  4.0676613827056829e-01  2.8642499880321515e-01  
q[73]:  6.5884488787462314e-03  8.5338126409326498e-01  2.6749798685321002e-01  4.2119433448890642e-01  
q[74]:  2.3390652291445423e-03  9.8982636820216863e-01  5.8754312126325681e-01  7.6706292619388827e-01  
q[75]:  2.5326397205522647e-03  9.1146139566814810e-01  5.8806319520407258e-01  8.8291628136173661e-01  
q[76]:  4.6020182738536223e-03  9.2619439742792831e-01  6.0026872311571322e-01  2.1513402906947232e-01  
q[77]:  6.6182056774302007e-03  8.5439348958290229e-01  5.2002387064693301e-01  4.6079778128699450e-01  
q[78]:  5.9745607201740205e-03  9.2205755046083870e-01  6.3012627444428571e-01  6.2993841952763230e-01  
q[79]:  2.8940249682784525e-03  8.9710621837375004e-01  7.1260061135017549e-01  1.1608609099159567e-01  
q[80]:  6.1241699563837097e-03  9.0733673000617820e-01  7.7021648125948650e-01  3.7866895344246726e-01  
q[81]:  1.1045256102902848e-03  8.7469377234936729e-01  7.9512630805021167e-01  8.5975958390625973e-01  
q[82]:  8.6641620991645743e-04  8.6520992633781446e-01  8.4137128707820108e-01  3.0699109533590285e-02  
q[83]:  1.6216434111145275e-03  8.9654413727354376e-01  8.7755879482772736e-01  2.3650426825251239e-01  
q[84]:  2.9751223053311243e-03  8.9003982220552158e-01  8.5600761482227949e-01  5.7077711332042103e-01  
q[85]:  3.6002293400773573e-03  9.0013103140204442e-01  7.7077998092458211e-01  7.4682587516765198e-01  
q[86]:  1.0021336888238065e-03  8.6961808903626814e-01  8.5760873884330469e-01  7.8513912961908461e-01  
q[87]:  4.3596239961614884e-04  9.7760455219028408e-01  2.7084635213061301e-02  3.2472031650657228e-02  
q[88]:  7.0021621368727169e-04  9.7658074195870903e-01  3.2631569484060942e-03  3.2630125047952585e-01  
q[89]:  1.7535312911330259e-03  9.8826514209399063e-01  8.7240355244882523e-02  5.3616327126701291e-01  
q[90]:  1.1664534598284193e-03  9.7080513017840486e-01  2.1735488035992401e-02  7.2902973485862110e-01  
q[91]:  2.7980299073030113e-04  9.8873722046158408e-01  2.4389103132962726e-02  9.4867931156593144e-01  
q[92]:  2.2669279277363944e-03  9.7379477418482996e-01  8.6012107640744975e-02  1.6512097832175554e-01  
q[93]:  3.9974400083233191e-03  9.7726299505109604e-01  2.4068805710791136e-01  3.3081544994735940e-01  
q[94]:  2.0019876898596045e-03  9.7451212696197187e-01  1.2580712901948865e-01  8.5143918427237220e-01  
q[95]:  5.7785484425028225e-04  9.6999212514697652e-01  1.7179111681972364e-01  9.6564213616755357e-01  
q[96]:  1.2086718872051632e-03  9.8342479358031432e-01  2.2237802111913477e-01  4.1156175150978351e-02  
q[97]:  1.8742683135313304e-03  9.9045882502002236e-01  2.7042542619140159e-01  7.1207369206076743e-01  
q[98]:  2.0077219913730571e-03  9.7972800261135984e-01  3.6507739699565656e-01  9.1050260536877059e-01  
q[99]:  6.8534582461964445e-04  9.7952103754999076e-01  5.0712663386871404e-01  8.4844134523986391e-03  
q[100]: 2.4956679442599398e-03  9.8641993093238178e-01  4.4060046735715430e-01  1.5853317732124389e-01  
q[101]: 5.4025608496753690e-03  9.7082000827140291e-01  4.3875865097917965e-01  5.1471809896983545e-01  
q[102]: 5.6105711126726960e-04  9.8809843824464560e-01  5.9211193285889940e-01  9.7505797535933014e-01  
q[103]: 3.0197580073339498e-03  9.8370918767642690e-01  6.4076183395468833e-01  3.4601329795229052e-01  
q[104]: 2.8361132366007129e-03  9.8306004454133356e-01  7.9015790273339448e-01  5.5277368349437106e-01  
q[105]: 2.1551174633837595e-03  9.7742667163347685e-01  7.7372424943203921e-01  8.8009021506160023e-01  
q[106]: 2.0011212220003294e-03  9.8068832803845152e-01  7.2087529634946712e-01  7.8571825234167267e-02  
q[107]: 1.9380116192711982e-03  9.8563817338585069e-01  8.8144900829164141e-01  2.4174420615418110e-01  
q[108]: 1.3669583151249332e-03  9.2689674698375080e-01  8.6727392585657304e-01  1.2345094255612066e-01  
q[109]: 5.5967757382015487e-04  9.7655672128601834e-01  8.9961526331949593e-01  9.5827585774934820e-01  
q[110]: 7.1855586069730787e-04  9.6939271827504170e-01  8.7292560315167533e-01  1.4319050835094892e-02  
q[111]: 3.7036414638620527e-04  9.8528321221540804e-01  9.7615581559900577e-01  8.7812625948153811e-02  
q[112]: 1.2134922246375306e-03  9.7638110238501241e-01  9.5693428958416171e-01  4.4516696119119759e-01  
q[113]: 1.7832898951870896e-03  9.8002287355625417e-01  9.1575772939164579e-01  7.2099953744492373e-01  
q[114]: 4.6682255008302702e-04  9.7376826693650265e-01  9.6583633128310742e-01  8.7551100566028850e-01  

