deg: 20
dim: 3
nodes: 446
efficiency: 0.993274

q[0]:   2.7114572290276859e-05  2.7986798523574701e-02  1.0003438975560710e-02  7.8139958224774757e-03  
q[1]:   7.6425645856053901e-05  7.7378706824973165e-02  8.6422826232212639e-03  6.3826756605339707e-02  
q[2]:   3.3914251312009012e-05  5.1103225482579798e-02  4.3956374445328149e-02  4.5787117169229834e-02  
q[3]:   6.5208617918034140e-05  8.3665738366838271e-02  7.6635587454343929e-02  1.1475077041744866e-02  
q[4]:   2.1293501432615529e-04  1.5151799950106226e-01  9.9042630670394486e-03  7.0338718301473313e-02  
q[5]:   1.0237472067059683e-04  9.6663981295582346e-02  1.6455735408701693e-02  9.4727098083610267e-03  
q[6]:   3.3773779866035693e-04  1.6736246616403172e-01  4.6013433164108164e-02  1.3152717609585790e-01  
q[7]:   1.4625288610665179e-04  1.3685039549419892e-01  7.5323971841023685e-02  1.3181313047049881e-01  
q[8]:   2.2726862202383178e-04  9.0493774368140059e-02  4.8897503007525503e-02  4.2616492856430634e-02  
q[9]:   2.2066472874292657e-04  1.5977851359782935e-01  1.0745555993431043e-01  9.7994964531982563e-03  
q[10]:  1.7977441870557114e-04  1.3452962038773850e-01  1.2265539627469184e-01  1.0613574476813049e-01  
q[11]:  1.4707905798249651e-04  2.0788061634866797e-01  8.1463087408050767e-03  2.6682002288197584e-02  
q[12]:  2.7374266675447492e-04  2.6036614411692133e-01  7.7883868612992095e-03  1.8705478537827105e-01  
q[13]:  7.5953007225586558e-04  2.7298964140233711e-01  3.4431923915103524e-02  1.1524365358522751e-01  
q[14]:  1.1556774546411013e-04  1.8284893559087836e-01  1.1296059942112855e-02  1.7076476287221135e-01  
q[15]:  1.4559189709910348e-04  2.0853401633123378e-01  4.0221396490126460e-02  5.2703611830763521e-03  
q[16]:  4.7204735377175133e-04  1.8277905542380074e-01  6.6047906139591814e-02  4.3491597046532618e-02  
q[17]:  7.0446524368806976e-04  2.6596701101335873e-01  1.4097212022868366e-01  8.3298630285501871e-02  
q[18]:  3.2895350871861773e-04  2.1529378623060297e-01  6.8329797430808956e-02  1.3117311227617559e-01  
q[19]:  3.6654001816822089e-04  2.6083337857856315e-01  1.1644971326770331e-01  2.4926436446058853e-01  
q[20]:  1.0358861612892714e-03  3.0757046722156489e-01  1.2472507655885959e-01  1.8556488522792289e-01  
q[21]:  6.9151711345579055e-04  2.5046517031116039e-01  1.6524414502457810e-01  2.0197499863295659e-01  
q[22]:  2.6528373864645016e-04  1.7601641838378634e-01  1.6411502220156382e-01  5.2193778910672811e-02  
q[23]:  4.9551385229156539e-04  1.7985217983266161e-01  1.2333002420313526e-01  9.7131073858064187e-02  
q[24]:  6.4140257871453279e-04  2.7254769522838440e-01  2.0883904767985997e-01  3.8629938463060669e-02  
q[25]:  2.1443788662015053e-04  2.2553085653650526e-01  1.9843256129061299e-01  2.1542831769569068e-01  
q[26]:  1.1039731533442338e-04  2.3074785882317561e-01  2.1872746931841477e-01  7.5134966635400447e-03  
q[27]:  2.3815167850403109e-04  2.5045001016289725e-01  2.4568127131171813e-01  1.8178164875287614e-01  
q[28]:  1.8532970250940463e-04  3.0867885131457617e-01  3.3917259823008730e-03  6.6311413063344316e-02  
q[29]:  3.9807154941659740e-04  3.7619399222963690e-01  1.0058607021324059e-02  2.1873741589371273e-01  
q[30]:  2.2025740910284688e-04  3.5057228784908873e-01  1.0159432728230101e-02  3.2521622935054406e-01  
q[31]:  2.7760637429594034e-04  3.3735096792157365e-01  2.6190848258648744e-02  1.1353071149706767e-02  
q[32]:  8.3987444165321281e-04  3.0994997216060810e-01  7.9327663520170552e-02  4.6828734228183358e-02  
q[33]:  1.2987722902824234e-03  4.0388198041711554e-01  8.3118394675201199e-02  2.0289083739705849e-01  
q[34]:  7.2216313586562881e-04  3.0294569969826363e-01  6.7340939585496140e-02  2.4555032592454568e-01  
q[35]:  1.8808109617470800e-04  2.7724543830828391e-01  3.8085481152733920e-02  2.6846757941869909e-01  
q[36]:  1.1891341125983544e-03  3.9251384246180920e-01  1.4378118461367445e-01  1.1778401528622350e-01  
q[37]:  7.0686009287414481e-04  4.2444941174125284e-01  1.4692728201857194e-01  2.7401324219175355e-01  
q[38]:  3.9856929182230676e-04  2.9130532773499546e-01  1.4615566255793985e-01  8.3904568343344081e-03  
q[39]:  1.0806981205764860e-03  3.8578339234022480e-01  1.9045522446993854e-01  3.3675300113126599e-01  
q[40]:  7.5673993717185518e-04  3.9360750553905444e-01  2.5867267260933846e-01  5.8638644366121047e-02  
q[41]:  8.3261085050137897e-04  3.4597574174299445e-01  2.0386881303290258e-01  1.3677681429932370e-01  
q[42]:  1.4649312273575567e-03  3.8320298585465690e-01  2.5755443047084209e-01  2.5978132058373199e-01  
q[43]:  4.4171782260189941e-04  3.5668936909186266e-01  2.5702921417735702e-01  3.4602023025977113e-01  
q[44]:  8.7802384113371294e-04  4.0412097527984903e-01  3.0577011487084826e-01  1.1980851197644903e-01  
q[45]:  3.2364850812762494e-04  3.6397933957267586e-01  3.0862480106436785e-01  9.4398122477148752e-03  
q[46]:  1.3188163501867627e-04  3.4591159299231855e-01  3.4059279266947357e-01  2.8241650104461929e-02  
q[47]:  4.3306291876239164e-04  3.0610436339217878e-01  2.9270081397759456e-01  9.2576095125486715e-02  
q[48]:  8.1022885098482348e-04  2.8315735297984784e-01  2.3695271286744773e-01  1.4762889668504173e-01  
q[49]:  7.1184567608061034e-04  3.4953240332228708e-01  3.0518188699428239e-01  2.9139865644730600e-01  
q[50]:  1.4078470867164112e-04  3.4221588195649477e-01  3.3215257799515679e-01  3.3010442388113725e-01  
q[51]:  8.2595283424885177e-04  4.0722845828718141e-01  3.1531845207278655e-02  1.1963745232438952e-01  
q[52]:  3.3479566774650835e-04  4.7348583019070717e-01  6.7033748070415115e-03  2.1662580185266095e-01  
q[53]:  1.1512449230730740e-03  5.3243113280355314e-01  3.5328397986937952e-02  3.4122945545603262e-01  
q[54]:  8.8894757036142374e-04  4.0929205432051885e-01  4.3252449250664626e-02  3.0898906613861621e-01  
q[55]:  2.6453073751896264e-04  4.7906454599373716e-01  3.1158754691313524e-03  4.0067501440229730e-01  
q[56]:  1.8575796700666798e-04  4.3890549384765720e-01  2.7519953954612017e-03  4.5976681809843378e-02  
q[57]:  9.2093529208066001e-04  4.4867523199199760e-01  7.2318865340822422e-02  5.4815276065152900e-02  
q[58]:  1.2329694457952497e-03  5.3493068833705826e-01  1.3086896953015767e-01  3.0087412535227437e-01  
q[59]:  1.9863728612429417e-04  4.3153162420757768e-01  3.5489385827398141e-02  4.2299465757455529e-01  
q[60]:  4.4495042912576357e-04  4.2527661356034702e-01  1.2569419285075698e-01  8.1440973745535872e-03  
q[61]:  7.6467711154686448e-04  4.3026237896637359e-01  9.7239130535516347e-02  3.9270768373650544e-01  
q[62]:  1.2447210390149543e-03  5.0419500606333545e-01  1.4295223832529821e-01  1.4249827285388122e-01  
q[63]:  2.5853809250653802e-04  3.9197348225278972e-01  1.2931505599003126e-01  3.8860774997109931e-01  
q[64]:  1.0419281522014280e-03  4.5647897541536575e-01  1.7043009619874838e-01  3.3705682351619903e-01  
q[65]:  8.5655936402072059e-04  4.2267284614423289e-01  2.0193805149595545e-01  4.1860584684598107e-02  
q[66]:  7.5914692863076878e-04  4.9260940785456286e-01  2.2525742280879057e-01  1.0845583029745155e-01  
q[67]:  2.1469548563241344e-03  4.7230019932208173e-01  2.5023033217730284e-01  2.2393352160318150e-01  
q[68]:  6.0861803737935006e-04  4.8445888122879743e-01  2.7051337050877078e-01  4.7008474249932236e-01  
q[69]:  1.7576531607329303e-03  5.3519690983463586e-01  2.9570386396650422e-01  4.1494976991119803e-01  
q[70]:  3.9663433360463045e-04  4.4298846365084515e-01  2.8788741868641521e-01  9.3760914198688233e-03  
q[71]:  1.6596970672926796e-03  5.2202636084845000e-01  3.5566857436933758e-01  1.4376415183045446e-01  
q[72]:  1.2056749547681681e-03  4.8252577117995815e-01  3.5821574306385096e-01  4.2353588624926103e-01  
q[73]:  8.2373904003934010e-04  5.0262027455877778e-01  4.0485543989426159e-01  4.5930545187188039e-02  
q[74]:  6.6445068131829879e-04  4.1596108288166317e-01  3.7872164924290763e-01  7.1487657800388626e-02  
q[75]:  1.7599361415327342e-03  5.2315107883044853e-01  3.7241208300876377e-01  3.2631759077737543e-01  
q[76]:  3.3642324897589478e-04  4.6272065658796213e-01  4.0999807582460512e-01  4.5213977519360582e-01  
q[77]:  1.2936888177631121e-04  4.5358511754193798e-01  4.4471234436323015e-01  1.4605869534058276e-02  
q[78]:  4.9037547709076233e-04  4.5866852094291893e-01  4.4891472674052174e-01  1.5880817893262247e-01  
q[79]:  1.1930884935582907e-03  4.2428168666429483e-01  3.6089274525533122e-01  2.0009388101596828e-01  
q[80]:  4.8636398922913228e-04  3.9142849216373310e-01  3.8129881598249721e-01  2.4046870643224943e-01  
q[81]:  9.2190638252108491e-04  4.7175440221332809e-01  4.1895299531328173e-01  3.4621757859717395e-01  
q[82]:  2.8175167337771687e-04  4.4083427813230852e-01  4.3135378756497872e-01  3.8469488763507631e-01  
q[83]:  1.9670311161737149e-04  6.0150533096621406e-01  3.1423911719328313e-03  4.3779044870060409e-02  
q[84]:  7.6746172398549177e-04  5.7684732212469769e-01  6.6889324177063364e-02  5.0782278209308848e-02  
q[85]:  8.4501655880580922e-04  5.4654343017940776e-01  2.1786918910727791e-02  1.2718144573946100e-01  
q[86]:  1.4713881356584581e-03  5.3878817657645828e-01  7.4797223254286463e-02  2.1982616698795163e-01  
q[87]:  4.0312156293720433e-04  5.9310806441917419e-01  7.7397997188535577e-03  2.7155138546318630e-01  
q[88]:  5.3336457544500939e-04  6.4245405654645416e-01  7.1524222981372329e-02  2.9461709424963700e-01  
q[89]:  3.8597831059203623e-04  6.1536572765680830e-01  6.6999717586473315e-03  4.4920871640853749e-01  
q[90]:  1.4782572815711737e-03  5.4781872831342926e-01  1.0464776841741422e-01  4.3251936827254900e-01  
q[91]:  5.9515171590553855e-04  5.3554966880028010e-01  3.8782915595580475e-02  4.8698725335734366e-01  
q[92]:  1.0149572453858916e-04  5.3188027915953895e-01  1.1224309987864382e-02  5.2597063896971641e-01  
q[93]:  2.6270249644437944e-04  4.9556493603296869e-01  2.7968456475354175e-02  9.5030466559366637e-03  
q[94]:  5.2960115661399129e-04  5.6105786631897225e-01  1.0432904877043707e-01  5.4541128114829285e-01  
q[95]:  4.5719118150426585e-04  5.7393072330912687e-01  1.3151524880125198e-01  9.2698717264196179e-03  
q[96]:  1.7606921780544947e-03  6.5603523006522846e-01  1.7535486117498686e-01  3.5370175280639160e-01  
q[97]:  1.0355997751092306e-03  5.5665063023989536e-01  1.5966575815306264e-01  7.8610295124093066e-02  
q[98]:  8.5427986738625234e-04  6.4093375980244960e-01  1.9688981988701509e-01  1.6742619100437708e-01  
q[99]:  1.2806993820436842e-03  5.4892227490048373e-01  2.0122431885525194e-01  4.9279722743805870e-01  
q[100]: 2.9374773188489873e-04  5.5192477653351679e-01  2.0194015096776438e-01  5.4682582582550521e-01  
q[101]: 1.4300996308600294e-03  5.6408306268179431e-01  2.0966431963465965e-01  3.5146873801670897e-01  
q[102]: 9.7292300978702080e-04  5.5566713930505174e-01  2.3981411211177589e-01  2.6964665846143980e-02  
q[103]: 1.9915029036574319e-03  6.7683332916182082e-01  3.0544197714061672e-01  1.5991551371723758e-01  
q[104]: 2.0005484699391410e-03  5.8412199040720503e-01  2.3843233231650038e-01  2.2408812622646868e-01  
q[105]: 2.1424894538445835e-03  6.5076288498521861e-01  3.0483661385302763e-01  4.6385551588567980e-01  
q[106]: 7.9920204101076406e-04  5.9819665921180132e-01  3.3760644367313125e-01  5.5488557474359834e-01  
q[107]: 1.5441926880622125e-03  5.7485293923308722e-01  3.2538599400992430e-01  8.8714371440303169e-02  
q[108]: 1.2118708549692136e-03  6.2495190043292159e-01  3.8155316360831859e-01  2.2946380280370193e-01  
q[109]: 1.8464269252540164e-03  6.2164538776417588e-01  3.5459462393579694e-01  3.3022256309158898e-01  
q[110]: 3.5711345883927126e-04  5.6033864256494337e-01  3.5345291079187285e-01  5.3574258867730836e-03  
q[111]: 4.2338464158395785e-04  5.6791176320549275e-01  4.1948898578958110e-01  5.5910008345228313e-01  
q[112]: 1.6581088886809174e-03  5.6367906608687768e-01  4.5517545287193079e-01  2.3715165402166966e-01  
q[113]: 1.4549873642700848e-03  6.5099641532916197e-01  4.6606271262065396e-01  3.9099095917066429e-01  
q[114]: 1.5939427242882970e-03  6.3731116629992102e-01  4.3755197068003832e-01  5.4013620484715019e-01  
q[115]: 6.6728614603709031e-04  5.7834272071145909e-01  4.3417685423448266e-01  4.8529772534116070e-02  
q[116]: 5.4942382637002075e-04  5.6104582733037867e-01  4.9556379116838611e-01  5.1186301130898404e-01  
q[117]: 3.2446306634448680e-04  5.3276219490427457e-01  4.8063694522884204e-01  9.1006008534371772e-03  
q[118]: 3.8857677733297361e-04  5.3712224658621877e-01  5.2546776290627206e-01  6.5838904157726572e-02  
q[119]: 1.1828015744081034e-03  5.5489125638263370e-01  5.0064589158215000e-01  1.3528635865157332e-01  
q[120]: 3.8409034380195686e-04  5.9284378999157350e-01  5.8642661694199705e-01  2.2634747251065437e-01  
q[121]: 1.1461575522661459e-03  5.5454354099626169e-01  5.1883517135162549e-01  3.0084198286064767e-01  
q[122]: 3.3021074698376558e-04  5.5019738837178944e-01  5.4599555986657655e-01  3.7868868876018907e-01  
q[123]: 9.9439872353527495e-04  5.8436814321651465e-01  4.8903524066436183e-01  4.3050183386938912e-01  
q[124]: 5.2656394081328716e-04  5.6904692281355751e-01  5.4526850854527220e-01  4.7968481835699545e-01  
q[125]: 1.5514621108592692e-04  5.3171405474765576e-01  5.2167773143894491e-01  5.1677060435663225e-01  
q[126]: 8.7211826084342299e-04  6.8597732462250638e-01  3.4142501599057344e-02  1.0288253862735289e-01  
q[127]: 1.0556517475691781e-03  6.2358292031743734e-01  1.0175483101797075e-01  1.4952147885313960e-01  
q[128]: 4.4237080609593407e-04  6.8674826648800569e-01  6.4894929259179208e-03  2.0718702260576233e-01  
q[129]: 9.5729738692801650e-04  6.7518141445605950e-01  6.1190206192061981e-02  2.3061425892078954e-01  
q[130]: 1.1044440174087279e-03  6.8569664357935201e-01  3.2107196402826894e-02  3.6758203876058104e-01  
q[131]: 4.4574304366138540e-04  7.3757446666102222e-01  7.1840926383501674e-03  5.0696280753737655e-01  
q[132]: 9.1106199694873278e-04  6.5035420356936735e-01  3.9602314265650126e-02  5.4596760198137939e-01  
q[133]: 2.3070212862228584e-04  6.4998036466781373e-01  6.6222532775938149e-03  6.1278789912610376e-01  
q[134]: 2.2565158575779258e-04  6.5313782040260915e-01  2.9946375505449076e-02  7.3740239931531009e-03  
q[135]: 8.0263535465803927e-04  6.9739227166436835e-01  9.9077817549556191e-02  3.2980236597090817e-02  
q[136]: 1.8221366851888866e-03  6.6784777560467290e-01  9.4311705200032250e-02  4.4811666455207844e-01  
q[137]: 3.0173541715249535e-04  6.6714949662085754e-01  5.0533056773609829e-02  6.5847726374448123e-01  
q[138]: 3.4443731519626948e-04  6.9721043374707325e-01  2.0105480604690507e-01  5.2397333607954654e-03  
q[139]: 1.1855892543949698e-03  6.8693726748290407e-01  1.6464920189829219e-01  9.9964590866114547e-02  
q[140]: 1.6472074553780765e-03  6.9419949381035695e-01  1.6449352547403029e-01  2.7223142761863628e-01  
q[141]: 1.1238016077190754e-03  6.7740820871815632e-01  1.1592837908120017e-01  6.2250797699451288e-01  
q[142]: 1.2620115649532317e-03  6.8209800224254580e-01  2.5271940378308938e-01  5.2330593661201422e-02  
q[143]: 2.2911073340878166e-03  7.7560911722836601e-01  2.5438525355174257e-01  2.3004723287771608e-01  
q[144]: 1.8972770481723625e-03  6.6422730080873182e-01  1.9494400643924567e-01  5.3496233886155808e-01  
q[145]: 4.8039382527696820e-04  6.8581288924899075e-01  1.9562986543662014e-01  6.7575233254278499e-01  
q[146]: 1.8604109966338421e-03  7.3214656226477270e-01  2.6399673575866278e-01  4.5165736196742801e-01  
q[147]: 1.1924085490042358e-03  6.7982441091737322e-01  2.8071644606680318e-01  6.3283443163435682e-01  
q[148]: 3.5371513423131096e-04  6.7296126650251997e-01  3.4779408548366075e-01  5.9620559241173746e-03  
q[149]: 1.9215370548443505e-03  7.1479481062159533e-01  3.1880658873319567e-01  3.1443909155890670e-01  
q[150]: 4.5572248061826354e-04  6.6850009447073522e-01  3.6738434523886448e-01  6.6237385780574820e-01  
q[151]: 2.0323057357950597e-03  6.9104608742243345e-01  4.7322393972040588e-01  2.2327469759880350e-01  
q[152]: 1.4352448006472046e-03  7.8770359067715234e-01  5.2805414414111895e-01  3.1037492783359355e-01  
q[153]: 1.4827063034157284e-03  7.0897108937157383e-01  4.6681884179626421e-01  4.9186048526883630e-01  
q[154]: 1.7174710044538775e-03  7.2296131575013278e-01  3.9067879589901422e-01  6.1145216464544239e-01  
q[155]: 8.5336948535932162e-04  6.6530759918466953e-01  4.7326912365440288e-01  3.2681066370094859e-02  
q[156]: 1.4295572186630357e-03  6.9707384383858018e-01  4.1741026624394184e-01  9.4221822098255900e-02  
q[157]: 1.6960395600891830e-03  6.6072484238202212e-01  5.2997453975821029e-01  1.3458345878627379e-01  
q[158]: 5.8522196927751353e-04  7.0598791168639108e-01  4.8958346628405319e-01  6.7905849666524698e-01  
q[159]: 1.9753219665464903e-03  6.9176801300471857e-01  5.6981090460573813e-01  3.3307325355441458e-01  
q[160]: 1.0200642025017931e-03  6.5717898587008228e-01  5.4639144256918470e-01  4.9882310229622229e-01  
q[161]: 7.0987633095797751e-04  6.5202487370337991e-01  5.3060074807727553e-01  6.1616611319806969e-01  
q[162]: 3.6676361873608920e-04  6.6944610471192467e-01  5.6406163876570203e-01  6.8679881116337849e-03  
q[163]: 9.4268605916807190e-04  6.5988515600862108e-01  6.0280244574482356e-01  6.1563704291506816e-02  
q[164]: 1.2614830250150296e-03  6.7663943328068143e-01  6.2294194954232907e-01  4.3159411024249117e-01  
q[165]: 7.4786716871636091e-04  6.8619848629659663e-01  6.3157735785664282e-01  6.0514602203703705e-01  
q[166]: 2.4371903839142840e-04  6.4646478664824358e-01  5.9680107510451574e-01  6.4151506750570453e-01  
q[167]: 2.1767686164170174e-04  6.3671656379382191e-01  6.2507475004749335e-01  1.7570288131408540e-02  
q[168]: 5.0627709920023209e-04  6.6887232787113293e-01  6.5779107898543110e-01  1.3444695124516667e-01  
q[169]: 8.7525120993999232e-04  7.5510647524723939e-01  6.4449718377959964e-01  1.8422444843728442e-01  
q[170]: 1.3664066574537558e-03  6.8176878330998369e-01  6.3422417608823289e-01  2.4230323749611768e-01  
q[171]: 5.7609749780355751e-04  6.9990002474365787e-01  6.9073099344235511e-01  3.7526255202566361e-01  
q[172]: 5.5750625507439567e-04  6.8635856287166874e-01  6.7337709203561003e-01  5.2998879740929050e-01  
q[173]: 2.2919004241648769e-04  6.6280275645966369e-01  6.5574439647967631e-01  6.2621369201663213e-01  
q[174]: 2.0034763514034122e-04  7.4941613387098516e-01  4.7285459101790396e-03  4.5146905004329906e-02  
q[175]: 9.0441452041638932e-04  7.9769076737755951e-01  7.0164666229402886e-02  6.9429589179851384e-02  
q[176]: 5.9231685360576069e-04  8.0021529826931370e-01  1.6578612109733847e-02  1.5240363883016395e-01  
q[177]: 1.1425436192316221e-03  7.9582196711525477e-01  5.4814580734547716e-02  2.5953802912001139e-01  
q[178]: 5.9477803784996732e-04  7.9005485343674509e-01  9.7980653171557425e-03  3.4775500317972574e-01  
q[179]: 1.3610227759819308e-03  8.0615675111874574e-01  5.1453070873468766e-02  4.7998233689380787e-01  
q[180]: 9.4123920851716986e-04  7.6624521429465409e-01  4.7563169242718965e-02  6.1484996799941827e-01  
q[181]: 6.2863239801015105e-04  8.1937003553716770e-01  1.3191415448064189e-01  6.9831135221046425e-01  
q[182]: 3.5929939469498247e-04  7.6966809423986560e-01  1.0635489730539533e-02  6.8685278391942406e-01  
q[183]: 1.7790547902996059e-04  7.7254444848710502e-01  1.8783283244123986e-02  7.6113509390093526e-01  
q[184]: 2.2014193047780519e-04  7.8485611743303829e-01  3.3424685456558523e-02  9.2003226618821814e-03  
q[185]: 1.4480052441742460e-03  7.9060876940880143e-01  1.6428810176136269e-01  1.3114569132181322e-01  
q[186]: 1.0176439247165379e-03  7.5552247848672782e-01  1.0100933943718350e-01  1.8411372717520291e-01  
q[187]: 1.8895209933812306e-03  7.7923323264015953e-01  1.1930081916584016e-01  3.6737029277380956e-01  
q[188]: 7.7291100164757318e-04  7.8205903012110800e-01  7.6514685810616351e-02  7.3661763535233804e-01  
q[189]: 3.8352544349946741e-04  7.9004051119851948e-01  1.4789548731594496e-01  7.8224867312226398e-01  
q[190]: 4.4301496857359777e-04  7.9764419103162310e-01  1.4762557355153988e-01  1.1054947643096290e-02  
q[191]: 1.2896642519199327e-03  8.8324029709436391e-01  2.0823342800617195e-01  1.0833937201135506e-01  
q[192]: 1.4693586826864510e-03  8.4874362817906002e-01  1.7897379748897815e-01  2.9121007107755359e-01  
q[193]: 1.8422094382806640e-03  7.9668624640192787e-01  1.8708791637081701e-01  5.0610667776975959e-01  
q[194]: 8.8602075115182114e-04  7.6843773899811751e-01  1.9732762029882270e-01  6.5025349553017431e-01  
q[195]: 9.0362448891151534e-04  7.9580171827950685e-01  2.0631483947835136e-01  7.1618245911609313e-01  
q[196]: 1.2507080373950431e-03  8.0186320455428572e-01  2.4905742891528118e-01  5.0243258512518534e-02  
q[197]: 1.7037043693409512e-03  8.1243854644987201e-01  2.5733246300637830e-01  3.8980505572736118e-01  
q[198]: 1.1592191115601292e-03  7.6351246462932132e-01  1.1826161518016455e-01  5.6490164379957986e-01  
q[199]: 7.1192404024074819e-04  7.8993541636948350e-01  2.8677393935619122e-01  7.6813382314690015e-01  
q[200]: 1.8851526535100555e-03  7.9532844071041842e-01  3.5092143020561889e-01  1.2164018829645128e-01  
q[201]: 1.6700020735052443e-03  8.0020578263403419e-01  4.1124463624472990e-01  4.9272303715708649e-01  
q[202]: 2.1675708539389605e-03  7.9140431305127967e-01  3.0847316656085705e-01  6.0557432172117576e-01  
q[203]: 9.7199578905349379e-04  7.9620094348313242e-01  3.6553081108919566e-01  7.3391025386950459e-01  
q[204]: 5.4794025025137649e-04  8.0599796187508888e-01  3.5535412801974336e-01  9.4965647090890764e-03  
q[205]: 1.5594387489849821e-03  8.4316883042338897e-01  3.7701568610761177e-01  3.8239141597062176e-01  
q[206]: 4.7905363522867279e-04  7.9708432186163725e-01  4.4176396721101530e-01  7.8942777464765734e-01  
q[207]: 6.2575316403951791e-04  7.2012925058573540e-01  3.8112059973456236e-01  3.2680002233552476e-02  
q[208]: 1.6714899515121800e-03  7.9254079698345281e-01  4.1838295678366361e-01  2.7100513848060220e-01  
q[209]: 1.4217760249889049e-03  7.9273570005670058e-01  4.8208906107653265e-01  5.6782865674065752e-01  
q[210]: 1.0171860020983222e-03  8.3191269548519786e-01  4.4978474663663653e-01  7.0579707653888246e-01  
q[211]: 5.6546159905413622e-04  7.7682017812297377e-01  5.3332618570223134e-01  1.2902538611359203e-02  
q[212]: 1.3410737667469118e-03  7.7991851437495863e-01  4.7681302443851847e-01  1.7077629288611137e-01  
q[213]: 1.6053843650744256e-03  8.3021676814635248e-01  5.9593220959258719e-01  1.8816734244308264e-01  
q[214]: 8.1363222348135864e-04  7.6451225311696258e-01  5.7261170144777607e-01  5.4582093599061088e-01  
q[215]: 1.2610227598043539e-03  7.8336341889096106e-01  5.2754149221461510e-01  7.2732582138034541e-01  
q[216]: 1.4932252721182500e-03  7.7297769496508939e-01  5.9325193808000354e-01  8.7029943566839768e-02  
q[217]: 1.5877562050848123e-03  7.4251637422552019e-01  4.1452018285802367e-01  3.8661989157276999e-01  
q[218]: 2.2174215911925452e-03  7.9168963597247399e-01  5.8369334158479791e-01  4.2276026125929145e-01  
q[219]: 1.6222277437952469e-03  7.6164873022787116e-01  6.1316806410024394e-01  6.3755394874175175e-01  
q[220]: 2.4340694650349276e-04  7.9980011438604981e-01  6.5631146812955488e-01  8.6639985267879666e-03  
q[221]: 7.5691422366977316e-04  7.7883895489799415e-01  6.9061873520964279e-01  4.4752512393831982e-02  
q[222]: 1.7175343882053654e-03  7.8759414542061978e-01  6.8452345019250005e-01  5.1776290906499045e-01  
q[223]: 7.9629559915993426e-04  7.8012952088763121e-01  7.0679250514604008e-01  7.2756278139507580e-01  
q[224]: 4.3742592425482135e-04  7.6315207703885479e-01  6.2121071105753312e-01  7.5482796466531199e-01  
q[225]: 2.3344485813701392e-04  7.6244181553161083e-01  7.3424796227056388e-01  1.0274340234076878e-02  
q[226]: 3.1174782742809904e-04  7.6679123659346793e-01  7.5906148791389649e-01  6.9660677466130250e-02  
q[227]: 1.1119225724663851e-03  7.8333296718902490e-01  7.3465004167358161e-01  1.4855186070850909e-01  
q[228]: 5.6582073645556545e-04  7.8425821493316050e-01  7.7528249121853232e-01  2.6187402634237339e-01  
q[229]: 1.8375065482571214e-03  8.0187504735639459e-01  6.7262790493617441e-01  2.8060720123055832e-01  
q[230]: 1.4783454561599534e-03  7.9980746871774444e-01  7.5039176887717041e-01  3.8761969331497453e-01  
q[231]: 5.6866696391510139e-04  8.1390929746375729e-01  8.0447123343949012e-01  5.2503777076925850e-01  
q[232]: 9.0850910870680143e-04  7.8825052328874068e-01  7.4601698997496457e-01  6.1328356394992822e-01  
q[233]: 3.0047996293066449e-04  7.9408569031333742e-01  7.8776419509981455e-01  7.0281024047752372e-01  
q[234]: 2.3442993612840621e-04  7.7193073862084538e-01  7.5016123312216387e-01  7.5852454450941642e-01  
q[235]: 1.7352241712359268e-04  8.6815336736756843e-01  5.8504777126223073e-03  4.0105163125382065e-02  
q[236]: 6.8953905208075602e-04  8.8572266972758074e-01  3.9328200625475027e-02  1.0535040503166890e-01  
q[237]: 3.2500462848621852e-04  8.8150082388651163e-01  6.0724228209485080e-03  2.2792710543863545e-01  
q[238]: 1.0282616832628833e-03  8.8737249635257454e-01  4.7959342110151820e-02  3.2644643312279648e-01  
q[239]: 4.8771849027797663e-04  8.8800155606468600e-01  1.1650150156286572e-02  4.5138272140806329e-01  
q[240]: 8.2839936713643406e-04  9.0096633302362439e-01  5.0274800091233508e-02  5.6376698609592801e-01  
q[241]: 3.9671656944365567e-04  8.4988842598268011e-01  7.5452764052941707e-03  6.0582828797488653e-01  
q[242]: 7.7739614868017556e-04  8.7292493887921119e-01  3.3539504257571989e-02  7.3110898446303896e-01  
q[243]: 1.6561201053777111e-04  8.7193170439559220e-01  4.0126600663832473e-03  8.2042588262951310e-01  
q[244]: 1.8875524980131302e-04  8.6942007796188059e-01  3.6879172975579126e-02  8.5994820482312206e-01  
q[245]: 1.6990145173494879e-04  8.8580726433320289e-01  4.4886559409346417e-02  6.6713822032872412e-03  
q[246]: 7.2237296522891100e-04  8.8070820972471575e-01  1.2258120272370153e-01  3.6503609585217200e-02  
q[247]: 1.4660491799580201e-03  8.7988564804558755e-01  1.0736187952443223e-01  1.9308116879881487e-01  
q[248]: 1.6375218203403261e-03  8.8742296136023879e-01  1.2035997678541335e-01  4.3524872547102506e-01  
q[249]: 1.3791127660350263e-03  8.6758230733638830e-01  1.0929779122930745e-01  6.3230235624999243e-01  
q[250]: 6.7462635210978903e-04  8.8123329287958274e-01  8.2256015516668723e-02  8.2285129717379391e-01  
q[251]: 3.0935001701448526e-04  8.8490010075053283e-01  1.5130029163248115e-01  8.7453162385271499e-01  
q[252]: 3.2574841537948395e-04  8.9075774706225530e-01  2.4787410959211573e-01  5.4247358452431680e-03  
q[253]: 1.7309636783091225e-03  8.9494292818834531e-01  2.1614151260216846e-01  5.2978766889388584e-01  
q[254]: 1.0634076414488798e-03  8.9289140812273537e-01  1.6518822545329059e-01  7.6337145952223318e-01  
q[255]: 9.0107031190965112e-04  8.7663120959265517e-01  2.3996246199599491e-01  8.2989917478098529e-01  
q[256]: 7.7190136176100307e-04  8.9818448039363186e-01  3.2300152146704342e-01  4.8670118882907051e-02  
q[257]: 1.1762864110521256e-03  8.9808488402680542e-01  2.3634115814956902e-01  3.2389092288019317e-01  
q[258]: 1.6369719835458399e-03  8.7344677440079610e-01  3.5121901862141464e-01  5.3018942980054196e-01  
q[259]: 1.5130711769154894e-03  8.8391032810161574e-01  3.4324321906772121e-01  7.5886982441242878e-01  
q[260]: 4.2154097576047180e-04  8.8919017966220282e-01  3.4830499894057226e-01  8.8179750137158097e-01  
q[261]: 1.1141280366602330e-03  8.9662232589853386e-01  4.0579016496559617e-01  1.1238984596526251e-01  
q[262]: 1.7863615695630642e-03  8.8112347040745420e-01  3.0731168078421101e-01  2.0700222246260538e-01  
q[263]: 1.9054509533578648e-03  8.9143283586510524e-01  4.5324077573325433e-01  6.5402254876260468e-01  
q[264]: 1.6227711318282860e-03  8.8022236256252340e-01  2.5471911999503821e-01  6.5455215899185670e-01  
q[265]: 6.0625610258040489e-04  8.9564079210137826e-01  4.4399071573365717e-01  2.3013622775115462e-02  
q[266]: 7.4265601661829014e-04  8.5799718944839531e-01  4.0971642464203406e-01  2.0506619683857635e-01  
q[267]: 1.4890963797956525e-03  9.0063637839108457e-01  3.5290341016376403e-01  3.9881754863574598e-01  
q[268]: 1.1335556777710796e-03  8.8976294861515459e-01  4.6993168386165490e-01  8.4044923910125680e-01  
q[269]: 1.3042730421495557e-03  8.2276313022457015e-01  4.7940262502649894e-01  5.6632970807778113e-02  
q[270]: 2.0014773097258901e-03  8.8726977159290776e-01  4.9069457147827805e-01  2.8674399085288999e-01  
q[271]: 1.1509635376220023e-03  8.7306115732980860e-01  5.5431240260128345e-01  3.8995816112223047e-01  
q[272]: 9.1595225262412847e-04  9.2188740442320638e-01  6.0577066808390501e-01  7.4229303428721094e-01  
q[273]: 1.1915770906489867e-03  8.3641848433270316e-01  5.7427977989055123e-01  6.7173573052639279e-01  
q[274]: 1.0064322498793618e-03  8.9139946548436078e-01  5.8156916438239215e-01  7.8473225485559861e-01  
q[275]: 3.0173518749258312e-04  8.8460999927016182e-01  5.7717906821905141e-01  4.0509293368501302e-03  
q[276]: 1.4311900236332181e-03  8.8867741591608973e-01  5.6343865490823908e-01  1.2140659914357511e-01  
q[277]: 1.3454190211509729e-03  9.0921335616631949e-01  6.5987592404927276e-01  2.3171937550909302e-01  
q[278]: 1.9233732254579203e-03  8.7870608482114820e-01  6.6638769224971461e-01  6.1480165948922327e-01  
q[279]: 3.7103917513487859e-04  8.7288292837024239e-01  5.8475313516666916e-01  8.6328418520780625e-01  
q[280]: 1.0453896773865317e-03  8.8161474657496164e-01  6.7430706781812866e-01  4.4647735038427963e-02  
q[281]: 1.3398091084381540e-03  8.7425946846011426e-01  7.4565860981487520e-01  1.2806537626374437e-01  
q[282]: 1.4209087755679317e-03  8.9024531388554551e-01  6.5597735252774048e-01  3.9833635152801905e-01  
q[283]: 1.4785060934080043e-03  8.7577754738368696e-01  7.4228131921165086e-01  4.8956651621464714e-01  
q[284]: 9.5323507378044983e-04  8.8342956692555108e-01  7.8951402591698616e-01  6.6785588603109203e-01  
q[285]: 1.1824216199138816e-03  8.6699276952897786e-01  7.2618486616530364e-01  7.5285082771388256e-01  
q[286]: 8.0583107255899344e-04  8.6463464537239132e-01  6.7130250676606951e-01  8.2753237028606152e-01  
q[287]: 3.1989744945182182e-04  8.7646676917406974e-01  7.8159877159994817e-01  1.0241958496904227e-02  
q[288]: 6.2947429521962748e-04  8.7185571690321606e-01  8.2862680754867268e-01  6.6614037656710853e-02  
q[289]: 1.0196541321027017e-03  8.8950644425874192e-01  7.2665114333809633e-01  3.0258380496234766e-01  
q[290]: 1.0086336826170695e-03  8.9892383793602793e-01  8.5235265905318724e-01  5.4946174340998033e-01  
q[291]: 5.3360762225247509e-04  8.7906389684943187e-01  8.2338471426926119e-01  8.2114554171279786e-01  
q[292]: 2.4001569178885106e-04  8.6613797370065060e-01  7.7281967479868263e-01  8.5988127667079850e-01  
q[293]: 1.3248906729416466e-04  8.6634597198260543e-01  8.5620661251456376e-01  1.6067894976209540e-02  
q[294]: 2.9862438784155829e-04  8.7224111576710717e-01  8.6625144477440841e-01  1.4599769527344233e-01  
q[295]: 6.9204976338495912e-04  8.8323098006676048e-01  8.1012600979893079e-01  2.2246395386069712e-01  
q[296]: 6.1281887422496347e-04  8.7485555316973973e-01  8.4384566716232179e-01  2.5581085953448945e-01  
q[297]: 8.8868755990796145e-04  8.8982089059781444e-01  8.0792055074229518e-01  3.6543026542411738e-01  
q[298]: 4.9334954216415355e-04  8.8747633587508956e-01  8.7795361061140109e-01  4.0833327018187227e-01  
q[299]: 3.2755316751090680e-04  9.0943957220552596e-01  9.0151394723752931e-01  6.6701144551634184e-01  
q[300]: 4.6491239924070749e-04  8.6557838523895425e-01  8.2440613497225324e-01  6.9886114437450952e-01  
q[301]: 2.3114658883370966e-04  8.8904226160092148e-01  8.7770622309715529e-01  7.8069388540204587e-01  
q[302]: 1.4801691199649961e-04  8.7685422322994200e-01  8.6457553947090793e-01  8.5895702573278720e-01  
q[303]: 6.7012314901517407e-05  9.4633875522407196e-01  5.5117408048119456e-03  2.4011017207806396e-02  
q[304]: 2.2289082113153554e-04  9.5329370041130046e-01  2.5029855440378810e-02  8.2186603419737311e-02  
q[305]: 2.2430187700025095e-04  9.4568981630522575e-01  9.5402922912127628e-03  1.6864425645810763e-01  
q[306]: 6.7784268974371332e-04  9.5036358695636969e-01  4.5241118189529778e-02  2.7419062006080891e-01  
q[307]: 2.7854140435279023e-04  9.5406087193027367e-01  7.0881341868670247e-03  3.9730410695977497e-01  
q[308]: 5.0730227805803618e-04  9.5882000347749130e-01  2.9944587020885451e-02  5.6911259412944770e-01  
q[309]: 2.5460725741133797e-04  9.3909808005105111e-01  5.9080012950751349e-03  6.8393180419415123e-01  
q[310]: 5.8574477254145357e-04  9.4871729584198217e-01  5.3634339064171734e-02  7.6687726708923232e-01  
q[311]: 2.2481948530105080e-04  9.4652004136822721e-01  1.1961212221265963e-02  8.4554206364591000e-01  
q[312]: 1.1242475717195048e-04  9.4393122344113378e-01  1.7481148410869066e-02  9.2990214052856091e-01  
q[313]: 8.1557101884576722e-05  9.5512645299520560e-01  4.4185181963379276e-02  7.4751306012848422e-03  
q[314]: 4.0060524249823097e-04  9.4699911066836018e-01  8.5600853465455803e-02  4.9697201146744197e-02  
q[315]: 7.7705855278247438e-04  9.5258138263996250e-01  1.0166196811256499e-01  1.6036151269653517e-01  
q[316]: 8.0665564151050334e-04  9.5869258558124226e-01  8.1509858985021860e-02  4.6791344918202121e-01  
q[317]: 8.6032888478736289e-04  9.4279470678930211e-01  1.0933265521319470e-01  6.7773287751365574e-01  
q[318]: 3.7868665693774285e-04  9.5051182336319484e-01  6.6710201112154269e-02  8.9835840338116957e-01  
q[319]: 1.6946804828625378e-04  9.4939694709833844e-01  1.1838000731334813e-01  9.4170547997147735e-01  
q[320]: 2.5604777372344086e-04  9.5153587563951958e-01  1.7006892117342803e-01  1.0245999313865529e-02  
q[321]: 8.2485986899088169e-04  9.4896076268095109e-01  2.0633170668265069e-01  9.1340882856521366e-02  
q[322]: 1.1630106659711158e-03  9.5732851446704403e-01  1.7854266315380038e-01  5.9408300268445791e-01  
q[323]: 7.6975519876261336e-04  9.5359731855558727e-01  1.4994792817956049e-01  8.4010224437007863e-01  
q[324]: 5.3907926559656160e-04  9.4814708946748949e-01  2.2703733120211231e-01  9.1257690901818012e-01  
q[325]: 5.7790608408129303e-04  9.6013117571696538e-01  3.2102353239629550e-01  3.3433996551223519e-02  
q[326]: 1.1186514621217161e-03  9.4617947022205040e-01  1.9902584811961430e-01  2.5046338439257837e-01  
q[327]: 1.5027667157230648e-03  9.5541015707721222e-01  2.7711899170340903e-01  4.6460067237453606e-01  
q[328]: 1.2108690383174708e-03  9.5302093959269996e-01  2.5274670317517867e-01  7.4884796552489408e-01  
q[329]: 9.2498744199483055e-04  9.4745041851209866e-01  3.4129398236306685e-01  8.6047634371170445e-01  
q[330]: 1.5841390538993172e-04  9.6293694327127510e-01  3.2038546668615442e-01  9.5995563243148674e-01  
q[331]: 9.1476420185459032e-04  9.6327608131633580e-01  4.6266675138046370e-01  9.6193516204664653e-02  
q[332]: 1.2703440145403425e-03  9.5526080802686764e-01  3.3031318721876335e-01  1.7789439584128522e-01  
q[333]: 7.5326813442597510e-04  9.5196571106908812e-01  3.3481010777180314e-01  3.3363251856736564e-01  
q[334]: 1.4447866973374922e-03  9.5055732830910777e-01  3.8781288496411020e-01  6.0721322584830439e-01  
q[335]: 6.5069993309517841e-04  9.5089753799534560e-01  3.4481969190745104e-01  6.8801819975109080e-01  
q[336]: 5.0033567409583067e-04  9.5427732142604582e-01  4.5581858473147641e-01  9.2545936908902260e-01  
q[337]: 2.1721342454249419e-04  9.5749345666488395e-01  4.5942184280220161e-01  3.4622252911460849e-03  
q[338]: 6.7649552925592472e-04  9.3004374512800025e-01  4.8645462203942952e-01  1.9466399655970140e-01  
q[339]: 1.3890255588543180e-03  9.5442058628793369e-01  4.5303266612255844e-01  3.1089826804843795e-01  
q[340]: 1.3351690401814584e-03  9.4268747766395167e-01  4.7203832168920012e-01  4.7632657517313931e-01  
q[341]: 1.2107402974070624e-03  9.5232163961324867e-01  4.7024749061575444e-01  7.9299979643767626e-01  
q[342]: 2.7932615532115214e-04  9.4125217798154759e-01  5.8375346057110977e-01  9.3266924412258168e-01  
q[343]: 6.1442641873225444e-04  9.3868134105357393e-01  5.6578318020551144e-01  5.7140867600758968e-02  
q[344]: 1.2151753287143133e-03  9.6066486270765306e-01  5.9964376097670358e-01  2.0370539001058080e-01  
q[345]: 1.4900325397059389e-03  9.5481765493205284e-01  6.2921754954861753e-01  3.8878230390760543e-01  
q[346]: 2.0532897886108795e-03  8.7892682457834115e-01  5.3569444648894327e-01  5.1804280993467422e-01  
q[347]: 1.1885718418967236e-03  9.5595226197367256e-01  5.6887188183855031e-01  6.7532911643850635e-01  
q[348]: 7.8883209483410915e-04  9.6565517125772971e-01  5.9424188114258469e-01  8.8026396545613839e-01  
q[349]: 4.1000285523661695e-04  9.5763630123390786e-01  6.3812315438640455e-01  2.5853821146581149e-02  
q[350]: 4.9870458808690013e-04  9.4283002804727867e-01  7.9758970035380261e-01  1.7506056365774236e-01  
q[351]: 1.4795358936846158e-03  9.4799671936630336e-01  6.9968461962002648e-01  5.8656801306306405e-01  
q[352]: 7.3575857503043081e-04  9.5724794017373072e-01  7.1321111973460449e-01  7.5204639768719228e-01  
q[353]: 2.0397531179721252e-04  9.5919279577382321e-01  7.3216154666226640e-01  9.4090046834140362e-01  
q[354]: 1.0301225180894351e-03  9.5348054903486890e-01  7.2356549480345655e-01  1.1090881195695296e-01  
q[355]: 1.3049418081272802e-03  9.4906789814217563e-01  8.0147409605209863e-01  4.7976847535067829e-01  
q[356]: 9.8197084517378185e-04  9.4960162839087559e-01  8.2766075284899343e-01  6.9103230797362003e-01  
q[357]: 7.9506414753025153e-04  9.4267249758934302e-01  7.7474484013285894e-01  8.1084580688981078e-01  
q[358]: 6.1519335504274552e-04  9.4034099690260053e-01  6.9248735739450296e-01  8.7970181545482751e-01  
q[359]: 2.7381341324868438e-04  9.4875241592829673e-01  7.6627150364106733e-01  9.5100507024274330e-03  
q[360]: 6.1922477253705628e-04  9.4691333503906461e-01  8.4642294631642567e-01  5.6829889970734043e-02  
q[361]: 7.7093504980412669e-04  9.5478206076141614e-01  8.4281611481205576e-01  2.4927687149977681e-01  
q[362]: 5.6407835094595901e-04  9.6140504041291308e-01  8.9904738014934782e-01  6.0854195439001801e-01  
q[363]: 5.0187178783113798e-04  9.4659249666597500e-01  8.5141871531078483e-01  8.9332178366932835e-01  
q[364]: 1.9904866342342043e-04  9.3569442156604921e-01  7.8603012270165329e-01  9.2631126182521850e-01  
q[365]: 1.5565776960349534e-04  9.4618084154380200e-01  9.1211511556519498e-01  1.1228746680162965e-02  
q[366]: 1.3658499756273294e-04  9.4525686057626135e-01  9.4052442770738598e-01  6.2723617106118429e-02  
q[367]: 6.1231385837994771e-04  9.4635532151740032e-01  9.0700958583255953e-01  1.4822956461040268e-01  
q[368]: 3.2574686251250588e-04  9.4771568266825201e-01  9.3846073876979141e-01  2.7732267336488947e-01  
q[369]: 8.1754915277548713e-04  9.5212724351062061e-01  8.9557496145462023e-01  3.8455159465448052e-01  
q[370]: 3.3847558238219978e-04  9.5767521395446165e-01  9.4541766208172817e-01  5.1824281025802421e-01  
q[371]: 2.3280798243944251e-04  9.7079506140207661e-01  9.5926254556481982e-01  7.1059608843056254e-01  
q[372]: 6.2206310165424108e-04  9.4967642568894728e-01  9.0433250330373738e-01  8.0162401328298294e-01  
q[373]: 1.3143113238997176e-04  9.5295273111430145e-01  9.4750732288551920e-01  8.8861678566180802e-01  
q[374]: 1.3638249708059508e-04  9.4980095404798337e-01  9.1705034073937552e-01  9.3939453588475519e-01  
q[375]: 4.6138590848990933e-05  9.9087890613016605e-01  7.2240735895673473e-03  3.4704484543856343e-02  
q[376]: 2.2339822669399808e-04  9.9040922687275978e-01  4.3304189555774718e-02  1.0264699207512694e-01  
q[377]: 1.0193041223410080e-04  9.8956507696569318e-01  5.9741380581227648e-03  1.9808028266952932e-01  
q[378]: 3.1259340632299837e-04  9.9014010123060270e-01  4.0722365437432864e-02  3.1121491559927361e-01  
q[379]: 1.0129542197476078e-04  9.9194172334005504e-01  7.4601774128701514e-03  4.4314800237188945e-01  
q[380]: 2.4557789056668113e-04  9.9365548331503584e-01  4.7303829893256370e-02  5.5091955356517897e-01  
q[381]: 1.2862273902363670e-04  9.8927786862496081e-01  7.9354405218688071e-03  6.7398933336313438e-01  
q[382]: 2.0625574732593076e-04  9.8975344887513927e-01  2.3152102462741866e-02  8.2540629981105218e-01  
q[383]: 4.8965253924147967e-05  9.8878141172415202e-01  3.5254479458136597e-03  9.3790220401808022e-01  
q[384]: 5.7166761839453767e-05  9.8966595918388889e-01  3.5106602996490696e-02  9.8032513260257681e-01  
q[385]: 5.1107421898256623e-05  9.9066094560491613e-01  5.3192296730900694e-02  6.2944690652204120e-03  
q[386]: 2.4876536528719542e-04  9.9004125052226943e-01  1.2782532755764597e-01  4.1039684149828462e-02  
q[387]: 4.1836479218231867e-04  9.9095003228047307e-01  1.1204640646424696e-01  1.9824093418035152e-01  
q[388]: 4.6117107948050548e-04  9.9152047043172553e-01  1.1854242550374691e-01  4.1534102255169342e-01  
q[389]: 4.8501589911169400e-04  9.8890149164883068e-01  8.4345318523937909e-02  7.1659172189301090e-01  
q[390]: 2.1809715168141734e-04  9.9104362685922243e-01  7.1092592605579527e-02  9.1802757378245559e-01  
q[391]: 1.5515404848002109e-04  9.8986313288141548e-01  1.4716888385520155e-01  9.7255447592525301e-01  
q[392]: 1.0766756073446859e-04  9.9157500217244743e-01  2.4599231637626956e-01  7.5444451455136501e-03  
q[393]: 4.6313341322389500e-04  9.9001514041035321e-01  2.2195397085509033e-01  1.1232640565814243e-01  
q[394]: 9.9115989973285238e-04  9.5009906816538003e-01  1.4221728409705733e-01  3.6206462126978728e-01  
q[395]: 5.1180498584195259e-04  9.9177417581581251e-01  1.7034700843775505e-01  5.9391519997886988e-01  
q[396]: 4.1897221977830362e-04  9.9100562080825449e-01  1.5641405691884208e-01  8.4013415280367265e-01  
q[397]: 3.5204691423221143e-04  9.8986549699288739e-01  2.5152330660123540e-01  9.3037647680052227e-01  
q[398]: 2.6388784467946198e-04  9.9325448069803057e-01  3.5706321233875682e-01  5.4628817428201970e-02  
q[399]: 6.6941958348412732e-04  9.8906419932955647e-01  2.1635079357281639e-01  2.9953295459635487e-01  
q[400]: 6.0662059455221984e-04  9.9149110524181627e-01  2.7575230277711282e-01  4.7405060701526397e-01  
q[401]: 5.8139159593769145e-04  9.8982667308148664e-01  3.6739913147947867e-01  8.5937508705774968e-01  
q[402]: 5.8680194889857223e-05  9.9531683496077561e-01  3.2341396024807589e-01  9.9031597716563702e-01  
q[403]: 3.5125777232042148e-04  9.9312967934249341e-01  4.7217086818890980e-01  1.3166274681773316e-01  
q[404]: 4.9863830109825129e-04  9.9191109580240289e-01  3.3846376665428418e-01  2.0810722056964470e-01  
q[405]: 7.6362473740389984e-04  9.9065846561417892e-01  3.7958975132426603e-01  6.2182462708524944e-01  
q[406]: 5.8651900030616490e-04  9.9142038911331476e-01  2.6058759256437192e-01  7.3844003450227202e-01  
q[407]: 3.0300340508751061e-04  9.9034645685860212e-01  4.5434624489411540e-01  9.5574691718784077e-01  
q[408]: 9.8716994272118530e-05  9.9321422068970477e-01  4.6504850682576387e-01  1.0528999802749926e-02  
q[409]: 6.0829539455484042e-04  9.9127446737737213e-01  5.3942202036483544e-01  2.5072271893000475e-01  
q[410]: 7.2947634733442973e-04  9.9040224561845092e-01  4.0189271395555753e-01  3.6559966417246370e-01  
q[411]: 9.3682933353779821e-04  9.8887853760958311e-01  5.1319044995321295e-01  5.0225708324357909e-01  
q[412]: 7.2377685429532966e-04  9.9057697047179682e-01  4.9535383997498522e-01  7.6090917270032044e-01  
q[413]: 1.3311583358111985e-04  9.8967168791207127e-01  6.1453351156894054e-01  9.8315462641499662e-01  
q[414]: 2.9842659192208819e-04  9.9005763594596552e-01  5.8016763933089510e-01  4.0606501780732551e-02  
q[415]: 6.0519052953359994e-04  9.9286729504861293e-01  6.4634115955805527e-01  3.7381837618517727e-01  
q[416]: 8.4934571761119599e-04  9.4760924776717803e-01  5.6591586731587273e-01  5.2003839352194570e-01  
q[417]: 7.3638817422235414e-04  9.9109644771871874e-01  6.2974904777981389e-01  6.4459034540604532e-01  
q[418]: 5.8599352837134118e-04  9.8974827441140645e-01  6.9687833554046719e-01  8.1553702843638154e-01  
q[419]: 2.8530796517900394e-04  9.9530909661360856e-01  5.8071954913636803e-01  9.0112600447007751e-01  
q[420]: 9.1001287392147696e-05  9.9186378769758710e-01  7.1063022234810236e-01  5.2222380581835792e-03  
q[421]: 4.4344238838219636e-04  9.9198119067073587e-01  6.6558467111384290e-01  1.1984614949559266e-01  
q[422]: 5.5781896919430030e-04  9.9081129368822096e-01  7.5550637520241848e-01  2.2934466674050405e-01  
q[423]: 9.6952336459702880e-04  9.6034052116272095e-01  7.5015991065426846e-01  3.2162634872092344e-01  
q[424]: 7.6912098720532951e-04  9.8969138342955965e-01  7.4740661600956859e-01  5.1355966282113130e-01  
q[425]: 3.0138805330406042e-04  9.9094185959807246e-01  7.4707500614348477e-01  9.4981402264952763e-01  
q[426]: 3.3112350839454164e-04  9.9034374906011891e-01  7.9911054354660926e-01  5.3764258559280423e-02  
q[427]: 4.3759519547566987e-04  9.9001599400434537e-01  8.7773567576333611e-01  1.4969206614412933e-01  
q[428]: 4.2090996428362947e-04  9.9146917958344916e-01  7.9429981785128800e-01  7.2237804377390546e-01  
q[429]: 4.6388028430355797e-04  9.8859752678485391e-01  8.4543705277372916e-01  8.7714797844772507e-01  
q[430]: 1.1814212227768670e-04  9.8944645789369345e-01  8.9674418803379696e-01  1.2577455934395947e-02  
q[431]: 1.9715462435309128e-04  9.8950414761806238e-01  9.5141415229935522e-01  7.2388647828604616e-02  
q[432]: 3.2648348473477996e-04  9.9305952569757916e-01  8.3483054042557148e-01  3.4078187295264650e-01  
q[433]: 4.2334777793463899e-04  9.9018331862798525e-01  8.5518872982132454e-01  6.3072448891458621e-01  
q[434]: 1.8039340739266454e-04  9.8991942939435307e-01  9.3605864883975265e-01  9.4147036524770122e-01  
q[435]: 1.0200320284000696e-04  9.8909836540668428e-01  8.6453916205920867e-01  9.8205110776371218e-01  
q[436]: 3.3893582255549299e-05  9.8996129256548104e-01  9.8145050576112924e-01  1.5769916657024388e-02  
q[437]: 1.0063610236119579e-04  9.8925105140315472e-01  9.8370751234048759e-01  1.6744171017610987e-01  
q[438]: 3.4876355980125969e-04  9.9042647913034154e-01  9.4467013465796212e-01  2.7265498701120944e-01  
q[439]: 1.5540693605465924e-04  9.9046614834409752e-01  9.8063233113191750e-01  4.1277484964679084e-01  
q[440]: 4.0939618690161172e-04  9.9024819179871071e-01  8.8385870216513207e-01  4.3304354613468615e-01  
q[441]: 2.7478553132436086e-04  9.9212069828387395e-01  9.4282765190366402e-01  5.5226118042574479e-01  
q[442]: 7.3290491350521493e-05  9.9716609921310040e-01  9.8633893889265056e-01  6.6620685306018002e-01  
q[443]: 3.3558789015315847e-04  9.9165753330300788e-01  9.2500721225616911e-01  7.7782186267992115e-01  
q[444]: 1.1135755463693696e-04  9.9111845982930946e-01  9.7885974006251741e-01  8.6742078554346402e-01  
q[445]: 2.7116018677499928e-05  9.9155364437976856e-01  9.8181891999367343e-01  9.7985358455558025e-01  

