deg: 14
dim: 3
nodes: 172
efficiency: 0.988372

q[0]:   3.5873329143489837e-04  1.0429345542116467e-01  1.4871764185515860e-02  3.9028859607220329e-02  
q[1]:   3.0181023668587772e-04  1.5029725725854298e-01  2.4530256416416672e-02  1.4415252549922011e-01  
q[2]:   1.5870981608254400e-04  5.0465871811026554e-02  3.6108479571240394e-02  3.2700024902727179e-02  
q[3]:   9.7709820307782433e-04  2.4777017737851828e-01  2.2736947432145983e-02  4.4710486166055351e-02  
q[4]:   1.0079300822263605e-03  2.6460181131329047e-01  1.8514848635683975e-02  1.8038632831689738e-01  
q[5]:   1.6771346314384187e-03  3.1264613375999578e-01  1.0387852768326677e-01  2.8387689487834750e-01  
q[6]:   1.4582229446981254e-03  2.0237844756097281e-01  8.9360782024613838e-02  1.0692435623572281e-01  
q[7]:   3.0372613660373043e-04  1.3137255348823898e-01  7.1011450733976758e-02  3.3548346576208875e-03  
q[8]:   7.6123149803128778e-04  1.6676873142545265e-01  1.2776311949980937e-01  1.3862338289511070e-01  
q[9]:   5.0237062217830858e-04  1.6294878216619851e-01  1.5189447264042458e-01  4.7444097210043452e-02  
q[10]:  1.2719188739822300e-03  4.3049347313190300e-01  1.0323086165451273e-02  1.5773662010785625e-01  
q[11]:  4.4998844435837905e-04  3.6175223932634482e-01  1.4139055561053810e-02  3.4235987470796142e-01  
q[12]:  9.8128755133693006e-04  4.3051073882799662e-01  2.9457654499005139e-02  2.4854038874916263e-02  
q[13]:  2.7773338838185959e-03  4.3528786775367029e-01  5.6395726081232993e-02  2.9137356626525968e-01  
q[14]:  2.7167722393127043e-03  3.4416193126081879e-01  1.1321883981532598e-01  1.4027324437363303e-01  
q[15]:  5.1255595394295874e-04  2.8570920518167081e-01  8.8988626515843466e-02  5.4298359340838745e-03  
q[16]:  3.7275637661240814e-03  5.0479639469063231e-01  1.7610610895299755e-01  4.1476355478483534e-01  
q[17]:  1.7657362858459387e-03  2.8486437200592324e-01  1.8492683963784146e-01  4.3850134209418738e-02  
q[18]:  3.2096195208422230e-03  3.5675009227025262e-01  2.3015981576733455e-01  2.5091958343404380e-01  
q[19]:  6.5070867423834046e-04  3.0873256774466207e-01  2.3947409872256481e-01  3.0092037581552800e-01  
q[20]:  4.1875402652258325e-04  3.0644889445238682e-01  2.8891550759377888e-01  1.1928968463127645e-02  
q[21]:  1.9459712878526138e-03  3.2271302871518504e-01  2.8449583992066346e-01  1.3608041367843338e-01  
q[22]:  6.5432597828365350e-04  2.9433865036037576e-01  2.8575025855797342e-01  2.3582463276822205e-01  
q[23]:  2.5818532836673286e-03  6.1472287186411112e-01  7.6634493056612810e-02  8.3596070953339652e-02  
q[24]:  4.1814743798615842e-03  5.9027129265099598e-01  9.1964584897802293e-02  3.0316306012341943e-01  
q[25]:  9.1567997737837233e-04  5.2583655914914751e-01  1.0102084402996288e-02  4.4457647282236573e-01  
q[26]:  1.2009748586530721e-03  6.1075533182338726e-01  1.5655897088319939e-01  7.8256626743665909e-03  
q[27]:  2.8850221954634723e-03  4.5289940484853619e-01  1.0427528851742687e-01  9.4940322202488756e-02  
q[28]:  1.1903091211763028e-03  5.0083941891339168e-01  8.4139131674236117e-02  4.8411558223667278e-01  
q[29]:  5.4803630698732246e-03  6.7212093114440963e-01  2.3622561648594134e-01  4.7201667111243556e-01  
q[30]:  1.5277383696538503e-03  4.4971920621373457e-01  1.9442913689880295e-01  1.7789027985667411e-02  
q[31]:  2.0151369129179169e-03  4.9226329606389385e-01  3.2304170554403450e-01  1.5216413748639415e-01  
q[32]:  3.5772811657060156e-03  5.0836260243512210e-01  4.3572092786228267e-01  2.4117272341146831e-01  
q[33]:  4.5752883077624417e-03  4.9554864504023344e-01  2.2980641697981199e-01  2.5052502126269310e-01  
q[34]:  1.8335194092854237e-03  4.8998399103262441e-01  2.7925614814370636e-01  4.7164770515661714e-01  
q[35]:  2.5323875288688741e-03  4.5515623801056243e-01  2.9704065794130968e-01  8.3569462698104058e-02  
q[36]:  2.3049204668870939e-03  4.8508991949809821e-01  3.9679842979525237e-01  4.0021124280961201e-01  
q[37]:  1.2257458397204855e-03  4.6867474862511105e-01  3.8835221786919571e-01  1.7700338123431917e-02  
q[38]:  1.2566045383757970e-03  4.5646909018530435e-01  4.4147580797317837e-01  9.3018627943076096e-02  
q[39]:  1.0316545827923156e-03  4.7917241136663213e-01  4.7208762517282798e-01  3.2361141522700826e-01  
q[40]:  8.5439506850456951e-04  4.6088557771920119e-01  4.2853924758508971e-01  4.3762188298210569e-01  
q[41]:  1.7531893636325443e-03  6.2016454048367409e-01  1.7102311528967840e-02  1.9604662397063558e-01  
q[42]:  1.8028481785171985e-03  6.3732162585656882e-01  2.3302055520017365e-02  4.2517913144426533e-01  
q[43]:  7.1031023920353645e-04  6.4133239931582509e-01  3.3397321322211203e-02  6.2167361541515720e-01  
q[44]:  6.2494393704940214e-04  6.2172903415142089e-01  1.4668962339497334e-02  2.6984354598150562e-02  
q[45]:  4.9731632676563694e-03  6.8249707208944022e-01  3.5236650468084063e-01  3.4274144427484204e-01  
q[46]:  4.3430586903336907e-03  7.5362837895114676e-01  1.2295914607675576e-01  3.7229206126949055e-01  
q[47]:  3.6388933153685076e-03  6.6899869635390252e-01  1.0872659274787376e-01  5.6973654433167242e-01  
q[48]:  3.9749691797087714e-03  6.2690308278341755e-01  3.1166792534028237e-01  6.3338986808005052e-02  
q[49]:  5.2244441233209021e-03  6.2156923759586535e-01  2.0076822990136403e-01  1.8315252472183241e-01  
q[50]:  1.4761414722640651e-03  6.6858602618964669e-01  2.2076231894325499e-01  6.5556236442340865e-01  
q[51]:  9.1851671759411518e-04  6.4639538509819439e-01  4.8531549034294591e-01  6.8273295261147254e-02  
q[52]:  4.3873330422046306e-03  5.8186707442034857e-01  3.8442281699695757e-01  4.0512765653713606e-01  
q[53]:  3.0406282218822345e-03  6.8743253466446386e-01  3.4851356444527815e-01  6.2809334369124015e-01  
q[54]:  1.9065822870212316e-03  6.4420786752839243e-01  4.3171035239197414e-01  5.7852734302691755e-01  
q[55]:  1.2036667725703715e-03  6.4397416443286182e-01  4.6404663965035414e-01  9.1713107448688561e-03  
q[56]:  2.4602156746442801e-03  6.5945182249805567e-01  5.7924400387579111e-01  5.5164020346336684e-01  
q[57]:  9.7350245739079029e-04  6.3994497615715651e-01  5.2029774849649846e-01  6.3400164610646748e-01  
q[58]:  7.6108824787713780e-04  6.0420060749889715e-01  5.8550492088758344e-01  2.7515378848410044e-02  
q[59]:  2.5439862769672597e-03  6.2168481344794690e-01  5.3454174098555318e-01  1.1720123334090231e-01  
q[60]:  1.8295839632086702e-03  6.4805823883989855e-01  6.3098893375214360e-01  2.2606697259929789e-01  
q[61]:  4.8867412154346380e-03  6.6451373160734017e-01  4.4533217755330684e-01  2.0590999934658208e-01  
q[62]:  4.4424786393750413e-03  6.9321797977529220e-01  5.7396174311764647e-01  3.5787472354063482e-01  
q[63]:  1.9837367166047125e-03  6.5655865279694658e-01  6.2942515641540209e-01  4.3857075921405941e-01  
q[64]:  7.3891311926006038e-04  6.3109853753239342e-01  6.1803789299980327e-01  5.9096690034474808e-01  
q[65]:  9.3396442546542300e-04  7.9186794480480915e-01  1.2311731697945314e-02  6.9611070897315983e-02  
q[66]:  3.3846570662479708e-03  7.7740047464895767e-01  7.0029362997501676e-02  1.8300733052352738e-01  
q[67]:  1.5583266558218704e-03  7.8629033345166255e-01  1.3876603421304715e-02  3.4074575355979703e-01  
q[68]:  1.7951212089820389e-03  7.7767795331945866e-01  2.6121517896575439e-02  5.6435634802849011e-01  
q[69]:  7.7909298494391517e-04  7.6390550963086623e-01  1.6136897726166881e-02  7.1447198403179790e-01  
q[70]:  1.0286687832669963e-03  7.7752311388047834e-01  8.7610530581805984e-02  1.1995710599309288e-02  
q[71]:  2.2957162216691376e-03  8.1675121898033853e-01  1.1215300151675421e-01  5.0649861635946303e-01  
q[72]:  2.9124230248368686e-03  8.1955296977064196e-01  2.4298943621817759e-01  7.3176606438337721e-01  
q[73]:  2.2514751234537439e-03  8.2920164003640828e-01  9.2920493807639087e-02  7.0872636751816576e-01  
q[74]:  3.5574724368976234e-03  7.6717122582708441e-01  1.9419031919788354e-01  8.4284257673907528e-02  
q[75]:  5.4974383232974976e-03  7.8709639553546251e-01  2.5483010165067704e-01  2.5705818027093924e-01  
q[76]:  4.5531063365772265e-03  8.2250578471939018e-01  2.5031900014075287e-01  5.7983755738758980e-01  
q[77]:  1.0512265842062853e-03  8.0045506370893382e-01  1.2843011336982554e-01  7.8991184632311562e-01  
q[78]:  5.5310604693334297e-03  7.9653819776333135e-01  4.4088617613878872e-01  1.5475928990885493e-01  
q[79]:  5.7907696800212653e-03  8.1749615479641324e-01  3.9513291289814240e-01  4.2469808328726755e-01  
q[80]:  2.0750910875366618e-03  8.4187227067709058e-01  3.7733553026410416e-01  8.0962600874197677e-01  
q[81]:  2.1860217446373819e-03  7.8435931747319521e-01  3.4134705806573462e-01  2.4766429911600014e-02  
q[82]:  3.0252527560397126e-03  8.4683559858852542e-01  5.9232886682098029e-01  5.1604649178534223e-01  
q[83]:  3.6720334065133615e-03  8.0383892775708321e-01  4.3813801623252674e-01  6.4133114998416541e-01  
q[84]:  3.1256993780706516e-03  7.9916497394446451e-01  6.0739599454136373e-01  7.1687283272049471e-02  
q[85]:  1.4856383903892097e-03  8.4396500542059671e-01  5.5426424773507621e-01  7.2259907700598980e-01  
q[86]:  6.8476980970443946e-04  7.9762671778014116e-01  5.2759650151030957e-01  7.5203295404089737e-03  
q[87]:  5.0916267701077798e-03  8.2449529914276865e-01  5.9995482967492020e-01  3.1582777148545593e-01  
q[88]:  3.8508779904078004e-03  7.4562416819790445e-01  5.2074271594169852e-01  5.3528079979684462e-01  
q[89]:  2.8900189718644963e-03  8.0006922729306318e-01  6.7224369285104679e-01  7.1094715420869758e-01  
q[90]:  1.4755216075614912e-03  7.9623411603842109e-01  5.5010974263791801e-01  7.8289313607115485e-01  
q[91]:  1.0062796944185037e-03  7.7889948171474233e-01  7.2665938562180299e-01  1.8710685217096849e-02  
q[92]:  1.0005843881631961e-03  7.0253727329637861e-01  6.3417121656442577e-01  8.2014112590913582e-02  
q[93]:  7.9331426023406080e-04  7.8533284385133828e-01  7.8240642585378350e-01  1.1819067284255476e-01  
q[94]:  3.6040649074000038e-03  8.0115236365507847e-01  7.1146207411131923e-01  2.0855085330933149e-01  
q[95]:  2.3651778154822303e-03  8.0918004487903994e-01  7.8056397013273027e-01  3.8199715545522123e-01  
q[96]:  3.3471418365202108e-03  8.2546205170646270e-01  7.2447984227823503e-01  5.4306546164435454e-01  
q[97]:  1.2863434179159351e-03  7.9976639572627761e-01  7.8748649262925208e-01  6.2450838441540646e-01  
q[98]:  9.5650865770504983e-04  7.9350941722567725e-01  7.5794844086921187e-01  7.6732923438912692e-01  
q[99]:  5.6833654399807035e-04  9.1983199100815416e-01  1.4405975743150064e-02  7.7849800822512347e-02  
q[100]: 2.6507104797077411e-03  9.0519398766334880e-01  8.4945120493203505e-02  1.7631654340679084e-01  
q[101]: 1.1342636975266150e-03  9.0639362767802512e-01  1.3662184626154683e-02  3.0785240630385946e-01  
q[102]: 3.0805232819995972e-03  9.0786073420965518e-01  6.2681160722781307e-02  5.0622105448968036e-01  
q[103]: 9.8122374765256966e-04  9.0774476840019858e-01  9.3354171475923294e-03  6.9198711927022061e-01  
q[104]: 6.3351925132259460e-04  8.9286288084533305e-01  2.6306829253468913e-02  8.6312521021932032e-01  
q[105]: 5.2414088880521235e-04  9.0622435643460408e-01  5.8292804163646739e-02  1.1247624357627443e-02  
q[106]: 5.1260355868503367e-03  9.0299761372329301e-01  1.9035689010871784e-01  3.4311012909604705e-01  
q[107]: 3.5300260128927939e-03  9.2703510476066908e-01  1.8649085510808433e-01  6.8444566005938190e-01  
q[108]: 2.5819822200909420e-03  9.3694179261865340e-01  3.1672836550476652e-01  8.4963477923723851e-01  
q[109]: 1.6138385893272030e-03  9.2814480095486918e-01  8.9294574498271759e-02  8.2468623080915293e-01  
q[110]: 2.4917001853597578e-03  8.9605379200790036e-01  1.9195456473702538e-01  6.2226061319595426e-02  
q[111]: 2.2799092658314299e-03  9.8044976945983353e-01  2.4022821972936231e-01  2.3644269970277434e-01  
q[112]: 4.8740551703442114e-03  9.2216255785418211e-01  3.4406939925913727e-01  5.2544986856152354e-01  
q[113]: 8.7843206878402802e-04  9.2533089818269920e-01  1.9194047672853823e-01  9.1217975068055646e-01  
q[114]: 9.3201011870932627e-04  9.1141376100694538e-01  3.5075892274296971e-01  7.5514521488609090e-03  
q[115]: 4.5885341261147246e-03  9.0827248583348230e-01  3.4900389913623564e-01  1.6887544202496785e-01  
q[116]: 1.2937141824457183e-03  9.1382738898504468e-01  4.3521445084954086e-01  3.3981915187553413e-01  
q[117]: 3.1049335063243061e-03  9.1259873494099986e-01  5.4404929669461899e-01  6.3148728298475523e-02  
q[118]: 4.1728349480971427e-03  9.2130251229518922e-01  5.2990480469087664e-01  3.2349496699084018e-01  
q[119]: 3.5593219863251343e-03  9.3118268544591454e-01  6.2682638370517363e-01  5.3820525495533911e-01  
q[120]: 4.5431620745345529e-03  9.1962498149903782e-01  4.8242937546866904e-01  7.1867981327103048e-01  
q[121]: 1.0010431382593205e-03  9.3359894825687073e-01  5.0923314848049728e-01  9.2044972915105672e-01  
q[122]: 2.7528530604923732e-03  9.1745209729432853e-01  6.6636750890035568e-01  8.4074582706147793e-01  
q[123]: 9.5228652005599002e-04  9.0971753086797436e-01  7.3547712909188423e-01  1.1128243552701193e-02  
q[124]: 3.9509154556829403e-03  9.2360055023981313e-01  7.0658791081321115e-01  1.9545733538403604e-01  
q[125]: 2.8568408247579046e-03  9.2209579912733541e-01  7.4834971350680224e-01  6.6631502671541876e-01  
q[126]: 8.4034255339428948e-04  9.1248357211992126e-01  8.0337986720302923e-01  8.9970053310913201e-01  
q[127]: 4.0170456705646549e-04  9.0782429612620830e-01  8.9295450189794923e-01  2.7498946302810537e-02  
q[128]: 1.9862981531536066e-03  9.0224483707855496e-01  8.2585104017229949e-01  9.7869876911757525e-02  
q[129]: 1.4127586933435150e-03  9.1377589185152064e-01  8.9353588100607639e-01  2.5456301730442676e-01  
q[130]: 3.7465010481025430e-03  9.2342047289679907e-01  8.0952890649249898e-01  4.1054955803040377e-01  
q[131]: 1.2929751325146648e-03  9.2307502082950876e-01  9.0574886734093674e-01  5.5998816923210826e-01  
q[132]: 1.5330397121198257e-03  9.8638373199875817e-01  8.7528987678283288e-01  6.1491894549225423e-01  
q[133]: 1.9199743319367943e-03  9.1125392125817017e-01  8.4908266399128784e-01  7.5898901799432517e-01  
q[134]: 4.5419521615545650e-04  9.1782458068405637e-01  9.0979718337746518e-01  8.6204792746728820e-01  
q[135]: 2.3404950326085864e-04  9.8392890227272145e-01  4.8020376363445832e-03  1.4395114083560362e-01  
q[136]: 1.0206403101900429e-03  9.8263803393558879e-01  1.0863829599870113e-01  1.1709024391065873e-01  
q[137]: 1.1746935313134775e-03  9.8136666642371062e-01  4.9333403049820694e-02  3.1116814763954981e-01  
q[138]: 5.4032763286018164e-04  9.8151530992773506e-01  9.9979737580117769e-03  5.4614262167527672e-01  
q[139]: 4.3449049678993498e-04  9.8332657682368885e-01  2.1514678807139000e-02  8.5629089158366511e-01  
q[140]: 1.5870981608254398e-04  9.7697910477691186e-01  1.9876453348072105e-02  9.5642356380320326e-01  
q[141]: 2.4340877582807195e-04  9.8471969894229638e-01  3.8878471115380737e-02  2.1434919160289726e-02  
q[142]: 1.9352182799410214e-03  9.8169021586640404e-01  1.4435957167436070e-01  4.6915053655294975e-01  
q[143]: 1.2713903218800340e-03  9.8323637141232112e-01  7.6394086410413231e-02  7.1040272689434592e-01  
q[144]: 1.0077594622420621e-03  9.8998106342706482e-01  2.0416557025391155e-01  8.6829142018224426e-01  
q[145]: 4.6397067654579038e-04  9.6843993329988221e-01  1.6918407768000948e-01  3.4980269963838365e-02  
q[146]: 1.7063013040644287e-03  9.8568909457612641e-01  2.6767593146384605e-01  6.3532151511869450e-01  
q[147]: 4.3220451036537181e-04  9.8453763166889419e-01  1.1144645555727933e-01  9.5632460965477062e-01  
q[148]: 4.1613671538104710e-04  9.8548770484806736e-01  2.4616316148341744e-01  1.9884066893716912e-02  
q[149]: 1.6647339725683692e-03  9.8167651333658590e-01  3.9216576131474096e-01  9.2614205615094147e-02  
q[150]: 2.4121579685491860e-03  9.8343649046995163e-01  3.8720131921567041e-01  4.1476167308166223e-01  
q[151]: 5.1766894667804389e-04  9.8903888063808898e-01  3.5957209018613989e-01  9.6925519261771065e-01  
q[152]: 4.9870870953553801e-04  9.8302702426456623e-01  5.3977020377205798e-01  1.1995438419877668e-02  
q[153]: 1.8772933069847767e-03  9.8470601247537759e-01  5.4075697473589379e-01  2.6034340744480550e-01  
q[154]: 2.2900259869085581e-03  9.8476303724747127e-01  7.3914914896814288e-01  4.1533597457076116e-01  
q[155]: 2.3099578214270506e-03  9.8553411666298008e-01  5.6507862923444374e-01  5.9509162991203679e-01  
q[156]: 1.7416024414639018e-03  9.8537642488843247e-01  4.1623349856911340e-01  7.7791342769385741e-01  
q[157]: 1.2607409708600653e-03  9.8399650688925999e-01  6.4521002929181936e-01  1.3358723960877689e-01  
q[158]: 1.3111044637558556e-03  9.8494723928454664e-01  5.7123643121625622e-01  9.0837605094248641e-01  
q[159]: 7.2507657764984740e-04  9.8259996854208032e-01  7.5288125176573195e-01  3.6207640033851747e-02  
q[160]: 7.3744386322893794e-04  9.8963056257369075e-01  8.2192870579242017e-01  2.1183500188767176e-01  
q[161]: 1.8944956148942446e-03  9.8421387306146302e-01  7.2407749323075599e-01  7.7284503845698449e-01  
q[162]: 1.0781750372476002e-03  9.8178869445190819e-01  8.6473151699634210e-01  8.8882384961462990e-01  
q[163]: 4.1651602660319504e-04  9.8584246975875189e-01  7.4880062410689474e-01  9.7397022847805637e-01  
q[164]: 2.3291053433510732e-04  9.8301411460422228e-01  9.3484451986556494e-01  1.3316118525532095e-02  
q[165]: 7.6289303820724558e-04  9.7872214388355971e-01  8.7380744116999431e-01  8.7815503846380441e-02  
q[166]: 3.3647601757674181e-04  9.8196254588403298e-01  9.7353865867819256e-01  1.2590402136969489e-01  
q[167]: 1.1097213870082546e-03  9.8168611913878823e-01  9.1364143204587422e-01  2.8208195632651495e-01  
q[168]: 5.6390693610970741e-04  9.8666321316578920e-01  9.6811734943704364e-01  4.5728769121333007e-01  
q[169]: 4.5241143939936542e-04  9.6480599476984996e-01  9.2198027549433803e-01  7.0347981719532438e-01  
q[170]: 4.0674024853487671e-04  9.8789105818657874e-01  9.7091413543453187e-01  7.9327705310141983e-01  
q[171]: 2.4705998674194623e-04  9.8374947566169091e-01  9.5200355031066464e-01  9.5908354949554953e-01  

