deg: 15
dim: 3
nodes: 206
efficiency: 0.990291

q[0]:   2.6379872301425137e-04  1.1796506881233799e-01  1.3794369871372451e-02  9.7154644300927254e-02  
q[1]:   2.1202539844291898e-04  5.7090213436831468e-02  2.6218300106375349e-02  2.1041283441149188e-02  
q[2]:   5.7841853449712107e-04  1.5489387821047784e-01  1.3025376679864797e-01  2.9122844060514658e-02  
q[3]:   2.1252568244924401e-04  1.0326514671423577e-01  8.9664607201612193e-02  8.9017360529693085e-02  
q[4]:   3.8418650228053689e-04  1.5379607698112757e-01  3.6598623685943910e-02  1.3499260240449357e-02  
q[5]:   5.3927928192774150e-04  1.9463885820896812e-01  1.5383646314165639e-02  6.7468919412762646e-02  
q[6]:   8.8863339978591640e-04  2.7182067703679802e-01  2.1454983594137594e-02  2.2194025353597097e-01  
q[7]:   1.4633416020240965e-03  1.9186244136812566e-01  9.7773971284714031e-02  1.1194243150665331e-01  
q[8]:   4.7665494885179024e-04  2.1958212870869134e-01  8.0398865787907212e-02  2.1334492696131260e-01  
q[9]:   6.4806156125960760e-04  2.6506546076265003e-01  1.4707437851538546e-01  9.5979455428485110e-03  
q[10]:  5.3946119274648693e-04  2.4592473272143894e-01  2.4020557794907146e-01  1.3255248057296576e-01  
q[11]:  8.1019492698441943e-04  2.3864962189191763e-01  2.0098285394830187e-01  2.1039184086880591e-01  
q[12]:  7.1977001357332682e-04  3.2650148251153993e-01  2.8156748032457251e-02  1.9630686157454953e-02  
q[13]:  2.3046975630310832e-03  4.7941998456679907e-01  5.0666592033530154e-02  1.4917279651899307e-01  
q[14]:  7.7901093300360234e-04  3.3965230305611094e-01  1.2796451077038673e-02  1.2771541489816587e-01  
q[15]:  4.1999818278039286e-04  3.9725167351093116e-01  1.9609410157848867e-02  3.8388606575120410e-01  
q[16]:  9.9598357324846127e-04  4.3075178146258358e-01  1.9709890291139312e-01  1.4771680071469385e-02  
q[17]:  1.3670537904899203e-03  3.7760581833286261e-01  1.3356816314139250e-01  3.5460418940909294e-01  
q[18]:  1.7982522261490116e-03  3.1227211481454104e-01  1.0349384995526481e-01  6.9519122761988739e-02  
q[19]:  2.3461797380122888e-03  3.3855742454635673e-01  8.7536220566082221e-02  1.9828667084451548e-01  
q[20]:  2.7534208543476182e-03  3.5980999551633669e-01  2.1920312379633963e-01  2.7393328674893525e-01  
q[21]:  3.3991216863288316e-03  4.5462216846375003e-01  2.2607274047761278e-01  2.0699832804883922e-01  
q[22]:  2.3053012321232400e-03  3.1774458788833926e-01  2.3121056152177064e-01  1.0495974834011482e-01  
q[23]:  2.3336837864351254e-03  4.6651883901354724e-01  2.9691324617704878e-01  8.5837556835085801e-02  
q[24]:  5.4100906368032052e-04  3.7309534786082871e-01  2.8997629690075050e-01  3.6467873728424272e-01  
q[25]:  8.0435487100357337e-04  3.1521080096466775e-01  2.9008333375934953e-01  2.8058660762954355e-02  
q[26]:  1.9220592163309265e-03  3.9420076385566405e-01  3.5399839420567625e-01  2.4010424208292547e-01  
q[27]:  2.7296642337660318e-03  5.1130649479994661e-01  4.2067292258372546e-01  2.0483966111804211e-01  
q[28]:  5.7930835631848367e-04  3.8903197026441733e-01  3.7674747258813529e-01  3.5462363473031344e-01  
q[29]:  7.7520961847766037e-04  5.1351274704743599e-01  7.2552327728316393e-02  8.9467976204650329e-03  
q[30]:  6.9116414132183376e-04  5.0997248168631193e-01  7.8078559790010060e-03  5.5145494468091541e-02  
q[31]:  2.9281750071882915e-03  5.1816017261986214e-01  1.3204081043816371e-01  2.7065967987012662e-01  
q[32]:  9.1482757827572928e-04  4.6141544700136450e-01  7.1238730347431669e-03  2.8877390568499173e-01  
q[33]:  6.9852817276048020e-04  5.6186323142789862e-01  1.6815254309077612e-02  5.1923372383759669e-01  
q[34]:  2.1408516061997397e-03  4.7026834938029155e-01  1.3011026169607406e-01  6.9186332551901514e-02  
q[35]:  2.2762771390783748e-03  4.6887188617113479e-01  6.4863147711002364e-02  3.7526858942668712e-01  
q[36]:  1.1631792581002171e-03  5.5104937010567856e-01  1.2820947638228952e-01  5.3898755515358088e-01  
q[37]:  2.8901176333328438e-03  5.4073075265332149e-01  2.0224870373917964e-01  4.0493616724342069e-01  
q[38]:  3.0982179048373399e-03  5.7243093358075936e-01  2.5589844440582510e-01  1.5839621764889511e-01  
q[39]:  3.6682426630284593e-03  6.4847299069546693e-01  4.3732998134822343e-01  2.0961856718889552e-01  
q[40]:  4.4859662857471673e-03  5.5703528235229749e-01  3.7223648990842090e-01  3.5500692700502334e-01  
q[41]:  2.4342411576435729e-03  5.3600052665773679e-01  2.6519983955634030e-01  4.7984214083986149e-01  
q[42]:  8.5943508084496145e-04  4.4980492353578649e-01  3.4302040037342346e-01  1.4625723660546307e-02  
q[43]:  1.5033860899478643e-03  5.0684101605671705e-01  4.4513602298205646e-01  8.3058165315104029e-02  
q[44]:  2.3896694928476014e-03  5.1303356867356076e-01  4.2459615127573819e-01  4.2731234124483397e-01  
q[45]:  8.7697143808886221e-04  5.0575404935808721e-01  3.4794938041117096e-01  4.9482246059900642e-01  
q[46]:  5.5516823793916455e-04  5.1496312055393556e-01  4.9471337081938255e-01  2.0042035054469071e-02  
q[47]:  7.6462245686175216e-04  4.3442224106354294e-01  4.2857439825637156e-01  1.2845690781611144e-01  
q[48]:  1.5046178252715108e-03  5.7310764242253942e-01  5.5140219502636989e-01  3.2644012289452018e-01  
q[49]:  5.9793027362825980e-04  5.3103677474033018e-01  5.2242773717428870e-01  4.1123126426132617e-01  
q[50]:  7.9629813180959652e-04  5.7578899921385607e-01  5.4210400334623932e-01  5.5763087227496921e-01  
q[51]:  1.4355340128408864e-03  6.3976663034668180e-01  1.5123111096627517e-02  2.2969100899109210e-01  
q[52]:  2.6573479808713833e-03  6.5512347470195142e-01  7.7144543611736074e-02  1.1043262629566204e-01  
q[53]:  3.4565722929941521e-03  6.5229017586764237e-01  1.6281476765677572e-01  2.2160730952211791e-01  
q[54]:  2.4076682821702155e-03  6.1429681705712658e-01  5.6938894056060271e-02  3.4260081471734338e-01  
q[55]:  4.0371961005833071e-03  6.7654296358187738e-01  1.8396151611129194e-01  4.6361117104516170e-01  
q[56]:  1.0956590966581994e-03  6.5509380951223439e-01  1.2605255248182295e-02  4.7401176457737937e-01  
q[57]:  4.0813082094658674e-04  6.7164309773390374e-01  3.2195870054813391e-02  6.5960963667647476e-01  
q[58]:  8.7565271120726722e-04  7.0412525170828422e-01  1.3996073181083099e-01  1.1269053617601700e-02  
q[59]:  7.3168063815370985e-04  6.7742045154744668e-01  2.6065450189088225e-02  2.5753541674528500e-02  
q[60]:  2.7402838020945922e-03  6.6261699072568547e-01  8.9135181475588632e-02  5.6337726533438370e-01  
q[61]:  7.4314874881482764e-04  7.4831886270369441e-01  1.2753588494315163e-01  7.3744457602926128e-01  
q[62]:  2.3432822640161960e-03  6.3013993040874650e-01  2.0135715132377321e-01  5.6855951171496513e-02  
q[63]:  3.7886111366233267e-03  7.7425687002426402e-01  2.1543485650272712e-01  2.2558643759575842e-01  
q[64]:  3.4816636127053616e-03  7.9263395610045417e-01  3.0682338028388084e-01  6.0186775082497268e-01  
q[65]:  2.7392711911130856e-03  6.9500981918358540e-01  2.4526442700235290e-01  6.4570549931907872e-01  
q[66]:  1.3051488107196771e-03  6.1126461503943852e-01  3.1052904902118394e-01  1.4671910035258810e-02  
q[67]:  3.5893370205294880e-03  7.2597863819626662e-01  3.5866618856521060e-01  1.2936649165636938e-01  
q[68]:  5.9772360121593052e-03  6.8527223947815141e-01  3.2025523511156362e-01  3.4387224952353884e-01  
q[69]:  1.0609888254029857e-03  6.7092162149180457e-01  3.8846845098863830e-01  6.6339933301694676e-01  
q[70]:  2.3444235173890999e-03  6.2557028410737192e-01  4.2260858864619655e-01  6.9099825536054052e-02  
q[71]:  2.3552138823347674e-03  7.5274274704293753e-01  5.7450992466829787e-01  1.9764854001562182e-01  
q[72]:  4.3492818786446605e-03  6.9736983133362074e-01  3.9453395726851292e-01  5.5495435389199588e-01  
q[73]:  9.3595895407607452e-04  6.4726521658543024e-01  5.2002952835509231e-01  1.1288823972170363e-02  
q[74]:  2.1147172978781574e-03  6.7510903980977854e-01  5.9515083471812169e-01  9.6448211464608594e-02  
q[75]:  2.8043142067166065e-03  6.6104123006678717e-01  5.7630046532351076e-01  2.8029652697351820e-01  
q[76]:  2.7208232749438171e-03  6.7305299487179282e-01  5.1660107131429789e-01  6.1078491410766289e-01  
q[77]:  6.0832086514511590e-04  6.8618113173269157e-01  6.6689466870622649e-01  2.9967784684920104e-02  
q[78]:  1.2278982340212417e-03  6.3630993911979616e-01  6.2269398998957393e-01  1.6300415304728735e-01  
q[79]:  4.3957458809246270e-03  7.2796555291693876e-01  5.2884130751863412e-01  4.3171223390102048e-01  
q[80]:  3.1696726773228134e-03  6.8202783710211778e-01  6.0556640186477861e-01  4.9655310319460683e-01  
q[81]:  9.2015624641756527e-04  6.9296897505007948e-01  6.7959216802653977e-01  6.0368500414876569e-01  
q[82]:  6.7002539638889760e-04  7.2931419240272022e-01  6.4280101230505771e-01  7.1774057680850933e-01  
q[83]:  6.4770587201093681e-04  8.2480777372308400e-01  2.5621299773097947e-02  3.1326803270189579e-02  
q[84]:  6.5327713882292360e-04  7.5157804663041938e-01  6.9311673270369975e-03  1.3894559220201377e-01  
q[85]:  2.2791451075395387e-03  8.0934557597574952e-01  5.2768730430762620e-02  2.6181590111729691e-01  
q[86]:  8.8146170392422029e-04  8.1045111258647728e-01  9.2816084546443068e-03  3.9795864584689178e-01  
q[87]:  3.3770275193378105e-03  7.5387857377200029e-01  1.0031431683799384e-01  3.7450291904875210e-01  
q[88]:  1.7024055896694662e-03  7.9123431815626954e-01  3.1094584751710237e-02  5.3960932903583247e-01  
q[89]:  7.7766053378219770e-04  7.7720705588855543e-01  1.3067743080360864e-02  7.1174212299052286e-01  
q[90]:  6.6264230037390908e-04  8.4899722575837000e-01  1.3385222212846415e-01  8.3605018318770284e-03  
q[91]:  2.3926772738279388e-03  8.1133261196821660e-01  9.9887277191923363e-02  1.0455895040709369e-01  
q[92]:  2.6472761535260422e-03  8.1748726385145098e-01  9.6496904881437917e-02  6.7081966226045708e-01  
q[93]:  5.7494145857407838e-04  8.3315607530367808e-01  6.2902190114729820e-02  8.1319445936265355e-01  
q[94]:  2.4841086355937166e-03  7.9517088844628236e-01  2.5236825381634220e-01  5.7030995645331116e-02  
q[95]:  3.8962770917249931e-03  8.2451984644915632e-01  1.9438085974753552e-01  5.2146285947275106e-01  
q[96]:  2.2857754398960890e-03  8.2918841413016042e-01  2.0724866853664298e-01  7.5843676771469581e-01  
q[97]:  1.0459627120464720e-03  7.8074126129756483e-01  3.9037625051231473e-01  9.3051937423316647e-03  
q[98]:  5.0816371657181180e-03  8.3408662175438253e-01  3.3378687011354397e-01  3.8322395766688577e-01  
q[99]:  2.1183639995674707e-03  8.7919541022676240e-01  3.5068491682341002e-01  7.1354737876413410e-01  
q[100]: 2.7663838075788066e-03  8.3660161897888030e-01  4.0054119538279248e-01  1.4526427009166415e-01  
q[101]: 4.5334558505505671e-03  8.1579108654830890e-01  4.9889313925874063e-01  2.8587416231972335e-01  
q[102]: 4.8457506524199907e-03  8.3923607736861483e-01  4.8566554779311677e-01  5.3305841121847553e-01  
q[103]: 1.0374633386913187e-03  8.2533926661386103e-01  3.5131977855878305e-01  8.1545083931276419e-01  
q[104]: 2.7217001010685611e-03  7.9280358294805775e-01  5.4425559132858969e-01  4.8654640132250709e-02  
q[105]: 1.2286688394939104e-03  8.4861726353060718e-01  6.0852807808251197e-01  1.7344354824545205e-01  
q[106]: 3.6496149815770430e-03  8.2427765159594790e-01  6.2905555563587212e-01  6.5708365746395625e-01  
q[107]: 2.8974375372937352e-03  8.2320913891184866e-01  4.6790239971733832e-01  7.4766110353466786e-01  
q[108]: 6.5155610276586252e-04  8.0300310437385658e-01  7.0664869064406910e-01  7.1496805994504522e-03  
q[109]: 2.3401289652168213e-03  8.2186617077953894e-01  7.0843018744892838e-01  1.1503396080500120e-01  
q[110]: 2.6011301464841947e-03  7.9984391869376337e-01  7.1816374009069606e-01  3.1270707653312296e-01  
q[111]: 1.9455151648563990e-03  8.2175670937197764e-01  7.4264975040227188e-01  7.3928505380473664e-01  
q[112]: 1.2675668287420627e-03  8.1590462270873154e-01  5.8451057373099247e-01  7.9226398219203287e-01  
q[113]: 6.9324716510718587e-04  8.1768927304224914e-01  7.9830776123723124e-01  5.3124676809531216e-02  
q[114]: 1.4368230930643217e-03  8.0533909251226876e-01  7.8345078242183452e-01  1.9956842946162773e-01  
q[115]: 1.3113819076129710e-03  7.4326113704077268e-01  7.3041574559879885e-01  3.9199747483743086e-01  
q[116]: 3.0131340612373522e-03  8.3981560145909295e-01  6.5750801466743181e-01  4.1492272196714064e-01  
q[117]: 2.5708602593886142e-03  8.4025798319294676e-01  7.6215567010673246e-01  5.4293775885500561e-01  
q[118]: 9.5849305851161985e-04  8.0694248261095813e-01  7.8662694373798736e-01  5.9802431723304272e-01  
q[119]: 3.4338865101541180e-04  7.9300232253457958e-01  7.7829901626203157e-01  7.7461518088616133e-01  
q[120]: 4.2404317670930548e-04  9.3158350010712276e-01  2.6999796282139360e-02  2.8365814344914586e-02  
q[121]: 7.4485245876580936e-04  8.9238837560578621e-01  1.1647150421993178e-02  1.6160456329401590e-01  
q[122]: 1.6314454161043884e-03  9.2583004715646311e-01  4.9876250239586306e-02  3.0707249718067747e-01  
q[123]: 2.9329929279653939e-03  8.9630914294280262e-01  1.3521996627757954e-01  4.1846789893953606e-01  
q[124]: 6.3258489288674832e-04  9.2385965432715345e-01  7.2078045512437164e-03  4.6542555047559331e-01  
q[125]: 2.2647706109224243e-03  9.1311409943176058e-01  6.3970352117856150e-02  5.9319634130119270e-01  
q[126]: 7.7123141775839942e-04  9.0384090582740617e-01  1.0806501307170983e-02  7.3613997175362156e-01  
q[127]: 4.3268360469702884e-04  9.1044866449599371e-01  2.4755360744880422e-02  8.8453798200649625e-01  
q[128]: 4.8010843005854436e-04  9.4692193399602420e-01  1.6413514539509388e-01  1.2316815934550080e-02  
q[129]: 1.4981673588031401e-03  9.2774810696971977e-01  9.5292579475418804e-02  1.0225683005367618e-01  
q[130]: 2.5124874751618091e-03  8.6774874421028225e-01  2.0210738920098267e-01  2.2096256572540043e-01  
q[131]: 1.7439374858047346e-03  9.3023419404572882e-01  9.9856248803814898e-02  8.2939197928729880e-01  
q[132]: 8.2353174633058627e-04  9.1299529341477337e-01  1.8869233511263905e-01  8.9813158647981461e-01  
q[133]: 2.0156205044634290e-03  9.1212990290372320e-01  2.7325509621454352e-01  6.2770802009382801e-02  
q[134]: 1.0384974132371205e-03  9.3616663506731901e-01  2.7018575619636764e-01  1.8389912669519246e-01  
q[135]: 3.0829273364694535e-03  9.2713737470184576e-01  2.1728186555045245e-01  6.8650259855806073e-01  
q[136]: 1.9370725140395266e-03  9.2687498746715757e-01  3.3650577678782900e-01  8.5668278690466559e-01  
q[137]: 9.0162243294195641e-04  9.0458068715955708e-01  4.1149569367738598e-01  1.1250368032266209e-02  
q[138]: 3.0718248711425482e-03  9.2674105320240219e-01  3.6224501388758634e-01  2.9475244545871065e-01  
q[139]: 3.8320381526914700e-03  9.3442272235536983e-01  3.8686564816003910e-01  5.5944679082208693e-01  
q[140]: 2.8499704144471613e-03  9.2544467311207057e-01  5.0737798615723961e-01  7.3861792837822582e-01  
q[141]: 2.7466950105058865e-03  9.1662908888596406e-01  4.7214193245709329e-01  1.4349567612493153e-01  
q[142]: 3.9828676875506902e-03  9.3396535108423939e-01  5.6127458179222334e-01  3.6986655650494288e-01  
q[143]: 2.7596821984081617e-03  9.2825146604546038e-01  6.2502840143619265e-01  5.6391471419839290e-01  
q[144]: 8.1714700371834838e-04  9.3418399077721681e-01  4.8790472055977518e-01  9.2290994859706332e-01  
q[145]: 1.8558405742434413e-03  9.1605260545859024e-01  5.9265247898788942e-01  5.3280739512590949e-02  
q[146]: 2.2293191613339913e-03  9.0128482465456095e-01  6.8210293577951442e-01  2.4056330289454717e-01  
q[147]: 2.4186952452152416e-03  9.2194731920956907e-01  7.2260044264491963e-01  7.0161775228085921e-01  
q[148]: 2.0453272580793166e-03  9.2994634272406385e-01  6.3197238668789824e-01  8.6048541024114666e-01  
q[149]: 6.8236025592917880e-04  9.1061777860699344e-01  7.1865904172918504e-01  1.1469598431881773e-02  
q[150]: 1.5017032427392344e-03  9.2277973130261470e-01  8.2718279327148303e-01  7.9278674559363521e-02  
q[151]: 2.2099314038155375e-03  9.1955009696338907e-01  8.4862242404443655e-01  2.8873348911836849e-01  
q[152]: 1.5868424327611817e-03  9.3591236023372937e-01  8.3032345517398809e-01  8.2965894466111179e-01  
q[153]: 7.1435018025005500e-04  8.9595178755375060e-01  7.3828642658958976e-01  8.8420982836925133e-01  
q[154]: 3.2306279298498794e-04  9.1530136126470096e-01  8.9147548230527129e-01  1.7002779977303178e-02  
q[155]: 6.8786104924887029e-04  9.2489782180771218e-01  9.1215220777777339e-01  1.6085631761551994e-01  
q[156]: 1.1148046032578231e-03  8.9613264084907363e-01  8.8410336468145967e-01  4.3224715191728336e-01  
q[157]: 2.6867668759776218e-03  9.2735037302050871e-01  7.7149232362424514e-01  4.5743796038050577e-01  
q[158]: 1.9017769048357074e-03  9.3908574756607122e-01  8.8441952423067149e-01  6.3726118678324195e-01  
q[159]: 6.4279675280531890e-04  8.9343473916722249e-01  8.8497648544473495e-01  7.4537909258079316e-01  
q[160]: 5.1707545137537358e-04  9.1407120545141329e-01  8.8308195013487001e-01  8.8735351858904921e-01  
q[161]: 2.1463128830960775e-04  9.8825279121985066e-01  3.7452012259521307e-02  2.7596734996623892e-02  
q[162]: 3.4073593409559389e-04  9.7965386378075847e-01  7.5316682996249534e-03  1.5838895392697083e-01  
q[163]: 9.4001265385820613e-04  9.8589490286497583e-01  5.9640149563801793e-02  3.0975589077969323e-01  
q[164]: 1.8597480866884225e-03  9.8207875385297749e-01  1.7205526704203650e-01  4.5937751665774479e-01  
q[165]: 4.2020176402464171e-04  9.8573161830660438e-01  1.2926747941768180e-02  5.0240109904974994e-01  
q[166]: 1.2636345301099562e-03  9.8240935924986572e-01  8.5961900203963729e-02  6.4131893410908980e-01  
q[167]: 5.2926252805721022e-04  9.8165595460633692e-01  1.9902644427638477e-02  7.7934460834620878e-01  
q[168]: 2.9896744653151009e-04  9.8224936659157525e-01  2.5544171636539589e-02  9.4163787580415104e-01  
q[169]: 3.0586745236387935e-04  9.8889527380563302e-01  2.1307539549600005e-01  1.7817852696228372e-02  
q[170]: 7.5951072820744337e-04  9.8778135842146242e-01  1.1661665265847480e-01  1.1296278061779477e-01  
q[171]: 1.3806254611247201e-03  9.3712584717588332e-01  1.5983807572010808e-01  2.2166392831641568e-01  
q[172]: 1.9258483224115254e-03  9.3504746651593840e-01  2.4471686412887439e-01  4.4727573197502257e-01  
q[173]: 6.4680280508271255e-04  9.9044145936230077e-01  1.2151008547569882e-01  8.7706285219263913e-01  
q[174]: 2.4017305915374017e-04  9.8055211442173973e-01  1.3113537230961925e-01  9.7645186358124947e-01  
q[175]: 1.3153075866198384e-03  9.8210841913662039e-01  3.5562709564993628e-01  7.8791316844222511e-02  
q[176]: 1.4314325539638531e-03  9.8654969936559678e-01  2.4605379600231714e-01  2.3473365429328077e-01  
q[177]: 9.5509764011509767e-04  9.9051845819331408e-01  2.4691238964831494e-01  7.4040747139563245e-01  
q[178]: 7.3553023040953257e-04  9.6499009392432011e-01  2.1695391976416414e-01  7.8828140844747308e-01  
q[179]: 8.9936484975444448e-04  9.8427870290927066e-01  2.9284578400169425e-01  9.3651429146860032e-01  
q[180]: 4.9209102453261298e-04  9.8114764430242507e-01  5.0071240467080458e-01  1.0974797959508582e-02  
q[181]: 1.7580749699400476e-03  9.8721417549807844e-01  4.1221559262973145e-01  3.7127292601630096e-01  
q[182]: 1.3182047248728689e-03  9.8869579666268115e-01  3.4733063394912650e-01  5.9043220139930985e-01  
q[183]: 1.7489801717365295e-03  9.8361861677897089e-01  4.5091463016956818e-01  8.2391508697277771e-01  
q[184]: 1.8551596781300160e-03  9.8409576890683725e-01  5.3491936583307687e-01  1.8222422557139964e-01  
q[185]: 1.3326845453806079e-03  9.8955624697118605e-01  6.2336484385614799e-01  4.6210368931627438e-01  
q[186]: 1.6626460095650177e-03  9.8478542177143258e-01  5.5966728863606263e-01  6.4600266999661471e-01  
q[187]: 3.0347907221167100e-04  9.9007081788647766e-01  4.9817952130987042e-01  9.7764718692636199e-01  
q[188]: 1.0273758130429627e-03  9.8502578092037696e-01  6.8616122359510079e-01  6.0667073909170172e-02  
q[189]: 1.7176362587440043e-03  9.3857384758017259e-01  7.2021824211381602e-01  1.7111901735656926e-01  
q[190]: 1.7127754600420435e-03  9.8482758730189313e-01  7.3979368539836676e-01  2.8397079671466580e-01  
q[191]: 1.5387974217630131e-03  9.8473734749963981e-01  7.3267536116860688e-01  7.4708432427979077e-01  
q[192]: 8.9910269926438645e-04  9.8837948210124482e-01  6.5135174220772896e-01  9.1190731242986411e-01  
q[193]: 2.9387543511951510e-04  9.8207601658623367e-01  8.3393018825379339e-01  7.7827029992262918e-03  
q[194]: 9.4493342964981292e-04  9.8637808787140158e-01  8.6513242078913566e-01  1.3351149293800141e-01  
q[195]: 1.0709449139293121e-03  9.8417840038311266e-01  9.1254078639420522e-01  3.5173434698648703e-01  
q[196]: 3.0138718563360090e-04  9.8257700062800668e-01  8.5638515016155581e-01  7.8226651275716497e-01  
q[197]: 5.3938256143324628e-04  9.9093363100046117e-01  8.7714238614926143e-01  8.8105212457929150e-01  
q[198]: 4.6744959721228347e-04  9.7976220642060707e-01  7.9190574574230721e-01  9.6577603872911078e-01  
q[199]: 3.1557791702730098e-04  9.8387876925916173e-01  9.5475987092348469e-01  4.1386341801411847e-02  
q[200]: 3.4800818522859919e-04  9.8562931359984418e-01  9.7004219068370401e-01  2.0371420839324833e-01  
q[201]: 4.7275139774796725e-04  9.7927775723871568e-01  9.6972761062702095e-01  4.8923514265614310e-01  
q[202]: 1.5988517589962893e-03  9.8448756655792458e-01  8.1772323127717916e-01  5.3366912089579610e-01  
q[203]: 5.3189676252049544e-04  9.9309885313079960e-01  9.3862940965524033e-01  6.7632104303452489e-01  
q[204]: 3.5115426284693709e-04  9.7870745759928668e-01  9.7009572650844167e-01  8.1866816924555774e-01  
q[205]: 2.7848027990503383e-04  9.8339443102713808e-01  9.4935689037472082e-01  9.5387546634514742e-01  

