deg: 19
dim: 3
nodes: 388
efficiency: 0.992268

q[0]:   8.7961681711871856e-05  7.1298762609734903e-02  9.7647371178149773e-03  5.2098025362356609e-02  
q[1]:   9.0389721402499835e-05  8.3452419801409147e-02  6.0471925729090291e-02  7.5850449716961005e-02  
q[2]:   6.0729613523101721e-05  3.7433159661637648e-02  2.2384185626823615e-02  1.3866887163144766e-02  
q[3]:   1.4515233079158353e-04  1.1847539861209945e-01  1.1222703463207660e-01  7.3040894226751085e-02  
q[4]:   2.8047715993717717e-04  1.7081137942378069e-01  9.7688514676656478e-03  8.7852580417681930e-02  
q[5]:   1.5401905497114269e-04  1.0421801060749629e-01  1.8129390505377901e-02  1.3978418988578224e-02  
q[6]:   1.2915874198486473e-04  1.5135069877950694e-01  1.8871965173489443e-02  1.4169247547157626e-01  
q[7]:   4.2294166100662094e-04  1.3360067953397128e-01  7.2806178284747836e-02  5.2078388397026845e-02  
q[8]:   4.3449331493807062e-04  1.6395640087448668e-01  6.0707621894836354e-02  1.2422110783880286e-01  
q[9]:   2.1305483114502928e-04  1.7412643271513781e-01  1.2078920057343184e-01  1.6563479425584676e-01  
q[10]:  7.0664772783894886e-04  2.2247351224514988e-01  1.7809757707662843e-01  1.4333347957614140e-01  
q[11]:  1.1855837317323252e-04  1.0638181618912639e-01  8.9796288669717103e-02  9.7242290960692056e-03  
q[12]:  3.3462089811320592e-04  2.1625727979063616e-01  2.0438353971590703e-01  6.9055368783509041e-02  
q[13]:  1.9888224806706859e-04  2.1655140754606073e-01  2.0703628176650149e-01  1.9445311195216874e-01  
q[14]:  1.9582894937693551e-04  2.1691391016724018e-01  1.0745564046902778e-02  1.9661816288425952e-02  
q[15]:  5.1788122118758971e-04  3.0709664891363836e-01  1.1509640444539043e-02  1.3662963359665073e-01  
q[16]:  7.5536012074483390e-04  2.7819498755245187e-01  4.2135629412167523e-02  1.9953620034520073e-01  
q[17]:  1.9814477637625886e-04  2.5552368489567395e-01  7.9071807434342167e-03  2.2966806498088266e-01  
q[18]:  2.1815586983421490e-04  1.9730060917132600e-01  7.7381555049900796e-02  4.8729592980579538e-03  
q[19]:  7.2346524960098405e-04  2.3086994686536694e-01  5.5965226470371054e-02  5.9867603282162070e-02  
q[20]:  3.4857503341479312e-04  2.6675852173573089e-01  7.5350811015457389e-02  2.5837842840136960e-01  
q[21]:  8.2076826370770057e-04  2.7179453373349061e-01  1.0273300806144468e-01  1.5501137674833518e-01  
q[22]:  8.5113714307372471e-04  2.6190355618335870e-01  1.5248956301742780e-01  9.6304399217911174e-02  
q[23]:  9.0233300543322934e-04  2.8283132253048765e-01  1.5346688899992739e-01  2.3944754158427933e-01  
q[24]:  4.4683937248053219e-04  2.1359436040746269e-01  1.5520326336499757e-01  2.7543419849134106e-02  
q[25]:  3.0843316391325894e-04  3.1004765563665493e-01  2.3491832652361652e-01  3.0443580993902869e-01  
q[26]:  1.0852075869361698e-04  2.2246257325542665e-01  2.1077095750285629e-01  8.7239227953043227e-03  
q[27]:  7.5339295605213522e-04  3.4650789012834332e-01  2.7184634430876436e-01  5.8081110790407536e-02  
q[28]:  3.5763899620312018e-04  3.1850712377409440e-01  3.1267514835914517e-01  1.9713538292214450e-01  
q[29]:  8.6201578599202271e-04  3.4674917974393860e-01  2.9781363280340456e-01  2.7827708428366515e-01  
q[30]:  1.2044112800546269e-03  4.2418695246879473e-01  2.8126938029747883e-01  3.1334094788760547e-01  
q[31]:  1.8893395339607963e-04  3.3989696349492832e-01  2.1661025426884181e-02  9.0106890841622281e-03  
q[32]:  2.2708539039313641e-04  3.6775614505006804e-01  4.9128715559140909e-03  7.0601597336487146e-02  
q[33]:  1.1296681020662716e-03  4.2474635996893656e-01  4.6335297348822996e-02  2.6240759969015942e-01  
q[34]:  4.2023399722223789e-04  3.9458695777828418e-01  8.6294833095104141e-03  3.0788584629278037e-01  
q[35]:  2.9549883062957662e-04  3.8081278128501428e-01  2.5635047938667079e-02  3.6900180713044406e-01  
q[36]:  1.3430080923650463e-03  3.8145926107128930e-01  8.4759604971416297e-02  1.5354223628102215e-01  
q[37]:  1.0308379115506951e-03  3.9556630783315916e-01  8.6113828573296372e-02  3.4781157134170221e-01  
q[38]:  6.8173431990045262e-04  3.4619772241169650e-01  5.0223962540971209e-02  5.6114085499410639e-02  
q[39]:  1.3455361068327191e-03  3.9651324183888681e-01  1.4637375546159037e-01  2.7902009935514199e-01  
q[40]:  1.9842256111310343e-03  5.1397598033755876e-01  1.8442769216686655e-01  2.0177720282404074e-01  
q[41]:  4.0233857120324233e-04  4.1412501480328634e-01  1.6257042477391476e-01  4.0878718582344148e-01  
q[42]:  4.1530854879111588e-04  3.3140863011853700e-01  1.0326080956955751e-01  1.0891905752877185e-02  
q[43]:  1.2055289493931945e-03  4.0730222687332579e-01  1.9122766464314009e-01  2.1194974241339726e-01  
q[44]:  1.2277494276956057e-03  3.6979117335592082e-01  1.6006938223285974e-01  8.6776268162120113e-02  
q[45]:  9.3533226217667271e-04  4.0954105653149753e-01  2.2614801809328927e-01  3.6996141081429568e-01  
q[46]:  5.6964916508681562e-04  3.1879621567332234e-01  1.7994584722110113e-01  2.5388748786552780e-02  
q[47]:  1.7173627222674803e-03  4.3942437824859110e-01  2.8555832058512898e-01  1.3838737052558375e-01  
q[48]:  1.2504159640241549e-03  3.5243307943243124e-01  2.5313428282133205e-01  1.9134055737626623e-01  
q[49]:  1.4472039532881921e-03  5.5695927359638442e-01  3.7874978414049115e-01  1.3766554226437677e-01  
q[50]:  2.3361777215518504e-04  3.3535269051342853e-01  2.8423596262570011e-01  3.7978901593537554e-03  
q[51]:  6.4747213707742966e-04  4.5897083596871913e-01  3.4531306658739630e-01  4.4275871741270501e-01  
q[52]:  3.1050139785309408e-04  3.5507021540095607e-01  3.4755722039755277e-01  4.1319357468335531e-02  
q[53]:  8.4926603655184781e-04  3.4398717597337003e-01  3.1040591078772101e-01  1.1999708477600637e-01  
q[54]:  1.2468123374115142e-03  4.6182406524610869e-01  3.9758994192225505e-01  2.5663294987911733e-01  
q[55]:  5.9741493465406768e-04  4.6056593406231916e-01  4.4552159463256252e-01  3.1691299900488890e-01  
q[56]:  1.9263262029394466e-03  5.4597740834080744e-01  3.8994962930715243e-01  3.8847154867746952e-01  
q[57]:  2.6942451328542088e-04  3.5666019785611502e-01  3.4270794783675140e-01  3.3613717340374483e-01  
q[58]:  7.0414299130673824e-05  4.7087435470671068e-01  2.3238145860330441e-03  6.8333633097226159e-03  
q[59]:  4.3972948074404042e-04  4.9552135236981459e-01  1.5809732545772223e-02  6.8663708060734047e-02  
q[60]:  9.9324693538824032e-04  4.7508198418954323e-01  3.5040294761866431e-02  1.5028729911601352e-01  
q[61]:  4.3732445745517189e-04  4.8406867928162195e-01  5.4824576063158808e-03  2.3575173183287684e-01  
q[62]:  9.0152189623075732e-04  5.8986628580985057e-01  5.3766271558187348e-02  3.3729691101336240e-01  
q[63]:  7.8282955187737591e-04  5.5767138903646996e-01  1.9191269523352931e-02  4.0355483934735192e-01  
q[64]:  3.0927002311219445e-04  5.1517327870107876e-01  8.8370913524605105e-03  4.8223183168847544e-01  
q[65]:  6.3481642923237801e-04  4.8117482954097734e-01  5.8958613149063456e-02  2.2131495399055946e-02  
q[66]:  1.4177766992550746e-03  5.3118174384428773e-01  1.0480665261475167e-01  1.2324474663575548e-01  
q[67]:  1.1582575676519610e-03  5.2410493326762353e-01  6.2614651861846352e-02  4.4269013396257223e-01  
q[68]:  3.1499156532137108e-04  5.2404823203489614e-01  6.7005495455795913e-02  5.1893187514678052e-01  
q[69]:  9.8916314322841669e-04  4.6021850295839545e-01  1.3088610783925214e-01  5.7850755961320777e-02  
q[70]:  1.5989269245402940e-03  5.1830007480717599e-01  1.4819254617538402e-01  3.6772995831277550e-01  
q[71]:  1.6919016798697564e-03  5.4300824861080388e-01  1.0513295318379394e-01  2.8150825452546702e-01  
q[72]:  7.9128080311703956e-04  5.7548207985137956e-01  2.2453039478626746e-01  3.9266858366177809e-01  
q[73]:  1.1832410037107312e-03  5.4267934570757070e-01  1.5950357968722739e-01  5.1042634080456795e-01  
q[74]:  3.9896549520497857e-04  4.8037348877720343e-01  1.6647333656725605e-01  4.6836592270102012e-03  
q[75]:  1.3634256659152419e-03  5.5182505011547767e-01  2.5154801261316101e-01  1.3260210427013111e-01  
q[76]:  1.8799521947481957e-03  5.3638662052970953e-01  2.5741463410636678e-01  4.4868645005345381e-01  
q[77]:  1.2719213442886857e-03  5.0088514910837778e-01  2.5518882053777203e-01  5.5213598846150840e-02  
q[78]:  2.4196745427087886e-03  5.3336460827388810e-01  2.9419096776471759e-01  2.9369582732688843e-01  
q[79]:  5.4389877578601249e-04  5.6258393210077628e-01  2.9681417141457161e-01  5.5539601503989600e-01  
q[80]:  5.5973037458096806e-04  4.3148437342606089e-01  2.6840966611121192e-01  1.5342919645352227e-02  
q[81]:  4.1926896105031435e-04  5.1937460717250739e-01  3.8158074228816119e-01  1.2259705030477840e-02  
q[82]:  1.1803514883267762e-03  4.7966138224399013e-01  3.9393593527544180e-01  6.1320097498509557e-02  
q[83]:  1.1032985016437024e-03  4.9170182607734253e-01  4.2639065886289507e-01  4.1661395829705600e-01  
q[84]:  9.0916046283687495e-04  5.5999602101474555e-01  3.7829485991737954e-01  5.1197257832690402e-01  
q[85]:  3.6111118358065421e-04  4.7538961122028550e-01  4.4712419822807459e-01  1.3061758204925385e-02  
q[86]:  2.5405600897238561e-04  5.1851558845521895e-01  5.1559479127510099e-01  7.2864148891593095e-02  
q[87]:  9.4323480638950242e-04  4.9833060823045688e-01  4.5953419703271803e-01  1.3057474519024392e-01  
q[88]:  4.8990493707615082e-04  4.5779224746654590e-01  4.4751749045752603e-01  1.8404716623686079e-01  
q[89]:  1.6423458532616164e-03  5.3266532497997698e-01  4.2113729822788104e-01  2.3102692140478670e-01  
q[90]:  1.3120082558778356e-03  5.9140646240671380e-01  5.4739109956806076e-01  3.9306434897497422e-01  
q[91]:  2.4056565198171529e-04  4.9064622297759980e-01  4.8632089586936417e-01  4.3194071936280354e-01  
q[92]:  2.7401400302418593e-04  4.9402177700711952e-01  4.6319348441785513e-01  4.8502421368413978e-01  
q[93]:  3.2205287621274133e-04  6.1941023016099384e-01  1.8058185360790919e-02  1.8858641758007520e-02  
q[94]:  4.7388280151414278e-04  6.1875507810612929e-01  9.4269900393676529e-03  1.2068773243760123e-01  
q[95]:  1.5664655760377559e-03  6.3302922985647503e-01  5.3172885665382426e-02  2.2887374674424762e-01  
q[96]:  2.9971254952615146e-04  6.0759604413458213e-01  8.3949411051348413e-03  2.3191569614306695e-01  
q[97]:  5.0848956426489868e-04  6.5837141431160684e-01  8.3227066960815024e-03  3.7303697535154967e-01  
q[98]:  2.3829162377463878e-03  6.9391371870988583e-01  1.3577747425875006e-01  3.7020736507919416e-01  
q[99]:  1.4820595728362205e-03  6.9789994918231602e-01  5.5640682883136845e-02  4.9514447673844797e-01  
q[100]: 4.5757435347796449e-04  6.6409403956487412e-01  8.3035403611957347e-03  5.6295475746967827e-01  
q[101]: 3.2991471825072300e-04  6.4780005740012914e-01  2.4536029726489491e-02  6.3320315624977130e-01  
q[102]: 3.9284793931767392e-04  6.1512604221922595e-01  1.0266976535151462e-01  6.5978096573256683e-03  
q[103]: 1.0792354474745312e-03  6.2826964094497761e-01  6.3857003905592083e-02  7.1609568624760131e-02  
q[104]: 1.1331806876354760e-03  6.3447505125018255e-01  1.2817152809582485e-01  4.6355160712483556e-01  
q[105]: 1.1991883465769888e-03  6.5937371580137327e-01  7.6941030163614366e-02  5.9598798949186471e-01  
q[106]: 6.0863140611903835e-04  6.7380028561396388e-01  1.4852346466677760e-01  6.6231644491518649e-01  
q[107]: 1.5864097388027993e-03  6.1713436724068738e-01  1.8933280947100603e-01  4.9730675637525486e-02  
q[108]: 1.8696959629428769e-03  6.6193026400739441e-01  1.4068107032081500e-01  1.5630823360326104e-01  
q[109]: 1.5577636471435161e-03  6.6384390856530251e-01  1.7554512405381875e-01  5.3710938459540825e-01  
q[110]: 5.2339241010635189e-04  6.7797627434217478e-01  2.9601569985387366e-01  6.6652591454515886e-01  
q[111]: 1.9189254774512089e-04  6.3394704280230441e-01  2.3516422786609673e-01  1.3852250520582303e-02  
q[112]: 2.6081431957412061e-03  6.6973113860023825e-01  3.1581969422898604e-01  1.2997127409691792e-01  
q[113]: 2.6529817890583291e-03  6.5424073803441263e-01  2.1972794821215672e-01  2.5560346635946063e-01  
q[114]: 2.6702848503383594e-03  6.5828627278722684e-01  2.7329613808715325e-01  3.9926282499734894e-01  
q[115]: 1.4668869922512331e-03  6.7607625413398642e-01  2.5660745908885324e-01  6.1429618294417010e-01  
q[116]: 6.9950838221633557e-04  6.1158263729516504e-01  3.1660654654410014e-01  1.1687391906162602e-02  
q[117]: 2.6953261486877839e-03  6.3968849536379013e-01  3.8178414843040220e-01  2.5430551988739442e-01  
q[118]: 2.2278352179973546e-03  6.7149142566428721e-01  4.4451620340532133e-01  4.1927613384925921e-01  
q[119]: 1.2219643391168985e-03  6.5979161591240076e-01  4.2383876917201291e-01  6.1001112726388651e-01  
q[120]: 1.6805976354094634e-03  6.4804927494045028e-01  5.1151995281110418e-01  5.1185425125362882e-01  
q[121]: 2.5284265050641713e-03  6.7835386912697304e-01  3.6328230956198787e-01  5.3495576620743701e-01  
q[122]: 1.6920599436346304e-03  6.2998793958320565e-01  4.2045285289717116e-01  5.7481310855884989e-02  
q[123]: 1.1388502918960191e-03  7.4682103516625531e-01  5.3845538589969555e-01  6.5448264414654955e-01  
q[124]: 4.6818921946813685e-04  6.2221493152343232e-01  5.1050930819985552e-01  9.0750590558754674e-03  
q[125]: 1.1645315377122804e-03  6.2373725536394875e-01  5.5849824232609679e-01  6.9277671618176218e-02  
q[126]: 1.5966371083348651e-03  7.2838898992288970e-01  5.0260349546264771e-01  2.5634036929220555e-01  
q[127]: 1.4191111315049051e-03  7.2230952668272885e-01  5.5613519714026283e-01  4.0557864970511170e-01  
q[128]: 1.0031935147175781e-03  6.2308211470523100e-01  5.5557038559096250e-01  5.6132243787088154e-01  
q[129]: 5.5584228109842174e-04  6.2464845890926424e-01  5.0139036876299781e-01  6.1524450505573947e-01  
q[130]: 3.1990074885379464e-04  6.2179169780771881e-01  6.0391818588386403e-01  1.9153864956498071e-02  
q[131]: 4.2781669408055380e-04  6.5229300175694926e-01  6.4363025602787105e-01  1.2483734875143335e-01  
q[132]: 1.9200679843179556e-03  6.5047046300829714e-01  5.1505281811979020e-01  1.5773702733757411e-01  
q[133]: 1.3295407152251085e-03  6.2684139695629171e-01  5.8688761013839985e-01  2.0974209206904834e-01  
q[134]: 1.8909453356389856e-03  6.4178642826906074e-01  5.3572594323857314e-01  3.2231581219695193e-01  
q[135]: 5.8678570691658434e-04  5.9778847882565589e-01  5.9038881902690110e-01  3.0171023065139940e-01  
q[136]: 1.2591139423333119e-03  7.1406935402044081e-01  6.5223266516337119e-01  4.9497236194277294e-01  
q[137]: 5.4274960781798955e-04  6.2952855393740281e-01  6.1919126925892465e-01  5.0972209629190601e-01  
q[138]: 3.1186450384908048e-04  6.2671517040281977e-01  6.0993671847669617e-01  6.0647705025875953e-01  
q[139]: 2.5291600672229465e-04  7.5407857364462982e-01  3.3182223888320275e-02  8.4401532956551624e-03  
q[140]: 2.8924515007379160e-04  7.4338086444368778e-01  5.7657558493004095e-03  6.0671230468077465e-02  
q[141]: 1.0499581936321927e-03  7.4824170996998873e-01  3.6378201824311049e-02  1.6865043411919689e-01  
q[142]: 3.5805868508917199e-04  7.5320414312546724e-01  3.8873057706984987e-03  2.5017454985484322e-01  
q[143]: 1.2182500050213578e-03  7.5592631407562672e-01  3.3443769504244443e-02  3.7237791313201157e-01  
q[144]: 4.4040851620600355e-04  7.8378895888526767e-01  6.0081977837276850e-03  5.2709270235931094e-01  
q[145]: 2.5081311071377299e-03  8.1005984548373944e-01  2.0994394189938065e-01  4.1409815210983436e-01  
q[146]: 1.8292772514074170e-03  8.0506989960209840e-01  9.7758162084534805e-02  5.2006149940655233e-01  
q[147]: 7.1977448267637983e-04  7.8170245008082473e-01  2.6207805720497912e-02  6.4367504676747789e-01  
q[148]: 2.5661998935971392e-04  7.7076832665519890e-01  1.0005218108182763e-02  7.4234566609730979e-01  
q[149]: 8.7340471006415682e-04  7.4393344123375538e-01  1.2133246340514843e-01  2.8243663698762005e-02  
q[150]: 7.9708289553981088e-04  7.5762638472670263e-01  6.5692978075601635e-02  8.1958320441743088e-02  
q[151]: 2.0929540303786230e-03  7.7252088036079380e-01  1.0478858223422448e-01  2.8382558110758133e-01  
q[152]: 1.7563756147682581e-03  7.8389907231428135e-01  1.4466541511564904e-01  6.3312859942457145e-01  
q[153]: 8.0497950480519736e-04  7.8598137146926972e-01  6.7641591655714928e-02  7.1817689571303012e-01  
q[154]: 3.1648974980153514e-04  7.7830376167272586e-01  7.9814041949957892e-02  7.7249886983477656e-01  
q[155]: 1.6370363196559269e-03  7.5964111596889172e-01  2.3952689395996599e-01  7.9216091596821123e-02  
q[156]: 1.5115282070895556e-03  7.6850313657064773e-01  1.5754647176159725e-01  1.4993524127173388e-01  
q[157]: 1.2206733672107833e-03  7.8314523767538635e-01  1.8451946217726201e-01  7.3590416926593105e-01  
q[158]: 1.5060403308790305e-03  8.0990105258946288e-01  3.6830202876010243e-01  1.3717786156038983e-01  
q[159]: 3.0792048671685834e-03  7.7787103739492902e-01  2.7622558377383838e-01  2.5433765845437928e-01  
q[160]: 1.7150167644055447e-03  8.1487325496933660e-01  3.6362386275570080e-01  4.7187343903644807e-01  
q[161]: 2.2924127370556242e-03  7.5974249069869204e-01  2.4359230937393739e-01  5.1625088705059796e-01  
q[162]: 1.8869133383125538e-03  7.9326338148849895e-01  2.9778009604698430e-01  6.6558781100014019e-01  
q[163]: 4.3882543433287837e-04  7.4264193758293551e-01  2.4191831203240635e-01  4.6921108963477731e-03  
q[164]: 2.1929081759594370e-03  8.6862430265506296e-01  4.5093957636884369e-01  3.4389050748184158e-01  
q[165]: 3.0284796348933299e-03  7.5609719632173267e-01  3.8622041971764781e-01  3.6055288645605665e-01  
q[166]: 1.2899741228063163e-03  7.8337598139869535e-01  3.8828454305912108e-01  7.3062803378440966e-01  
q[167]: 1.3224800482452030e-03  7.4680251358670036e-01  3.6613498654986631e-01  3.9562538724408562e-02  
q[168]: 1.6575590349715492e-03  7.9220542789420278e-01  4.0358147170053915e-01  5.7004452710233500e-01  
q[169]: 6.0067528149343496e-04  7.4643589564062518e-01  4.5832089259471687e-01  7.3655834378339913e-01  
q[170]: 4.9555394428638599e-04  7.4126539444824868e-01  4.7066249307924890e-01  8.0325425449465585e-03  
q[171]: 2.2945006620219833e-03  7.6984418598960946e-01  4.5340056903181492e-01  1.8889207903377322e-01  
q[172]: 2.3757363385519419e-03  8.1359500339031410e-01  5.7973397525547299e-01  4.0361340131717416e-01  
q[173]: 2.2197692366378464e-03  7.8939345183227638e-01  5.1829319959554288e-01  5.3886275844160003e-01  
q[174]: 1.5058076114678371e-03  8.0700437456312668e-01  4.9744248525127960e-01  6.8860277046662122e-01  
q[175]: 1.8490238378177318e-03  7.6002914858569637e-01  5.2589246761142638e-01  8.7818229791974012e-02  
q[176]: 1.3189275993920730e-03  8.5027337140729731e-01  5.2370165059360152e-01  3.1060339926028385e-01  
q[177]: 1.6731394639073150e-03  7.6928580248270162e-01  6.2789939499193237e-01  5.9810977510701691e-01  
q[178]: 8.9387674859850560e-04  7.6119771273492920e-01  6.0331211926440276e-01  7.3323434822167477e-01  
q[179]: 7.2082780244662515e-04  7.4589883639360599e-01  5.9955533668861893e-01  2.0681371838864690e-02  
q[180]: 7.6561406200783655e-04  7.5534105959630971e-01  6.9054081580288351e-01  5.0023370487270603e-02  
q[181]: 1.0690242006774820e-03  7.5328475316162880e-01  6.3372846208130362e-01  1.2481133420384502e-01  
q[182]: 1.8439451065700549e-03  7.7484899281156550e-01  6.2832122508872756e-01  2.4974969336606739e-01  
q[183]: 1.9278078841034885e-03  8.2126675615266187e-01  6.9930335388608167e-01  5.0295297253420557e-01  
q[184]: 1.0780497522126413e-03  7.5242760087179594e-01  6.8740603566645220e-01  6.7832263282783622e-01  
q[185]: 2.2435562243114200e-04  7.4169709329698386e-01  6.8373241614173352e-01  7.3865458397333439e-01  
q[186]: 1.6534310041271236e-04  7.4468114722259882e-01  7.1642741508806096e-01  3.7040038407834910e-03  
q[187]: 2.9677441276641835e-04  7.5447562589145944e-01  7.4843602278014243e-01  6.6499108855719760e-02  
q[188]: 1.1774299912308587e-03  7.6461005118866721e-01  7.2267947030184065e-01  1.6837748425568447e-01  
q[189]: 4.7442426452321896e-04  7.4277700023859883e-01  7.3366053718902113e-01  2.7187023650921122e-01  
q[190]: 1.7257242173047615e-03  7.5198338010185373e-01  6.8407236378089720e-01  3.3313525033719632e-01  
q[191]: 6.5476934663581958e-04  7.3440811324027666e-01  7.2268442666143096e-01  4.2769149857711658e-01  
q[192]: 3.2790405754401150e-04  7.6684766470194621e-01  7.3140488201678500e-01  4.9290980461504014e-01  
q[193]: 5.7649185218181995e-04  7.5901230243604811e-01  7.4506580766573816e-01  6.1663648235918844e-01  
q[194]: 2.3618515279125413e-04  7.5679329270429430e-01  7.4827267035093625e-01  7.2422867338246011e-01  
q[195]: 3.1285735039649734e-04  8.6045362789605373e-01  1.9048150886164409e-02  2.5477233189015690e-02  
q[196]: 4.8363498760742996e-04  8.5491388594743967e-01  1.2181106735721986e-02  1.3398250658467914e-01  
q[197]: 1.3300498005268202e-03  8.6444509780799161e-01  5.8702755629400930e-02  2.3168858265751605e-01  
q[198]: 4.8735738035281207e-04  8.6142253246790135e-01  8.6822656791869304e-03  3.2678859998187354e-01  
q[199]: 1.1507523307672184e-03  8.6114915646184376e-01  4.0320437375184030e-02  4.4974355519314535e-01  
q[200]: 3.2738133478630812e-04  8.8056712798264103e-01  6.0852945704691942e-03  5.7902452734649335e-01  
q[201]: 1.6536984739676421e-03  8.9982115177771604e-01  1.3437460708697016e-01  5.3619704324575246e-01  
q[202]: 1.2202473871349288e-03  8.7612969442720190e-01  5.3190723016392404e-02  6.6737276261206213e-01  
q[203]: 3.5373197843549710e-04  8.7330830735342546e-01  8.7350105021496271e-03  7.7370203294072271e-01  
q[204]: 2.1181789144612676e-04  8.7646288440011211e-01  2.4640931196401317e-02  8.6410268871843909e-01  
q[205]: 2.7028353841141562e-04  8.5790708748681865e-01  1.1086982503235257e-01  4.7497858022046069e-03  
q[206]: 1.0782802773345813e-03  8.6158583787927989e-01  8.3132271952750386e-02  7.6490559215910206e-02  
q[207]: 1.6892052449392371e-03  8.7866425142175808e-01  1.2857339834228071e-01  3.5781848454450765e-01  
q[208]: 1.3351146717327362e-03  8.8298852471193434e-01  1.4905698129424347e-01  7.4169305203966762e-01  
q[209]: 7.0693549927829959e-04  8.8328055505310576e-01  7.7917733595787617e-02  8.2543841405809126e-01  
q[210]: 5.6317374611458834e-04  8.7934671670646125e-01  1.6093929214123798e-01  8.6374296871976253e-01  
q[211]: 9.6446192043983829e-04  8.5442426027963381e-01  2.0928172417492633e-01  3.2962619182053454e-02  
q[212]: 1.7303219242876058e-03  8.6073022794158083e-01  1.7387917551259532e-01  1.6474224355034831e-01  
q[213]: 2.2147105269365230e-03  8.7552825765737174e-01  2.3387019178767590e-01  6.1358238189759640e-01  
q[214]: 1.4618603912136502e-03  8.8685263010299342e-01  2.6803846621434574e-01  8.0919736138930465e-01  
q[215]: 1.5282631239545675e-03  8.7921382602744891e-01  3.1933321040878571e-01  8.8858142106205878e-02  
q[216]: 1.3348534175849568e-03  8.7839799702157373e-01  2.3019426701462523e-01  2.8180394823677218e-01  
q[217]: 2.0454349756143034e-03  8.9264640782168525e-01  2.9531068691291262e-01  4.1420375933230436e-01  
q[218]: 1.5182461694938480e-03  8.7696026241448988e-01  3.7397829983131253e-01  6.7070979295016331e-01  
q[219]: 7.7274744463792398e-04  8.9679887481136178e-01  3.6102063180217830e-01  7.5438944529254903e-01  
q[220]: 5.8873066058705260e-04  8.0974362857481752e-01  2.8800768979102420e-01  8.0069827427149076e-01  
q[221]: 4.8518892138815355e-04  8.5336254434306180e-01  3.5328002739539999e-01  8.2528801745701454e-03  
q[222]: 1.9054197030631997e-03  8.7915555992239558e-01  3.5798950368714055e-01  2.2486003947909061e-01  
q[223]: 1.8883189801688631e-03  8.9461586073196631e-01  3.9271138500499869e-01  5.2623299498648224e-01  
q[224]: 1.4689486134606452e-03  8.8975219472271838e-01  5.5321679268910662e-01  6.5618401511740099e-01  
q[225]: 1.0040349475774484e-03  8.7881723978945747e-01  4.2850397902238285e-01  8.4450091299172014e-01  
q[226]: 1.0401957372825170e-03  8.5037287266785921e-01  4.6582230806327640e-01  4.2155522490520972e-02  
q[227]: 1.7551931525654173e-03  8.8550230205568226e-01  5.2744245826270653e-01  5.2767981414796239e-01  
q[228]: 3.2360040774954415e-04  8.6192995140576090e-01  5.4184479697409660e-01  8.5906992453885533e-01  
q[229]: 3.6748825658680342e-04  8.5880997769933165e-01  5.7390545094390821e-01  5.9684119139808336e-03  
q[230]: 1.7933485183787041e-03  8.7788537398867927e-01  5.1531280413930325e-01  1.3467488003740807e-01  
q[231]: 1.8126931598677015e-03  8.9956016921410131e-01  6.7697533782621755e-01  4.4543482632515702e-01  
q[232]: 1.4417829510042428e-03  8.9398367305715165e-01  6.6627689721516248e-01  6.2242990803259790e-01  
q[233]: 1.1697047651057415e-03  8.8596024002483476e-01  5.0015308528975322e-01  7.7086485266165794e-01  
q[234]: 1.1857061189297186e-03  8.6305244326956221e-01  6.3866409334569429e-01  5.6743286877707355e-02  
q[235]: 2.1355640527484202e-03  8.6989658332224729e-01  6.2505372412461868e-01  2.2379949845638639e-01  
q[236]: 1.6644898272065545e-03  8.6696950940071338e-01  6.8615391854403318e-01  7.1569144326630230e-01  
q[237]: 1.1704744482692320e-03  8.6166139173318201e-01  6.1475533651849024e-01  8.1314710248974520e-01  
q[238]: 4.3911234793208388e-04  8.5189513302137299e-01  7.3310589513639135e-01  1.1835712097818953e-02  
q[239]: 8.0387082014447863e-04  8.7117312322799056e-01  8.0489912312387535e-01  6.9560308442846927e-02  
q[240]: 1.3105409605651613e-03  8.5197713389390095e-01  7.0765347915593202e-01  1.3450649132313700e-01  
q[241]: 1.9281043362759803e-03  8.7163145321603985e-01  7.5280004000158851e-01  3.2696141779067223e-01  
q[242]: 1.4730504334040343e-03  9.0943505218939447e-01  7.9713075567656844e-01  5.7021353639932426e-01  
q[243]: 1.0342270588234207e-03  8.6426684430302125e-01  7.7678708643592498e-01  7.8790709552031557e-01  
q[244]: 3.9071418699290343e-04  8.5759760202178625e-01  7.2694658606736218e-01  8.4757324012383173e-01  
q[245]: 2.3098310990856205e-04  8.5458945991698920e-01  8.3651774991278083e-01  1.8470190208277629e-02  
q[246]: 3.8274022023073112e-04  8.6020524315671998e-01  8.4952200761071561e-01  1.2262648762184430e-01  
q[247]: 1.0609811257380113e-03  8.7178755027175181e-01  8.1800097622233459e-01  2.1669097601709494e-01  
q[248]: 4.0767458768283302e-04  8.4166975676067868e-01  8.3469981709362617e-01  2.8392953684150402e-01  
q[249]: 1.2879851269124308e-03  8.5838171099429461e-01  8.2091251651073693e-01  4.2743174037579673e-01  
q[250]: 4.1412557659272289e-04  8.5821630747294342e-01  8.5314723023035621e-01  5.5596857889882201e-01  
q[251]: 1.2578448233713188e-03  8.5009222844270638e-01  7.9804411455904556e-01  6.4282532448028340e-01  
q[252]: 3.8663380642919637e-04  8.7037906395156428e-01  8.6059468760173585e-01  7.6184952558356500e-01  
q[253]: 3.1136504483891424e-04  8.5739725753574780e-01  8.3103752810316212e-01  8.3825872223533271e-01  
q[254]: 8.1769204998612048e-05  9.4380426667573847e-01  7.9797583784199776e-03  1.8015515076473268e-02  
q[255]: 1.6414232311856753e-04  9.3725083210258286e-01  7.8704624914569827e-03  1.0151378616158664e-01  
q[256]: 5.1412243585767005e-04  9.3964497385700374e-01  3.0965613361480317e-02  1.8728489242833085e-01  
q[257]: 3.0637082669635198e-04  9.4285673236207423e-01  7.6216499524213530e-03  3.1338220665739547e-01  
q[258]: 9.6128089839091419e-04  9.4263410290523020e-01  4.8558022084400208e-02  4.3525447272269568e-01  
q[259]: 2.9159425413372584e-04  9.4406593902011759e-01  7.7472235222391566e-03  5.4987088111628435e-01  
q[260]: 8.1431170832193492e-04  9.5368166776401531e-01  9.7250551089289886e-02  6.5466795944947009e-01  
q[261]: 4.7163273410361875e-04  9.4431500638783694e-01  4.6483985167289292e-02  6.4455398416114773e-01  
q[262]: 4.0958437509637584e-04  9.4766398982394295e-01  1.5811413104163556e-02  7.7091506149090216e-01  
q[263]: 1.2033361062170144e-04  9.4986585448499028e-01  8.2145039482294426e-03  9.2077079907895776e-01  
q[264]: 1.5378202193979561e-04  9.3602351474205980e-01  7.1956081799736907e-02  5.5188548675472017e-03  
q[265]: 4.9575998871771460e-04  9.4415321380480510e-01  5.8181433485977957e-02  6.4878809501846338e-02  
q[266]: 9.4789371787090812e-04  9.4591231234316209e-01  9.4940972222553252e-02  2.8357498305217510e-01  
q[267]: 8.6715138587848241e-04  9.4998115247015291e-01  1.2610751548356100e-01  8.0396915535843927e-01  
q[268]: 4.4943564415312893e-04  9.4866330063796878e-01  5.1864914773479619e-02  8.7193447177084060e-01  
q[269]: 1.9580185874091708e-04  9.5170221509102815e-01  8.7801115175490246e-02  9.4582613406176086e-01  
q[270]: 6.9221846384276084e-04  9.4178226684830246e-01  1.7893520123096174e-01  3.4774739200530771e-02  
q[271]: 5.2374922395069089e-04  9.2194539129458697e-01  2.1542501312650486e-01  1.1273300543653379e-01  
q[272]: 1.0093521520771109e-03  9.4134260616121568e-01  1.3291184738251763e-01  1.5194549608494742e-01  
q[273]: 1.3711207590256025e-03  9.4809492616301694e-01  2.3153267463255464e-01  7.1863289709687694e-01  
q[274]: 7.8358715268671253e-04  9.5576022493382473e-01  2.0083872784491488e-01  9.1195840813196560e-01  
q[275]: 1.0421785795888656e-03  9.5670946074835983e-01  3.3125323395290968e-01  9.1260139211737326e-02  
q[276]: 1.5616729227300285e-03  9.4638195556070803e-01  2.7836441914521642e-01  2.3680313973750999e-01  
q[277]: 1.2509240556518087e-03  9.5117902561500123e-01  1.9489554680735485e-01  3.6246782493444685e-01  
q[278]: 1.4801682115174561e-03  9.4908119594846618e-01  2.6144997018207128e-01  5.2876974948920774e-01  
q[279]: 1.2393034238114028e-03  9.6045135464943199e-01  3.3878486407491970e-01  8.4191835450535890e-01  
q[280]: 4.0836097155686038e-04  9.2672869571657290e-01  3.2745305055562607e-01  9.1862705883405238e-01  
q[281]: 3.3076703577692736e-04  9.3794695934879679e-01  3.0776661995485388e-01  6.6555622231610984e-03  
q[282]: 1.3899466715246061e-03  9.4648149255119129e-01  4.5619476258390118e-01  1.6961439505200318e-01  
q[283]: 1.8475785545330374e-03  9.5909634332341087e-01  4.0195994206671898e-01  4.0712798942644846e-01  
q[284]: 1.3631982086943996e-03  9.4619584157567815e-01  4.9740486675333967e-01  7.5472099682929517e-01  
q[285]: 8.8316976043780805e-04  9.5320066384859437e-01  4.7251925025678682e-01  9.0578332948593610e-01  
q[286]: 9.5019835675868160e-04  9.3584061821886333e-01  4.6763341105503453e-01  3.5362891010419256e-02  
q[287]: 1.0385753725753125e-03  9.3482066495157323e-01  4.6143760550756169e-01  3.0006807718345252e-01  
q[288]: 1.4992204144099667e-03  9.3798973548991971e-01  5.8104038162630933e-01  4.2627785373054050e-01  
q[289]: 1.5869278958198045e-03  9.5806330623649083e-01  5.4119626198469883e-01  5.6879569395323804e-01  
q[290]: 1.5504911286407588e-03  9.5301053857917606e-01  3.8565337803173788e-01  6.5101272750283357e-01  
q[291]: 3.5821315219358447e-04  9.4743871168690053e-01  6.0103698956922536e-01  9.3913392746965529e-01  
q[292]: 3.0150515892743597e-04  9.4312044081933288e-01  6.1463429670078951e-01  5.8634097903798674e-03  
q[293]: 1.2626201781541933e-03  9.4570332885494246e-01  6.2067675319095983e-01  1.0015832019954340e-01  
q[294]: 1.1757866607148750e-03  9.4438801066589484e-01  5.9254663112600880e-01  2.6111143184820251e-01  
q[295]: 1.4738664877900758e-03  9.6098268015735577e-01  6.8604042263024978e-01  7.0273432665755386e-01  
q[296]: 1.2963824211902151e-03  9.4049826266479686e-01  6.3363155396122484e-01  8.4056025454997085e-01  
q[297]: 7.1638628545442622e-04  9.3994962737037180e-01  7.3797192370609588e-01  4.0873364046152147e-02  
q[298]: 6.3303779772646749e-04  9.5860443259632766e-01  7.1988865413480840e-01  2.0559746302735343e-01  
q[299]: 1.0964969937927497e-03  9.4291752214480695e-01  7.0536583357910432e-01  3.0929780630025955e-01  
q[300]: 8.3104335628628927e-04  9.3570894005362781e-01  7.9709896489758181e-01  7.6455307949246887e-01  
q[301]: 5.9517790649045476e-04  9.5694902667523385e-01  7.9907362825404893e-01  8.2449133522582985e-01  
q[302]: 6.9162585813594411e-04  9.3770348938780268e-01  7.4764804961735687e-01  9.0639089692952601e-01  
q[303]: 2.2159570315346820e-04  9.3651232540734086e-01  8.2374453533501124e-01  8.8530016013975022e-03  
q[304]: 6.0819137462247486e-04  9.5160193755564770e-01  8.8053165027321612e-01  7.9951650857740975e-02  
q[305]: 1.2289861130404080e-03  9.3379553555749606e-01  7.8333771126641394e-01  1.5643341708080546e-01  
q[306]: 1.1142800111632735e-03  9.4942393682136839e-01  8.5793718298809429e-01  3.0609583771350557e-01  
q[307]: 8.5152903962486053e-04  9.6700710205717866e-01  8.4814855842751846e-01  6.3368860537324179e-01  
q[308]: 5.7917152530771710e-04  9.4408097691983817e-01  8.8078316069095353e-01  8.7762632051333223e-01  
q[309]: 1.3886370013247733e-04  9.4010457069656261e-01  8.5652716791985728e-01  9.3753491595663518e-01  
q[310]: 1.6952430867652095e-04  9.3792498253016199e-01  9.1240720668107400e-01  1.6377058589830459e-02  
q[311]: 1.2803865542632906e-04  9.3731723094172748e-01  9.3521160192130204e-01  7.8677899931015455e-02  
q[312]: 5.9581921421948290e-04  9.4359956872275541e-01  9.1687297074691765e-01  1.9404124055107405e-01  
q[313]: 4.0040442654918289e-04  9.3069781953282915e-01  9.2206051568257408e-01  3.5045638252528660e-01  
q[314]: 9.2404569333086046e-04  9.4388022082014778e-01  8.9591428385665139e-01  4.7727103807251076e-01  
q[315]: 3.4777244529530355e-04  9.4365797842632659e-01  9.3513494261231889e-01  6.0182326166731059e-01  
q[316]: 7.9474103525823802e-04  9.3430904414096649e-01  8.9104681821003928e-01  7.1355353512841524e-01  
q[317]: 2.2615898174941702e-04  9.4978861656975266e-01  9.3965904045250981e-01  8.1696423158540221e-01  
q[318]: 1.2607463431135065e-04  9.3894208888723674e-01  9.2835580471973467e-01  9.1659540581476384e-01  
q[319]: 1.0713543197794674e-04  9.8897039828182787e-01  2.4772561834264115e-02  2.3934186545790662e-02  
q[320]: 1.2614622649782667e-04  9.8825590219078174e-01  8.6896152145854236e-03  1.2482311405463287e-01  
q[321]: 4.2318133927777153e-04  9.8832426953891395e-01  5.0268085831934227e-02  2.2578469738841089e-01  
q[322]: 1.6351187595583787e-04  9.8918950650542448e-01  8.4084456916269142e-03  3.5270409823199805e-01  
q[323]: 4.3046495125709862e-04  9.8926608102142122e-01  4.4412241731558909e-02  4.9357596109315766e-01  
q[324]: 1.6261662093286849e-04  9.8832472753014378e-01  7.4665183498077107e-03  6.3643256293745221e-01  
q[325]: 4.9219940632003135e-04  9.9217026330238955e-01  1.2060031741032096e-01  6.2025635305086591e-01  
q[326]: 3.7058695883197677e-04  9.8995894203422141e-01  4.7294821137528691e-02  7.6188164691419247e-01  
q[327]: 9.9241165534493713e-05  9.9051224729293541e-01  7.4301170329743541e-03  8.7726303787424109e-01  
q[328]: 8.0244998659448471e-05  9.9052144061553637e-01  2.6938538919303548e-02  9.7278307202525061e-01  
q[329]: 1.1558840387474531e-04  9.8710798564666302e-01  1.2631751295781055e-01  6.0630188145551368e-03  
q[330]: 3.6134572239614172e-04  9.8941467878663669e-01  9.2545919665756093e-02  8.3384333084929249e-02  
q[331]: 6.2821640626828726e-04  9.8994646159478561e-01  1.2314636059120275e-01  3.5812545599355589e-01  
q[332]: 2.9642695003067151e-04  9.9077687095196221e-01  1.5122665058711968e-01  8.0655498563712302e-01  
q[333]: 2.9703506938539518e-04  9.8970196311661152e-01  8.3603774667302566e-02  9.1219518843576042e-01  
q[334]: 1.3352537428481333e-04  9.9253192163331083e-01  1.5487535841456507e-01  9.7747657580725233e-01  
q[335]: 3.6005166548368504e-04  9.8994138046115865e-01  2.4314242994517121e-01  4.0423714574493168e-02  
q[336]: 4.9009344470747564e-04  9.8350858016600262e-01  1.9525527415547159e-01  1.5094832093631366e-01  
q[337]: 3.3759967069284637e-04  9.9276316194322267e-01  1.8748699083735376e-01  2.0647231746961778e-01  
q[338]: 7.9562676577171678e-04  9.6247550168076923e-01  1.4508420380984605e-01  5.1413826824871789e-01  
q[339]: 5.8207499245389025e-04  9.8778290084530651e-01  2.3634919379905231e-01  6.6999003179228722e-01  
q[340]: 3.2239569409202762e-04  9.9024460063594488e-01  2.0338194529520248e-01  8.3707430393974658e-01  
q[341]: 2.9716120308402550e-04  9.9396031250894123e-01  2.7869361134463344e-01  9.2787817831805119e-01  
q[342]: 4.7188475966787076e-04  9.9340253938532264e-01  3.7216624363061657e-01  1.2145751985831667e-01  
q[343]: 8.6746295551221096e-04  9.8896453130780337e-01  3.1599942514805124e-01  2.9633197811751727e-01  
q[344]: 6.6061212502697584e-04  9.9245284409123047e-01  2.4301662743851329e-01  4.7327130883041557e-01  
q[345]: 5.3360366846876559e-04  9.9252518343122942e-01  3.4390446492267934e-01  7.3569519209394330e-01  
q[346]: 3.7573030461366243e-04  9.9357386971243444e-01  4.2421318620988929e-01  8.5645348556224621e-01  
q[347]: 1.9465618916151490e-04  9.8384562739511727e-01  3.4002961015344052e-01  9.7685276553900102e-01  
q[348]: 1.7778177935953192e-04  9.8750455972590900e-01  3.8820677489630673e-01  7.4010390707699627e-03  
q[349]: 8.0472672063997507e-04  9.8700876681573546e-01  4.8615023391374224e-01  2.2346839860433318e-01  
q[350]: 4.3475075846594524e-04  9.9596916542882796e-01  4.7475589229774384e-01  3.9870353899693617e-01  
q[351]: 7.4042167952668189e-04  9.8925800911503303e-01  3.8648484454240434e-01  5.4887908334471647e-01  
q[352]: 7.5621752376929172e-04  9.8663943279121469e-01  5.4036369353928571e-01  7.7719406307335215e-01  
q[353]: 3.1217212422828135e-04  9.9144654249361241e-01  4.8646001377123005e-01  9.5394908948089618e-01  
q[354]: 5.0809003668528827e-04  9.8779934233105371e-01  5.1772622343155295e-01  4.8927458070395134e-02  
q[355]: 8.8988120787083212e-04  9.8458064439141635e-01  6.0380793230830876e-01  3.7312046858901687e-01  
q[356]: 4.8332737176278459e-04  9.9144405112286726e-01  6.2273063007950002e-01  5.2367526980006096e-01  
q[357]: 5.0797620931421162e-04  9.9282381916793794e-01  5.1090231974935818e-01  6.3068133267218651e-01  
q[358]: 1.0923568188577095e-04  9.9126732858585187e-01  6.2875127823900534e-01  9.8565602569328581e-01  
q[359]: 1.6742792574355017e-04  9.8945826688954641e-01  6.5563806132564095e-01  9.8558753133881228e-03  
q[360]: 4.7604750441635971e-04  9.8920604118349986e-01  6.1694021096802720e-01  1.3931049520488439e-01  
q[361]: 2.1784331042981419e-04  9.9404137883538612e-01  6.3845801088638121e-01  2.3540231581592638e-01  
q[362]: 6.7727486317630697e-04  9.8969310716727399e-01  7.5345533495877215e-01  4.8737702306281677e-01  
q[363]: 8.6194124426408288e-04  9.6132095138163742e-01  7.1463724647795557e-01  5.6440072872662783e-01  
q[364]: 4.2431706709206607e-04  9.9633503618933184e-01  6.9128516956152308e-01  6.9848572684489951e-01  
q[365]: 6.3466650813088956e-04  9.8875560149275499e-01  6.4161536965919863e-01  8.8857150433524668e-01  
q[366]: 2.8809974226630663e-04  9.8749768939733462e-01  7.9768730889951689e-01  3.5881695069238002e-02  
q[367]: 3.5425813672261943e-04  9.9010464609481741e-01  7.2391044341429045e-01  9.1305350398308699e-02  
q[368]: 6.2637588767462140e-04  9.9070151241707416e-01  7.4954186624931296e-01  2.8563522726731461e-01  
q[369]: 1.0861371402545218e-03  9.5394085069548573e-01  7.8680755539901581e-01  4.3831061780915714e-01  
q[370]: 5.5214726696585536e-04  9.9122297273424786e-01  8.0048081940641946e-01  8.1610822142956863e-01  
q[371]: 3.6038618157262323e-04  9.8779398384182293e-01  7.6689621517955275e-01  9.5174914597674865e-01  
q[372]: 8.1772571302896256e-05  9.8810124682925682e-01  8.8571395675671827e-01  4.8123995303441238e-03  
q[373]: 2.1241117595265882e-04  9.9183775717276523e-01  9.2215584442290055e-01  7.5331479676219434e-02  
q[374]: 5.8982243300194207e-04  9.8798488548490504e-01  8.4434008216883538e-01  1.6679608616148450e-01  
q[375]: 5.4910849598437854e-04  9.9101009397697659e-01  8.7416848050921625e-01  3.8298382806891151e-01  
q[376]: 4.2491241808195458e-04  9.9395585489723981e-01  8.5558402754082219e-01  6.2617674206987706e-01  
q[377]: 3.2033348908361791e-04  9.8999940713369139e-01  8.9915834111569293e-01  9.0938222790810297e-01  
q[378]: 8.8299916543633852e-05  9.8804930746333441e-01  8.7696274788116491e-01  9.8283200623970546e-01  
q[379]: 8.7012782026382981e-05  9.8746017988942225e-01  9.6977056384549210e-01  2.3130510128638999e-02  
q[380]: 1.2967975348541862e-04  9.8848548783428847e-01  9.7901810936609268e-01  1.3493882554911152e-01  
q[381]: 3.6644763658730815e-04  9.8970919207751029e-01  9.4329491389141029e-01  2.4893656400426223e-01  
q[382]: 1.7915443847248670e-04  9.8640837094399658e-01  9.7990293066620515e-01  3.6986705516098650e-01  
q[383]: 4.3218201477052088e-04  9.8920460169175328e-01  9.4664741371090755e-01  5.1561636958188151e-01  
q[384]: 1.4342742286938711e-04  9.8958052769729610e-01  9.8218560084662798e-01  6.5860487242903609e-01  
q[385]: 4.6446909887652417e-04  9.8782419084149031e-01  9.3100965091724563e-01  7.5866501771203398e-01  
q[386]: 1.2379507754822549e-04  9.8990944718386198e-01  9.7798775525345993e-01  8.6365475262131197e-01  
q[387]: 1.0212738225477328e-04  9.8838523961074465e-01  9.6641039158578257e-01  9.6406478580359600e-01  

