4 179
3.4661932577733298e-02  1.4962120615402694e-01  1.0891365070473517e-01  5.3578305462945473e-02  2.0027087012465631e-04
5.1010723203187475e-02  3.4316856700223636e-01  9.2861855962962467e-02  4.9081074839745262e-02  4.6024655257800948e-04
3.1281727268160295e-02  3.7545267108157254e-01  2.1923888544487966e-01  1.1207257673294985e-01  4.2661683851840184e-04
5.7401609855478028e-02  3.6889161105218549e-01  3.2962076119089528e-01  6.9542665949895360e-02  6.0998012937263379e-04
5.9744023627406807e-02  3.6315622582653534e-01  3.3120242751672341e-01  2.8547041653518418e-01  4.8095015699154727e-04
5.9611011698105856e-02  6.2434953861030373e-01  8.6469554472962021e-02  5.3758548562034804e-02  5.2176075778234872e-04
3.2058392126370863e-02  5.8677116388922779e-01  3.8203259207099932e-01  2.4487517372353100e-02  6.1717919001114813e-04
5.3468603165632893e-02  6.2001658491927969e-01  2.9674163378164020e-01  1.3303294616519959e-01  1.2626458369923081e-03
3.7540094637738372e-02  6.0198832215386699e-01  4.1957939139252320e-01  3.1135615225391616e-01  8.8869897497795172e-04
5.4633502257018178e-02  5.9919534543536912e-01  4.1846836015759603e-01  4.1604041927811680e-01  3.8746331839302402e-04
4.1461610716506815e-02  6.3320385114022315e-01  6.0588548043370971e-01  1.0383736318470196e-01  4.4391392828775134e-04
4.9408541570471011e-02  6.2450899849356689e-01  5.7240657862280409e-01  2.7571254838365739e-01  7.5172602752970701e-04
6.1414023780558359e-02  6.6233835675854447e-01  6.2365335214091389e-01  4.9405338068114729e-01  7.5152256489132373e-04
5.4431635076848527e-02  8.2831196151089104e-01  2.5410539869383619e-01  5.8912720156865675e-02  6.7775465524696999e-04
1.9051543483961104e-02  7.9632076612596381e-01  1.8868941041345119e-01  1.2924433859351894e-01  4.1538286473972942e-04
4.9900533224259615e-02  8.2486955872167933e-01  4.3613468241511261e-01  3.7067339866972360e-02  7.9575016839270236e-04
5.6499421093841186e-02  8.4214297725191400e-01  4.5389940009911522e-01  3.3333874598117452e-01  1.0813965261183074e-03
2.8625310634661748e-02  8.1408633289169297e-01  4.8522699499103616e-01  4.7882535227428469e-01  3.1818669223075409e-04
5.7391212476726489e-02  8.2451487326265094e-01  6.5452641204099293e-01  1.9408755717640672e-01  1.6430856893766409e-03
5.0515622732885498e-02  8.4287962370697833e-01  6.5124475822965933e-01  4.7354598625243843e-01  9.2931523308243812e-04
3.9280788938352892e-02  8.0558914749008337e-01  7.6198232744650640e-01  3.2033406512056016e-02  3.1924487084752711e-04
4.3388147871235710e-02  8.1472089894881350e-01  7.8534688356475268e-01  3.8711044464522310e-01  4.7191786810578553e-04
4.9110932849096177e-03  8.4283896200322050e-01  8.2570613656004499e-01  7.8733528740384895e-01  1.6817063248546638e-04
4.6331825196705652e-02  9.4480463791333924e-01  8.1032444244268559e-02  2.4791167918434779e-02  2.1963569821080648e-04
7.2647558323919781e-02  9.8491082398374641e-01  3.0833378302145498e-01  1.8988421514504729e-02  2.3746148413603420e-04
7.1176522047302918e-02  9.4269376871633026e-01  2.6363620725629383e-01  1.7107203387700298e-01  4.8050490886821027e-04
4.1564044464142365e-02  9.6461398141235266e-01  3.0497323439811735e-01  3.0273878087090295e-01  1.9291537290287998e-04
3.2903068756630044e-02  9.6988352602304206e-01  5.4112213018810873e-01  1.6853047500413074e-01  7.4835233032595244e-04
5.8820595271993896e-02  9.7281862887672133e-01  5.1728138074367569e-01  3.7608076282469910e-01  5.0951431134793059e-04
3.8893457790128434e-02  9.5962190251263613e-01  7.5458079774380482e-01  3.8380487575347545e-02  4.1248981870600651e-04
4.1057968359483256e-02  9.3477031221120777e-01  7.5768246857498156e-01  4.0013357224599699e-01  7.5717878474662723e-04
5.1653755387894344e-02  9.8196897719905574e-01  7.6161509577271536e-01  6.3921730574136282e-01  3.6849496617257589e-04
5.3106024273007930e-02  9.4295392628024732e-01  7.8411685801193343e-01  7.5450639228201077e-01  3.4619630273913617e-04
4.5287044325106857e-02  9.6109216784477947e-01  9.4615056412315646e-01  3.7178967847557365e-02  4.9869013344996413e-05
6.0530519402439448e-02  9.5276427823083853e-01  9.0722566600762267e-01  2.0448057590903915e-01  5.6878079305509356e-04
3.8368843684030401e-02  9.8402459138049825e-01  9.3604384460322176e-01  4.7453380792668520e-01  1.9660910535958370e-04
5.0621210023815803e-02  9.5268543284951412e-01  9.2131748725223883e-01  7.0221310040000606e-01  3.3451012331547181e-04
2.2553341054425996e-01  1.2651492750462795e-01  4.2223965962585930e-02  3.6056549318775866e-03  1.5294195183620507e-04
2.3288852538128407e-01  1.3867172662466815e-01  1.0763327861396504e-01  8.7959155129426481e-02  2.3183312809367317e-04
2.3691857279123568e-01  1.8899951985322155e-01  1.5881661828274396e-01  7.1401969104797069e-03  2.1374609824428094e-04
2.3578338399490176e-01  3.8204759949603712e-01  5.3984861800538624e-02  1.6036100768250584e-03  3.4193912108581171e-04
2.1392562007930954e-01  3.3258170250289509e-01  1.8537469366270581e-01  1.6798439249720687e-01  8.1212488798800670e-04
2.1112351539261276e-01  3.7677453937537853e-01  2.2833589145201563e-01  2.4418047630402961e-02  8.8092868014210735e-04
2.4519398330598258e-01  3.8804565513596112e-01  3.4927526719857099e-01  1.9565936310702350e-01  1.5177916937869683e-03
2.3139613328823483e-01  6.0762023772412643e-01  2.0414217320973665e-01  2.6305945211442316e-02  1.5880012017489250e-03
2.1480498035914039e-01  5.7117302174191020e-01  2.2025976680815268e-01  1.9458840549742584e-01  1.4964447770637250e-03
2.1454424334382566e-01  6.2522640770303783e-01  4.6821151745709833e-01  1.4840235330855120e-01  2.7698865928600198e-03
2.6633912741407956e-01  6.1190800485815777e-01  4.4331435543854752e-01  3.0754671994169552e-01  2.3638669034676345e-03
2.2893222193155882e-01  5.4765241634710682e-01  5.1017895285947201e-01  1.9490721984633533e-02  7.1958886044940515e-04
2.4886552935681600e-01  5.9280748505057013e-01  5.7646931591612605e-01  2.8445582335865599e-01  6.9461549941011612e-04
2.1229968022997667e-01  6.1555672618538748e-01  5.8239116726998152e-01  5.5615679315486966e-01  6.9731810694257832e-04
2.1567116588689528e-01  7.6457026134570660e-01  5.9451068846738488e-02  7.1057300427769651e-04  3.6722706939783110e-04
2.6305362782992348e-01  8.6112981112409326e-01  8.8126511254584622e-02  8.5565279073620104e-02  5.2572695291362432e-04
2.5990270412132288e-01  8.6974749479202307e-01  2.3198523410695929e-01  3.2885312790125305e-02  1.0022705432785402e-03
2.2882746494922881e-01  8.0379353849501933e-01  3.0568192579022685e-01  2.6203519652279378e-01  1.8883555706689164e-03
2.3105883431906332e-01  8.4392131984275165e-01  4.7298668109883918e-01  1.9593547054361304e-01  3.7987456850576929e-03
2.1625830745734351e-01  7.9996649479741666e-01  6.3460719313235459e-01  3.9445346084587718e-02  1.7485958536772415e-03
2.4326314807020283e-01  8.3803836268715171e-01  6.3679393978700949e-01  4.7794569763453498e-01  1.8071069795731207e-03
2.2525557486452286e-01  8.0880816699108793e-01  6.7698982438542088e-01  6.3585863830230516e-01  1.4315788285005106e-03
2.4663847959608987e-01  8.1702092480497590e-01  7.9189344048713495e-01  1.6454388358588753e-01  1.2623767383835439e-03
2.7219468315793094e-01  8.2968474712707274e-01  7.8534808183295490e-01  3.8610755447666328e-01  1.6022177499608642e-03
1.8699117925183628e-01  8.5742366177787888e-01  8.1259959442901530e-01  6.1784626229459061e-01  1.1459836626825438e-03
2.3188786617192617e-01  9.9069791607367075e-01  1.2920089588370862e-01  9.3061968082245081e-02  2.2605798529773727e-04
2.2993969906312398e-01  9.6501110589615913e-01  3.0337000472011982e-01  1.4471535398946042e-01  1.1459728513394357e-03
2.4024467631165192e-01  9.5490275313660955e-01  5.4403645287028113e-01  3.7259372284191197e-02  1.2012793349408023e-03
2.3357648439263196e-01  9.9649838392853485e-01  5.4506483657378146e-01  3.6290731293833001e-01  4.2718022468780052e-04
2.2572473561050610e-01  9.5885389383011033e-01  5.7013956262637344e-01  5.3584043728038311e-01  1.0748124513597680e-03
2.1210536138514824e-01  9.7496467586262769e-01  7.8204796082977546e-01  1.8566163417236328e-01  1.3201558484376549e-03
2.5979963684404472e-01  9.7223113749545664e-01  7.5540998606166820e-01  4.0551409754396989e-01  1.6352371411531982e-03
2.4249506484705521e-01  9.6060698164080338e-01  9.1441008065587737e-01  4.2537744745800229e-02  5.0423382921766077e-04
2.2746041089912603e-01  9.6223045859692302e-01  9.3936378905472151e-01  4.4362193400315386e-01  5.2591520330993221e-04
2.1716454672372232e-01  9.8908524295749667e-01  8.9337679462359654e-01  6.8219643840632416e-01  3.9130192069105913e-04
2.1381733214752252e-01  9.7206078565012000e-01  9.3544783419628919e-01  8.8728934452108532e-01  4.0336086832311899e-04
5.0100346043496713e-01  1.6804983852673289e-01  2.6128112048153140e-02  2.3439078828269341e-02  1.9691692732208069e-04
5.5054784645888155e-01  1.5635431911519546e-01  1.4445504369730594e-01  8.9923473893096462e-02  4.5865539845116809e-04
4.9131603560139969e-01  3.8514823299186962e-01  6.7399724332384142e-02  5.5951428443437541e-02  3.3413412744145581e-04
4.8477404377156863e-01  3.6459866208837199e-01  2.0187821244578427e-01  8.9183967175579998e-02  2.6540979589506834e-03
5.1310812370364844e-01  3.2454580327551869e-01  3.0879503327647884e-01  4.7859293334085000e-02  7.2808739418100509e-04
4.6057120625458753e-01  3.8142113771430158e-01  3.4532037163719603e-01  3.1963524137967853e-01  7.0297408479047139e-04
4.9373571249658577e-01  5.8597878375191315e-01  7.5214271255080289e-02  5.0882419353568950e-02  1.0319412697482777e-03
5.0733280704805750e-01  5.8944225789865456e-01  4.1701613962402279e-01  3.5850354955231339e-02  1.9826420428023070e-03
4.8449008564496743e-01  6.3954860267386848e-01  2.9446490346371046e-01  1.4321550976508290e-01  3.0931402402682787e-03
5.1214386116613597e-01  5.6789617353179966e-01  4.2117819447143595e-01  3.7877264342909067e-01  2.0449720195148298e-03
5.0096447103173225e-01  6.0721713926982379e-01  5.7000552441341323e-01  1.4371961057778618e-01  2.0878982834192550e-03
4.9419041874239145e-01  6.3049219830227998e-01  6.0720520272513590e-01  4.4926097525213327e-01  1.5936611789841083e-03
5.2237216437652823e-01  8.0715895256617132e-01  2.0685454046117249e-01  1.0661988235857348e-01  2.7233026463023310e-03
4.8008481511316664e-01  7.9080138377279907e-01  4.1615950510505162e-01  3.4476066843657817e-02  2.2981377340096851e-03
5.0181580613822618e-01  7.9125028682690179e-01  4.8101884003613687e-01  4.4414606385152422e-01  2.3744709262523999e-03
5.0539264447109222e-01  8.7231546414159222e-01  7.0185400105625573e-01  1.6966657367983565e-01  3.2944481890162169e-03
5.0527067569088469e-01  7.8434714176006648e-01  6.3772772069629236e-01  3.4594211653310958e-01  3.9484500958162395e-03
5.0952767158625323e-01  8.0547560640857285e-01  7.7498614785250686e-01  2.7640265332981133e-02  8.0575289148939800e-04
4.9885658970700170e-01  8.3440450490592155e-01  8.1268633565556891e-01  6.4605390701786780e-01  6.9901659464279042e-04
4.9258678106196946e-01  8.4654420447492340e-01  8.1788310497105809e-01  7.8377253431507310e-01  7.3039461947798994e-04
5.0128846133583171e-01  9.5976991734725658e-01  7.9844307055161531e-02  1.7009707584344294e-02  4.1283794339696086e-04
4.9138967983708542e-01  9.7072422306710004e-01  2.8745400420506190e-01  3.7695090597832388e-02  7.3561338550694264e-04
4.9780563543688394e-01  9.5902802077585103e-01  3.1669782752753955e-01  2.8032377021679444e-01  1.2777405203958279e-03
5.1911920426326963e-01  9.6868590749777561e-01  5.3434439597893235e-01  1.6496365802676885e-01  2.1618107216333847e-03
4.8276201971743538e-01  9.3559388728778148e-01  5.2573367828515882e-01  3.6105566030430364e-01  2.2284887717111501e-03
5.0821494124259126e-01  9.6198786870330111e-01  7.7748603604664324e-01  3.3666599278557301e-02  9.7229200177347778e-04
4.8220782240009596e-01  9.5541213030294725e-01  7.7186389720128146e-01  6.3439521966171653e-01  1.7490790613983245e-03
5.0647226224783815e-01  9.6855812680359898e-01  7.8957223152079892e-01  7.7371613097742664e-01  5.3428266271530914e-04
5.0234893866894070e-01  9.7082997335561538e-01  9.3604964399218327e-01  2.0827363360835091e-01  8.9591842596938389e-04
4.9004554589435795e-01  9.5255566977115402e-01  8.8351424812867951e-01  4.2609834197653595e-01  1.0865420425033743e-03
5.1326614516939317e-01  9.6833532187502913e-01  9.4367873718524131e-01  7.0097208824354884e-01  7.0389743818621375e-04
7.7065944835271905e-01  1.2610829716323166e-01  6.7584192751808603e-02  8.1566135975882758e-03  2.8373257624791801e-04
7.6848059042477512e-01  3.7590482076191095e-01  7.8346719599811696e-02  2.9376548129044586e-02  5.6193324566046249e-04
7.8983190050996366e-01  2.9920789822146809e-01  1.7883390501050853e-01  1.6355436105818019e-01  8.3563013008456808e-04
7.5125523882393475e-01  3.5187966204170107e-01  2.1808028765179327e-01  2.9224405050893324e-03  6.3053766369564100e-04
7.6167088676554295e-01  4.0390721567379023e-01  3.5176733566331675e-01  1.8489572114715777e-01  1.6470372011115569e-03
7.6953311445577233e-01  3.4742440873103275e-01  3.4563768811732132e-01  3.0155746086521451e-01  2.3681766903585203e-04
7.8088493044318241e-01  5.8936371944851562e-01  1.9520731808865874e-01  2.5133438448904633e-02  1.6437941543363142e-03
7.5578016431814388e-01  5.6571455722258790e-01  2.4126580037514944e-01  2.0423430911466894e-01  1.8294589910642302e-03
7.6349420310151672e-01  6.1917112371484062e-01  4.5181628523095352e-01  1.4645973896222145e-01  2.8936313824410947e-03
7.5300328360629254e-01  5.8567989515400087e-01  4.5515567837900417e-01  3.2051957025329519e-01  1.3928526753660556e-03
7.9032933350789181e-01  5.7298825159308198e-01  5.3390333255875622e-01  2.3136894674401953e-02  7.4928445722449255e-04
7.3780316627762532e-01  5.8867297188930190e-01  5.6672494698364773e-01  2.8615979090803989e-01  7.3641036178265706e-04
7.8352554041520572e-01  6.3045465107176168e-01  5.9965960812199803e-01  5.7400680747556354e-01  6.6547002705851573e-04
7.5515855966893430e-01  7.7058038407261831e-01  6.1422282444560640e-02  9.7857630471247974e-04  3.9230378620994506e-04
7.4085183236062147e-01  8.6090638353994675e-01  7.7322408636334244e-02  6.2370089052590040e-02  3.7491296245709257e-04
7.4526460794596483e-01  8.6830773471257849e-01  2.6648646621148392e-01  1.5406355673541122e-02  8.0610811976303655e-04
7.9397937063208579e-01  7.9878706309931613e-01  2.5283903370796651e-01  2.4026951319226772e-01  1.1237663138467661e-03
7.9039422499406875e-01  8.3751006116471671e-01  4.6290487694062399e-01  1.3486012435174086e-01  2.8907217959952486e-03
7.2904128207936314e-01  8.0709633611923137e-01  4.6177992618068275e-01  3.0268134000824493e-01  2.8025812022273180e-03
7.8645723898443809e-01  8.1429801394551959e-01  6.3863926572152507e-01  3.1627021200856448e-02  1.5228074668728305e-03
7.5668228114009306e-01  7.8847729136571021e-01  6.7062961776923347e-01  5.1214533129304673e-01  1.1245569785735647e-03
7.6833490770943458e-01  8.1300730133288091e-01  6.7049194176833604e-01  6.3468740077214625e-01  1.3187632771219978e-03
7.6799836000705279e-01  8.2540965204669692e-01  7.8415813701977222e-01  1.6513311332086392e-01  1.5344019658353276e-03
7.4466053457441395e-01  8.3263944236023069e-01  8.1621301473459074e-01  3.8833512847976831e-01  1.2348537894054756e-03
7.8729656555655270e-01  8.6377838590238254e-01  8.0525446281369151e-01  6.1037944237156538e-01  1.0131426966444909e-03
7.6872566253667485e-01  9.8768047719763141e-01  1.2265839189712187e-01  1.0042259287148535e-01  2.2529320323892948e-04
7.7734792474418057e-01  9.5270368618862666e-01  2.8746458286725973e-01  1.4660873978616815e-01  1.5278408168161730e-03
7.4461612272851141e-01  9.6469952851811458e-01  5.4323997667161283e-01  2.6512063615362857e-02  8.0537152637296359e-04
7.8348407340539961e-01  9.8799616046065009e-01  5.6282815987389223e-01  3.8649511495209515e-01  7.3350691487346158e-04
7.7862320965361531e-01  9.5821509693813167e-01  5.5568870007583082e-01  5.2483564233082436e-01  1.0251098500157192e-03
7.9311881965475217e-01  9.8264827879638306e-01  7.7780004895881250e-01  1.8480224016157282e-01  1.1661631370414251e-03
7.2845184062617896e-01  9.5129584364675257e-01  7.4686787166084523e-01  3.9791460552422747e-01  2.0310564256456587e-03
7.7681897119123400e-01  9.5782499147820366e-01  7.8276055407614520e-01  6.2753233167071454e-01  7.4595776838897495e-04
7.6991878521558021e-01  9.6265443080238478e-01  9.2975294139383824e-01  4.7288532943848778e-02  4.4128191915806842e-04
7.7658803023826606e-01  9.8393412009401371e-01  9.4009131059127715e-01  4.6342927752812196e-01  5.4268505601626877e-04
7.7759998241110606e-01  9.7091228338175561e-01  9.3626607439885234e-01  8.8421751168696172e-01  4.1958395581751624e-04
9.4774267148123936e-01  1.4290163195034516e-01  1.0918723734919987e-01  6.7180452945152125e-02  2.2478038332391311e-04
9.6084916810842946e-01  3.2151823402558699e-01  7.9789545325867781e-02  3.9563356602361176e-02  3.3817065180794057e-04
9.6010443257257727e-01  3.9112708974059568e-01  2.3968009663855316e-01  9.5339082462051028e-02  6.8455999933785525e-04
9.2473451611476798e-01  3.3249065660221361e-01  3.0248489318238153e-01  5.3244845333842827e-02  5.4370679388599744e-04
9.6536874979400633e-01  3.7621636596953745e-01  3.4116941381793603e-01  2.8688689818930191e-01  3.5757342546764861e-04
9.3382267942649111e-01  6.1650766043854366e-01  7.2843511106683287e-02  4.7815520594685967e-02  4.7317629236885527e-04
9.6386242926614163e-01  5.7873806022720464e-01  2.4056470319452586e-01  1.8584109584754147e-01  4.3088573709192156e-04
9.6642022392583837e-01  5.9655941517506372e-01  3.9715428966939059e-01  3.4324733222768022e-02  6.8700064138733658e-04
9.4899374538599179e-01  6.3678986263424986e-01  3.1974348759901822e-01  1.3245839017722677e-01  8.9885245631030227e-04
9.4514505419357109e-01  6.0465162089568691e-01  4.2705469117462841e-01  3.0858067152859653e-01  9.4830440714850173e-04
9.4542140578837119e-01  5.7552738068312947e-01  4.1414670323570202e-01  4.1238221056210306e-01  3.7929510025889866e-04
9.4909655610700128e-01  6.3671720666365739e-01  5.9457966543200180e-01  1.0798278568979573e-01  6.1362214414890524e-04
9.7056789834880997e-01  6.0170418515885460e-01  5.8832536298600180e-01  2.7265506176989596e-01  3.9632910599076744e-04
9.3938352851250195e-01  6.4368199918360536e-01  6.0237654679917285e-01  4.8433229314953302e-01  6.4748528033246021e-04
9.6162792188438639e-01  9.0232018472426023e-01  1.0708695484514387e-01  8.4617175847884044e-02  1.5416416068792375e-04
9.6816278064207351e-01  8.2088222160264712e-01  2.6705498612334144e-01  4.2523775284800239e-02  4.5664361599966936e-04
9.5315003377848662e-01  7.9565483176736718e-01  2.1804297741099135e-01  1.1126374943597755e-01  8.2811972683615343e-04
9.5558555519527955e-01  7.9036675544720802e-01  4.4271715490181723e-01  8.6952300983289040e-03  3.1473383100929218e-04
9.3449117525982250e-01  8.5987236512834564e-01  4.5707997998307487e-01  3.2571190938505851e-01  1.1604573245793208e-03
9.5958467427076066e-01  8.1268878795829869e-01  4.8794227250078848e-01  4.6947402260058269e-01  4.3790719815052384e-04
9.4702791565346378e-01  8.4352159898219659e-01  6.5143832613310715e-01  1.7429619497012860e-01  1.2387781037243183e-03
9.3299030271750627e-01  7.7385956702345338e-01  6.6426118949574087e-01  3.2367314161966876e-01  1.3964631218303920e-03
9.5438408820313836e-01  8.4626590884933428e-01  6.4077961410421891e-01  5.0440913806288057e-01  8.8110681607898389e-04
9.7338199636096501e-01  8.2133466634081953e-01  7.8760688352673169e-01  3.7410538240859818e-02  2.7444934043013944e-04
9.3777314288994773e-01  8.3967004962240965e-01  8.2886334807514173e-01  6.2729924626736466e-01  2.7542951114980173e-04
9.8356864043442782e-01  8.5040925932345468e-01  8.2753513197716311e-01  7.8912141228791366e-01  1.9878261022866057e-04
9.4800151390990295e-01  9.5020205738459551e-01  8.8590475271623476e-02  1.7824648348243915e-02  1.8054020449678182e-04
9.1273890975432670e-01  9.8321533148652318e-01  2.9537610173059292e-01  4.1745499032324170e-02  3.4268289793322953e-04
9.6728227846867953e-01  9.6413068260517254e-01  3.3091612967861717e-01  2.8841637284586058e-01  4.1564634055650149e-04
9.6899408046173441e-01  9.4830698097742816e-01  5.5001572217184347e-01  6.5907484891891507e-02  4.6037643040896999e-04
9.5258558057058662e-01  9.6905712358346485e-01  5.2662784546915331e-01  2.2465992520669598e-01  7.5881273569312349e-04
9.4427303830783915e-01  9.6122153602256610e-01  7.9509231814239290e-01  4.1944643661739417e-02  3.9695312741395994e-04
9.6310323092351335e-01  9.4830174631957032e-01  7.6334360519750888e-01  4.0032865352271452e-01  6.8087407981146672e-04
9.6659523253177215e-01  9.9211847756845650e-01  7.2287131888680456e-01  6.0220571646807153e-01  2.5998844627113127e-04
9.4893288174073365e-01  9.5139590094882742e-01  7.9525187810954812e-01  7.6920933764699206e-01  2.9847005712013052e-04
9.9738302431699322e-01  9.7756468283957876e-01  9.5432101360235200e-01  7.6475884183480154e-03  1.0309365840895422e-05
9.4361995621118622e-01  9.5513304508905905e-01  9.1232168845109129e-01  2.2155852717594426e-01  5.4483771562030363e-04
9.7612747071829320e-01  9.3338950369395335e-01  9.0450983867698631e-01  4.6940464163156576e-01  2.5477132665050996e-04
9.2719747907387873e-01  9.7571641086635141e-01  9.2313873297416749e-01  7.0374166604942334e-01  4.0825294148378656e-04
