deg: 6
dim: 6
nodes: 147
efficiency: 0.897959

q[0]:   5.1805721718515478e-04  1.0635972937089240e-01  9.1569759215748114e-02  2.3886749183856665e-03  6.3554587141515995e-01  3.4070405717808733e-01  2.8882764258732030e-03  
q[1]:   7.8748787047648627e-04  7.7234541334346818e-02  2.1362686360313529e-01  6.3290471943574331e-02  9.3278710843132939e-01  5.7897177104974096e-01  4.6754521458280485e-01  
q[2]:   1.2431203019832610e-03  1.5351126772568918e-01  1.8433871278584507e-01  4.6058059280172425e-01  4.6107556219316231e-01  1.2282037174053737e-01  4.9916749037134236e-02  
q[3]:   1.5357833763387947e-03  5.8304465350801221e-02  3.6824657918327713e-01  3.2817583877226431e-01  3.8158128097022465e-01  3.2901264880998438e-01  9.6030024627083155e-02  
q[4]:   8.9928016441308788e-04  6.1649557619694421e-02  9.3568586635343065e-03  6.7718829902848854e-01  5.3434369059773046e-01  4.1698143338659327e-01  3.0470756860694775e-01  
q[5]:   7.1994393622261204e-04  1.0053246366917523e-01  6.3655907601496406e-02  3.6935412279521707e-01  9.6727365135097298e-01  4.8660899676339486e-01  6.3059890543667355e-02  
q[6]:   5.5458418926118051e-04  5.9063299582048220e-03  2.3658525462759490e-02  2.4785147568225716e-01  8.7140142556211175e-01  8.3820827933357855e-01  4.3153086969144416e-01  
q[7]:   4.5034330128110881e-04  3.5430840497205116e-02  1.3621730523787715e-01  9.6048552971164147e-01  5.4119303132471019e-01  3.5403235245722481e-01  5.8034217331942826e-02  
q[8]:   7.4631172795563429e-04  2.2610080939363092e-02  2.9432603294300869e-01  8.4020111359922234e-01  7.9985791415598939e-01  6.7113039236639482e-01  6.2853020662409442e-01  
q[9]:   3.6990748889156568e-04  5.7724366901464437e-02  1.1173805416380998e-01  8.5130403113823128e-01  9.9852301759556350e-01  3.8333120272286103e-01  3.3201973798019896e-01  
q[10]:  3.3288857072530695e-04  7.8508377743272961e-02  2.9963972474802442e-01  1.3385147730075941e-01  9.7438627069754757e-01  1.1023215783847225e-01  6.8706822750924573e-02  
q[11]:  6.3517358055442457e-04  7.9771059544950979e-02  3.7502541601864220e-01  1.1933637832067272e-01  8.6396921918206382e-01  8.4814325748024666e-01  8.7681669430908465e-02  
q[12]:  2.9614593241172153e-03  1.0626837750995208e-01  3.7806079799059078e-01  3.2750420466219959e-01  8.1809148760671357e-01  5.1318289544443463e-01  1.9879347611853962e-01  
q[13]:  1.7809515043444458e-03  1.6389651284619228e-01  4.3163016028875922e-01  7.2032590300857147e-01  6.9472507943846318e-01  3.4223429777147751e-01  3.1402301607040961e-01  
q[14]:  2.2344001970709448e-04  8.8372171847574912e-02  1.9090186376879176e-01  3.2780489383332279e-01  9.9716546473885581e-01  9.6553751705831192e-01  9.4339867883965522e-01  
q[15]:  7.7601527040486150e-04  6.2239785346771461e-03  2.6484185082331552e-01  7.5810665459993909e-01  7.9137568067062658e-01  1.5821892421072298e-01  4.7434211675193003e-02  
q[16]:  5.5851920860275686e-04  7.3014421188372064e-02  1.6114579979397228e-01  8.4578157404780652e-01  9.9140296456693577e-01  8.8495157795081070e-01  1.8045471498551488e-01  
q[17]:  9.6405867255019019e-04  2.5333712816832346e-02  6.1297356472738718e-01  1.9930207452503870e-02  6.7950952794364028e-01  3.9420300375676465e-01  2.3144009449696029e-01  
q[18]:  6.6804997858569619e-04  9.1047335827422901e-02  6.8302030576261386e-01  2.6283571730388838e-01  4.7829390874107713e-01  4.3028377737874979e-01  4.1636158542585167e-01  
q[19]:  2.4535520444637704e-04  1.5114755902662756e-02  8.4814498275436490e-01  7.4194187681028512e-01  1.2086892391137030e-01  8.4678324468808575e-02  6.9917148525244610e-02  
q[20]:  8.6704556020315588e-04  1.0306178191529869e-01  9.2463203659358484e-01  3.0567411770961206e-01  7.4474504593183677e-01  6.1492096905413229e-01  5.2077673390292262e-02  
q[21]:  1.4824479738209345e-03  5.3226414175271436e-02  5.5295400784463833e-01  6.9274527591895163e-01  9.0193528439547155e-01  6.6511096885535270e-01  9.1856185855072006e-02  
q[22]:  1.4684466892183649e-03  1.4227571859268640e-01  6.0820010733524477e-01  4.5425898251765240e-01  9.9387808541784883e-01  8.7570627178305516e-01  5.7530151083585190e-01  
q[23]:  1.1901289671331498e-03  6.5129866926959309e-02  7.1899896860807111e-01  9.6947528970914854e-01  8.6641832734545898e-01  6.2407644446446453e-01  3.4803292861054447e-01  
q[24]:  8.8064686672060990e-04  1.7877124398117952e-01  4.5408181541979065e-01  9.4336853949697019e-01  7.3516706503193663e-01  6.9697051929317666e-01  1.2357520604193055e-01  
q[25]:  7.4541407840297694e-04  3.1105077200412251e-02  9.0600646734595536e-01  2.5466351722906727e-01  5.3380336205935086e-01  1.5592963960507114e-01  1.0600043413150752e-01  
q[26]:  4.3216332888561005e-04  8.3825103560716874e-02  9.4272407399147029e-01  9.0252645229322123e-02  8.7609529275978903e-01  7.8914714224843630e-01  6.9746224387396738e-01  
q[27]:  6.1114880138956294e-04  6.8298818351450630e-02  9.5677151718986209e-01  1.9878521244952299e-01  9.7092118300894392e-01  8.2064801954243050e-01  2.2380712156209764e-01  
q[28]:  1.1129638786581432e-03  6.6426466718568847e-02  7.1856659260199374e-01  4.0278101374031972e-01  9.0861673874533699e-01  4.6168639970807152e-01  4.2743092101179386e-01  
q[29]:  8.3176831734707503e-04  1.4298808182484460e-01  8.5295320446104994e-01  8.0019449876595816e-01  4.9948001447781953e-01  4.4060488431396444e-01  3.9614141176649041e-02  
q[30]:  1.5170797573403104e-03  3.5507660845830298e-02  7.4288878966475080e-01  6.3333530354657619e-01  7.3561527161520157e-01  6.8954891243352479e-01  4.1270047287763756e-01  
q[31]:  7.2146778324697438e-04  7.9492870334611124e-02  8.4672942067150392e-01  3.8977637266909027e-01  9.5571398803532781e-01  2.4211154328467538e-01  5.3096581575014394e-02  
q[32]:  5.0846258632496427e-04  3.0367774400422438e-02  9.2810565212354412e-01  8.4058861577797839e-01  7.1453198248807737e-01  2.4497307060295781e-01  1.5901432311078420e-02  
q[33]:  1.8061089430448983e-04  5.7956709944415180e-02  9.7598675065892471e-01  8.7295530672529009e-01  9.6618386701974379e-01  8.8101417463735410e-01  8.5444002953452736e-01  
q[34]:  1.8083314296694333e-03  3.0521244546002074e-01  5.0655226911178665e-02  2.1462351742720853e-01  7.6440132253201454e-01  2.4540219239386768e-01  1.9109324366207781e-01  
q[35]:  8.3017412278378784e-04  4.8614977069653392e-01  7.2810109387314709e-04  7.3033094619256639e-02  4.2306772111408292e-01  3.8419080143157813e-01  1.5002883384433183e-01  
q[36]:  1.4013055654030840e-03  3.9608677498449318e-01  1.5399481592215278e-01  6.8745389250035399e-02  9.5008872803220579e-01  7.6195883642476447e-01  2.1679250939659023e-01  
q[37]:  2.7558600621329109e-04  2.8538702156836571e-01  6.4520210476196202e-02  6.8139097605957144e-01  8.9791931496805782e-02  4.6843202125204590e-02  1.3063455305262881e-02  
q[38]:  2.9279961557105694e-03  3.3165603221306933e-01  1.9609859029064414e-01  6.7488454828032018e-01  7.5219205982585580e-01  6.7528549257666293e-01  2.6164350083299559e-01  
q[39]:  5.4329760154131219e-04  4.5656020206169584e-01  6.9524111006087408e-02  6.8524115751370218e-01  9.5736813579617441e-01  1.3419782807121161e-01  5.4456295285063371e-02  
q[40]:  1.2306135392037548e-03  3.1806505740158569e-01  1.4932894131116018e-02  9.6328361802535356e-01  7.9736864593546908e-01  4.7630905889461617e-01  2.1328064483061077e-01  
q[41]:  1.3304221762011120e-03  2.6704385037661105e-01  8.8448226324934348e-02  5.5587163198453193e-01  7.3643104827880612e-01  6.2891332228487618e-01  2.5496106853556962e-02  
q[42]:  7.3644022601480723e-04  2.3181632562514554e-01  2.9007035487954225e-01  8.0999334941839835e-02  2.7220130770911116e-01  1.4413397784427576e-01  1.4389089231045535e-01  
q[43]:  2.0753726553405356e-03  4.4131761496328320e-01  5.0734522295109818e-01  3.6652337664035828e-01  9.3653350344716613e-01  8.8587244132107690e-01  2.9119095168785131e-01  
q[44]:  8.7747214696486293e-04  3.5606891945594393e-01  5.2535099746639369e-01  2.1122328535131815e-01  9.6229197203615247e-01  6.8173396461178681e-01  1.6875800539131692e-03  
q[45]:  1.2343815318861589e-03  2.9525050812289655e-01  4.0112374802684703e-01  8.8855121682972471e-01  3.7720438542821333e-01  3.6782115295279183e-01  2.5380845147065745e-01  
q[46]:  1.6901062251171710e-03  4.3991694052831432e-01  2.7020558922802318e-01  7.6034397456643132e-01  8.3767994660012890e-01  3.4043170216968749e-01  1.9126521056242806e-02  
q[47]:  2.6192166342327598e-03  3.3605975657971543e-01  4.7243441939368386e-01  4.9655960266822452e-01  8.5190100263127666e-01  2.7190236988329802e-01  1.2384468275936515e-01  
q[48]:  2.2275222758237666e-03  2.5638375517941808e-01  1.6690529116630928e-01  6.0071574187110544e-01  9.4628027397440295e-01  6.5162596444393794e-01  4.5104131364697231e-01  
q[49]:  2.0117380192010139e-03  4.1396213480603733e-01  6.0958184967167539e-01  6.6037281789967883e-01  7.8843790417677828e-01  7.5603402408803755e-01  6.7774223570994352e-01  
q[50]:  1.2358826002194759e-03  2.9827034794492835e-01  2.3390185473131081e-01  9.1375093375288308e-01  9.3625263233791356e-01  8.7762277318207016e-01  6.5779137583173908e-01  
q[51]:  1.6073355224110039e-03  3.3715737813846647e-01  7.1504106250938326e-01  1.5181369973373493e-01  6.8646220892636856e-01  3.7084177766735171e-01  3.3843648720086453e-02  
q[52]:  1.5701151165185411e-03  3.0709286616664511e-01  7.3276383893258257e-01  7.3717165484756902e-02  6.5162888939963759e-01  6.1362594396744186e-01  2.0559561935693438e-01  
q[53]:  1.3859280716239967e-03  2.4597666883450639e-01  7.3076213931409362e-01  6.2850113569760821e-02  9.4895133366070494e-01  4.7436945083387588e-01  1.6107136841581607e-01  
q[54]:  7.7968796105856578e-04  2.8183123474409921e-01  6.2162382258342108e-01  3.5077721671314233e-02  9.0103271295054121e-01  8.7534392786327031e-01  5.9412375022702701e-01  
q[55]:  1.5583002424903866e-03  4.5780830447470683e-01  6.2356793134821986e-01  3.6653967037874025e-01  2.9736162270156891e-01  1.3475934914671711e-01  1.9844453980274852e-02  
q[56]:  1.0260621871313975e-03  3.4244897975451105e-01  6.0130629067926000e-01  1.7565085192246016e-01  7.0966161564793839e-01  5.1098366468088970e-02  1.8083182469362320e-02  
q[57]:  2.2170100047953821e-03  2.4873400138459009e-01  2.1320396473877909e-01  1.8051872413104361e-01  7.0778548014470888e-01  6.2471914945003437e-01  5.3582259337977112e-01  
q[58]:  8.5616639846900703e-04  2.3979538210251689e-01  7.8357780190407456e-01  8.7689384437253737e-01  8.7267205989341601e-01  1.3722578494670420e-01  1.2887370422077643e-01  
q[59]:  4.7442133719880701e-04  2.7414720528327086e-01  7.4765739979697921e-01  6.7133763256112267e-01  9.5679462423583261e-01  9.3091269582776703e-01  2.6020181175123256e-02  
q[60]:  1.0416965783148849e-03  2.1984093284238590e-01  4.7322288452045563e-01  9.7591508202523936e-01  4.1293726853863755e-01  1.5556708172557060e-01  7.8821288767829276e-02  
q[61]:  9.1680313497160171e-04  2.7594906229301525e-01  4.8328898491622446e-01  9.5774177719413511e-01  9.9735927182551154e-01  4.0830965058183394e-01  1.2148939447776289e-01  
q[62]:  5.2273786108900631e-04  3.1612841146613530e-01  9.3777839832449628e-01  5.1245485972040289e-02  2.4257475909863024e-01  1.8542391598458702e-01  5.4208754253158041e-02  
q[63]:  2.9658738991927245e-04  3.3181087155078770e-01  9.9655816213465387e-01  7.9858735255388703e-03  9.2458593650049026e-01  2.6052350000305330e-01  2.4671577274732970e-01  
q[64]:  1.6436350084995167e-03  3.7863947961438987e-01  6.8781710684047037e-01  2.9224219110644589e-01  9.1147209974038967e-01  7.0619593256533331e-01  6.7318545251254036e-01  
q[65]:  2.8089351048839928e-03  2.5913326832919342e-01  7.6949051871316398e-01  6.6455118906858057e-01  5.0654801788653048e-01  2.8813898862828680e-01  1.5284966710999467e-01  
q[66]:  2.0600527069518392e-03  3.1093763820826603e-01  9.7522208350454853e-01  3.8946182303517846e-01  6.3693055854607183e-01  5.1981908293422374e-01  3.4570407709970746e-01  
q[67]:  2.7531465242039989e-03  4.9993979019983537e-01  6.0986291058534037e-01  7.3847055110128212e-01  6.6944481117577326e-01  3.8996183700532738e-01  6.8192087470888632e-02  
q[68]:  5.3285986986387939e-04  2.6081340153388594e-01  9.5884934101373576e-01  9.7458301721843610e-01  5.7284388129981112e-01  4.3608951861513545e-01  4.2546034894330736e-01  
q[69]:  2.0480047624223288e-03  2.5993428424953907e-01  9.3536851173972324e-01  6.9526774997907159e-01  9.1822562149357057e-01  5.1035927214002463e-01  3.3486374164623517e-01  
q[70]:  7.2399980263402285e-04  3.3978689807618073e-01  9.4920928805202320e-01  8.9805330582849430e-01  9.2748259979311909e-01  6.1137162948165613e-01  5.1488097998426741e-02  
q[71]:  7.4618023471327045e-04  3.1946034590308475e-01  9.3396907037382904e-01  8.7014446829756609e-01  9.2721170818526144e-01  9.1997189831336457e-01  3.4603349270247946e-01  
q[72]:  2.1650382183873158e-03  7.5708133073056705e-01  9.8270173989095350e-02  3.4605873721947167e-01  6.5116807993372672e-01  3.5411948488015926e-01  8.2232535365985154e-02  
q[73]:  9.9209225220247871e-04  6.6189131877874086e-01  2.0698483350182856e-01  1.2218541952533555e-02  9.5946105863215492e-01  7.5062086305345133e-01  6.1649425279872982e-01  
q[74]:  6.7989993687374360e-04  7.3470125677775144e-01  5.4127100064832519e-02  7.2926295117980822e-01  4.8132293564336431e-01  8.0209629782401426e-02  1.7435801713624782e-02  
q[75]:  1.1596814194023085e-03  4.8972958554031121e-01  3.8035568533456432e-01  4.5797755568325260e-01  4.6312483292811513e-01  4.1559120690163853e-01  4.0537642732520550e-02  
q[76]:  2.2886438507759761e-03  6.1855995671046204e-01  1.7281930834724785e-01  5.8918971782857832e-01  4.4585036270175943e-01  3.0873509785480791e-01  2.6737398729939882e-01  
q[77]:  8.3561254816697710e-04  5.4144150075815956e-01  1.6086277942436836e-02  5.7387288415234072e-01  9.0099126456787970e-01  6.9521401247836878e-01  6.8991164423898010e-01  
q[78]:  3.8182362013600054e-04  5.7938969347781721e-01  3.7106678825868766e-02  3.6257848603734033e-01  9.6991174381532197e-01  9.2193774663552797e-01  5.2537940474423256e-02  
q[79]:  1.3101126771480837e-03  7.2019622177891429e-01  3.4704397251137616e-02  4.0967937401215421e-01  9.6549135776501882e-01  5.4239164385676675e-01  2.0752849288273303e-01  
q[80]:  8.4716315031515990e-04  6.9604145461751343e-01  1.7814419649042523e-02  3.8282302351986591e-01  9.0661936508184537e-01  8.9284067649153664e-01  6.1127397550895191e-01  
q[81]:  9.2332895708687206e-04  6.6684467477993048e-01  1.5280332844176542e-01  9.0015613130721717e-01  3.4985138347872646e-01  2.7590098670187502e-01  3.8902662585569299e-02  
q[82]:  4.4868720256946670e-04  7.0971137399935136e-01  6.4201442646353760e-02  9.5689220925472585e-01  6.4620439712702638e-01  6.3097616729904615e-01  5.6766792947061051e-01  
q[83]:  2.4805694266685313e-04  8.4810624205209151e-01  2.7404143409479720e-01  1.8028301272294589e-01  9.3992550741339137e-02  7.4195110663205374e-02  4.7770587196864174e-02  
q[84]:  1.0921907414702639e-03  6.8197335443777707e-01  2.4956910067583238e-01  3.4222429408468903e-02  9.0888038024370799e-01  2.5721554094728849e-01  3.9623112725384907e-02  
q[85]:  9.7198737988632162e-04  7.3771899680810482e-01  3.4677684913587581e-01  8.2755722288451725e-02  7.3586016276881838e-01  6.5898697515428495e-01  3.9846461920124025e-02  
q[86]:  4.6829053294407692e-03  5.8475773653695751e-01  3.1248165599952993e-01  2.4175578354893293e-01  7.0793441928235079e-01  5.4506449538476054e-01  2.7524808629794162e-01  
q[87]:  2.2537396309931560e-03  6.2967044161499441e-01  4.3461612411399558e-01  2.8458282166326410e-01  9.7116683003562276e-01  3.6365798330384513e-01  2.9470185258870946e-01  
q[88]:  2.7362975632979573e-03  6.2948023730137248e-01  3.1765005352685638e-01  8.4865522975315244e-01  7.4530451172623513e-01  3.7294739757265244e-01  2.9718740167427504e-01  
q[89]:  4.6750265053673197e-04  7.5923588097600514e-01  4.9527397627100006e-01  1.9871880412589024e-01  9.4866895626190373e-01  9.4831085949789495e-01  8.7144563942269770e-01  
q[90]:  4.1030644880666391e-04  5.9802414594715492e-01  1.7130368303182517e-01  9.6061847313354676e-01  7.5682610382457727e-01  6.3878648687464970e-02  5.4650372546263523e-02  
q[91]:  6.7757181552195397e-04  6.3755574450950958e-01  1.8097269850432393e-01  9.2409296791867590e-01  9.4569939194625585e-01  7.4453873188346686e-01  3.6710612994586028e-02  
q[92]:  1.0848518948505855e-03  7.2362549437796941e-01  2.0114618595410286e-01  8.4156878265013457e-01  9.6254136626707398e-01  8.8509047983851630e-01  3.2205952924419334e-01  
q[93]:  2.0228170261776014e-03  6.0851942781877610e-01  6.8347223707707672e-01  5.7078172463981072e-02  6.5462052881074551e-01  3.5765267035669679e-01  3.0958150447186095e-01  
q[94]:  1.5892955677922949e-03  6.6123511138487379e-01  7.3752686954553992e-01  3.7627673331376371e-01  3.5661942389469670e-01  3.2942635424966343e-01  2.6775768394113025e-01  
q[95]:  6.8051928307764811e-04  7.6226409718905308e-01  7.1422020055439717e-01  7.5509976870368789e-01  1.7369129987490206e-01  1.1193841036318490e-01  4.9073046732187750e-02  
q[96]:  6.1191972436848235e-04  6.3064876128607594e-01  7.6003022465620307e-01  6.3973496281214526e-01  9.7425009933970119e-01  1.0130440953209703e-01  4.4311877107926688e-02  
q[97]:  2.3267326090368910e-03  5.5543976638649972e-01  8.2484617976722874e-01  5.3492644793788724e-01  8.8457815365950854e-01  6.9528756771838296e-01  1.5067724923347045e-01  
q[98]:  2.9322195588802730e-03  6.9300226937060827e-01  5.7406061165232158e-01  7.1834041939582050e-01  9.6305616722006426e-01  6.6290222310165969e-01  2.5434574372606134e-01  
q[99]:  1.1263153916766585e-03  6.7365097334052304e-01  9.0208358541328015e-01  6.8915865106095253e-01  9.5374836784941419e-01  8.8407179092247090e-01  7.3208701810871535e-01  
q[100]: 2.5685675615269442e-03  6.4219634669017700e-01  7.3532225565860232e-01  9.4029491523711739e-01  7.5647129743234220e-01  6.1370703555180328e-01  3.5610235717719879e-01  
q[101]: 6.8284666867292657e-04  7.0813606020939923e-01  6.0070709403888090e-01  9.8506407226301240e-01  8.1685929457746331e-01  7.5414736989599018e-01  4.4025867693180544e-02  
q[102]: 1.0758006484605106e-03  5.4949990530368509e-01  5.9008211897696172e-01  9.4573500177812719e-01  9.6369989362364838e-01  6.4473032759728222e-01  6.0131862981243889e-01  
q[103]: 1.2140177212213860e-03  5.6328031974727433e-01  9.8008220031303672e-01  3.0971606661935602e-01  7.8472882594820847e-01  2.4266767594247693e-01  7.5886318636718048e-02  
q[104]: 2.4432143828098120e-04  8.0474875115015532e-01  9.8456916471009404e-01  6.0710951594152303e-02  7.4495938870053835e-01  7.2342003318325021e-01  6.9969481133128120e-01  
q[105]: 4.4240815244750220e-04  7.4023105670740696e-01  9.0284906048830538e-01  2.0389056739783362e-02  9.6819538599253485e-01  8.7625944922843102e-01  9.0062017273749587e-02  
q[106]: 1.9852739401613798e-03  6.0823069080522252e-01  8.9855365084739691e-01  1.6093255193466599e-01  9.2413682565841782e-01  6.9112160159940761e-01  4.3133686144351324e-01  
q[107]: 6.1586499884212905e-04  5.8559726929999667e-01  8.9733405319775883e-01  7.4125710939493861e-01  4.2913241444395178e-01  4.4078954905949326e-02  4.3431235779085323e-02  
q[108]: 1.3589512789702963e-03  7.0311850609061022e-01  8.5282171672228557e-01  4.2256271971125575e-01  7.1319334911015275e-01  6.7986699055401711e-01  7.3874125851817893e-02  
q[109]: 1.6143619486300536e-03  7.0017432200942453e-01  8.3202100244151778e-01  4.5104830599693957e-01  7.0682296004959622e-01  3.5299852834270573e-01  3.1546521184860532e-01  
q[110]: 7.3459510573124515e-04  6.7913711003185673e-01  9.9839859299687150e-01  8.8805794242811376e-01  4.0149843887213910e-01  3.5725297919903304e-01  1.1304284755991813e-01  
q[111]: 9.4309725628027841e-04  7.7671146335508212e-01  8.4986336069232449e-01  4.4064018273415356e-01  9.6682702863280501e-01  3.9348520136534115e-01  2.4411635447345731e-02  
q[112]: 1.0022221417939742e-03  7.4821260263472311e-01  8.9381649259224605e-01  9.6217759078199960e-01  7.3367730393955122e-01  2.2503924568111669e-01  6.2062932265340570e-02  
q[113]: 5.7532965719037576e-04  9.7611618823903878e-01  4.8149898613862673e-02  1.0397402557334007e-01  7.9401034975940543e-01  3.5650243532732040e-01  3.2591371312249473e-01  
q[114]: 4.0234663083966543e-04  9.0395100897963510e-01  1.4068198324835132e-01  1.1620074353282825e-01  6.3966474060227341e-01  6.1431614642716736e-01  5.8313109445386402e-01  
q[115]: 7.7242155139658293e-04  9.6927319056093797e-01  1.0599984218271723e-01  9.8318039599366969e-02  8.5415120753211360e-01  7.3966255353773502e-01  2.1729250084039867e-01  
q[116]: 7.5638541692729818e-04  9.9180623439785887e-01  1.0312599739087092e-01  4.6312328651089457e-01  3.7681326128731346e-01  2.8567475768791201e-01  1.5803753409043000e-01  
q[117]: 1.5526474586578971e-03  8.2951989344414412e-01  4.4063131183354587e-01  7.1874998704382154e-01  6.4531173224046701e-01  6.4445158710839445e-01  3.4260855204751611e-01  
q[118]: 4.3677726049829032e-04  9.3082624580077544e-01  1.6299401978086139e-01  3.8565806838797684e-01  8.9991376061724915e-01  9.6476865178020593e-02  3.5381789033984756e-02  
q[119]: 8.8161846412623975e-04  9.2552823883336433e-01  6.0525854087335039e-02  9.4256787223759320e-01  7.8800904573417641e-01  5.5688169096266082e-01  3.2590146052993013e-01  
q[120]: 7.1456521274606980e-04  8.9855707021219144e-01  7.3474737704037466e-02  7.1300053593344281e-01  7.2592427087260381e-01  7.0607054880462683e-01  1.2771278290831228e-01  
q[121]: 8.3437019422539073e-04  8.7732390548802053e-01  1.7583759909436758e-01  7.9559126326051532e-01  9.3311027107336042e-01  3.5412420139262740e-01  3.0207957725923296e-01  
q[122]: 1.3793326645984406e-03  8.0186235356067637e-01  3.3747892622952269e-01  8.6516305617950359e-02  4.5473442544278686e-01  1.4235400989735836e-01  6.0223998351124373e-02  
q[123]: 1.2812459787669571e-03  8.9469497201697035e-01  3.7978320135922383e-01  3.3843007599750941e-01  9.0367196377755921e-01  6.3927606682680926e-01  4.0679035692759415e-02  
q[124]: 7.8260061182117201e-04  9.3984161600733496e-01  1.4028044723868943e-01  7.5641354094175473e-01  8.9842941827866429e-01  4.5629557193502585e-01  6.5743395240719718e-02  
q[125]: 2.2642669874879603e-03  9.0788750738550117e-01  5.6142460141849992e-01  5.3458473426465769e-01  6.9960566912983180e-01  1.6697759521672617e-01  8.7805537272013692e-02  
q[126]: 1.6229350167584547e-03  9.1641238306536321e-01  2.6878423184939459e-01  5.7775290998945006e-01  9.4410536740723539e-01  7.6044498809100758e-01  5.7052029956005512e-01  
q[127]: 2.4726695095670834e-04  9.2783885136107747e-01  3.1147481256205906e-01  9.0009105770438425e-01  9.5193092945383173e-01  9.0181761941868754e-01  8.8326961115154345e-01  
q[128]: 8.4476754333616107e-04  8.2322010881096408e-01  9.1757175135841362e-01  7.8793820702592721e-02  6.6858782304139452e-01  3.9837617272984227e-01  4.4514101159340097e-02  
q[129]: 8.9223284801922924e-04  8.9535131054552541e-01  6.3708387987010140e-01  2.5068137833540904e-02  5.4166255605744440e-01  4.9947520663281703e-01  2.9889777601170464e-01  
q[130]: 1.8665380594610336e-03  9.5336418722702221e-01  6.5868895368490576e-01  1.4216927622878092e-01  9.0318243810003906e-01  5.0464333115934434e-01  2.1638022011303348e-01  
q[131]: 7.3482597270010204e-04  8.8496414357323205e-01  5.5683986100729366e-01  1.5368616578680677e-01  9.4884357445597811e-01  9.1049963476889328e-01  4.5123231414073911e-01  
q[132]: 5.3477497986983708e-04  9.2099357207009414e-01  5.3954852760794647e-01  2.4004233951459983e-01  3.6611435393610747e-01  3.3725858838231387e-01  1.5974918643021876e-02  
q[133]: 2.5750311175029832e-03  8.8835685672193532e-01  4.2787237823618240e-01  4.3417717883078544e-01  7.6274460964041280e-01  5.9976585733671040e-01  4.9873078756230138e-01  
q[134]: 6.0084930280829285e-04  9.3628287538097799e-01  5.1432677310343933e-01  5.4080536596335682e-01  9.5344961900396019e-01  9.1884257342142450e-01  1.0709509271321253e-01  
q[135]: 5.9941205205577886e-04  9.6933124781510960e-01  4.6196711683926611e-01  9.5078661706348444e-01  3.4587346295809918e-01  1.7634441980070115e-01  1.5262872747460721e-01  
q[136]: 4.2971120948062538e-04  9.8277235709303534e-01  6.9694481429696153e-01  9.6566145115304580e-01  9.6233355238320306e-01  8.7722313805723651e-01  5.0395141496726181e-01  
q[137]: 5.1875741464500801e-04  9.4347828007999623e-01  5.2807644259640285e-01  9.6927351854764177e-01  9.5337379152439106e-01  2.6366902934438674e-01  8.5294547499301196e-02  
q[138]: 6.0013129205995430e-04  9.3982252094662189e-01  9.6593554036725371e-01  2.3676142276296763e-01  3.6378870100206012e-01  1.6362155844303172e-01  1.0213460068186295e-01  
q[139]: 2.9156234617228310e-04  9.2773982565926549e-01  8.6961291303324217e-01  8.3201566570397165e-02  9.0728215251947286e-01  1.0289436321562090e-01  8.5357100568805355e-02  
q[140]: 3.9390021649523583e-04  9.8735560460723948e-01  8.1380798852632363e-01  2.1145175646224798e-01  9.6603466577262354e-01  7.0055565186700608e-01  6.8095123171097893e-01  
q[141]: 1.1649667641651460e-03  8.8258526947827520e-01  9.2314216244184522e-01  3.5043619921756747e-01  8.3927209711414807e-01  7.8712999107287285e-01  4.2641052056507506e-01  
q[142]: 1.5499210747910712e-03  9.5700276821313379e-01  8.2275306099701484e-01  5.8321934632196903e-01  5.9483203891215786e-01  4.3034727052286559e-01  1.3723180505766250e-01  
q[143]: 1.3851216742572824e-03  9.1852585607415682e-01  4.7864413579374976e-01  8.4802920816037375e-01  6.2479327507323634e-01  4.2445772231840251e-01  6.1703405162772049e-02  
q[144]: 8.7271344441576591e-04  9.3127958182469450e-01  8.4840720631305566e-01  8.2212767980470713e-01  6.6139379995918557e-01  5.5053119953439289e-01  5.1944287667757394e-01  
q[145]: 1.2334690273793909e-03  8.8166556556766607e-01  9.2877373182433764e-01  7.4433514985744853e-01  9.2362543676505504e-01  4.2580202955879981e-01  3.2926919579020347e-01  
q[146]: 4.9817689475365997e-04  9.8102761488609014e-01  9.7000752938804469e-01  8.1901340536674549e-01  9.2925890895757213e-01  7.5132935184610772e-01  1.1009918759998298e-01  

