deg: 5
dim: 6
nodes: 69
efficiency: 0.956522

q[0]:  2.5824507113388928e-03  6.8447991594423024e-02  2.3483853512015845e-01  2.3253623179585212e-01  5.2465558700754567e-01  1.6973910014201696e-01  4.9478700125447202e-02  
q[1]:  3.2340066940423095e-03  4.8804353935884996e-02  8.8749817386252219e-02  4.9710703303454212e-01  6.7605916899992902e-01  5.5285033852372245e-01  4.1319861781766209e-01  
q[2]:  2.0384413376874112e-03  1.1084841853360440e-01  1.2782348344504088e-01  4.9332537047446373e-01  9.2604290736759853e-01  5.9284011874858189e-01  3.5577652060115761e-02  
q[3]:  2.5528424667877292e-03  9.8441447876780219e-02  2.0213750765981642e-01  9.0965175189671077e-01  8.2408972808587777e-01  5.0253343990722144e-01  2.0722031683048855e-01  
q[4]:  2.5215659990852511e-03  1.9800712516059066e-01  3.9501535125305715e-01  9.7659285074931212e-01  6.7284929952868400e-01  5.5713095225146669e-01  1.0163421419229449e-01  
q[5]:  1.8512544386137984e-03  6.3265293597677616e-02  5.6197148712586975e-01  4.1823582760758599e-01  5.7564971167056456e-01  5.6201334473538611e-01  7.1231694256350536e-02  
q[6]:  2.2214990526029242e-03  1.2340524944259286e-01  4.0838028650461078e-01  2.4436760664562254e-01  9.5023867635314030e-01  2.0230224350891285e-01  1.0789486790470092e-01  
q[7]:  2.0295779889406944e-03  1.0211777210330193e-01  3.7477033078871647e-01  1.5747112198488974e-01  9.4124613676817037e-01  8.7112086009228051e-01  2.3077394497205464e-01  
q[8]:  2.3631768836885419e-03  1.4847267770911232e-01  2.8298237156989325e-01  2.0469650539514128e-01  9.5263177421294853e-01  8.3099129233366897e-01  6.6634649043850003e-01  
q[9]:  2.5710386367097109e-03  1.6133757766269527e-01  3.3391864404962168e-01  8.5435916774360343e-01  9.4175229312176945e-01  4.7889092675911049e-01  3.9163797741809248e-01  
q[10]: 2.0658331453059751e-03  1.1160386882651128e-01  8.3380164208149088e-01  7.7556320495710940e-01  9.2962225581482816e-01  8.3531588734109352e-01  1.8401785788916689e-01  
q[11]: 1.7470680341089275e-03  4.7925877318922415e-02  6.8037152761316289e-01  8.2973619891823180e-01  3.2440025979605280e-01  1.5705971655558079e-01  1.3191725820682701e-01  
q[12]: 2.1914187457785592e-03  3.8012800146032905e-01  4.5970710347941329e-01  8.9120304586311283e-01  5.7813485900804029e-01  5.1887440174991639e-01  4.8203539317986160e-01  
q[13]: 1.9059003330866978e-03  9.8603280021416356e-02  6.9611053031202552e-01  8.3915704435662053e-01  9.1074768116084437e-01  8.7614819136373823e-01  6.9225471695008101e-01  
q[14]: 1.6069902702323684e-03  2.2406001370561174e-01  8.6047838081678285e-01  2.2641339296999377e-01  3.2961203715976151e-01  2.1518429940199435e-01  3.8544199493854382e-02  
q[15]: 3.3119829850670715e-03  1.1353362320964425e-01  7.4790802729206629e-01  3.0931531211905429e-02  8.0476789031270624e-01  5.1200387554851634e-01  1.9770475731075871e-01  
q[16]: 1.9702526202744447e-03  7.6345089965753246e-02  8.5532699326522710e-01  3.2305708506596820e-01  8.8044525621663339e-01  5.4644334593266108e-01  5.2646488439067773e-01  
q[17]: 2.3372824067572555e-03  1.3211916912817631e-01  9.1595779282683465e-01  6.2619337137664888e-01  9.1251804076199616e-01  4.1584062735929050e-01  7.3234421859719220e-02  
q[18]: 3.5497340185362530e-03  1.5766129058199493e-01  9.2138458473530493e-01  4.5102968115435760e-01  6.2568898372169302e-01  5.1421256572819984e-01  3.1617758438258625e-01  
q[19]: 9.5135740897583042e-04  5.2181873310182281e-01  8.5676031695322741e-01  3.8953523951492031e-01  9.6052556006419088e-01  8.8767769362253879e-01  8.6415687551153864e-01  
q[20]: 2.0855917167332608e-03  1.3711740060835992e-01  7.5900013029089952e-01  8.3838546952335169e-01  7.7196428125104999e-01  1.4886348966805243e-01  8.8368254006620961e-02  
q[21]: 3.2263369544327401e-03  4.6329622794518799e-01  6.3938535161372823e-02  6.7933735777640836e-02  6.8659581633778788e-01  5.6976221083211831e-01  1.2251591842423705e-01  
q[22]: 1.6546117418925143e-03  4.4422717031735792e-01  7.2364470237146188e-03  2.2589552883106503e-01  9.8829055518514830e-01  5.5239015273739167e-01  3.3183987022460204e-01  
q[23]: 1.2057950770772150e-03  4.2548375018434625e-01  1.7838899935683830e-01  6.6018352277784698e-01  9.1579519579248536e-01  8.9263325075202860e-01  3.7044491246653342e-02  
q[24]: 1.6439638476271304e-03  4.3318243590968736e-01  1.9850832334095344e-02  8.3846262208012612e-01  9.3784407973891593e-01  9.1342807948655180e-01  4.3685240910553619e-01  
q[25]: 2.0078052532521286e-03  5.3235647796182672e-01  1.3933167964386986e-01  7.5344179570308834e-01  9.0048922698532019e-01  7.6510436005500992e-01  7.6080704805798949e-01  
q[26]: 2.2128665285319222e-03  3.2916650499579542e-01  1.0473618248318416e-01  6.7388166518966786e-01  2.9625771181599048e-01  2.6192167834528085e-01  8.1488500366888997e-02  
q[27]: 1.6588073880953707e-03  5.4025805695675566e-01  6.9359856144144055e-02  9.0234024264994028e-01  4.3877352024999217e-01  1.2925159298483743e-01  8.6926930832933749e-02  
q[28]: 1.9514536522030465e-03  3.9817793776507432e-01  5.1389551777490342e-02  7.1120562075159366e-01  8.4371531480556461e-01  1.3431086023629887e-01  5.9742841691790526e-02  
q[29]: 1.8994982760350498e-03  6.8608831809077830e-01  5.8285872784092574e-01  9.4201427389207781e-01  9.7566871654719667e-01  7.4837125713583075e-01  8.6170445149619190e-02  
q[30]: 1.5990316022012831e-03  3.0776722751304186e-01  3.8442218039217885e-01  8.7192710846692528e-02  2.4783687648277344e-01  2.1591328598271567e-01  1.7067527909547886e-01  
q[31]: 1.9743787191496527e-03  4.1474152203005304e-01  1.1662407930960780e-01  3.1731715228986004e-02  7.8514097763341784e-01  3.6258573128849869e-01  3.2585612818547827e-01  
q[32]: 2.8490968801655413e-03  6.1142618318825970e-01  4.4378856244653153e-01  1.1965929013560611e-01  9.3190600024473125e-01  4.5177927812990609e-01  5.1941266498743852e-02  
q[33]: 6.8573809933262560e-03  4.8960087661407353e-01  5.1051100260626914e-01  5.9547770546998946e-01  6.6608921439727797e-01  3.2757244281348930e-01  4.3554194926052711e-02  
q[34]: 8.0874130362406649e-03  4.9324985998459869e-01  5.0304581469065890e-01  4.3371858278354636e-01  6.5296927717667530e-01  3.2509434780501817e-01  2.6844926277198261e-01  
q[35]: 7.6081430518948091e-03  5.7904054857406806e-01  4.0593371024055103e-01  4.6009218102796007e-01  7.5016386808746327e-01  6.8928784937085319e-01  3.2647695610091770e-01  
q[36]: 6.8901363737240602e-03  4.2533053326876696e-01  5.8296537820461303e-01  5.4331685984428157e-01  9.5992289390728347e-01  6.9658579264118237e-01  3.5975872457730751e-01  
q[37]: 1.6032237700171397e-03  4.6758801799793337e-01  8.6499328082978910e-01  8.4366391749579006e-01  5.8464600467969075e-01  5.3948171669215839e-01  3.4874704202333129e-01  
q[38]: 1.5900306187887805e-03  7.6675090061094553e-01  9.8013778765746840e-01  3.3342121273443243e-01  3.6708562576571530e-01  2.3073793077137880e-01  2.0645683225255346e-01  
q[39]: 1.6585722623642467e-03  4.7986040819164189e-01  9.1328784509687289e-01  1.2588076838101392e-01  6.3123830784676338e-01  7.9071868399554532e-02  3.5462371351475272e-02  
q[40]: 1.2485975266456676e-03  5.4993565536547695e-01  9.2617118757118988e-01  1.4528138437301155e-01  9.6549907099358379e-01  3.3365977766436677e-01  1.7932770168595330e-01  
q[41]: 1.5957842545196749e-03  3.0315344885713502e-01  6.2376194237613347e-01  4.4937570269326349e-02  6.5474373444241096e-01  6.4008406754023206e-01  5.7209101048931543e-01  
q[42]: 1.5178421779996041e-03  6.7966461485903529e-01  8.2117973979448033e-01  5.5629192416453865e-01  9.5034749365441828e-01  1.5166642242207376e-01  1.2602461509386781e-01  
q[43]: 2.2652998261210120e-03  4.7999731326466882e-01  8.4819459964139365e-01  2.2887527937573160e-01  8.7393404692472698e-01  7.5175919963759097e-01  4.1528865171302724e-03  
q[44]: 2.1138435974873845e-03  5.6883992872402112e-01  9.8244464133994236e-01  1.5228734537717439e-01  9.3527852785916277e-01  8.7846995133020411e-01  4.6949442988781986e-01  
q[45]: 3.2608355081546066e-03  5.7339344045293450e-01  9.3444231902057295e-01  9.3672720631319495e-01  8.7444964260762403e-01  5.4556382401961667e-01  4.2083162806238072e-01  
q[46]: 2.1966020678944576e-03  5.3052330939501069e-01  9.5948006191843005e-01  8.9571158458345668e-01  5.3344994265180135e-01  3.7940293352525073e-01  5.4799587332735461e-02  
q[47]: 1.8706961822045672e-03  8.6480324559738364e-01  2.4801795409222971e-01  2.0851162476236229e-01  3.2113716710625700e-01  1.1521313677673164e-01  2.8563308422832164e-02  
q[48]: 1.8159045506206245e-03  8.5137850917582625e-01  1.1751868337863591e-01  3.2371686266244132e-01  7.7171585015148758e-01  3.2971918406317396e-01  1.2088105021596332e-01  
q[49]: 2.3409743860864775e-03  8.6912205177590851e-01  7.8302846432550421e-02  3.7934932464308851e-01  5.1331426274539049e-01  4.2428960968223606e-01  3.5261793981444084e-01  
q[50]: 2.7812417852699197e-03  8.2597462971753854e-01  7.9142564424382680e-02  6.8580676841284882e-01  9.0640613509097556e-01  5.7010024659227543e-01  1.5555294628825378e-01  
q[51]: 1.8998561116092450e-03  9.1639746304664993e-01  1.5273841786037096e-01  2.3418081135942012e-01  9.0232782687415236e-01  7.9724373646300373e-01  5.9077961449884708e-01  
q[52]: 2.8163534370783286e-03  8.4577637297297870e-01  2.0796716804382576e-01  9.8300526086546414e-01  7.1641383858213536e-01  5.3149074183639355e-01  3.1607252140604375e-01  
q[53]: 1.7294773033228301e-03  9.2938635891676347e-01  1.7696627411053920e-01  6.8973981491882730e-01  6.5314888702372043e-01  5.5308026138334132e-01  9.8371830628948536e-03  
q[54]: 3.2302010135366209e-03  8.2520157701187935e-01  7.1218813617364318e-01  1.5583413951724889e-01  5.1980587601744677e-01  4.5056179115941802e-01  9.9918881656284569e-02  
q[55]: 1.3152205608517090e-03  9.1477315226173173e-01  2.8945032699548207e-01  1.6103628399007372e-01  8.5239268087586739e-01  1.1071781509808692e-01  2.9456548589974971e-02  
q[56]: 1.9711395607637022e-03  9.2326047553934210e-01  3.3493885706832471e-01  1.7137721091133543e-01  9.7078929185213980e-01  8.6701058796811337e-01  1.7028354603057708e-01  
q[57]: 9.1883841606744921e-04  6.6273362219290954e-01  2.9157952541892534e-01  1.0478982352801926e-01  8.7627277688968741e-01  8.5816802360954469e-01  7.4541387075007248e-01  
q[58]: 2.6502620657662145e-03  8.9846695664727760e-01  2.7602042209368949e-01  6.8562924310588746e-01  9.2513890762783013e-01  3.8640020966927702e-01  3.2936065598999936e-01  
q[59]: 2.3128607030527080e-03  8.5738878341693792e-01  8.1111367303506510e-01  7.5407583635823716e-01  8.4085655269622317e-01  8.1482042933596821e-01  1.9077653998608798e-01  
q[60]: 9.0565013147448953e-04  6.3132866516396791e-01  6.9272606458207164e-01  6.8100393179416896e-01  1.3429758789657678e-01  5.8726921822279121e-02  7.1754029516177854e-03  
q[61]: 1.8220888102190944e-03  9.0181943857089308e-01  5.3867325468109528e-01  8.1710253288341572e-01  3.2906200566396521e-01  3.0685118069014222e-01  1.6570893122497615e-01  
q[62]: 1.3025653179301580e-03  6.7620846880577057e-01  4.9139755956355069e-01  9.7353902114544044e-01  9.8076668048509530e-01  2.5214359266129954e-01  2.6183925019194434e-02  
q[63]: 1.9270369521484421e-03  9.1454225391893262e-01  5.7295670654384590e-01  8.3480940709643581e-01  9.6028803695235043e-01  8.7304747117062997e-01  6.4629529170901034e-01  
q[64]: 2.4712441420508746e-03  9.0205629131428644e-01  6.7750057320614054e-01  6.2176967817206483e-03  7.1982117439484794e-01  4.7633004959842251e-01  3.0592212949990744e-01  
q[65]: 2.1618294902212079e-03  8.0147313462302283e-01  6.5200653880116277e-01  1.4863208192746627e-01  9.5610621125672735e-01  5.9308867872077775e-01  5.2387468008030547e-01  
q[66]: 3.6073890064654991e-03  9.5466041655633160e-01  8.9949883052606072e-01  4.7814426321011116e-01  8.6594693510985354e-01  4.7981046112163922e-01  1.3124788470758197e-01  
q[67]: 2.2762846695692745e-03  9.1313325087788833e-01  8.1936616321997535e-01  5.4331649428536088e-01  7.4277763660981999e-01  6.5506838093774566e-01  5.9340808521459665e-01  
q[68]: 2.4729351901613952e-03  9.2989102441715599e-01  6.9184194186595549e-01  8.4170680657155805e-01  6.0764186242579010e-01  1.5887585024160791e-01  8.9137473369823264e-02  

