deg: 4
dim: 6
nodes: 34
efficiency: 0.882353

q[0]:  6.2585791197705149e-03  9.9024965765677764e-02  1.9441436675359847e-01  2.9353317531876782e-01  6.4503806034675293e-01  6.0703402682780094e-01  2.6676298447584607e-01  
q[1]:  4.4036232897831165e-03  7.8918685869717439e-02  3.9384627123639998e-01  3.8324457115615429e-01  9.9618083135283875e-01  4.7946837740957859e-01  2.1371603697492056e-01  
q[2]:  2.9849490331028887e-03  3.9758701303088083e-02  6.4617450164736717e-02  8.9354183991885872e-01  4.8204450356013667e-01  2.7537927091774433e-01  1.6311224885476155e-01  
q[3]:  1.9791595322996010e-03  4.8981956417528533e-02  6.0104168084106802e-01  6.4694622962002721e-02  9.4396102965709805e-01  8.0539874231341935e-01  7.3413126070597834e-01  
q[4]:  5.5742236338118560e-03  1.9958550719518725e-01  2.4746515103235103e-01  1.5055529586436370e-01  7.0923358461839903e-01  2.2582108324144903e-01  1.8065418763749197e-03  
q[5]:  1.0274688211855204e-02  2.3006880567720217e-01  5.3345656110516149e-01  6.3213915832088741e-01  8.0859176924892728e-01  3.1977883751378150e-01  2.5737551657230884e-01  
q[6]:  5.0752789896720248e-03  1.2204099677034125e-01  9.6308040478502266e-01  1.3525938467804594e-01  6.1514461754896266e-01  3.8054935984321409e-01  2.4089360895182066e-01  
q[7]:  3.3818459077723027e-03  3.8405187002331044e-03  7.4361286151497774e-01  6.5806127615314580e-01  9.0637592583304394e-01  8.3396639645529669e-01  1.7182514300571020e-01  
q[8]:  2.2345954372751933e-03  1.2927433635383259e-01  8.1682378874571793e-01  8.6619621963874427e-01  3.2582493307494848e-01  1.4615404892439865e-01  1.1569305631622744e-01  
q[9]:  1.9358800029840514e-03  1.4541305384731090e-01  9.4845789390197766e-01  9.1092401827961622e-01  9.2568943194771236e-01  2.5365250613183277e-01  3.3559308112708623e-02  
q[10]: 2.4396413435890550e-03  1.3171013055159028e-01  7.3316137714286556e-01  9.9590567051970613e-01  8.9389923189452236e-01  8.5726128879610752e-01  6.8380266549354130e-01  
q[11]: 6.0652832498750099e-03  6.4001788803978044e-01  6.4474846301284749e-02  7.9489765928779890e-02  7.2489237765952463e-01  4.1069670401689046e-01  3.5371796044453019e-01  
q[12]: 1.8440454244935791e-03  5.8045775458822302e-01  1.5851743594940418e-02  7.9472560516729385e-01  9.2183467319057533e-01  6.9707990642066398e-02  1.9065151967019002e-02  
q[13]: 2.2049104800447843e-03  3.1574324459145081e-01  6.3181654114482051e-03  5.9044353904622160e-01  9.9478848646353735e-01  8.4174546269321260e-01  6.8619642049197974e-02  
q[14]: 4.1679006139045474e-03  3.0622308630630690e-01  3.8049892707802659e-02  6.5880075631026636e-01  9.7816117861356555e-01  7.5942072875329991e-01  6.2978732610295218e-01  
q[15]: 3.2508932176222929e-03  4.1382010253297125e-01  4.2731283399920555e-01  1.8563882623680034e-01  1.6452494452686375e-01  1.0545655654020905e-01  5.6225378992061807e-02  
q[16]: 2.9160198122399816e-03  6.2264381580582695e-01  7.7400545052478931e-01  8.2553276102046574e-02  9.8245195591896750e-01  2.1223620695746889e-01  1.6851303084206176e-01  
q[17]: 4.9764761051746308e-03  4.6477167054479096e-01  7.8988248535310324e-01  1.2258028896756193e-01  8.9662898665019797e-01  6.7259966514330061e-01  3.5205230995265305e-02  
q[18]: 6.8458013400820401e-03  5.2087797176145234e-01  4.2194346114467329e-01  1.0417745221096303e-01  9.2921722132037521e-01  8.5590009337254813e-01  3.9451487146819719e-01  
q[19]: 7.6867252153997511e-03  4.4298425550165738e-01  4.8972951530883430e-01  5.1850327067126900e-01  6.1942855172627509e-01  5.7024700537582718e-01  5.3534998066637396e-01  
q[20]: 1.2761487143573717e-02  4.9933880134258485e-01  3.5809361632072595e-01  9.2681000619679166e-01  8.1418593209618939e-01  5.8374206063084300e-01  1.6078896395279191e-01  
q[21]: 7.8212531274872293e-03  3.7463143452061787e-01  7.2578538064974307e-01  6.1155708759075900e-01  5.2008626206257746e-01  4.3996201112156852e-01  5.1601186439626481e-02  
q[22]: 1.1516572180067058e-02  5.8732465050606419e-01  9.3265779005408955e-01  5.5218370068187861e-01  8.9192010663270394e-01  6.8723932040273028e-01  4.4722160775249004e-01  
q[23]: 2.4602277964606047e-03  8.1408844586392337e-01  9.1739257855840639e-02  2.2881906248270723e-01  6.8496585789277109e-01  6.3894849714979574e-01  6.0993917677023305e-03  
q[24]: 9.4665213617894806e-03  9.1377070452446552e-01  2.9676489581207727e-01  3.9273896061477015e-01  9.1876211247636963e-01  4.8749961026920163e-01  1.7808820054732313e-01  
q[25]: 7.0351913913797347e-03  8.1222826366785950e-01  1.6023646228244984e-01  7.0501978120436426e-01  4.1452378544778890e-01  2.5895168595092077e-01  1.2190374868355359e-01  
q[26]: 3.9100990488122097e-03  8.8983036152946704e-01  1.7789633284707401e-01  7.3273000608875716e-01  8.4577047829232888e-01  8.3978699659368428e-01  5.7826437000865416e-01  
q[27]: 1.9161182362047544e-03  9.0462708177329787e-01  6.3525303199101535e-01  2.4215413460236776e-01  9.6273042832007438e-01  8.5043199628297672e-01  8.3654353124232494e-01  
q[28]: 3.4661919609446992e-03  9.0265813652918125e-01  5.7087436338965691e-01  9.8601603779841440e-01  8.6538219697597263e-01  4.3036879190349620e-01  4.2856225002712123e-01  
q[29]: 6.7852362807307746e-03  9.2996409875508379e-01  7.6190792165731980e-01  1.2433777266912946e-01  5.6222160230872709e-01  4.3077069863065814e-01  2.2251228547871307e-01  
q[30]: 6.0366554786862861e-03  7.3931381731100521e-01  7.0652022828159933e-01  4.9547950919015349e-01  5.8701491292435637e-01  8.7218704860136012e-02  3.1129199487996955e-02  
q[31]: 2.6273371881540357e-03  9.4014077719216349e-01  7.3219300607428950e-01  7.3480656707914982e-01  9.1811319815447212e-01  9.1219414890826866e-01  1.5168708912398013e-01  
q[32]: 2.0239592927073185e-03  8.5278589865384036e-01  9.4386918004628462e-01  9.5745944302330377e-01  3.6546064478032986e-01  3.3281804447272634e-01  2.0983072318780646e-01  
q[33]: 2.3392962189162682e-03  8.7043184565764609e-01  9.2066215494701653e-01  7.8210067486627333e-01  8.8823608290853362e-01  3.7233073542631034e-01  4.0069956066301222e-03  

