deg: 7
dim: 6
nodes: 259
efficiency: 0.949807

q[0]:   4.3227559660598361e-04  4.1308132563792607e-02  9.6437489685238645e-02  1.8624618050748409e-01  4.3551318224946783e-01  3.5123629530509498e-01  8.3563760218929792e-02  
q[1]:   4.0660656722171920e-04  1.5528834648191187e-02  4.7107249587526115e-02  1.8948392882279999e-01  8.6054067464754158e-01  5.8420656833260554e-01  5.0328085195603189e-01  
q[2]:   3.9303615768679378e-04  7.2256662123311638e-02  1.3261742742068824e-01  1.7741726629627569e-01  9.4232163084746545e-01  1.9773684416219348e-01  8.0252017745158444e-02  
q[3]:   2.1045189614391901e-04  1.2469211703470112e-01  5.4683291480874677e-03  3.3601211568132457e-02  9.1480893749840064e-01  6.0790768483075075e-01  6.6024559455509765e-02  
q[4]:   2.7923909823563992e-04  1.1220897000333702e-01  1.3407768686994390e-01  2.4012859291488464e-01  8.2491018587071108e-01  7.7965595715653613e-01  4.8914042600398826e-02  
q[5]:   5.4891298204151823e-04  8.8990503287404890e-02  1.7990837665283127e-01  3.4563523020090525e-02  8.7533653481086549e-01  8.0334887837870483e-01  4.1746870697588240e-01  
q[6]:   4.3969918269056010e-04  6.6441201421420806e-02  1.8198244459011195e-01  2.9344009877651184e-01  3.4355270996222154e-01  2.8049805056693999e-01  2.4984235568530189e-01  
q[7]:   3.5569913911671252e-04  9.3918085839619386e-02  8.9697053273897084e-02  2.4580499102247522e-01  4.5195282129957881e-01  1.0732845307486875e-01  5.2712061803014174e-02  
q[8]:   2.6331252078758892e-04  2.2924388381056825e-02  7.2168881826621983e-02  7.3818926854035771e-01  6.8352531351022172e-01  5.2099980112264943e-01  2.6640198360698045e-02  
q[9]:   5.5650848804123497e-04  6.7541851483915727e-02  9.7663375264638891e-02  5.5560908666800857e-01  9.0494376386496178e-01  8.6084774274680065e-01  2.7289661007378457e-01  
q[10]:  3.1453461078506353e-04  1.0227610485276695e-01  8.0826007264754529e-02  5.3828911576643790e-01  9.4434471343162552e-01  8.9736856993813530e-01  7.7992126417193608e-01  
q[11]:  2.5189117780780490e-04  2.2944447917709429e-01  7.5544592088316639e-02  8.5615241921235152e-01  3.9423782545389574e-01  3.5276117227005244e-01  3.5545328374576642e-02  
q[12]:  3.0237876987674413e-04  8.5552884888409939e-02  1.0105485607879026e-01  9.1781809891251354e-01  4.3247485589752294e-01  3.5662822367049163e-01  1.7898643933715069e-01  
q[13]:  9.8925854420634364e-04  1.1735577783693173e-01  6.4061141875735306e-02  7.0009832700218022e-01  7.6225916133740501e-01  3.0790615643486591e-01  9.6364563578896709e-02  
q[14]:  2.6773783655588103e-04  5.9091531797312205e-02  6.9754576925306747e-02  8.7130692808777388e-01  9.3313018857579511e-01  2.1973494966095547e-01  1.5183263608097072e-01  
q[15]:  4.1673267317271175e-04  1.8143661492052315e-01  3.4863641039082405e-02  9.3485849370727925e-01  9.5919576706150667e-01  7.3377584599995371e-01  2.7987842343219660e-01  
q[16]:  1.9071440290264084e-05  1.4574028601833458e-01  1.2920845366089770e-01  5.3632921276059164e-01  8.2501054933289109e-01  6.6403996571373036e-01  4.2115838721382520e-01  
q[17]:  8.5969541137747608e-04  5.0234716117360668e-02  2.9663045848923730e-01  3.9944099864751215e-01  7.5543220453660020e-01  3.2238340421174994e-01  2.7693111411472698e-01  
q[18]:  2.2186178495025438e-03  2.0950472013543456e-01  2.3646074900130198e-01  2.8464607390898145e-01  7.5879462665455388e-01  5.1742813972471613e-01  2.5179273965010290e-01  
q[19]:  8.8111594038198726e-04  4.2332466488212220e-02  3.6669327266895418e-01  5.8849948145202102e-01  6.0280442129995371e-01  5.3645756868811156e-01  2.9720801156562315e-01  
q[20]:  8.0223701861342398e-04  7.2648907440780647e-02  2.2541990294639275e-01  6.9569112158886570e-01  9.4701311796937293e-01  7.0121583824063316e-01  4.7232232411886288e-01  
q[21]:  6.0113851925221238e-04  6.2998099171393582e-02  2.5346777523400210e-01  3.7511060964338838e-01  9.5903032991777826e-01  6.4472996307311947e-01  6.4362177307955654e-02  
q[22]:  3.3383178195830619e-04  4.0527569336204279e-02  2.7124210394121490e-01  9.2791684884270387e-01  3.7706965507800227e-01  9.9151927986743035e-02  7.3484758411613046e-02  
q[23]:  5.5882628832242594e-04  5.2490380945936790e-02  3.8506640974989664e-01  8.9724806115305977e-01  7.5124989360666339e-01  4.5574041784206748e-01  4.6021097446161723e-02  
q[24]:  5.0125872148479300e-04  6.9122661795770729e-02  1.2995464139480670e-01  8.9896032146739346e-01  7.1441138275441407e-01  6.4448328246426168e-01  5.3269553530178193e-01  
q[25]:  3.2567191500912856e-04  1.0411598464774099e-01  5.3425501909405249e-01  9.3594713925635120e-01  9.7726360837561499e-01  9.3943304112864601e-01  5.5703408626946682e-01  
q[26]:  7.6842862495507210e-04  5.9384320643036705e-02  5.1021116717440318e-01  5.8989789062540446e-02  5.7721305252879740e-01  3.1319741396567552e-01  5.3392803709920028e-02  
q[27]:  6.2223747620744575e-04  9.3025426192575242e-02  4.6122695030015276e-01  5.7782434464849597e-02  6.8496179694600356e-01  5.7912163297490682e-01  5.2142740351050998e-01  
q[28]:  2.7680525117368231e-04  8.9134564074763611e-02  6.3108018011602451e-01  1.5858451690866274e-01  8.5838032887600424e-01  6.9796453875847139e-02  6.0758950236040700e-02  
q[29]:  6.1914098818966466e-04  7.7810988229341058e-02  5.6574778266954695e-01  5.9299793337596413e-02  9.4520832546067979e-01  5.9728728546361498e-01  3.2740574469744393e-01  
q[30]:  1.9591417223521773e-04  5.1121168256952822e-02  5.4149910094404774e-01  8.1750057904852957e-02  9.7127141126881755e-01  8.7561566840126237e-01  6.5314542607183848e-02  
q[31]:  1.2104369696404316e-03  4.8741283511903030e-02  6.8066650369897252e-01  3.7113918549877006e-01  7.5903422121748365e-01  6.7367868722626989e-01  2.0356237333983426e-01  
q[32]:  1.0255759836090414e-03  5.8597654833714354e-02  4.7994962581143125e-01  5.6998189346967110e-01  9.5330553415664943e-01  4.5106350703376030e-01  1.6299109446329901e-01  
q[33]:  4.5549135599531041e-04  5.2149332568287778e-02  6.7549616756793818e-01  2.3324242269371209e-01  9.4829996445874409e-01  9.1497244628662167e-01  6.3922509619821966e-01  
q[34]:  3.1200327167461254e-04  4.3037732820859299e-02  5.8505361950742085e-01  5.0170862087748358e-01  1.5823751250640405e-01  1.0097415778647484e-01  2.1938971872729938e-02  
q[35]:  1.7682598209251940e-03  1.6481360482205007e-01  5.8131454469046040e-01  5.8197499793528529e-01  5.0606022949540341e-01  2.6027470269887576e-01  1.4627637586396081e-01  
q[36]:  3.9180381610683221e-04  7.8651081094428657e-02  5.5006111516175360e-01  6.8978291688245597e-01  6.4361982989412048e-01  5.9660499934875177e-01  1.2890848767725095e-02  
q[37]:  1.0184866532210574e-03  2.8193511434949764e-01  5.2459963551772104e-01  7.2858274770679998e-01  7.9881300740010674e-01  7.7974206782743227e-01  4.5425853901332919e-01  
q[38]:  4.8859093635201265e-04  9.4349296474835642e-02  5.9823593837523958e-01  6.3770598133634337e-01  9.6633038483989109e-01  3.5032823419678683e-01  3.3381841015549985e-01  
q[39]:  2.9143105878383363e-04  2.7761212184575300e-02  5.8354686071871187e-01  5.0759635482986365e-01  8.8709661816680130e-01  8.3839084487527715e-01  8.1498313715996362e-01  
q[40]:  8.6764685483275061e-04  4.4152192374131823e-02  5.0832712336376351e-01  9.3955087156539252e-01  8.0902024345989754e-01  5.2195908466732577e-01  3.5992897015572228e-01  
q[41]:  4.1729436891027783e-04  7.0217301587743794e-02  8.0060006576541465e-01  8.8859163949654674e-01  4.0319101178563937e-01  3.7623107069875111e-01  1.0844117329089667e-01  
q[42]:  6.1552634782040705e-04  1.8357098522937906e-01  5.1972364475717303e-01  7.8117469371240278e-01  4.4885976988621917e-01  4.1592034603306366e-01  3.7872321027722228e-01  
q[43]:  3.7291186362470579e-04  9.2306780324354798e-02  6.5118245526546592e-01  8.9923079037754816e-01  8.9396684302378826e-01  1.1279169511542050e-01  1.7002415342660844e-02  
q[44]:  2.4898655810831128e-04  4.3361835950227745e-02  8.1512106095031656e-01  8.4619760085203344e-01  9.7200950949633202e-01  7.5427037269418995e-01  7.0464532603888141e-01  
q[45]:  2.9936344446353875e-04  3.1012561910607833e-02  5.6339849951365739e-01  8.6119686583832233e-01  9.6207508720800361e-01  8.9963429735333234e-01  1.4132358645625437e-01  
q[46]:  1.8589008867056725e-04  6.7610487412068612e-02  9.1533590912700313e-01  8.7902446086789474e-02  2.4719040100250736e-01  1.8424786160815412e-01  7.7124400852347064e-02  
q[47]:  5.3941646951123016e-04  1.0775840570828171e-01  8.4859947792615154e-01  1.0408585652091676e-01  5.1338372752831107e-01  3.0336398694178901e-01  2.6301051151796390e-01  
q[48]:  2.8352011506384587e-04  1.4419582910510137e-01  9.1387011817417985e-01  9.0366022633145360e-02  6.9278865956316504e-01  6.6022485844917100e-01  7.2987641433179859e-02  
q[49]:  1.9022021625727311e-04  1.3047319867420356e-02  8.7138002999164565e-01  1.8473668737898099e-02  9.2109012366115628e-01  3.4830992866805804e-01  2.5337777716155263e-01  
q[50]:  4.5587119064573211e-04  4.2346567473028750e-02  8.8517511579862784e-01  1.1920088368030292e-01  8.4176928686510499e-01  5.6257086240196197e-01  1.1752471558763915e-01  
q[51]:  5.1902414821140580e-04  2.6073407180709714e-02  9.3002390214787622e-01  4.1946880261807418e-01  6.7127380613054688e-01  6.2172286511999053e-01  4.7605729323562068e-01  
q[52]:  7.2647903068073815e-04  1.0282422055182322e-01  9.2459772266514717e-01  5.0316734964628129e-01  9.7964827187860148e-01  7.6511394454408110e-01  3.9031030373468006e-01  
q[53]:  5.3949446990108555e-04  1.5268001910448176e-01  9.3696281673692716e-01  2.2970701738485666e-01  8.9499206196270031e-01  5.5446107782530119e-01  5.0842579570166946e-01  
q[54]:  3.0462562483411375e-04  1.3609105023719018e-01  9.3491670921399350e-01  5.3930860014184312e-01  9.2603273603776493e-01  8.6092730305209819e-01  5.5003369070486467e-02  
q[55]:  4.6201410911134963e-04  7.4585975580291036e-02  9.8800364578390953e-01  5.8264557263956773e-01  6.2615732209411668e-01  3.4578328682175885e-01  5.5932358683508002e-02  
q[56]:  5.2821151515428935e-04  2.5244164700839140e-02  7.4521506725842301e-01  4.2990135069483992e-01  6.2643312842312826e-01  1.2420203934883678e-01  6.0085026251931899e-02  
q[57]:  3.4285444878662919e-04  1.0376423990340063e-01  7.4463133679660642e-01  6.6722895549094019e-01  6.5172608378013408e-01  4.4813007909474972e-01  4.3909728777036033e-01  
q[58]:  2.9443398677469080e-04  3.4464788225183514e-02  9.5228066707263459e-01  5.4812003631027595e-01  9.1175757504341004e-01  3.1628082114138856e-01  4.3914370799953376e-02  
q[59]:  3.4429873740828259e-04  1.1981272727904291e-01  9.1509616200874033e-01  8.2013783768555581e-01  3.1001136772871329e-01  1.9707511157757276e-01  1.5536795454540517e-01  
q[60]:  5.0100758995137295e-04  8.0750578110781929e-02  9.2989183022439126e-01  8.4993393653289295e-01  7.3502815312440761e-01  2.9525818289575595e-01  2.4563451189541594e-01  
q[61]:  4.2376627801749066e-04  1.2603396532250535e-01  7.7475877257732972e-01  9.0649294927197810e-01  9.5708094113770459e-01  6.2371617358599996e-01  5.9360503754921051e-02  
q[62]:  5.3123466330247339e-04  7.9929475089972737e-02  9.2181556395177944e-01  9.3456737733082029e-01  8.1576473664750992e-01  6.8563304038075468e-01  2.7972786245219089e-01  
q[63]:  5.0765662619832821e-04  4.0969849576932899e-01  6.1960035478683300e-03  3.4148399051370439e-02  5.8394370656911587e-01  4.6915590186344691e-01  3.1318941296161856e-01  
q[64]:  3.9742480926662036e-04  2.7494461101440049e-01  7.3281842272849715e-02  3.4291159572224394e-02  6.9286249642786957e-01  2.1167011760054924e-01  1.1579829029481371e-01  
q[65]:  3.0117917311727816e-04  5.1622383965895757e-01  4.5858516002999769e-02  1.9706138498861242e-01  9.6494696688902759e-01  9.2427702859034089e-01  1.2053371388702459e-01  
q[66]:  1.1480117278162966e-03  4.8083515895588019e-01  7.4346611780323119e-02  3.2314059025759140e-01  6.9934822097895699e-01  4.7723020371145330e-01  3.7422720430725635e-02  
q[67]:  7.3132692451011432e-04  2.9673481686830278e-01  3.9913479317483000e-02  4.7436455583505538e-01  6.5865803707325998e-01  6.2517391664933353e-01  2.8754755823225553e-01  
q[68]:  6.3045285342780563e-04  3.1628818500936406e-01  1.1942970129201502e-01  3.0635539963913999e-01  6.9806887533408091e-01  6.7866111715956279e-01  6.2122313823276198e-01  
q[69]:  8.9620914198175635e-04  3.6238867995568319e-01  3.0479839941727045e-02  2.8998169243107952e-01  9.5887472959428455e-01  5.8392645320365277e-01  2.9937237549300144e-01  
q[70]:  7.0836794711702836e-04  3.3540933040434701e-01  2.2660537966587932e-01  5.8784472081170269e-01  9.3650942763023759e-01  8.7134547333879409e-01  5.6243010002766969e-01  
q[71]:  3.3307318548369836e-04  2.8532760087417430e-01  5.3972269510604923e-02  6.1586497224112069e-01  1.8273530978651156e-01  1.1043901734726126e-01  6.0816252536042260e-02  
q[72]:  1.1752027722539968e-03  3.3580903165389647e-01  3.9845107375035181e-02  6.8979204771148062e-01  5.9489081901467522e-01  3.6511142700754101e-01  3.0381913431784940e-01  
q[73]:  6.6664621006534729e-04  4.6246559661238817e-01  1.0013702038847618e-01  6.1755009287085405e-01  9.6742825825505674e-01  3.8647751451597839e-01  4.4183759946495371e-02  
q[74]:  6.4972990121470826e-04  3.8825935345320600e-01  6.7533621637930183e-02  5.1200747708660066e-01  9.2106338093244156e-01  4.1113505140144918e-01  3.7788817232334143e-01  
q[75]:  1.4341528492606459e-03  4.2450696532404653e-01  2.5745871492548161e-01  9.2921603365233807e-01  6.9134310552061262e-01  5.2690564335401702e-01  2.1218776791440375e-01  
q[76]:  3.6197995013087525e-04  2.5172614965482204e-01  1.0052376847804392e-01  9.1751880971351318e-01  9.3269812474067271e-01  6.6622909594821278e-01  6.4423912136526029e-01  
q[77]:  2.1454092947601692e-04  2.4689096468532279e-01  6.0256275194017592e-02  9.1252861329126556e-01  9.3666892566129745e-01  8.3137187122261669e-01  3.1061958301462134e-02  
q[78]:  4.1764624802653765e-04  3.3502314852091797e-01  3.0612404872522747e-01  5.3322509093910272e-02  1.8801414412043457e-01  1.0665929407135594e-01  6.2545113266094077e-02  
q[79]:  1.5745359020000430e-03  5.2390315829229817e-01  3.6900250367670651e-01  2.5196319245762788e-01  4.7523368201446581e-01  2.6582785018385868e-01  2.2459077612304482e-01  
q[80]:  1.1940995746391296e-03  5.3423476284349081e-01  3.0113242261036022e-01  2.7181431275382213e-02  8.9888898712944321e-01  5.6917551889062423e-01  1.3635880304118844e-01  
q[81]:  8.0918685609403566e-04  3.2220724790179417e-01  3.1719098340331375e-01  8.0345552864663758e-02  7.1055183000313182e-01  6.5846337367529917e-01  8.2377119897989848e-02  
q[82]:  1.2249128865329229e-03  4.3692750600684549e-01  4.8953473661619906e-01  2.6754116849043391e-01  8.1133708746031996e-01  7.6666993911387071e-01  5.7124020516177298e-01  
q[83]:  6.0114971068330435e-04  3.5993082397662424e-01  2.7578926917621560e-01  6.5318424016699808e-02  9.7215079343243449e-01  3.6890062594111606e-01  2.9833548288750517e-01  
q[84]:  3.3478131712355786e-04  3.1442663726364117e-01  2.1492859595143365e-01  6.1473398053508495e-02  9.5723304402744480e-01  8.7936496206594583e-01  8.1375045392246648e-01  
q[85]:  7.7688602874303905e-04  2.9272144402114475e-01  4.0808860114256595e-01  3.6140039814946451e-01  4.1992434495726483e-01  3.8647899723677803e-01  5.3968632488763650e-02  
q[86]:  9.6477709831604475e-04  2.1570507746917877e-01  3.6404052093857303e-01  2.3520700216896620e-01  8.0806969214677671e-01  2.6434034573878029e-01  1.5225645797046878e-02  
q[87]:  5.1331177885784803e-04  3.6346543203279841e-01  3.2245053348759428e-01  5.9366076491200315e-01  9.7984109383099238e-01  1.2020766153496885e-01  5.9676701095936438e-02  
q[88]:  1.2453995270600194e-03  3.2805391278442952e-01  4.1319013288585715e-01  2.5896072140969767e-01  9.7668188871017525e-01  8.5354678244656568e-01  2.9711194361232429e-01  
q[89]:  6.8777412320188993e-04  1.9818709192233891e-01  4.2063202402847999e-01  2.5960017409759178e-01  9.8661641601498085e-01  6.9979450394965403e-01  6.3221127046470038e-01  
q[90]:  4.2454368574194434e-04  3.1289807387730317e-01  3.8172018826542314e-01  5.5913542173606512e-01  9.3340096135801010e-01  8.9607418441414688e-01  3.2148718090435492e-02  
q[91]:  1.7901187725906508e-03  3.7795774265585141e-01  3.1994864556725700e-01  6.3628964159275037e-01  4.4298177817209539e-01  2.4597190694003088e-01  4.5272051399161996e-02  
q[92]:  6.2337670211918205e-04  2.7852628794353895e-01  2.2562402822449942e-01  6.4115807149789639e-01  6.8461802383409276e-01  5.1000150058583688e-02  2.0388868430442863e-02  
q[93]:  1.3941044023768247e-03  3.1031103029819318e-01  3.0903237964486335e-01  6.9579737319286827e-01  8.7249828293110721e-01  6.8194791412301936e-01  1.4763331949260861e-01  
q[94]:  1.1269543007663314e-03  3.1838744631745397e-01  4.1102778568288889e-01  6.0145718274410087e-01  7.5989031586849454e-01  5.6376669329145368e-01  5.5507464200998902e-01  
q[95]:  3.2631945978442905e-04  3.6742250043689256e-01  3.9149411081837471e-01  9.4111723188921936e-01  1.6939229119443813e-01  1.4533074226081047e-01  7.4755278317346546e-02  
q[96]:  8.9298660454551393e-04  3.5177037620736201e-01  3.2966175235110790e-01  9.5690999420335854e-01  7.5165359763893569e-01  2.3212533948718042e-01  2.0041643361647041e-01  
q[97]:  6.3262992508127699e-04  3.0276230601251702e-01  3.1665175876157708e-01  9.6959652981406830e-01  7.4667520126804776e-01  7.2477125798611897e-01  1.6475995701959201e-01  
q[98]:  9.3088088845289061e-04  4.0038614737804623e-01  3.2792143424134967e-01  8.9739661353819278e-01  9.7042434852882009e-01  4.9895800037087812e-01  3.3193422752158069e-01  
q[99]:  3.4251306003956492e-04  2.9971977752360757e-01  2.5609199104414049e-01  9.8725909743020279e-01  9.6017642127575153e-01  4.1478832439035773e-01  3.8295764034609131e-02  
q[100]: 3.5866655023383110e-04  3.3865188717374284e-01  4.0464067702654016e-01  9.1718118663973669e-01  9.4454294431900720e-01  9.1353771634251280e-01  8.4582444938679024e-01  
q[101]: 8.8135954775238540e-04  2.6017626037535974e-01  6.1842648266441214e-01  9.9310020330369397e-02  4.7328070916756793e-01  4.6196515422647161e-01  2.5821178178632848e-01  
q[102]: 6.3306800974849268e-04  3.3998133139020914e-01  3.7323858766584289e-01  1.8401360384365583e-02  6.6348207151859739e-01  2.0428173230987656e-01  1.7322952836373515e-01  
q[103]: 5.1902189717620739e-04  2.7888123609434651e-01  7.0721066965812651e-01  1.2591483372021262e-01  9.7986625855086795e-01  3.3407722276291507e-01  4.2644220752544426e-02  
q[104]: 3.3910364974346383e-04  2.4307336749322017e-01  7.8560298661726236e-01  1.5166067447474130e-01  9.6678018192806747e-01  9.4626359157612772e-01  2.6197864300366303e-01  
q[105]: 4.7109396530242237e-04  3.8107936187969682e-01  7.9555468780713967e-01  4.0496654893371037e-01  2.8323477390023999e-01  2.6159841267225403e-01  2.3639668517042137e-01  
q[106]: 1.0052658736244087e-03  4.4298577720959775e-01  6.2035541314196696e-01  4.1765805218107693e-01  8.3622974664733174e-01  2.3948287952753400e-01  2.0924459108663868e-01  
q[107]: 1.4648580543316129e-03  3.3525764564858224e-01  7.0247512360640740e-01  3.5913278089744105e-01  8.2788617759693495e-01  5.7314269194353440e-01  2.0764093345042631e-02  
q[108]: 2.0499402002219745e-03  3.0506216131658986e-01  7.5745476513663246e-01  6.7448794801933265e-01  8.6684308602966564e-01  6.9223571652271509e-01  5.2518606757819353e-01  
q[109]: 1.6681833701570903e-03  3.3852111704963805e-01  7.1906686801671138e-01  7.4403674446121548e-01  8.2320814173014367e-01  3.8112021023228576e-01  1.3575590636286011e-01  
q[110]: 9.6052380902934354e-04  3.2397947720683595e-01  9.5918766248566945e-01  3.5663079667657249e-01  5.5140496192556521e-01  3.6774974138347444e-01  2.1482871703370582e-01  
q[111]: 6.6925796525531657e-04  3.8618043419608972e-01  9.5878458521460430e-01  7.9468414913699395e-02  7.3341590670220425e-01  1.9288200884581716e-01  6.2922425032810467e-02  
q[112]: 5.8029710332444006e-04  3.6948457852032557e-01  9.7592024747500528e-01  3.3606107583870656e-02  8.2812614814194152e-01  7.6020458391336110e-01  4.0691690643487893e-01  
q[113]: 3.4903907042742923e-04  3.4263173506612893e-01  9.0988528340397745e-01  7.9059368525541837e-02  9.6868874964895935e-01  6.8716172820473309e-01  8.4981425879815539e-02  
q[114]: 3.2788497628418676e-04  2.4215331032460591e-01  8.8987748081044449e-01  8.2351195224469320e-02  9.2588832250989406e-01  8.4975281419166160e-01  7.8445482471659966e-01  
q[115]: 5.2643110260542562e-04  3.1979373539235867e-01  7.7371096577262433e-01  2.2873194304476002e-01  3.4463764176820644e-01  3.9385262704140910e-02  1.5530928051747397e-02  
q[116]: 6.1540837519745244e-04  3.2961943223617357e-01  9.0789731649642802e-01  3.3725345636005105e-01  4.0123247700792219e-01  3.2695123078777283e-01  2.1664308174105973e-02  
q[117]: 1.6820931256654463e-03  3.0698996409592144e-01  7.8474044584965219e-01  3.2432221533748856e-01  8.5717492520279037e-01  3.9077196625532334e-01  2.2606777807462913e-01  
q[118]: 1.4449378488556239e-03  2.8677585161716229e-01  6.9820189634087471e-01  2.2658260382518980e-01  7.9698327925492141e-01  5.7016861018413445e-01  3.7445077999732873e-01  
q[119]: 3.2758506122389946e-04  2.6412627480555678e-01  9.5131982360779566e-01  4.3726948943497729e-01  9.6846393729010127e-01  1.4281069678245442e-01  9.0494624529096804e-02  
q[120]: 1.8842397169392525e-04  3.2043926555353830e-01  8.9427668594435294e-01  6.2199460158312303e-01  9.8113485068261430e-01  6.7001737544222328e-01  3.2623380128576809e-02  
q[121]: 6.1691380808779727e-04  3.6039733740693458e-01  9.1162258438588162e-01  7.1603188421866515e-01  9.1092240045371886e-01  8.8833474699669179e-01  3.2206530389811300e-01  
q[122]: 5.9832225344432052e-04  2.4797353857171439e-01  7.6388932733562176e-01  9.6055061318106350e-01  5.2569973577095186e-01  1.8551218820588039e-01  1.1551214583070457e-02  
q[123]: 4.4492241709554110e-04  4.4588532770527800e-01  9.3983445147444578e-01  7.7878145530093612e-01  6.6749681117182058e-01  8.4490344371120574e-02  6.6296445463846915e-02  
q[124]: 1.1044674938651339e-03  2.7516527891006670e-01  7.4594650261602391e-01  7.4541808554900602e-01  6.9365670243434052e-01  5.3121292669579001e-01  1.3238865949049719e-01  
q[125]: 3.4425520108108561e-04  2.1574244675768084e-01  9.1368013595299558e-01  9.3981928196960052e-01  7.6284321227370322e-01  7.2940848846323636e-01  6.4736858119196672e-01  
q[126]: 6.3808487749499043e-04  2.8967597218004859e-01  9.0837149252001437e-01  9.1959041899661265e-01  9.6363202116162228e-01  4.0878162020252884e-01  2.5757053735055219e-01  
q[127]: 3.1075091695047691e-04  3.5353268505465230e-01  9.1498123057404235e-01  9.1393052584601653e-01  7.6370221014943374e-01  7.0538773268849575e-01  2.6644401549306248e-02  
q[128]: 2.7018208273805203e-04  3.9560911360910367e-01  9.8700127254550352e-01  6.9833099247073382e-01  9.8481794010772861e-01  9.3396708708963549e-01  7.9616594821788012e-01  
q[129]: 3.0512758393775170e-04  6.4941151481050041e-01  8.3268984331753823e-02  8.6002155263166638e-02  3.2083640275497211e-01  2.9506260279602153e-01  5.7539260250951921e-02  
q[130]: 1.1528963238379613e-03  7.1614670693554139e-01  2.5599902702975696e-01  2.5582053967366575e-01  6.0283096688952575e-01  4.6680402420106804e-01  1.6358262856982703e-01  
q[131]: 6.4378675070280095e-04  7.0781040679243379e-01  9.3000845064278304e-02  8.0303194914937051e-02  8.4808160636109331e-01  5.9071950864313338e-01  5.5443302916644632e-01  
q[132]: 2.7209170968621352e-04  6.0504278768166031e-01  1.3810228365568070e-02  3.0306954982697065e-01  8.6357543685565497e-01  6.6995111125042472e-02  5.1482677850424916e-02  
q[133]: 3.4061451559954433e-04  7.8594972280709086e-01  8.5897185696254610e-02  5.9680607925973142e-02  9.1835296472433348e-01  2.6896985842733556e-01  3.3683294625298475e-02  
q[134]: 4.3895484972110145e-04  5.5662808924393847e-01  5.9595473077011969e-02  2.1567979797033923e-01  9.8159433834635978e-01  9.1542293888943616e-01  5.8338048088324701e-01  
q[135]: 6.0947041297916115e-04  7.5410102826750658e-01  2.3837892351965673e-01  4.0240292677221852e-02  8.2456578682217574e-01  8.1230398095826639e-01  3.3839816562852421e-01  
q[136]: 1.8229994972378781e-04  6.8285433127112305e-01  1.0919995563782721e-01  3.6390115604464540e-01  3.6095970072115663e-01  3.3058055512601120e-01  3.1534477296120872e-01  
q[137]: 6.1724839812265923e-04  6.3713086100663430e-01  8.9538844527495415e-02  2.8045808143651102e-01  4.3494785364608574e-01  1.1135320441155575e-01  2.1683602642390956e-02  
q[138]: 6.2487440678475029e-04  6.6808518180990906e-01  9.2436049419830565e-02  6.6466114906015028e-01  6.9530395369880538e-01  6.7244880622083592e-01  7.3896887418891055e-02  
q[139]: 1.7040093935500994e-03  6.9494866208809514e-01  2.1670548337066084e-01  6.7866977945726736e-01  8.3376751181341102e-01  6.0131499856166415e-01  4.5896634888952037e-01  
q[140]: 1.3918561980531070e-03  7.1478499277415675e-01  3.0881993451251571e-01  7.7519071155318398e-01  8.0476539935756264e-01  4.2119209511673300e-01  2.2245048944187246e-01  
q[141]: 5.3265064982681212e-04  6.7968284309790605e-01  2.2704185389925513e-01  7.7091164127689527e-01  9.7632000387367224e-01  9.5993099118696135e-01  3.0680334785618257e-01  
q[142]: 3.3064119009343194e-04  7.3540094977143045e-01  4.8535043546556113e-02  5.6270500478738039e-01  9.4739170911212067e-01  8.5612061322709743e-01  8.2459719668397724e-01  
q[143]: 3.3787929538408288e-04  6.6007569442988767e-01  8.9437837968579056e-02  9.2334410528884769e-01  3.9506841593962283e-01  3.1033901065536146e-01  2.8015292714170242e-01  
q[144]: 5.7973859710510126e-04  6.3224956245954644e-01  2.3396734879848665e-02  9.6610140799453736e-01  6.4602792620740612e-01  2.4050524603400572e-01  6.7945971572234032e-02  
q[145]: 3.2629646531483593e-04  7.5603003817148906e-01  1.1054266117110924e-01  9.1850464100380336e-01  9.3474404026616043e-01  1.4997238505349839e-01  7.5690509881455495e-02  
q[146]: 9.6974665602212969e-04  6.7921397551102813e-01  4.2832190099826965e-02  6.4611854398839785e-01  8.5033736448075214e-01  6.3250483395235069e-01  1.8564182927954226e-01  
q[147]: 6.6900938298435411e-04  6.1348223917080402e-01  4.1034427693089619e-02  9.2067541076308168e-01  8.7012865950930951e-01  8.0702627873879751e-01  5.4064180954196150e-01  
q[148]: 1.6610080869886652e-03  6.6656292380811677e-01  2.8353782001918387e-01  2.6391897521943219e-01  7.5708029387641962e-01  6.2348676223834798e-01  4.4830937277693395e-01  
q[149]: 2.0450254492686581e-03  6.9715881173924221e-01  2.4103974189760613e-01  3.2435188629341544e-01  8.3167388786922791e-01  3.0721832073385336e-01  1.7317528030008536e-01  
q[150]: 1.4576259869338983e-03  6.6028355487270007e-01  2.9448711346491152e-01  6.4105552980943514e-01  4.4682731627490035e-01  4.2633052595677046e-01  2.5548028058587324e-01  
q[151]: 1.0165420090979579e-03  5.5760551149810578e-01  3.7496273902977711e-01  5.8660135188400897e-01  9.6834332134546641e-01  7.5925555127975619e-01  5.9451948928539322e-01  
q[152]: 4.7305366011642888e-04  6.1297351024991786e-01  2.0480564258660719e-01  5.9507048191235912e-01  9.7503830520541246e-01  7.3912149060369581e-01  2.1363559590454072e-02  
q[153]: 3.4161888888528197e-04  7.5490684510117989e-01  2.1470773632649165e-01  8.4794268806618367e-01  3.1817154892188476e-01  5.4127335648255975e-02  2.0526505486622541e-02  
q[154]: 8.8363877063896981e-04  7.4063934640472240e-01  3.8233948510909932e-01  9.0037501143821341e-01  7.9715601476659503e-01  5.3846328236249474e-01  1.1427982241929249e-02  
q[155]: 5.2278746767347604e-04  7.1996330970072997e-01  2.9077070133699429e-01  8.7415513981503723e-01  7.0841850441662824e-01  6.6510657214986391e-01  6.4490276702913762e-01  
q[156]: 6.2288453418404919e-04  6.6008957351693531e-01  6.2508058553374646e-01  9.8129456033439200e-01  9.6941246675597148e-01  7.9500001173404522e-01  4.5647701456154238e-01  
q[157]: 6.4256328946269716e-04  6.9693957699443110e-01  6.8234594795280257e-01  3.1072419318183702e-02  4.3943744788142147e-01  2.7578754144152817e-01  2.2781845858443596e-02  
q[158]: 3.4193774956220262e-04  7.0062358833002336e-01  7.4373590430137382e-01  1.2697849496067887e-02  6.2278058054508978e-01  5.8495878684607838e-01  5.4534263637855862e-01  
q[159]: 9.3900209275807301e-04  5.9826832182772971e-01  6.7177905843991093e-01  1.0356600784639398e-01  8.3339890142415307e-01  5.0093058997633755e-01  4.7072641470629256e-01  
q[160]: 3.6272036083150310e-04  6.5963963134464054e-01  5.9500672425729040e-01  8.4374687311764521e-02  9.3142915749270727e-01  8.6096603830797550e-02  3.0670937811184851e-02  
q[161]: 8.9381388310704802e-04  6.4718192003036090e-01  6.6854873965106387e-01  4.2763449242215715e-02  9.6755285031126992e-01  7.6656236990196625e-01  5.1897177547507656e-01  
q[162]: 3.2309576706904226e-04  6.3194362788072644e-01  6.0809791844133843e-01  5.7678141350931557e-02  9.2906602285931628e-01  8.5463377393967865e-01  2.3363644701282073e-02  
q[163]: 1.3555502934582391e-03  6.8812636912769043e-01  6.9704582080856503e-01  3.0404802496174943e-01  4.6254894245846323e-01  3.1771833062066568e-01  1.9108850745699962e-01  
q[164]: 1.8067628527204823e-03  6.2157855794367578e-01  6.7862684121169170e-01  3.6338874500338486e-01  8.0058604135071654e-01  7.5495078195276100e-01  1.9783560226360686e-01  
q[165]: 1.1393186377191527e-03  6.7738501299873666e-01  5.9080100258917001e-01  3.9751735171164054e-01  9.9041751158653868e-01  4.3690186496427974e-01  1.9696300135746533e-01  
q[166]: 6.3266437810124379e-04  7.2140991718766856e-01  7.7210873874830954e-01  3.5634637271735958e-01  9.6911984034744281e-01  9.4812214374940884e-01  6.3268431829749205e-01  
q[167]: 4.2639147479970994e-04  6.8422411795621263e-01  6.1947296278865116e-01  4.4325223141420378e-01  1.3639822303949203e-01  1.0482616617086041e-01  3.7411264121790272e-02  
q[168]: 1.2363664444486739e-03  6.7484112455330569e-01  5.8564666721927816e-01  7.4026888416192904e-01  4.4237947480120776e-01  1.4606551627242642e-01  1.2266805163135998e-01  
q[169]: 7.8193518437170582e-04  7.0622547412274206e-01  5.8853750124165904e-01  6.3590938863957724e-01  6.6914801602774054e-01  6.1449010186272568e-01  3.3852344321099952e-02  
q[170]: 9.6010606522817720e-04  7.8332761281887209e-01  6.3185010405934572e-01  7.6372454154336500e-01  7.4976438043425997e-01  7.3443441014068100e-01  5.4375351982134090e-01  
q[171]: 6.8458699749515868e-04  8.0205035380701606e-01  5.8301318460328910e-01  7.4220516666099579e-01  9.3280821387529367e-01  3.0189349774498753e-01  2.8822069784921295e-01  
q[172]: 5.1760630345688309e-04  6.3429245322827443e-01  6.7799831175195668e-01  4.0777388342960597e-01  9.3923562185420961e-01  8.8040344613622534e-01  8.5951403423931272e-01  
q[173]: 1.1951168972049956e-03  4.6715999870671654e-01  6.9805128006962547e-01  9.7284927676336674e-01  5.6626547840602348e-01  4.2936582427413605e-01  3.2820302277905422e-01  
q[174]: 8.1622037267709783e-04  6.7637884927629721e-01  6.7919909819675928e-01  9.1937077743535622e-01  4.2588116452255614e-01  3.4269893815640656e-01  5.2492721459024672e-02  
q[175]: 1.2351552654302279e-03  5.6015125536677857e-01  5.0979890684873341e-01  7.2758251155142950e-01  8.0302493488615234e-01  2.3047288772062077e-01  4.3685121182548803e-02  
q[176]: 3.3587533921351830e-04  6.8481046394723322e-01  7.8635852847804244e-01  9.3865807958039482e-01  9.3411121182915702e-01  1.2080671690961932e-01  7.8085842954176546e-02  
q[177]: 1.5498437505534284e-03  4.7752103550815939e-01  6.3510610239760590e-01  7.4904545929253097e-01  9.5894052455506351e-01  7.3381292149904365e-01  2.0843778993600262e-01  
q[178]: 5.9966150790792159e-04  6.3983041331993407e-01  7.2261220812386440e-01  9.3641983111390747e-01  9.2947695733893310e-01  6.3160121068564834e-01  6.0334672168867065e-01  
q[179]: 4.1372037511384191e-04  6.6344959952885951e-01  6.9283856228921670e-01  9.4713141584545002e-01  9.5598767323168232e-01  8.9421840246134998e-01  8.1448178956492437e-02  
q[180]: 2.0845908738684345e-04  7.5144300290596000e-01  9.4088025113627693e-01  8.7262997023881170e-02  1.9640551856784536e-01  1.6694653800449230e-01  1.0472614830964022e-01  
q[181]: 1.4096661700239005e-03  5.7475137666277976e-01  7.4222633234809710e-01  7.0149625150340941e-02  6.8543233529230929e-01  4.7372825356442783e-01  1.6301667896281313e-01  
q[182]: 3.5968671545708194e-04  7.4872584759512673e-01  8.9905193622901136e-01  8.0848087949507000e-02  9.7791206925250140e-01  3.3177387853737189e-01  2.6435818969775787e-01  
q[183]: 6.6866730669232742e-04  5.3732905348358850e-01  9.0035742049668233e-01  3.8257353915748593e-01  6.5769547042046439e-01  6.1282567112524600e-01  5.8043604003363058e-01  
q[184]: 1.1658755268114686e-03  6.6797677064769057e-01  9.6052860045515187e-01  3.0826304418628170e-01  9.3851386738312081e-01  6.3499785683917553e-01  2.3128159938865278e-01  
q[185]: 6.5204438511721737e-04  6.1020396404835231e-01  9.3258395301731056e-01  4.8653970548784486e-01  9.6718294042640751e-01  5.8819804720409552e-01  5.0944916391580675e-01  
q[186]: 3.3465548443121590e-04  7.1363852103568792e-01  9.4550396686205973e-01  3.8315675164998464e-01  9.5000549718819305e-01  8.8916312213283233e-01  7.1836982168664409e-02  
q[187]: 7.4948760349896712e-04  7.0330797472964990e-01  9.5796377197559635e-01  5.2382593049339721e-01  6.6396241174077475e-01  3.7559371435412386e-01  3.3925032671441827e-02  
q[188]: 1.1486019277767391e-03  5.1869789448764669e-01  9.2454147967526368e-01  6.7807014220555972e-01  5.6092584525619438e-01  5.2424434236342421e-01  2.2149668233763811e-01  
q[189]: 7.1333788573444475e-04  6.6981705533225344e-01  7.6820801647422421e-01  4.0555061775618834e-01  6.8539221806615380e-01  1.2864284146272417e-01  6.5106945553949219e-02  
q[190]: 9.0175342635043210e-04  6.3781649019525177e-01  9.6951879665007712e-01  7.1254652963264209e-01  7.1449278281740602e-01  4.1600174229846332e-01  3.7436037640802899e-01  
q[191]: 6.3744625319400836e-04  6.8201397667124686e-01  8.8020473785464637e-01  6.9412288115771303e-01  9.4278418686649812e-01  3.2264561835721700e-01  1.9912984659135501e-02  
q[192]: 3.0164054357501106e-04  4.8400502855055505e-01  9.5335760152897930e-01  8.0372725553171254e-01  1.9649045466147727e-01  7.6044248171301218e-02  4.1498905593344480e-02  
q[193]: 4.9597088220703018e-04  5.9236864679172818e-01  9.9632819138270223e-01  9.6742921347832045e-01  8.4323121448944449e-01  5.3168073268097604e-01  1.1515304426757010e-01  
q[194]: 4.1540978708761822e-04  7.2464416879564153e-01  9.2168966145729747e-01  9.6404699207221356e-01  9.0478292926776238e-01  7.8893148949149727e-01  4.8168913621864207e-01  
q[195]: 4.2721729423774384e-04  8.7573337943445695e-01  2.2682280900999818e-01  9.2825564734431029e-02  4.3727377662124045e-01  3.7668074383516137e-01  3.3188227350616684e-01  
q[196]: 5.2722054053327895e-04  9.2024286004689648e-01  7.7576792709629860e-02  6.5438946689390598e-02  5.9404799695006016e-01  3.1510669438456834e-01  1.3069767923686185e-01  
q[197]: 5.0676833390885423e-04  9.1992606212098949e-01  6.9871897037540473e-02  1.5064386666250104e-01  9.5005043932625632e-01  7.0278752745205997e-01  4.3876963295315335e-01  
q[198]: 3.5097719264724986e-04  8.7963353358092766e-01  8.6397186849687557e-02  1.7918871691657060e-01  9.5807227042453336e-01  8.0167488438287116e-01  1.1257479436594621e-01  
q[199]: 4.7138889618854237e-04  9.2208983763570562e-01  1.2898968388406021e-02  4.1944943262991052e-01  7.1008437037663741e-01  6.5413643438291158e-01  2.7836041467733691e-01  
q[200]: 2.9374225452304136e-04  9.6616551290170394e-01  4.6506056974596817e-02  4.5223879028966907e-01  7.2707799670421802e-01  6.8311163166543232e-01  5.9489555057118870e-01  
q[201]: 3.3596452364145670e-04  8.9580511843347521e-01  2.6021445439074647e-01  3.3587660945944270e-01  9.9368180869727496e-01  5.4385707701745933e-01  1.9906204330510821e-01  
q[202]: 5.2503754269454122e-04  9.7519765397804747e-01  2.5355775014054449e-01  5.6875442635030582e-01  9.3556437375467172e-01  8.7625154605368216e-01  5.0203687893978233e-01  
q[203]: 3.1409809056990380e-04  8.6149573077195718e-01  6.6035121265903135e-02  4.6145067261385331e-01  1.9585497488487147e-01  1.3930718756759949e-01  6.5217430147635702e-02  
q[204]: 7.1269158597437948e-04  8.9806371030976884e-01  7.4125808919462494e-02  4.9457042130978329e-01  6.2411090434441741e-01  2.3345861209431745e-01  2.1389098203544601e-01  
q[205]: 5.1078224886935252e-04  9.7510740989388600e-01  6.9380445158614981e-02  5.8044615042143399e-01  8.5454735850786867e-01  3.7809025095671217e-01  4.8689222576068329e-02  
q[206]: 5.3707864161104844e-04  8.4730924134369145e-01  6.3267433566008544e-02  7.6913798791813337e-01  9.5372819461287195e-01  4.4175529342251840e-01  3.3837417325730801e-01  
q[207]: 2.7891227574591642e-04  8.5623673404662592e-01  8.6871773201355015e-02  9.0969041528915950e-01  4.1279923905845461e-01  3.4078864669305819e-01  3.1257122991721092e-02  
q[208]: 4.7271725426688738e-04  9.5558421111292247e-01  1.1717101276110158e-01  8.7768457169022207e-01  5.5201590440878356e-01  4.3525473188477981e-01  2.7574595467413748e-01  
q[209]: 5.4294086962228326e-04  8.9197128739740073e-01  1.5310144691688846e-01  8.9574808802703076e-01  9.5902400001657584e-01  6.9395469466301751e-01  2.0944618111988211e-01  
q[210]: 1.9349034254980313e-04  9.8762403483801642e-01  1.2662075959433500e-01  9.8146935626823106e-01  9.0422150105984800e-01  6.5048558234866927e-01  5.6921458320576668e-01  
q[211]: 1.8530755605872419e-04  9.3252378846189976e-01  8.4128880221794017e-02  9.1190199259700322e-01  8.9482889763127416e-01  8.1802000566261146e-01  6.3229462004602749e-02  
q[212]: 2.9814058105736223e-04  9.6796563345619990e-01  4.3778167603858470e-01  1.3855893633224511e-01  2.3971546354247686e-01  9.9636976977909297e-02  6.1995365198889055e-02  
q[213]: 8.7386999856567545e-04  9.5541087836935756e-01  4.9321272264090471e-01  6.1327594549609211e-02  8.3786518978669622e-01  4.7842421283269221e-01  2.8722881848811338e-01  
q[214]: 4.1618608403357955e-04  9.3083664623684392e-01  1.9946528397902480e-01  1.1236446375435791e-01  7.2949899599838963e-01  6.2088552008613740e-01  2.6047916450928854e-02  
q[215]: 2.4814803105404189e-04  9.5727072926593171e-01  1.8848457653333653e-01  1.5313272413544854e-01  9.4992416347571540e-01  2.4589218226402063e-01  2.1897442723557228e-01  
q[216]: 6.1654012648213700e-04  8.1586835297164240e-01  4.8163060680103553e-01  2.1963853947417319e-01  9.6207777778899395e-01  5.8392863914951032e-01  3.2259073886375257e-02  
q[217]: 3.6825855109679119e-04  9.0849391467903862e-01  3.4837340638155700e-01  1.0021520055658981e-01  9.0441600748469975e-01  8.8753628957813002e-01  7.8241045919522589e-01  
q[218]: 4.1098095707075357e-04  9.2173584514331719e-01  4.5317537146942294e-01  3.1480855349980263e-01  4.1806708061397430e-01  4.0435226129996432e-01  5.0476878226484313e-02  
q[219]: 9.9236928486816606e-04  7.2147967121861734e-01  4.7841992081522544e-01  2.7009384476690651e-01  6.7511133994676187e-01  2.2261840145792683e-01  1.8743811226392203e-02  
q[220]: 2.9338009627647316e-04  9.7064858786520225e-01  4.1866765213903362e-01  4.9417363652634916e-01  9.7712656768790029e-01  1.6116598430075951e-01  4.9101612034658675e-02  
q[221]: 1.7393402381402610e-03  8.3769093318531673e-01  4.1808940656785082e-01  4.1826426876006290e-01  8.8721414642487184e-01  7.3860051275520522e-01  2.4446579952938466e-01  
q[222]: 4.8772590080477013e-04  9.0421578046365225e-01  4.0050340277836893e-01  3.6272150557281357e-01  9.8376620587553743e-01  6.5031332907337203e-01  6.1708440072016191e-01  
q[223]: 3.1544087181863373e-04  9.5542765098244486e-01  4.1451388534675898e-01  4.9685110149446965e-01  9.2069960588663147e-01  8.9878151197159029e-01  5.7608411119442995e-02  
q[224]: 1.2144916296467942e-03  9.5085235206259000e-01  3.1924255526153106e-01  6.2651266278362294e-01  5.3164575666387048e-01  3.2549716538771956e-01  8.4965358694835472e-02  
q[225]: 4.5008698584505223e-04  9.4854970327341759e-01  3.2296999147230676e-01  7.6734668402879613e-01  7.2560152447317805e-01  8.4553970155340968e-02  3.3480883714667342e-02  
q[226]: 1.0068322021165792e-03  9.4280642792469638e-01  5.2137850395885643e-01  4.3207848437628721e-01  7.1142489905630979e-01  5.4809534180481290e-01  5.0293827567910299e-01  
q[227]: 1.9348793459370364e-04  9.5010707654492244e-01  4.5798994129422926e-01  9.1847331593625192e-01  1.8754753513215711e-01  1.2265902871269750e-01  9.3240266370439889e-02  
q[228]: 6.1110271444370654e-04  9.2327294935326942e-01  4.3527780002483846e-01  9.4119007278413847e-01  7.2848490339358285e-01  4.0214273990006705e-01  3.4769958465548684e-01  
q[229]: 7.6922858204873283e-04  9.4040387766229405e-01  4.8939292992322553e-01  9.4099813981692337e-01  7.4085664897253445e-01  6.8743113663664801e-01  2.6376299087294935e-01  
q[230]: 6.2044030311414066e-04  9.0652987056331413e-01  5.4008602236363223e-01  9.4235515049648788e-01  9.4190030531087887e-01  4.1949560788177859e-01  1.0543617384733679e-01  
q[231]: 2.8228694363440095e-04  9.0937612870303752e-01  3.6892346831797768e-01  8.4097342970725053e-01  9.9025231794331436e-01  9.2926212283981513e-01  7.8833845211110409e-01  
q[232]: 5.6847165575278939e-04  9.4645129960634167e-01  6.1578454876941213e-01  1.0545236026454591e-01  5.9255409590892438e-01  5.4447256624914653e-01  2.9679974052966240e-01  
q[233]: 3.2392392517358764e-04  8.9806528811720232e-01  4.6524080959646713e-01  6.3825979098845201e-02  6.1676228509937647e-01  6.0829948143107972e-02  3.7456491867099206e-02  
q[234]: 4.9333334386848456e-04  9.3182050154854545e-01  8.6994315477565931e-01  9.9812180536425599e-02  8.8887322085535736e-01  3.5607301783109901e-01  6.9107532609479785e-02  
q[235]: 3.2933388642690666e-04  9.5988406244552416e-01  7.2927765883532314e-01  7.0680669047456651e-02  9.7498251726285334e-01  9.0138699130177369e-01  2.7777470065324544e-01  
q[236]: 6.0365410507188144e-04  9.3568083609339370e-01  7.4605997314875483e-01  6.2594866836004892e-01  4.1682847731513883e-01  3.5349632222935318e-01  3.1223177554522996e-01  
q[237]: 8.1593722455123490e-04  9.2620990394727243e-01  7.7597533830617482e-01  3.0674427322476167e-01  7.7215149352438639e-01  3.0078609009080176e-01  2.4704960633258291e-01  
q[238]: 8.6127709808397608e-04  9.5913038496491920e-01  6.3648082153611807e-01  4.1216903665398719e-01  7.6288280504643824e-01  4.6361218296877993e-01  6.7175831941617456e-02  
q[239]: 2.2289455113963471e-03  7.9185634796808435e-01  7.6340720397310546e-01  7.1186621153077878e-01  7.3420870527713678e-01  4.8557730610851096e-01  2.4224554076546329e-01  
q[240]: 8.4752903103711664e-04  9.5002683960119161e-01  6.9942605499454791e-01  5.9924677324303666e-01  9.5608644757170436e-01  6.8119956539564608e-01  4.3570467635137261e-01  
q[241]: 1.0599350901449407e-05  8.1330767724128972e-01  5.1414791541765692e-01  7.4339897451256642e-01  5.5377790397915905e-01  4.6518098904649341e-01  2.2359084136323554e-01  
q[242]: 4.2583571148478103e-04  8.1791928704795913e-01  9.6404136204552227e-01  6.5119828450964881e-02  5.4670377357184619e-01  2.6699541637693902e-01  2.2499709757280148e-01  
q[243]: 2.4446197847172494e-04  7.6628032213367137e-01  9.2442126290429194e-01  1.4720558955457030e-01  6.7770642656694324e-01  6.4458321350478553e-01  4.0559444382986289e-02  
q[244]: 9.7709254618072363e-04  8.8359822352644690e-01  9.3629042347234659e-01  3.0239738768982904e-01  7.8817830225069041e-01  6.9299949283086160e-01  4.5532585868851888e-01  
q[245]: 3.1608967398767012e-04  9.1223370790444736e-01  8.9811727522456219e-01  8.4760152981305986e-02  8.1909276708662004e-01  6.4497830323386096e-01  7.6108317159656838e-02  
q[246]: 2.7263514826521209e-04  9.3931902675239032e-01  9.2895310063817005e-01  1.2830456745610064e-01  9.3213377826465615e-01  7.7983133866296517e-01  7.1260541088642892e-01  
q[247]: 5.5317963228610173e-04  9.3398713734229555e-01  9.0292511102045714e-01  4.4399804845923463e-01  4.0974889677362519e-01  1.3990396606983893e-01  4.4359284132562800e-02  
q[248]: 2.5384931534721704e-04  9.7808937769652671e-01  9.2983280982509220e-01  2.5564218971505021e-01  5.0520982816913151e-01  4.8018513461751827e-01  1.6390487232105469e-01  
q[249]: 3.2068365764814389e-04  8.9725841425125130e-01  9.1985330042320901e-01  4.6208384496796140e-01  8.8164603734543445e-01  1.0383674727713030e-01  4.7396599737542691e-02  
q[250]: 4.3741364479072173e-04  9.3324930069701051e-01  8.1796953387346039e-01  7.0803256787827062e-01  9.7014732648712587e-01  7.2124218910218163e-01  6.3083109773986304e-02  
q[251]: 3.5310555642419967e-04  9.0584647516536065e-01  9.1106204781885980e-01  7.5384843434012261e-01  9.4494326139946039e-01  8.9383771098552856e-01  3.4387228539354864e-01  
q[252]: 2.7975402996503328e-04  8.8471317128576543e-01  8.6795909769986368e-01  7.6323361852017646e-01  2.7157308991676654e-01  2.2229887899160672e-01  4.4243755745095127e-02  
q[253]: 5.5491658831152832e-04  9.1076207245535434e-01  8.2025043476630466e-01  9.6436422078557305e-01  6.1473492035992672e-01  1.9687871049592295e-01  7.2390843235645763e-02  
q[254]: 2.0801377465444793e-04  8.7651872295139022e-01  9.9437430239898317e-01  9.6719269312427925e-01  4.5726104105880777e-01  3.9232376916247269e-01  3.0664935577474561e-01  
q[255]: 4.4106206629448111e-05  9.3291870900592444e-01  8.4087684243368910e-01  8.4703668715749436e-01  8.5772585052221828e-01  8.1042389729749476e-01  7.2015800649899109e-01  
q[256]: 4.1322719790478827e-04  9.8427781839101824e-01  9.5207869057133954e-01  8.0934826233678381e-01  9.1925110925442022e-01  4.1918725092505010e-01  2.7760410347163406e-01  
q[257]: 4.3150722791080825e-04  9.5915478776030416e-01  9.0226673389335432e-01  8.1303732556071173e-01  7.3177317799520458e-01  6.4846670374072335e-01  8.3094888621047552e-02  
q[258]: 3.5339527354313975e-04  9.2678562994234381e-01  8.7015567331253285e-01  8.1938792723469656e-01  8.8469291947195716e-01  8.0069615451321674e-01  7.4631349613290354e-01  

