deg: 12
dim: 4
nodes: 367
efficiency: 0.991826

q[0]:   9.2615373899046185e-05  7.4322486260494036e-02  2.4988583414149605e-02  7.7160260240038608e-02  3.0366689583445506e-02  
q[1]:   3.2873675911513478e-04  1.4962990322507494e-01  1.2859849536990254e-02  2.5491392349151193e-01  9.6690934121437325e-02  
q[2]:   1.3735023810459562e-04  4.6758130334718463e-02  4.2852866285312645e-02  2.8501578670528083e-01  5.0113000202363277e-02  
q[3]:   1.4533412027110544e-04  6.1127960946365904e-02  3.9435834917746430e-02  2.4375319793168465e-01  2.1171760893898817e-01  
q[4]:   3.8252820274111646e-04  6.0731125690281211e-02  1.9405938572579683e-02  4.5496838275823487e-01  2.7805569782234346e-01  
q[5]:   2.6175986591545476e-04  4.2511817787940553e-02  1.7562219941151858e-02  6.3548941054350416e-01  1.2784649148771651e-01  
q[6]:   9.0096962967661407e-05  2.6543732554139530e-02  1.6093534496250020e-02  6.4500982000990814e-01  6.1587550383786160e-01  
q[7]:   8.1183563370042049e-05  3.6198171344014644e-02  2.8662794947985480e-02  8.7138063849529157e-01  4.2373658658919532e-02  
q[8]:   1.3748595110463918e-04  1.7563009373617242e-02  6.3589868510842314e-03  8.9076267762767869e-01  4.2828677166652618e-01  
q[9]:   4.8034230149435073e-04  9.1724176880547056e-02  1.7742310828470397e-02  8.2241295554589078e-01  6.3328663213662184e-01  
q[10]:  1.6812201163194065e-04  7.8775006584502941e-02  2.5092592186371887e-02  9.7098660261552661e-01  1.8872068156742694e-01  
q[11]:  2.1927572521639624e-04  1.4277293512152830e-01  1.0400174473266006e-01  9.8470387624373201e-01  3.6881081844844471e-01  
q[12]:  3.1576062971891314e-04  1.0030931921512273e-01  7.2650183263813395e-02  9.6442937217731206e-01  6.7775817175779562e-01  
q[13]:  7.1568028546418718e-05  3.5539629890022385e-02  2.1696104668377153e-02  9.5158100117948174e-01  8.8539016532163339e-01  
q[14]:  3.5928387511400536e-04  2.1785444804075940e-01  7.4837701303644408e-02  1.5450524525391782e-01  1.3521494711517693e-01  
q[15]:  9.6425879453050623e-04  1.8807476760703046e-01  9.7568514204161183e-02  4.7390554991256217e-01  1.5861713106042888e-01  
q[16]:  2.1797950159721001e-04  1.1297159343700680e-01  1.8900642985125810e-02  4.6395735588529813e-01  1.7017157806904656e-02  
q[17]:  2.1315163387857121e-04  1.4220374982124526e-01  1.1245181196303300e-02  4.2786817081863260e-01  4.0286709457519371e-01  
q[18]:  9.3332581468789065e-04  1.3374609535600676e-01  5.0506581716032006e-02  7.4689665588354170e-01  3.0102311593183978e-01  
q[19]:  1.4051703202673120e-04  2.0528216183961873e-01  3.2494171162958760e-02  8.7127365607937313e-01  3.1322127481379232e-03  
q[20]:  3.2455984576589816e-04  1.3735395919333454e-01  9.7081564462018349e-03  8.4202886511393038e-01  1.1675502108573452e-01  
q[21]:  8.3575944296479879e-04  2.5976213539010956e-01  9.3810013055171462e-02  8.8817769503910093e-01  7.0273501651764847e-01  
q[22]:  2.0462317055416549e-04  1.6130995831632813e-01  3.7766397316519512e-02  8.8312717241156347e-01  8.7059261031055879e-01  
q[23]:  6.0383664308303621e-04  2.1076354738122063e-01  1.1211096871124560e-01  8.7624865468350743e-01  1.2879609760052818e-01  
q[24]:  2.1137735287660484e-04  1.4289906130048385e-01  9.2217505770214869e-03  9.7918543995358820e-01  4.8012880314876633e-01  
q[25]:  1.5529811193324837e-04  1.6907230083430069e-01  1.5695600558691618e-02  9.8865328111174200e-01  8.5043745761195921e-01  
q[26]:  1.5810128634309516e-04  3.3948612551246654e-01  1.8613860317065309e-01  2.7346054274391969e-02  1.7045631511485151e-02  
q[27]:  5.7174673117469581e-04  4.0544465090903259e-01  1.8643510465975438e-01  2.9316266383337664e-01  2.8236395357626110e-01  
q[28]:  8.3827842195294830e-04  3.6447087048332072e-01  1.8145719137507293e-01  4.3765854778432528e-01  2.2304922220208152e-02  
q[29]:  1.3556473883699174e-03  3.1069778713295593e-01  1.0621747800942348e-01  6.5518242080842759e-01  1.0750282227131334e-01  
q[30]:  1.8649781387327570e-03  3.2193567449976701e-01  2.3925685161945207e-01  6.6004666113266353e-01  3.1817762999958576e-01  
q[31]:  4.5699862742123060e-04  3.7330790628200305e-01  1.1205354239726942e-01  6.2333904585576716e-01  6.2067218201787100e-01  
q[32]:  3.9348606927363795e-04  3.1766052249878707e-01  1.2396586572976878e-01  9.4354691838136484e-01  3.4402300301489774e-02  
q[33]:  7.5099100663796796e-04  3.6643314139309990e-01  1.8788371108730814e-01  9.1611681640468179e-01  8.0214779443245154e-01  
q[34]:  1.0125125667380325e-03  4.0139590804598102e-01  2.5599459851033035e-01  9.4937137215537615e-01  3.2474248856016158e-01  
q[35]:  3.0512159714792914e-04  2.7854455221458679e-01  9.9835449956895916e-02  9.8728557896968783e-01  6.5807784232750521e-01  
q[36]:  1.1022345348862205e-04  2.0930337111094194e-01  1.2874288400169681e-01  9.9252707984644173e-01  9.7442594032462482e-01  
q[37]:  3.5094826858910903e-04  2.3251906799025446e-01  9.4498206518275618e-02  1.6721234495102494e-01  8.0445368033008717e-03  
q[38]:  7.9241163681079943e-04  2.0627945545040330e-01  1.4945953763676575e-01  2.8197289427199296e-01  1.5281309042341243e-01  
q[39]:  1.4557567010450170e-04  1.8815839176153201e-01  1.7964495183997198e-01  9.1085249602238266e-02  4.8853434994160130e-02  
q[40]:  3.4546647299627637e-04  1.7886099911548545e-01  1.4653400683541451e-01  3.8426101867896245e-01  4.3629781379865291e-02  
q[41]:  9.3034365756931013e-04  2.2959167032349984e-01  7.4834353111819685e-02  5.3039754781617077e-01  4.3258633649624362e-01  
q[42]:  4.1610197834806342e-04  1.7803647862711788e-01  1.7456671632149046e-01  6.2072934399064839e-01  1.6500115583457625e-01  
q[43]:  5.0808625321842153e-04  1.8537078724851097e-01  1.5390729664303468e-01  4.2675736660554209e-01  3.9195522884454309e-01  
q[44]:  4.0450194180104008e-04  1.4534722280347254e-01  9.5092258868714752e-02  6.9330560353756565e-01  2.1839704850000009e-02  
q[45]:  5.8484521561352808e-04  9.9855811559341784e-02  8.6721790317295780e-02  6.6038205227666569e-01  4.4222286483644752e-01  
q[46]:  4.3451189527332260e-04  1.5756580560923600e-01  7.0202861453667539e-02  6.8729093799353669e-01  6.4050584567346958e-01  
q[47]:  3.2978991921260456e-04  1.1976411529437841e-01  1.1400255805414611e-01  8.8137817681160424e-01  2.3068688691663056e-01  
q[48]:  3.6622909848139527e-04  1.5596061818155713e-01  1.3474243320978802e-01  8.6462503628504872e-01  7.9741687727465727e-01  
q[49]:  9.1324732644357734e-05  1.1631392156781871e-01  5.9891755091648444e-02  9.8637417534471794e-01  3.2825696874132067e-02  
q[50]:  1.2540607976094232e-03  2.2304737538045047e-01  1.3303370542628651e-01  8.8752548614245019e-01  4.6100447982911585e-01  
q[51]:  7.7662372473903923e-04  2.6995248002986799e-01  2.5223676791117455e-01  8.4155325934906566e-01  5.6863781565101457e-01  
q[52]:  3.4878928214136128e-04  2.7865642937728136e-01  2.2885705718862978e-01  9.7843542639517456e-01  8.3172209681881859e-01  
q[53]:  9.7597486070576063e-05  3.1517160619750395e-01  5.2932382349381388e-03  5.3878914284647833e-02  2.7874663362435045e-02  
q[54]:  6.4148820423880627e-04  3.5744987458543376e-01  4.0384751709064658e-02  3.2700426863098503e-01  4.0663148782568152e-02  
q[55]:  1.6289838671883865e-03  3.4702079612253256e-01  1.1578411598028646e-01  4.9289994545293164e-01  2.7911063935295854e-01  
q[56]:  4.7417314048664276e-04  3.2442492081386970e-01  2.0635827786800346e-02  3.3317782028576071e-01  2.6600413164706216e-01  
q[57]:  5.6818735476827308e-04  2.3633378073218264e-01  2.2157996051840930e-02  5.1677240172864169e-01  1.4865298203280305e-01  
q[58]:  4.9520647760448741e-04  3.1324599781470980e-01  2.6655502902287253e-02  6.7142335995762281e-01  3.9629899866021015e-02  
q[59]:  5.9581304823152809e-04  2.1373486139815231e-01  8.5716576146300152e-03  6.6238090961177853e-01  3.9832475964278097e-01  
q[60]:  5.6328201252880690e-04  3.0806935888686321e-01  1.6781871402128740e-02  7.5422828096828842e-01  6.8983517932521177e-01  
q[61]:  6.9888198613175779e-04  2.5574026120277810e-01  3.9484416623784678e-02  8.7081165928650284e-01  3.1148290537708356e-01  
q[62]:  1.7481094286404610e-04  3.1140348567417930e-01  1.0312706737314789e-02  9.8459107705618298e-01  8.9377277416354206e-02  
q[63]:  8.0311063495432339e-04  3.2271592458843529e-01  8.0596501518995015e-02  9.6439191182931849e-01  2.6651383044619659e-01  
q[64]:  8.0092422106932024e-04  3.4118236440597915e-01  2.2935235422526411e-02  9.1529426744079445e-01  5.8586596198190610e-01  
q[65]:  9.1528193362443511e-05  3.8735961673356634e-01  1.2814529090346805e-02  9.6784391731800434e-01  9.3484374678862781e-01  
q[66]:  6.2368851216040139e-04  3.6357960733237499e-01  6.6579270838232493e-02  2.3382251155119876e-01  1.3870655162130846e-01  
q[67]:  1.5805429748319160e-03  4.7560463678437537e-01  2.2536451570819510e-01  2.8812732379704942e-01  8.9394268918880831e-02  
q[68]:  1.7718109646000361e-03  3.6640420431509058e-01  1.0364403834655000e-01  7.5183603931941190e-01  4.7601100455352763e-01  
q[69]:  1.1913779531122156e-03  4.6493511943367516e-01  1.1298878714626606e-01  8.7549161124940023e-01  1.0095043237038732e-01  
q[70]:  4.3861355414621359e-04  3.7330156465198905e-01  6.9761682643687692e-02  9.4497747983565805e-01  8.7385484533072799e-01  
q[71]:  7.7696932027489967e-04  5.4253743290069611e-01  2.5450059523546353e-01  9.7072165348584794e-01  1.0661731160621214e-01  
q[72]:  5.7858233067905110e-04  4.1320279661610942e-01  2.9989654289689988e-01  1.4042666298525963e-01  6.8288976051479267e-02  
q[73]:  7.2276668611821813e-04  4.8745374578311224e-01  3.8416450018660092e-01  4.9765992018472427e-01  4.8768098017115163e-01  
q[74]:  6.2269414866386466e-04  4.2104163829389413e-01  3.0196222733954819e-01  8.2687581142471123e-01  1.9715461912337369e-02  
q[75]:  7.0163015632251468e-04  4.1415618132524507e-01  2.4512466332964480e-01  8.2866720156346851e-01  8.1002212690314013e-01  
q[76]:  1.4185423528809881e-04  4.9930416378911274e-01  3.5748906520016083e-01  9.9199697103201923e-01  6.6101880469545890e-03  
q[77]:  6.5875884892270498e-04  4.3666107971293533e-01  2.1641518697186654e-01  9.8550216738286056e-01  5.5134028725985529e-01  
q[78]:  4.6668362648246016e-04  3.6418370436301423e-01  3.2580260380857373e-01  2.2009154381699103e-01  2.7328446693193939e-02  
q[79]:  4.5633372709240376e-04  4.0918905632427299e-01  3.7478738360294594e-01  2.0633284063647367e-01  1.8500383040747714e-01  
q[80]:  1.4517514615329770e-03  4.4395185340431270e-01  3.1698882593693428e-01  4.5449522979597551e-01  1.2096121785985572e-01  
q[81]:  7.8457110684807191e-04  3.2295755130940562e-01  3.1002602999491463e-01  4.5249507806249345e-01  2.6630443014755500e-01  
q[82]:  1.0831533615032253e-03  3.8774745780741415e-01  2.4680408226566178e-01  3.7241282695619249e-01  2.8429309945928072e-01  
q[83]:  5.2050689755021200e-04  3.3720613088856777e-01  3.0527606352116488e-01  5.4010777531306997e-01  3.2265770071336401e-02  
q[84]:  1.4404131202762844e-03  3.0950613752080358e-01  2.1491314581856621e-01  6.8294930547185939e-01  5.6935876477159020e-01  
q[85]:  9.6303181772590450e-04  3.0784394005886140e-01  2.2641075696429550e-01  7.6399796244850515e-01  1.0960411026757994e-01  
q[86]:  9.1133721792975369e-04  3.6429074933306593e-01  3.3763540653019736e-01  8.3918167045493586e-01  2.6990406641730186e-01  
q[87]:  1.8545351466223462e-04  2.7792216285788107e-01  2.6152690604973389e-01  7.0209710774652334e-01  6.9626949107281821e-01  
q[88]:  2.1227991258135671e-04  2.4483059485978934e-01  2.3524944892918873e-01  9.1938817604172940e-01  3.6272568524268772e-02  
q[89]:  1.1757613448979947e-03  4.8307126905053072e-01  4.2733993114628610e-01  8.1588442805327110e-01  6.9236072719863173e-01  
q[90]:  3.9088215956323790e-04  2.9074400831362246e-01  2.2084938563501538e-01  9.8304957578435825e-01  1.4032066480735678e-01  
q[91]:  2.9709427582209804e-04  3.0904767659383819e-01  2.9279544950652753e-01  9.8248367795336089e-01  4.8374842604683083e-01  
q[92]:  9.2052166835946943e-04  4.4725958292183071e-01  3.4384498609030195e-01  9.5420714144028240e-01  6.5611134198925036e-01  
q[93]:  2.4761427626250008e-04  3.9178914265213960e-01  3.6754155857166448e-01  9.3990322504853918e-01  9.0444921348081142e-01  
q[94]:  2.6398726881673513e-04  5.7918030107184437e-01  1.6783138892659935e-02  1.8645370844620288e-01  2.1429534817144810e-02  
q[95]:  3.3495412317237144e-04  5.6606093445441685e-01  2.5514302623373550e-02  1.8738753216340576e-01  1.6695889330859764e-01  
q[96]:  6.0016007019579891e-04  4.7271124268493109e-01  7.0268725086278126e-03  4.4220166404553196e-01  1.6887836683655752e-01  
q[97]:  4.7133988374676282e-04  4.7549665426775350e-01  5.8082065713169706e-02  4.5006133816282662e-01  4.3720849918743421e-01  
q[98]:  6.9856191788299465e-04  5.5145185664851049e-01  5.6564214187161350e-02  5.1027743250800239e-01  2.1720330347314586e-02  
q[99]:  1.9271080183809030e-03  4.9596779791914586e-01  8.3368213649775605e-02  6.5453581931427174e-01  2.5011695354675867e-01  
q[100]: 1.0211440171523788e-03  4.7980904843319178e-01  2.3278545604069979e-02  5.9845345814442308e-01  4.5821773719814229e-01  
q[101]: 7.3817708101311952e-04  4.0552753405354414e-01  1.2177050821362322e-02  7.8948752674869005e-01  2.2842911286274087e-01  
q[102]: 1.6482751765948202e-03  5.2270550876274158e-01  1.2345400219221496e-01  7.8862690836411553e-01  6.7645582986157349e-01  
q[103]: 4.2830049399165309e-04  5.0871696674060418e-01  2.6702192847610436e-02  8.4410692091596107e-01  3.8218581104984814e-02  
q[104]: 1.3023785525795954e-03  5.9483670815484824e-01  4.0582297335891949e-02  7.9329872770373600e-01  4.5102631122745007e-01  
q[105]: 3.9827664997724632e-04  5.3052831478888052e-01  2.9984549993074081e-02  9.5356397216886701e-01  2.3215495148179049e-01  
q[106]: 4.4818465255554250e-04  5.0708409477114136e-01  3.6438309564024988e-02  9.8307047646712298e-01  4.5398545829420434e-01  
q[107]: 4.3281921783604264e-04  5.4198172098999198e-01  9.6051851408444945e-03  9.3263985794763660e-01  7.5694616921396618e-01  
q[108]: 6.7781058656727451e-04  4.9800316039053732e-01  1.1016859428700304e-01  1.1773919163154105e-01  4.1175687972735832e-02  
q[109]: 1.5846365526778175e-03  5.6179419508324080e-01  1.2415209000871053e-01  3.8883460244349938e-01  2.4722789229054312e-01  
q[110]: 1.5486565454487916e-03  5.7482775372148587e-01  1.5464220621135241e-01  5.0968097669246493e-01  1.1264583625857882e-01  
q[111]: 2.1401165514818216e-03  5.4881135180308105e-01  2.3386751099280423e-01  5.7774234493346810e-01  4.9707387748907728e-01  
q[112]: 6.9130498208217579e-04  4.9877872525391748e-01  1.9171520284603813e-01  7.0688470294105576e-01  1.0835066997547030e-02  
q[113]: 1.4315207636415395e-03  6.8069817188590764e-01  9.4130330023726463e-02  8.7279793111167392e-01  2.1599965586615560e-01  
q[114]: 2.0736151638502580e-03  5.3877680632309244e-01  1.5654522135195997e-01  9.0023476675331215e-01  4.4009078056550960e-01  
q[115]: 1.6613414859846049e-04  5.5962887495757963e-01  8.1838889604991624e-02  9.7629893985270522e-01  5.6703119527618416e-03  
q[116]: 5.7075961083004638e-04  6.4421980167318593e-01  1.9845381001218126e-01  9.9096333075818810e-01  2.7405826222355284e-01  
q[117]: 7.0368449284142045e-04  5.3376418160116257e-01  1.1758055524992009e-01  9.8635584927050168e-01  7.5070940707522515e-01  
q[118]: 2.2465557903417647e-04  5.0605141794234221e-01  1.6625853988162337e-01  9.6777559222365150e-01  9.5713724582883697e-01  
q[119]: 4.9548172231662793e-04  5.8769757342002382e-01  2.3739697591311335e-01  1.1740864868898079e-01  1.0713767749419149e-01  
q[120]: 2.2473953557679057e-03  6.0057863861510552e-01  3.0282726363198298e-01  5.6586972154026682e-01  2.8250610362422951e-01  
q[121]: 1.5060827076589826e-03  6.7273889280679322e-01  3.4652422353611856e-01  3.2571510764945466e-01  2.7179055022955373e-01  
q[122]: 2.5391455766027174e-03  4.6729164500098602e-01  2.3764475706345281e-01  7.8224509905914918e-01  2.4073977983383066e-01  
q[123]: 2.1521705934261924e-03  5.0186748846630180e-01  2.9839630623676694e-01  7.8329041439244862e-01  5.1517671796923448e-01  
q[124]: 5.1060116460262121e-04  5.5096559420220037e-01  3.4563272594999644e-01  9.8960083687913625e-01  8.9622753863246440e-01  
q[125]: 4.0810922187219979e-04  6.6932640634697305e-01  5.1536892185035732e-01  9.1292240058685470e-02  7.5428694767342458e-02  
q[126]: 8.3108037700179588e-04  5.8809577663900736e-01  4.3896890364644209e-01  5.9874527811076628e-01  2.1370103975828045e-02  
q[127]: 1.5568930207908681e-03  7.2742523703544637e-01  6.4088378215439068e-01  7.1525560235485242e-01  1.5798043333738149e-01  
q[128]: 3.6850643242860952e-04  7.6096114630686718e-01  6.2056149913178804e-01  9.0962955870173179e-01  1.4550608916972850e-02  
q[129]: 1.9831719895441842e-03  5.7268924969546064e-01  4.7427717717627155e-01  8.9026753059588271e-01  4.5292654068046639e-01  
q[130]: 7.0456234566014660e-04  6.4792866718268460e-01  4.2990668528756787e-01  9.8815306350967835e-01  3.4787738379200411e-01  
q[131]: 1.8303127873035521e-04  5.5512707365526037e-01  4.5705528306636339e-01  9.3805136595676919e-01  9.3336176131704462e-01  
q[132]: 1.4185578554557540e-04  5.4045018168149572e-01  5.1731023876484550e-01  5.0350218485218312e-02  1.6586298966045306e-02  
q[133]: 6.7792567867280644e-04  5.1766810997529367e-01  5.0069721214690943e-01  3.7909308295727479e-01  1.0697854149468337e-01  
q[134]: 6.0503696916583416e-04  6.2836932527779044e-01  5.2339160836960141e-01  3.2038633478384215e-01  7.7410505900843722e-03  
q[135]: 1.3289224425335204e-03  6.0003371329195698e-01  4.5225915143128725e-01  2.8177109384781202e-01  1.7030292152793683e-01  
q[136]: 1.6607098436157769e-03  5.3288152154257229e-01  4.6137240768330290e-01  6.2296380629957770e-01  1.7455016307151888e-01  
q[137]: 5.1297922855623828e-04  4.2489329838368750e-01  4.1161353483013829e-01  5.9477715756133676e-01  5.0664382157798649e-01  
q[138]: 4.4800775625024395e-04  4.6564103768351561e-01  4.5452872823148333e-01  7.4252074689026171e-01  6.3555955066116360e-02  
q[139]: 2.2256907397470880e-03  5.5992441732446763e-01  4.4241639969283891e-01  5.5372579052164717e-01  3.7717905062679952e-01  
q[140]: 1.8639749628560167e-03  5.9454760488492842e-01  4.3036988806673615e-01  8.8026579710786745e-01  1.3005575696896757e-01  
q[141]: 9.9933958227569545e-04  5.4482244438903649e-01  5.3149751638165266e-01  7.4032920795005364e-01  3.9729125075014199e-01  
q[142]: 3.6782325799877174e-04  6.3287971732007253e-01  6.1391474419612813e-01  7.4544594985753199e-01  7.2221392947935503e-01  
q[143]: 3.1000386511055068e-04  5.3628780999090164e-01  5.0376225031501898e-01  9.5690391304731437e-01  5.2363046161218528e-02  
q[144]: 5.3301119449392445e-04  4.6869227452478884e-01  4.3148938998891850e-01  9.5947503843728832e-01  2.2138904312490665e-01  
q[145]: 2.9944223944398989e-04  5.0928706319577455e-01  5.0093899223537275e-01  9.6603877749456690e-01  7.2886910063870924e-01  
q[146]: 9.1161666747143508e-04  6.6435521400342434e-01  5.4754770538455688e-01  8.9918507785475266e-01  7.9261564926511696e-01  
q[147]: 1.9189122375645184e-04  7.0192734301019100e-01  7.2719744255375238e-02  4.3598704446752810e-02  2.6588582620869619e-02  
q[148]: 6.3009628720336701e-04  6.9252000567460070e-01  2.9732855390142653e-02  2.9440684518747773e-01  1.6541056176286956e-01  
q[149]: 5.5829446975492992e-04  7.0039850732320297e-01  1.4200855326359327e-01  3.0846219182483514e-01  2.8682419955832683e-01  
q[150]: 5.2339911435901664e-04  8.0925842100335643e-01  3.0039155551794011e-02  3.7853013378472200e-01  3.8153850273722853e-02  
q[151]: 1.0513990310589774e-03  7.4944513991661454e-01  9.0896913820397385e-02  5.1047966714174642e-01  2.1240344891967836e-01  
q[152]: 5.6958418066735492e-04  7.2558321868476594e-01  8.7756431951143358e-03  5.6102033679331065e-01  3.2706098360512992e-01  
q[153]: 3.1941604340037801e-04  6.7467422618492134e-01  7.6450188095907382e-03  6.1208584904467800e-01  5.8186242142945022e-01  
q[154]: 7.9693227201426374e-04  6.6992759926020429e-01  1.6381908579487757e-02  6.5830769466939798e-01  1.0231751697497816e-01  
q[155]: 1.2712929657763686e-03  7.0292512627348791e-01  6.9739022479501797e-02  8.1780304261229453e-01  6.3950436670280242e-01  
q[156]: 5.8726414629343819e-04  7.4924093677007120e-01  9.8012618152043943e-02  7.5668265605374563e-01  2.0014473148579962e-02  
q[157]: 4.5922745833060311e-04  7.1891528289082063e-01  5.6247528241625830e-03  9.0247413047616465e-01  3.9621781587028582e-01  
q[158]: 4.6245003372821265e-04  5.8609491379092882e-01  5.0471121000901134e-02  8.3232078291640754e-01  8.1524237658397747e-01  
q[159]: 1.9595860991567459e-04  6.7613476245923432e-01  1.0789529494699924e-02  9.6030211897736051e-01  1.0702375963886361e-01  
q[160]: 4.0548784833987356e-04  8.4930024540021032e-01  4.9332763228756425e-02  9.7717934914762206e-01  2.4514304113966517e-01  
q[161]: 4.9448071022086231e-04  7.7456996170627390e-01  4.0661053395677632e-02  9.7352996737017017e-01  6.5782130834317265e-01  
q[162]: 1.7360014401978860e-04  7.0033933122393321e-01  4.1524545886240494e-02  9.8254044688223685e-01  9.4491756219894596e-01  
q[163]: 9.8293998141481547e-04  6.9003622767439043e-01  1.0911143006903812e-01  3.3136975814270242e-01  7.8613175813446096e-02  
q[164]: 1.0421307165738346e-03  7.0270933791658785e-01  9.5640002718510669e-02  4.7975164488039068e-01  4.0644291690307843e-01  
q[165]: 1.8130619037724492e-03  6.8686064565281457e-01  1.9729719226353706e-01  7.5025300535157335e-01  1.0524660441195234e-01  
q[166]: 2.4736640150124682e-03  7.1692718058880822e-01  2.0134470305171864e-01  6.5186822851690973e-01  4.2924031500074727e-01  
q[167]: 7.8138988847131514e-04  7.2625788674455238e-01  2.1452805413451365e-01  6.7938960188976483e-01  6.6339583162409466e-01  
q[168]: 3.3831840274393618e-04  7.0045783036890363e-01  1.2812264658400105e-01  9.8692567657982899e-01  1.0267497307202002e-01  
q[169]: 1.6806128058657417e-03  7.5637811818330947e-01  2.0267052365467325e-01  9.1129074046572689e-01  5.7822442838486232e-01  
q[170]: 5.7971427468932115e-04  7.2840619927178785e-01  1.5442175300295971e-01  9.7088870444395003e-01  8.6745911981326895e-01  
q[171]: 1.4213221761221941e-03  7.5979986251507903e-01  2.4179447938468959e-01  2.0989670106528846e-01  1.0966178447076584e-01  
q[172]: 6.7002371582708777e-04  6.5702282582561544e-01  2.3916660911676993e-01  2.9210974592075162e-01  5.6332827007840600e-03  
q[173]: 1.9187552667011859e-03  6.3040405901357466e-01  3.4141292261967221e-01  5.9844006663922589e-01  8.8560687082813061e-02  
q[174]: 2.3469315683644189e-03  7.7984911413260660e-01  3.5847310993776965e-01  4.6150567767628053e-01  2.0834474621054389e-01  
q[175]: 1.8734360460340989e-03  7.6023113952919330e-01  2.7146363372151333e-01  7.5031744788062193e-01  3.3998153076967608e-01  
q[176]: 7.6606710568579632e-04  7.0057555844981911e-01  3.0836813832229060e-01  8.9134049326290932e-01  1.8797917715833341e-02  
q[177]: 9.9804142092914448e-04  6.9324015286495388e-01  2.6669519299962446e-01  8.9229873943122839e-01  8.4469243225784807e-01  
q[178]: 1.9213084838631961e-03  7.0280620640449298e-01  3.3205347478687175e-01  8.8901368880618781e-01  2.9354690831485852e-01  
q[179]: 2.0285663170978947e-03  6.2948625343863940e-01  3.1293769606565830e-01  9.0468381194739944e-01  6.8463866778428584e-01  
q[180]: 5.0568561460790642e-04  6.2155018152635855e-01  3.8563715633625612e-01  1.0807289639364949e-01  1.1846738271795663e-02  
q[181]: 1.1539664818748985e-03  7.6507946653786174e-01  4.7513722319107748e-01  4.8286184355978040e-01  4.3398008404434091e-01  
q[182]: 1.6204894912562968e-03  7.8669490844696699e-01  4.8714969176027345e-01  7.5889308068369066e-01  7.1117903441414429e-02  
q[183]: 1.9968533590864050e-03  7.5728566246651041e-01  5.0599029732550382e-01  7.7362786329356170e-01  5.4657218070776759e-01  
q[184]: 1.5152524925471790e-03  6.5275760550274164e-01  4.2988191413713700e-01  7.3528998024517545e-01  6.8767230403238866e-01  
q[185]: 5.1882186110359363e-04  7.9685247073977283e-01  5.1576512688853005e-01  9.8101922679672626e-01  6.6186753387434752e-02  
q[186]: 7.0105336101239943e-04  7.2238107484310665e-01  5.8480731799764019e-01  9.8423208886912805e-01  7.1157017481553564e-01  
q[187]: 5.6518887335429762e-04  6.4841821571008296e-01  6.1123185387926016e-01  2.2435325148710852e-01  1.0186101820804745e-01  
q[188]: 1.4068318763895624e-03  8.0850077839989276e-01  6.5745819500321490e-01  4.6556685253042296e-01  8.8090205517438000e-02  
q[189]: 1.4328777775801213e-03  8.0175117764655923e-01  6.4728196830584883e-01  9.0373704309232539e-01  3.4540503579745224e-01  
q[190]: 2.8662477275636364e-04  8.2907730000185564e-01  7.4516213641092233e-01  8.5307741450370889e-01  8.4530913691891618e-01  
q[191]: 9.5845994389823848e-04  7.9384059657136052e-01  7.1545091852641696e-01  8.7866407055020779e-01  5.7685675333595998e-01  
q[192]: 3.5713263589230547e-04  7.7820408933836860e-01  7.2196355936234946e-01  1.5406063507723028e-01  2.2302695798428265e-02  
q[193]: 8.9017400313755823e-04  7.5274578321602192e-01  7.3184660424166492e-01  5.3437177773690370e-01  2.3267776805716506e-01  
q[194]: 1.6274428671265741e-03  7.5252912945322314e-01  6.1041343958388206e-01  4.3910592355796912e-01  2.2398209398799743e-01  
q[195]: 7.4353296361406396e-04  6.3055926632591264e-01  6.0612983628170414e-01  3.8902916014836891e-01  3.2863065024738730e-01  
q[196]: 3.9624231387712936e-04  6.9477733749547899e-01  6.8043507168630879e-01  5.2082923567812978e-01  2.9387131333878082e-02  
q[197]: 1.4934788059331801e-03  7.3148726564053557e-01  6.6931594448803744e-01  6.8440848413460897e-01  5.0278029565172555e-01  
q[198]: 4.1371739020246346e-04  6.7074037139539044e-01  6.2074394108941611e-01  8.0236222302743987e-01  2.7522335543793647e-02  
q[199]: 7.9755666161085296e-04  7.5812529502313397e-01  6.4386303928342248e-01  6.0208272542553976e-01  5.6622320897885881e-01  
q[200]: 6.9145068670544070e-04  6.9642200097928930e-01  6.7881513588349884e-01  8.7552862448856295e-01  2.1282869902464574e-01  
q[201]: 3.5477718693512875e-04  7.2381233522350097e-01  7.1793956461548192e-01  8.7961198988747236e-01  6.6755329179295408e-01  
q[202]: 1.8107435618451405e-04  7.9159848311785852e-01  7.6982520697650536e-01  9.6615266928296828e-01  5.4527484945424941e-02  
q[203]: 4.4998033169968546e-04  7.4081566705162849e-01  6.3534405232226676e-01  9.9139236839567701e-01  1.8542052385652927e-01  
q[204]: 4.2500287201645851e-04  6.5033415851728305e-01  6.2410799082486434e-01  9.8119884691357417e-01  4.5272137466327778e-01  
q[205]: 2.4856723304494949e-04  6.9179112316388125e-01  6.5828478864449480e-01  9.7810412926903867e-01  9.1487872856549679e-01  
q[206]: 2.3055153187470268e-04  8.4130406889229958e-01  1.8554598008691432e-02  1.2385466256943495e-01  6.4708441755375726e-02  
q[207]: 7.4444443793249813e-04  9.0738020824917587e-01  7.5868073960284790e-02  3.2607491783871784e-01  1.6507305072500505e-01  
q[208]: 4.5548259103123616e-04  8.4570527756846781e-01  2.8146490046168902e-02  3.6127733986432231e-01  3.2510201311651299e-01  
q[209]: 7.5793016083209913e-04  8.6958402013440461e-01  2.8965682032003497e-02  6.7526233401998748e-01  4.6669922320842577e-01  
q[210]: 3.4410399291319178e-04  8.8161715733712898e-01  5.5222185819240328e-02  6.1255281065648948e-01  1.6094335605695915e-02  
q[211]: 1.2781093739338461e-03  7.8234760830803773e-01  8.0876745673895606e-02  7.0708744882431951e-01  2.7303480882563613e-01  
q[212]: 1.0542108247780940e-03  8.3658729563839684e-01  9.7836081830266861e-02  6.8241617080434391e-01  6.1995616223877514e-01  
q[213]: 4.3600692546480512e-04  8.8022224954981643e-01  6.6986980119294283e-03  7.9491710756702527e-01  1.5109468637220491e-01  
q[214]: 6.3853970470471812e-04  9.0690725177516995e-01  3.4489451349585372e-02  8.7218961976744491e-01  5.2913937108324416e-01  
q[215]: 3.1443872749573217e-04  8.2356180740968887e-01  8.1161782763509577e-03  8.8516729533000904e-01  8.0060402192264801e-01  
q[216]: 2.5613124107572518e-04  8.0081099499592323e-01  3.2199895357502131e-02  9.1039824657528534e-01  3.0870355809791590e-02  
q[217]: 4.8048770882691349e-04  7.4580731403949962e-01  1.1289194232780782e-01  9.8327366536178917e-01  4.8711453666091525e-01  
q[218]: 2.4691319267044386e-04  9.1916364475512380e-01  6.1596099067983051e-02  9.8462815674867366e-01  8.3567538222186399e-01  
q[219]: 4.3069904365145630e-04  8.2918501106726028e-01  1.3279139147949398e-01  1.6013764279723192e-01  1.5560694529947064e-02  
q[220]: 5.4106058038672371e-04  8.7202799649499430e-01  1.5420133029895763e-01  1.6944174416897728e-01  1.4536277872419545e-01  
q[221]: 1.9372160541241820e-03  8.9022771726442440e-01  1.9521518727973017e-01  4.7610656379391353e-01  3.2713858493811898e-01  
q[222]: 6.1181384712296434e-04  7.8957067181813412e-01  2.7785252783002234e-01  5.2809122899432681e-01  7.3992635733907911e-03  
q[223]: 9.2123362674882551e-04  8.8358691158392821e-01  1.5222246841567225e-01  8.8067243505985204e-01  9.8885171123129778e-02  
q[224]: 3.5171328475107404e-04  8.6220705898602712e-01  1.1720249882762560e-01  8.8836837479926078e-01  8.7287657479396430e-01  
q[225]: 3.3813403621237091e-04  8.3197457792712737e-01  2.1978151819597366e-01  9.5807306913001766e-01  3.2128820087664038e-02  
q[226]: 8.7110925021683511e-04  8.7686799886793432e-01  2.3966366167624265e-01  9.6828896125532316e-01  3.8867255996406674e-01  
q[227]: 4.7533199895812104e-04  9.1436080014484189e-01  3.0185139649656512e-01  9.8942602976180827e-01  6.9020953427073417e-01  
q[228]: 1.8793290382157748e-04  8.7867360461689670e-01  2.8957609681526991e-01  9.8363676780795795e-01  9.6594117318490103e-01  
q[229]: 2.0587680661085525e-04  7.8570457529395299e-01  3.2147642499588669e-01  3.0726008907753365e-02  3.6532221631350959e-03  
q[230]: 1.0281141921767557e-03  9.0282481679842086e-01  3.1797397731968574e-01  3.2470852108830900e-01  8.1060284385575485e-02  
q[231]: 3.2301458839658221e-04  9.1723779508729986e-01  3.3203193501190825e-01  3.0076096057313229e-01  2.9580513238285905e-01  
q[232]: 7.2330690140178563e-04  8.3350232384889511e-01  3.0828658613028309e-01  4.8358096858190797e-01  4.7010997600658544e-01  
q[233]: 6.8693610381827599e-04  9.2269399738459812e-01  3.4527588903668022e-01  7.5421151240890549e-01  1.9934096625739337e-02  
q[234]: 1.6329465936972213e-03  9.2240297622684342e-01  2.1423344529780367e-01  7.7106980716778339e-01  4.4283354143956977e-01  
q[235]: 2.2588870757921892e-03  8.4296745244304605e-01  3.8369507874790199e-01  7.0471760193306987e-01  5.6023499608405181e-01  
q[236]: 9.7782736133338976e-04  8.8441427382281301e-01  3.4851651496722613e-01  8.3944467861497196e-01  7.4690567726506885e-01  
q[237]: 1.2720388802529980e-03  8.4301177247428793e-01  3.4275261655573230e-01  9.3701761375840320e-01  1.7115860547499978e-01  
q[238]: 1.1994317413915648e-03  7.5677378406643858e-01  4.1631222491327102e-01  9.7598665268708640e-01  5.5187174319496923e-01  
q[239]: 7.4038676862508469e-04  8.3525686928047271e-01  4.2311844033352153e-01  9.7683570238506789e-01  8.1485355545776439e-01  
q[240]: 3.9748408478954770e-04  8.6574483664832591e-01  4.6943688519681814e-01  1.6315582003701284e-01  1.9767707498766367e-02  
q[241]: 8.9005626009105044e-04  8.3967167913818819e-01  5.1119029260130611e-01  1.7053166150148408e-01  1.1954446248645796e-01  
q[242]: 8.8086947336494647e-04  8.6114057839809210e-01  4.9659574422055847e-01  4.9001385182787655e-01  2.8654514551917157e-02  
q[243]: 2.8131500583386555e-03  7.2839097266037756e-01  4.9822860761979759e-01  7.3214101342899196e-01  3.1926552599326197e-01  
q[244]: 6.0508702227388437e-04  9.2064199914904876e-01  5.9463401038261277e-01  6.7425134624810690e-01  6.6082467018326208e-01  
q[245]: 5.1892357124669732e-04  9.2379638541296505e-01  5.2904070022835570e-01  8.2408084482994748e-01  6.0420563208320871e-02  
q[246]: 1.3186311748684743e-03  8.9971182313174336e-01  6.2382255869644809e-01  8.8509070909377408e-01  6.1333148942693405e-01  
q[247]: 9.0232174546002485e-04  8.6508091797020759e-01  5.5187244198467666e-01  9.1639448077569174e-01  2.2898176520630514e-01  
q[248]: 9.2422954068446372e-04  8.5438176910993036e-01  6.5111983032682852e-01  9.1630735838551092e-01  8.1368058070996563e-01  
q[249]: 2.4628134118014262e-04  7.5970755416232860e-01  4.8780756539785791e-01  9.7360166615216293e-01  9.5676518860020676e-01  
q[250]: 1.4921250665063211e-04  8.6916290324168877e-01  7.2007085176819408e-01  2.8815672076102184e-02  1.5242357516145163e-02  
q[251]: 1.4059556685044421e-03  7.2446077378562257e-01  4.4497743932773642e-01  3.3678494982241142e-01  7.0394039864715929e-02  
q[252]: 5.6372371630061032e-04  7.6843244344646078e-01  6.3213471148823985e-01  2.8868906028955932e-01  2.7971712571410784e-01  
q[253]: 2.0714416092020953e-03  8.8025501062190981e-01  6.1033389108705538e-01  5.2555517767297544e-01  3.8878539231425796e-01  
q[254]: 4.7269615511901083e-04  8.4606925250200171e-01  6.9018592893134767e-01  6.7382382943879682e-01  6.0500766737755524e-03  
q[255]: 6.3948342961260302e-04  9.0842517631728747e-01  7.1999396689255124e-01  9.7711104388310399e-01  4.8779684971380416e-01  
q[256]: 1.1170491082421760e-03  8.9459253330590527e-01  8.0924559628947301e-01  3.3751715672216487e-01  2.3022652214902320e-01  
q[257]: 2.4690187441336371e-04  8.1077460821178149e-01  7.8912817390696055e-01  1.4488136252497447e-01  1.2046081156211119e-01  
q[258]: 1.9804838899656707e-04  8.5238890733931938e-01  8.4588822984805923e-01  3.4372215391650957e-01  1.0580271358738132e-01  
q[259]: 4.0707855588614875e-04  9.1603893200533260e-01  8.9081750315972974e-01  5.6631855231261119e-01  3.6422253350051398e-01  
q[260]: 3.6893732841360817e-04  8.4280307586286263e-01  8.3281146274229512e-01  5.3056364613766216e-01  4.7721339648244010e-01  
q[261]: 7.6438137312403033e-04  9.0418990761793683e-01  8.4704141182969872e-01  6.3308364445911058e-01  8.3726809975365774e-02  
q[262]: 1.0378233239103263e-03  9.0673589611437799e-01  7.9622984413564102e-01  7.3853317270351748e-01  6.3439289832087664e-01  
q[263]: 2.2620459167016109e-04  8.7071202237815937e-01  8.6282386972773584e-01  7.9642189972756305e-01  4.9329349239841933e-02  
q[264]: 8.1463256115815751e-04  8.5658515075029884e-01  8.2796921795726919e-01  7.9229073679349660e-01  3.3819104939926581e-01  
q[265]: 2.4993972256270733e-04  8.6852440102870088e-01  8.5999192307115813e-01  8.7770435671065039e-01  7.9763851921001871e-01  
q[266]: 9.8197412683935568e-04  8.9768563469139573e-01  7.7323389617859384e-01  8.9340487915094158e-01  1.1934016146041827e-01  
q[267]: 3.3534814356561557e-04  8.9373354447237952e-01  8.6104310892794245e-01  9.6844707718485534e-01  2.8476576205203036e-01  
q[268]: 3.5004829877374998e-04  8.6006525026487124e-01  8.3031224968965722e-01  9.5680975720322836e-01  5.6395348775809140e-01  
q[269]: 9.0221544900133291e-05  9.0121867091169106e-01  8.1766417328417174e-01  9.8295533535236668e-01  9.7121212772807008e-01  
q[270]: 6.2428389851747475e-05  9.5940779890558858e-01  4.2020658129101277e-03  1.6174832744262355e-01  1.2665896384224912e-02  
q[271]: 1.0722526092881350e-04  9.7969103390931778e-01  2.7854838874147622e-02  1.9679233460046136e-01  1.7027987233524439e-01  
q[272]: 2.9799524878740838e-04  9.2296017030141664e-01  7.9474818281503497e-03  4.7896072022297226e-01  1.6520919417636840e-01  
q[273]: 2.8504210536745234e-04  9.7732898027524617e-01  2.1276466885167537e-02  4.9473114452379036e-01  3.6527348640743906e-01  
q[274]: 1.7943308336078358e-04  9.8701748189226435e-01  2.8855382257024643e-02  5.1173821492359572e-01  5.8910603142135455e-02  
q[275]: 8.1891228188199678e-04  9.1692799325238128e-01  8.2010625973849935e-02  6.2358549522370010e-01  2.1224176866666511e-01  
q[276]: 1.2518740359481926e-04  9.4606264779842875e-01  6.0752073848927834e-03  7.1774326597817473e-01  6.9747208581927678e-01  
q[277]: 7.2414754904175048e-05  9.7042465766005159e-01  1.7989752808224915e-02  8.2183898819455414e-01  6.9534699460764007e-03  
q[278]: 2.9933388215550727e-04  9.8723714303809063e-01  2.7828277294929933e-02  7.8595063391882314e-01  3.2208093697563767e-01  
q[279]: 9.3098125364002256e-05  9.8821362971511106e-01  4.7659602680453737e-03  9.1987027086506168e-01  7.3144786841031695e-01  
q[280]: 1.3262285774404251e-04  9.5026275698166784e-01  1.5348951094236367e-02  9.8660085617705573e-01  4.3096548319084765e-01  
q[281]: 3.9591758539988267e-04  9.7295853638601448e-01  1.2053162706274498e-01  9.6458986291737792e-01  6.0180123800136720e-01  
q[282]: 6.2371301476751959e-05  9.5678559645781247e-01  4.1806618150850690e-02  9.7025589348829744e-01  9.5701564520318105e-01  
q[283]: 9.1296459076173453e-05  9.6256387956902323e-01  9.2846076951424397e-02  4.3358852511980697e-02  2.4908972980119064e-02  
q[284]: 3.3178354159161188e-04  9.7932378683817223e-01  9.1263344735227361e-02  2.7161607052037662e-01  8.8679799962829764e-02  
q[285]: 3.1932884752741632e-04  9.5341360286936871e-01  1.5029600069333141e-01  3.4293410441558847e-01  1.0966226563240150e-02  
q[286]: 1.5984287044294616e-03  8.4965163271819377e-01  1.9140251489145774e-01  5.2954993378808379e-01  8.7791473942094148e-02  
q[287]: 5.3317497265930594e-04  9.9115373076628177e-01  1.4541677692780577e-01  5.9909996123510256e-01  2.9573591686506651e-01  
q[288]: 3.7778930897178616e-04  9.5656431473586423e-01  1.0135890354969873e-01  5.0135582115180299e-01  4.8227854266340658e-01  
q[289]: 6.8988369627985828e-04  9.6574847415017506e-01  1.2423590266652715e-01  7.2094355739229898e-01  8.5321080721131176e-02  
q[290]: 5.2556288087892073e-04  9.7294394766465520e-01  8.5155258167297368e-02  7.4288737864209020e-01  5.8125925183924665e-01  
q[291]: 2.2199627413163365e-04  9.7809516928540463e-01  4.1176378206179372e-02  9.3367426386865149e-01  1.4153343790843403e-01  
q[292]: 1.0207976711878058e-03  8.6964614327348355e-01  1.0730889933671178e-01  8.7143779339007177e-01  3.3304686312318310e-01  
q[293]: 2.3287343869476157e-04  9.8608857150609064e-01  1.0274925150154868e-01  8.5460780350543142e-01  7.9321845067714503e-01  
q[294]: 9.4895063992562489e-05  9.3049234484542853e-01  5.4566387980519007e-02  9.9204164883340307e-01  3.5845794695880819e-02  
q[295]: 4.5324235439276819e-04  9.8096688741721649e-01  1.5030623489147768e-01  9.2471138332365133e-01  3.2065574142835768e-01  
q[296]: 2.4669143284795702e-04  9.8080143521115870e-01  2.4921745350289851e-01  9.6800433052621959e-01  8.8704462296874664e-01  
q[297]: 3.8465895654196685e-04  9.6352606973240063e-01  2.6904028605640745e-01  1.2219717586254378e-01  3.7993984190297640e-02  
q[298]: 8.2750119298084454e-04  9.7599743983425091e-01  2.8792704420874587e-01  4.7270997238539281e-01  1.4786579016914250e-01  
q[299]: 3.4052788122163784e-04  9.9095718356815665e-01  2.0713239437872941e-01  2.9971860719140186e-01  2.4695769957210273e-01  
q[300]: 2.5442396321130980e-04  9.8888909061551589e-01  2.9205554558370717e-01  5.5871107091207184e-01  2.3388305285460282e-02  
q[301]: 8.0578371538443379e-04  9.7157399675771217e-01  2.8758945204030384e-01  6.1793449653879484e-01  5.2494012219464803e-01  
q[302]: 1.8068519465222054e-03  8.7559944661969069e-01  3.2928413443484794e-01  7.1350401605976133e-01  1.8284555836797292e-01  
q[303]: 1.0452489499696814e-03  9.7301492471783113e-01  3.1829476997735806e-01  8.0699224399483716e-01  2.2232915760293598e-01  
q[304]: 3.8013487451958654e-04  9.5904183081936167e-01  2.8039071754632144e-01  7.5584290589655045e-01  7.4147308377925947e-01  
q[305]: 1.7945657265777839e-04  9.8331257395213523e-01  2.0247234156726857e-01  9.1054135407329428e-01  1.8531500284650636e-02  
q[306]: 1.1097950216650823e-03  8.8651490984194325e-01  1.7697713331008991e-01  8.9261675601634805e-01  7.2226503912816520e-01  
q[307]: 2.4370554108012421e-04  9.6602893611070761e-01  2.4344183546488180e-01  9.9443262029325463e-01  1.6500301461315672e-01  
q[308]: 4.7243585095647168e-04  9.7700222590469998e-01  4.1864739437979587e-01  9.6904853667444779e-01  4.4459731394591356e-01  
q[309]: 5.2908590417717789e-04  9.9322988301295201e-01  3.0724155631656663e-01  8.6660212470543119e-01  5.9110682352271215e-01  
q[310]: 2.7113791815026303e-04  9.6840849006726715e-01  4.9123165045987960e-01  9.2108461045274548e-01  8.9752062127652565e-01  
q[311]: 2.1620739642641456e-04  9.3562738218901254e-01  4.1093093767798355e-01  7.5114428822243215e-02  7.0826397067080660e-02  
q[312]: 3.1374049988745322e-04  9.9880544298960916e-01  4.4251224452585763e-01  2.5091995394902483e-01  1.5164218128057669e-01  
q[313]: 5.1127462791455416e-04  9.5975275791209969e-01  4.8411797014861419e-01  2.9392805967867897e-01  2.4131631942258765e-02  
q[314]: 1.2616892075639646e-03  9.1354896921553452e-01  4.2164800417844045e-01  3.5732770723660184e-01  2.4668001249434565e-01  
q[315]: 1.7982637781127622e-03  8.9460256117267567e-01  5.3726003330747285e-01  5.8774263030798335e-01  1.8830557631297112e-01  
q[316]: 1.5562399780778054e-03  9.6848669728622061e-01  4.6253598074049768e-01  6.2426180812429044e-01  3.4181189859061550e-01  
q[317]: 5.3639105146977353e-04  9.8171227130795991e-01  5.1020674285653944e-01  5.0603903246687554e-01  4.6241195399447860e-01  
q[318]: 6.9985685852762031e-04  9.8471696444928447e-01  5.4525364996537162e-01  5.9969740196998367e-01  7.5740798859777705e-02  
q[319]: 4.4270811379759216e-04  9.8640130046512930e-01  4.6259063559947367e-01  9.1221789139999410e-01  1.0794280050273934e-01  
q[320]: 2.0835903618196998e-03  9.0766212010692870e-01  4.6383067747715018e-01  8.6767590902243075e-01  4.5435433763201832e-01  
q[321]: 4.6146070110296292e-04  8.3091114257151777e-01  5.0324722709869119e-01  8.5050929746045179e-01  8.3035143169360881e-01  
q[322]: 1.5322671193820117e-04  9.3873324978945172e-01  4.2757982937459404e-01  9.8815146000058873e-01  2.3422444732464368e-02  
q[323]: 4.8460732492424508e-04  9.3566232142788830e-01  5.6978164601525383e-01  9.8642219339190107e-01  2.7520134789620404e-01  
q[324]: 4.2129416941059824e-04  9.7323621600910892e-01  4.9608807697124990e-01  9.4777634125673393e-01  7.5152061042543483e-01  
q[325]: 5.0385196130863527e-04  9.7983585581998889e-01  5.1684359515226075e-01  8.1205834103272845e-01  6.8541891767061147e-01  
q[326]: 1.9198796777522738e-04  9.8270379693491750e-01  6.3282854385468179e-01  8.2520723868228618e-02  2.5803534244311140e-02  
q[327]: 1.0316322390025814e-03  9.7437123149047900e-01  6.7896988706289985e-01  3.6854316689919558e-01  1.5699707936676432e-01  
q[328]: 4.9735431557515540e-04  9.5311916464922863e-01  6.4993998704737088e-01  2.5807144398098164e-01  2.3579072160423101e-01  
q[329]: 4.7203748805913826e-04  9.5076379520857468e-01  7.4452943064540467e-01  4.2474252337146601e-01  2.4837577664712715e-02  
q[330]: 1.3572479464047582e-03  9.2934742501220313e-01  6.7949378143430461e-01  7.6157831709715995e-01  1.9478449495587982e-01  
q[331]: 7.4596620946565243e-04  9.8390850958201226e-01  6.9810415063065845e-01  7.2079938466040572e-01  4.6615324650419510e-01  
q[332]: 4.6373177417608288e-04  9.7334749807870147e-01  7.0545607822023504e-01  7.5822458996050712e-01  6.7035136480131197e-01  
q[333]: 2.9220803964637648e-04  9.5438389209180352e-01  6.4834956091204321e-01  9.0513386712811317e-01  1.9267949768174437e-02  
q[334]: 2.1576693244411269e-04  9.7984508137757509e-01  7.5652131118826149e-01  9.7966388736186172e-01  1.1130860354096953e-01  
q[335]: 5.8703334157478608e-04  9.9579320645350988e-01  6.5291234744471749e-01  8.5979897131520644e-01  3.0399711860537593e-01  
q[336]: 3.1360374798846178e-04  9.8167040911446479e-01  6.8939449385556895e-01  9.7838588146572125e-01  6.4307853714455843e-01  
q[337]: 2.1966185811928265e-04  9.5420813228514478e-01  6.7045568946203071e-01  9.8913709004011341e-01  9.1999746752589384e-01  
q[338]: 9.0567745099841464e-04  8.7040605491209300e-01  6.6307746137245693e-01  2.0676164514853987e-01  6.3712379395183913e-02  
q[339]: 2.7722013888600334e-04  9.7358842091995268e-01  8.5330758783144800e-01  1.3979384486498031e-01  1.0235345576317410e-01  
q[340]: 3.4265258837929080e-04  8.8576311260405116e-01  8.4432411963693010e-01  3.4768932381660889e-01  3.3029751454085529e-02  
q[341]: 3.7693844558537746e-04  9.9185107310459353e-01  8.0849560444447754e-01  4.7770469363194740e-01  4.0376122635938261e-01  
q[342]: 6.7182434298778619e-04  9.7790326551413298e-01  8.5065669796508547e-01  5.3572962537462576e-01  1.7056035205672415e-01  
q[343]: 3.0572295263541876e-04  9.2761401492848639e-01  8.0269905626344107e-01  4.6888971990566414e-01  4.6140931238651384e-01  
q[344]: 2.8540806341715804e-04  9.7970315261334040e-01  7.4794223614218414e-01  6.9994918741686474e-01  2.8606127369311240e-02  
q[345]: 1.5631755866282110e-03  9.0732912434833557e-01  7.6265976983030048e-01  6.6668393113294955e-01  3.4080999742271362e-01  
q[346]: 2.1745462935172588e-04  9.9670897274145520e-01  8.7066088240349793e-01  7.7534020881775578e-01  1.1372816219511946e-01  
q[347]: 6.6892137013391587e-04  9.6941995259956226e-01  8.5744177890438900e-01  8.4623270331701206e-01  4.4522851902650434e-01  
q[348]: 3.9616761693421552e-04  9.7674955418911746e-01  8.6224895210998231e-01  9.2738296778514295e-01  7.3137770230608257e-01  
q[349]: 1.7438773644775412e-04  9.8800958051231369e-01  8.0942912487691498e-01  8.8482236372666756e-01  8.5840104467017786e-01  
q[350]: 6.8963468633915985e-05  9.2987032125603053e-01  8.3082985928802633e-01  9.8546820288384407e-01  5.5953567171032580e-03  
q[351]: 2.8357928254162627e-04  9.8191496255443855e-01  8.6598108743330970e-01  9.5766217538807352e-01  3.2234392230839892e-01  
q[352]: 6.8163889804620452e-05  9.5011462573825400e-01  9.3653753284387753e-01  7.4453519592738410e-02  1.9865586778617689e-02  
q[353]: 1.6173309901427801e-04  9.7562823234990270e-01  8.3876366506077504e-01  2.0523081615566202e-01  9.7082210172967556e-03  
q[354]: 2.5183622722365571e-04  9.7674611377049014e-01  9.4184665054339645e-01  2.9731327521501305e-01  1.0281832734315476e-01  
q[355]: 1.0615212860568026e-04  9.7173787969089731e-01  9.6085609602351529e-01  3.0533795833197896e-01  2.8162836944649727e-01  
q[356]: 8.0112443596420631e-05  9.8963261739661001e-01  9.6462787327392174e-01  5.2831197696659060e-01  9.4002177147136066e-03  
q[357]: 2.4251476917733518e-04  9.9608903975490137e-01  9.3892248539850021e-01  5.6134966146540310e-01  4.0755151252445437e-01  
q[358]: 1.8060227491160106e-04  9.6590978971116359e-01  9.5742892781402245e-01  5.8324441010736028e-01  2.0609347077900120e-01  
q[359]: 1.7842164069799236e-04  9.7212931764675803e-01  9.3184380335638239e-01  6.9925466458252994e-01  6.7708442542858716e-01  
q[360]: 1.1828289258541136e-04  9.7575448659472686e-01  9.2023162728148189e-01  8.5641326136706186e-01  1.6621634923816828e-02  
q[361]: 2.6178618260094930e-04  9.7694408304886426e-01  9.5551866246089645e-01  8.1897650215464424e-01  2.2911838144990837e-01  
q[362]: 3.2330485011327823e-04  9.6178596878061062e-01  9.4273715655890900e-01  7.9881689910430231e-01  5.7602768985656327e-01  
q[363]: 9.2766415504581262e-05  9.7170079919807706e-01  9.5058557081191841e-01  9.6820772916041609e-01  1.0329340317021295e-01  
q[364]: 9.8857699977510856e-05  9.8212509640460155e-01  9.6779089890260017e-01  9.7161312322180748e-01  5.5847936984821256e-01  
q[365]: 2.4402043705816422e-04  8.9939275778044303e-01  8.3807677174667072e-01  9.9131762480689944e-01  8.0461161223138633e-01  
q[366]: 7.6820731568599129e-05  9.8248121846981806e-01  9.5907844803456921e-01  9.4766248193791891e-01  8.8966768205001379e-01  

