deg: 14
dim: 4
nodes: 622
efficiency: 0.983923

q[0]:   2.7097116307943272e-05  2.5197767622039086e-02  1.6457235429852564e-02  1.0158420142861799e-01  7.2212783219717205e-02  
q[1]:   5.6126126884931135e-05  8.5841941180553730e-02  3.3957104955470219e-02  1.3096224582133803e-01  1.4297893253214303e-03  
q[2]:   5.2364006588093225e-05  1.9119522096409287e-02  2.3442793032458719e-03  3.1374325438705031e-01  8.0944538551623479e-02  
q[3]:   1.3642810060594416e-04  1.3464912674768664e-01  1.2948085504490367e-01  2.9122216267934997e-01  2.3922417895091302e-01  
q[4]:   9.8423587421408353e-05  9.9288277302671521e-02  8.5042644777865717e-02  3.3380672894512975e-01  3.3417271524979308e-02  
q[5]:   2.4538492978095283e-04  6.9222402261056581e-02  3.2179924659359371e-02  3.9754042719388549e-01  2.5443508007371513e-01  
q[6]:   4.4879597045368868e-05  2.3973112493414189e-02  2.3468818334438889e-02  4.7488861333987986e-01  4.3936771962495874e-01  
q[7]:   1.0887513036315464e-04  3.2839647590989340e-02  1.6247045133728748e-02  6.4213909199389352e-01  7.0023805107107859e-02  
q[8]:   1.2861687715771001e-04  6.0318245431200700e-02  1.0761803669383759e-02  5.8008599089830326e-01  4.2429507162540425e-01  
q[9]:   1.1896258673213258e-04  2.6679781145180648e-02  1.5739752591186703e-02  6.9270974619838277e-01  3.5810923417336138e-01  
q[10]:  5.5878213526679725e-05  2.5885162081398499e-02  1.4525127167072297e-02  8.0995052305457749e-01  7.6336613049768309e-01  
q[11]:  4.6061001520857338e-05  4.4902778167889588e-02  1.5509382256998747e-02  8.7870533971638698e-01  1.8996178891639751e-02  
q[12]:  7.5053472187274796e-05  2.3765412390838844e-02  1.7044942451105403e-02  9.0911432727519736e-01  2.6086931609039299e-01  
q[13]:  1.5186500208994762e-04  4.6528719014481891e-02  2.2790833880138601e-02  8.9916420647326345e-01  6.3801652909063489e-01  
q[14]:  4.5863185414852577e-05  5.1548359366992993e-02  1.4643364266459591e-02  9.8072613818630949e-01  1.1438555748669260e-01  
q[15]:  8.4507834680634718e-05  7.2589114993052095e-02  1.2602445288557007e-02  9.6645755701306013e-01  4.1729370833836693e-01  
q[16]:  7.1349347279231370e-05  7.0714690879717129e-02  4.3845483965654873e-02  9.8922410813683515e-01  5.4776347243357459e-01  
q[17]:  2.7254619118891086e-05  3.7055991336615177e-02  2.3135361091954795e-02  9.9264715486439425e-01  8.3162698747119468e-01  
q[18]:  3.2505372248312939e-05  6.8230945570520243e-02  2.5706320588425868e-02  9.7494344316024872e-01  9.5346807961671187e-01  
q[19]:  2.7006055621946443e-05  1.3663419384220230e-01  1.2395886679952277e-01  3.5315702174522214e-02  1.4799235824783341e-02  
q[20]:  2.0825163199078177e-04  1.2014579118981403e-01  8.8858291260278749e-02  2.0630235997884011e-01  8.7336289141859522e-02  
q[21]:  3.2023627766522285e-04  2.5147103626060102e-01  1.3123210277730399e-01  2.5859961818807131e-01  2.2482786770695984e-02  
q[22]:  2.0903741982543909e-04  8.4865199054861548e-02  7.7860072360846050e-02  4.9808927402406905e-01  1.6973926717292934e-01  
q[23]:  1.2966404864607706e-04  1.3504877258078857e-01  1.1296299756651532e-01  6.4445879748312007e-01  1.3786358474563637e-02  
q[24]:  3.4223944768415455e-04  1.3111463161988340e-01  7.9527149855084314e-02  5.8137835766936830e-01  5.2508747860436633e-01  
q[25]:  6.7495765692040361e-04  2.9078155498183578e-01  1.9571012528588527e-01  7.5134412286257335e-01  7.7577602090023540e-02  
q[26]:  2.9664392371803232e-04  1.0279217070736868e-01  9.2491253617443217e-02  7.3481025114987963e-01  5.4727442467123510e-01  
q[27]:  1.7997447600558007e-04  1.0395298069092271e-01  9.3109068994633767e-02  8.6290387866625873e-01  9.4126293881194784e-02  
q[28]:  2.7190831263395086e-04  1.2926238411559329e-01  1.1697560669563369e-01  9.0282294303220678e-01  4.2013749294252734e-01  
q[29]:  3.3288708163862433e-04  1.6934132852938366e-01  8.2201619825637812e-02  9.2917763853639279e-01  5.8145692223505518e-01  
q[30]:  4.0425352555772547e-04  1.7909643470816553e-01  9.9061643860770057e-02  8.7441019439764744e-01  7.1190535859853687e-01  
q[31]:  1.6936790038381920e-04  1.2185674776762201e-01  9.7846995411263515e-02  9.2362336281278201e-01  8.6041081520085583e-01  
q[32]:  3.5572648316704667e-05  1.0474552216863081e-01  7.8537471175017234e-02  9.8591127360143527e-01  2.0950060112403277e-02  
q[33]:  1.7538600882483453e-04  1.3620330906217673e-01  9.4028594060875062e-02  9.8462328714282998e-01  2.5404143363304538e-01  
q[34]:  1.7383363683791647e-04  1.8035863722254430e-01  1.6012770606034452e-01  9.7777561241716027e-01  7.3048129634600711e-01  
q[35]:  3.8247879060213708e-05  1.5049564398312432e-01  2.0015084759163505e-02  3.5849810521258949e-02  1.6721863632837404e-02  
q[36]:  1.6326104538461205e-04  1.3211061338706606e-01  1.1038709992628562e-02  2.0985258560602896e-01  1.0521353508047142e-01  
q[37]:  1.1170393938206259e-04  8.6037576243149866e-02  2.8767971684757816e-02  2.5183764511498208e-01  2.3499889477344316e-01  
q[38]:  4.9531373997811800e-04  1.9505433579079801e-01  4.8891765022056194e-02  3.6238233118015090e-01  9.3909507588217478e-02  
q[39]:  1.3909241131086604e-04  9.7886555356448232e-02  3.2053080716311723e-02  4.2754809345127198e-01  1.5887807075232740e-02  
q[40]:  2.9673707011981093e-04  1.1184855492310246e-01  1.2222285237778888e-02  5.4772973672628444e-01  1.6742925697742400e-01  
q[41]:  8.0695244185202079e-04  1.7928148869506674e-01  9.4923557430602407e-02  5.5531760282199427e-01  3.1835294118062024e-01  
q[42]:  3.1813729402998278e-04  2.2074049979792823e-01  1.3072081458099403e-02  6.3467695496013621e-01  3.4270132265218489e-01  
q[43]:  4.9219246978178222e-05  9.6371776537695547e-02  8.2647158137117913e-03  5.9232398556335630e-01  5.8490127200775799e-01  
q[44]:  2.2100659539551587e-04  1.5398197583133563e-01  4.8184801035596414e-02  7.5366347093782315e-01  2.5662792520556268e-02  
q[45]:  5.2074311257939920e-04  1.1088570704493016e-01  6.4038221005614182e-02  7.5795401089054038e-01  2.3484178015520080e-01  
q[46]:  2.5000641940477625e-04  9.7445393093360269e-02  1.4255779165506742e-02  8.2019190731203573e-01  4.3028206249171225e-01  
q[47]:  2.1304885580338904e-04  1.0399817900173761e-01  1.7200741912177603e-02  7.5051115691978709e-01  6.5134219255475356e-01  
q[48]:  1.8118112547258570e-04  1.0824360906286426e-01  1.0119046715206496e-02  8.1571607828054515e-01  1.3594964896032388e-01  
q[49]:  6.0254233591354532e-04  2.2013956660543382e-01  7.2374061020632818e-02  8.8950480471461502e-01  3.5501704760638209e-01  
q[50]:  1.1049446912810456e-04  1.5977912886756643e-01  3.8811006869209144e-02  8.6915173000535650e-01  8.6161362491166171e-01  
q[51]:  7.4858318197579390e-05  1.7772767404326659e-01  1.6988289844425894e-02  9.6594585343182804e-01  3.2547216858357451e-02  
q[52]:  1.1761958825208303e-04  1.6714043712523347e-01  1.9119866875322701e-03  9.4898556041333537e-01  2.8932303298369916e-01  
q[53]:  1.3796688840570087e-04  1.8682323930857947e-01  2.9658862545921857e-02  9.9119427330926413e-01  6.7971723512331128e-01  
q[54]:  1.5283929671596949e-04  1.3107314142926194e-01  1.5111623934857621e-02  9.4670895955699408e-01  8.1391506257012358e-01  
q[55]:  1.9078729214916485e-04  1.9704324233191275e-01  1.1003553901188654e-01  1.0422633676590727e-01  8.0621096116392302e-02  
q[56]:  1.9452315503465649e-04  2.0366825501780481e-01  5.6236755208084584e-02  4.1634773872049835e-01  3.9993114353484760e-01  
q[57]:  5.9264685586342479e-04  2.9583480008894769e-01  8.8963621940942997e-02  5.3178806327802219e-01  4.8755061839737039e-02  
q[58]:  6.0918938974759162e-04  1.9760676834829732e-01  1.2353044073746972e-01  5.8754026597600706e-01  1.0435552155761525e-01  
q[59]:  5.0656638874068164e-04  2.5529980259328294e-01  1.3897630843493666e-01  7.6152051856982761e-01  7.1742720445160413e-01  
q[60]:  7.5153922446374646e-05  1.3762422571449656e-01  1.2352974253203372e-01  7.1178043517894241e-01  7.0942085299274016e-01  
q[61]:  2.2853962602894452e-04  2.3354314057006040e-01  1.3516908520692195e-01  9.1763820983845401e-01  2.5904745203348213e-02  
q[62]:  3.1501140051670798e-04  1.7384406779211858e-01  6.0911996786659241e-02  9.2818036074255761e-01  1.3793972564343174e-01  
q[63]:  7.6276551438924777e-04  3.3758601413486000e-01  1.4442416929028074e-01  8.5479870899121657e-01  2.2244849884001019e-01  
q[64]:  6.0177352659961667e-04  3.0607091354603672e-01  2.0279719002634414e-01  9.7140399632594432e-01  5.2570488833927809e-01  
q[65]:  2.1049137072364250e-04  2.5760446955847927e-01  1.1881615182975373e-01  9.8870199439298101e-01  8.6260826195002915e-01  
q[66]:  5.3216542474775238e-05  2.4475742343758577e-01  1.3349095944943412e-01  9.9180361571409614e-01  9.7404077897683683e-01  
q[67]:  1.7977406683266736e-04  2.9905468383994294e-01  2.7326612921474996e-01  1.6331889490650256e-01  1.3922905337549893e-01  
q[68]:  1.6981368750297319e-04  2.5344424819206307e-01  2.3837837787051966e-01  1.8080809793221889e-01  3.4247359149525813e-02  
q[69]:  8.1705458557721259e-04  2.6512035109493737e-01  2.0631678270945994e-01  3.7085783227156410e-01  1.5766912893164819e-01  
q[70]:  3.1696362492141536e-04  2.4913914142506025e-01  2.2232731552243407e-01  4.4682960108778447e-01  3.9388326066803168e-02  
q[71]:  4.4726539961951697e-04  2.3485799059282733e-01  2.1509715728530723e-01  5.0959306157681472e-01  3.8898282077139618e-01  
q[72]:  2.3212381905409594e-04  2.3241019233629281e-01  1.7945768500724854e-01  4.1053178257760231e-01  3.9678532087206353e-01  
q[73]:  1.3648063645116623e-03  3.5987457511096660e-01  1.8343696981883909e-01  6.3252975726664462e-01  2.4457426625942227e-01  
q[74]:  2.9404764104128231e-04  2.1348037862510769e-01  2.0707773435165425e-01  6.2856714550775150e-01  2.7475945206159907e-01  
q[75]:  3.2451662951492620e-04  2.4665623823525429e-01  2.3766738295688158e-01  7.4630329592004430e-01  1.5541390158543603e-01  
q[76]:  8.3521072218851957e-04  2.3162036662350088e-01  1.7007143217489509e-01  7.7416564890744433e-01  4.2360232961518735e-01  
q[77]:  1.0603007446083919e-04  2.6356303412959414e-01  2.4337145877939811e-01  8.3987188588393968e-01  6.7135691839429216e-03  
q[78]:  3.6729747004947899e-04  2.9214095211190089e-01  2.7621634391932931e-01  8.7407139723483374e-01  5.9985045827926176e-01  
q[79]:  1.3818489672137553e-04  2.3938234209263184e-01  2.2148442810648439e-01  9.6921893156104821e-01  9.1959334106805776e-02  
q[80]:  1.0986237397726241e-04  2.5509172738870584e-01  2.4754784418925846e-01  9.8430946561653887e-01  3.9625452176253179e-01  
q[81]:  3.1307417278720348e-04  2.6586109754405773e-01  2.4804845331286463e-01  8.0209257187643257e-01  7.1797382564138101e-01  
q[82]:  4.7342431819712652e-05  2.4402418924804756e-01  2.3243008268069809e-01  9.8906826800781489e-01  9.4238808075167435e-01  
q[83]:  1.4599053506727638e-04  2.7871956774406170e-01  2.9311831339130061e-02  1.5954819532421838e-01  1.4800974301985767e-01  
q[84]:  3.4214836104012143e-04  3.1005656167292139e-01  5.8207641265100571e-02  1.4424426890834008e-01  5.2614160828420950e-02  
q[85]:  1.0910222025982950e-04  2.6111556206121295e-01  7.2814067925153440e-03  2.5194107761798029e-01  1.1425942898409409e-02  
q[86]:  5.6576199266656474e-04  3.0918432745980118e-01  3.3458192462414257e-02  4.1841898050421733e-01  2.0736582178817453e-01  
q[87]:  7.0068991964518411e-04  2.5416457828234057e-01  1.1277311634381128e-01  3.1646988216221555e-01  2.2678578567315091e-01  
q[88]:  2.6232531543957354e-04  1.9887561055043315e-01  8.2361103956736029e-03  4.3228003199039133e-01  3.5063506408492484e-01  
q[89]:  8.3859720678086609e-05  1.9663435533555498e-01  4.0450378084749211e-03  5.9169829671360463e-01  1.0832070603839663e-02  
q[90]:  2.6960770349999063e-04  2.6236228545639284e-01  2.6314340211498703e-02  6.5250908794906859e-01  1.1604625124982863e-01  
q[91]:  9.2933623299633339e-04  3.2386988929852456e-01  1.0147762627966364e-01  5.6754371483586163e-01  4.7176743510002284e-01  
q[92]:  3.9510741507898720e-04  2.9017137490010436e-01  6.5344233221650505e-02  7.8789590436449097e-01  9.6904176487311297e-02  
q[93]:  5.8579111641751756e-04  2.6823838972693265e-01  6.3193208243578394e-02  7.0958941074761350e-01  2.5704395704695010e-01  
q[94]:  6.3419812704457082e-04  2.0738270059318911e-01  4.7116152232719866e-02  7.2457662792031352e-01  5.0426629733749373e-01  
q[95]:  2.4472768790242971e-04  2.7583430385526853e-01  3.3570673050790076e-02  6.7759155575582408e-01  6.5730329859248426e-01  
q[96]:  2.1314720447889577e-04  3.1410374065332297e-01  2.7811975666823949e-02  8.6684862609985003e-01  2.6616250702611945e-02  
q[97]:  2.0391457215544225e-04  2.9134439710099641e-01  2.0796975657477825e-05  7.9193356602840626e-01  1.9434732977827057e-01  
q[98]:  3.0840642056568536e-04  2.4885445345319662e-01  1.1226208861010662e-02  9.0353869046323332e-01  5.4437272767933376e-01  
q[99]:  2.3011715452848761e-04  2.7407275002671483e-01  1.0289033265333106e-02  8.3115256851033714e-01  7.2415307247871186e-01  
q[100]: 1.6949561368428576e-04  2.9873910677719412e-01  3.4509554583680088e-02  9.8196607861235152e-01  1.4806174109522210e-01  
q[101]: 2.3558017527015708e-04  2.5751740271972634e-01  7.5770499368351091e-02  9.9087413486717979e-01  3.7731147612899774e-01  
q[102]: 6.0855348315772505e-04  3.2059632608979571e-01  8.5347007786043760e-02  8.6853725307487428e-01  6.5327821932584174e-01  
q[103]: 1.0012137946078773e-04  2.7351470531046834e-01  2.2111602337996528e-02  9.7428671080271556e-01  9.3499576822865416e-01  
q[104]: 6.7978539714851430e-05  4.0534967790825011e-01  9.5449864258998957e-02  2.1980238059149317e-02  1.0684319049142091e-02  
q[105]: 6.0868955576744968e-04  4.3558027880283295e-01  1.5942012630066010e-01  2.4640558698495574e-01  1.4073465452323586e-01  
q[106]: 3.6402789320017593e-04  4.2377983531568497e-01  1.1664593105583965e-01  2.8165330369216485e-01  2.6156840181465163e-01  
q[107]: 5.3295283035744519e-04  4.2433555788620536e-01  1.4070687138993773e-01  2.9119703911045935e-01  5.1418502498064456e-02  
q[108]: 2.6830752947168342e-04  4.3576828441382537e-01  7.2172715447132385e-02  4.0192533131427266e-01  1.0105243511827707e-02  
q[109]: 9.5226986484252003e-04  4.0985751243443397e-01  1.5994482309442626e-01  4.9670049235064856e-01  3.1127207091385245e-01  
q[110]: 6.0658806808698996e-04  4.8719757826832266e-01  1.2115086101295841e-01  6.6920088275339651e-01  6.2887691614699115e-01  
q[111]: 3.4632991153243329e-04  4.0924724214715946e-01  1.7239556417453178e-01  7.6624371873420360e-01  7.9605114746968166e-03  
q[112]: 7.1385681951270554e-04  4.3104764330478984e-01  1.1892516849857362e-01  9.1177944621742624e-01  1.0517521388123005e-01  
q[113]: 9.0589046002926058e-04  4.4112353129916787e-01  1.3298069077199937e-01  9.2693258787316513e-01  4.0590774903710536e-01  
q[114]: 4.0834026736616494e-04  3.4238963893331276e-01  9.3123742738650664e-02  8.9437373780393148e-01  8.4126894547566611e-01  
q[115]: 7.8959942596847771e-05  3.6077757369448182e-01  1.2781360590851631e-01  9.8515269548491236e-01  8.5306940151348310e-03  
q[116]: 2.6267354661195226e-04  3.5043640573068213e-01  2.2334169151750288e-01  2.3541021482432464e-01  2.1811506555048027e-01  
q[117]: 1.1240183669737700e-03  4.2084192450059710e-01  2.4736261868128637e-01  4.3804514777164655e-01  1.2759413031439881e-01  
q[118]: 2.8739124931640434e-04  3.7278190499511621e-01  2.0331352570017749e-01  5.3378880329511036e-01  5.5588585486366247e-03  
q[119]: 9.8704118722688430e-04  3.3689918895142784e-01  2.4092398175037261e-01  6.7882752107526056e-01  5.3975496906596132e-01  
q[120]: 3.7935171157833678e-04  3.9782850876311310e-01  2.2612568878691366e-01  5.7624949577330853e-01  5.6883324891708142e-01  
q[121]: 1.1432687256257886e-03  3.7516450502221810e-01  1.9095371860420229e-01  8.1617032022486180e-01  5.1755408985760543e-01  
q[122]: 6.8050388313487323e-04  2.7400458091515822e-01  2.1569967508002347e-01  9.0574393588615665e-01  2.3583759506680382e-01  
q[123]: 1.2620111166720128e-04  3.0204302903513292e-01  2.4484229356861528e-01  9.0839580495338168e-01  9.0556951266879959e-01  
q[124]: 1.8045670353595918e-04  3.1892128239564649e-01  1.7099540428110824e-01  9.9263236291914625e-01  1.0435791883230980e-01  
q[125]: 3.3982049373073334e-04  4.4705216354232707e-01  3.2646311947078488e-01  9.7593632187739676e-01  3.4591313515129074e-01  
q[126]: 4.8695495424799231e-04  3.3859093101287252e-01  2.5972398145298636e-01  9.2871947455393633e-01  7.4984544250802088e-01  
q[127]: 5.7642077292576170e-05  4.0470904683182929e-01  1.1507877538627870e-03  8.0968611839615873e-02  2.5999183447143862e-02  
q[128]: 4.0730622288518456e-04  4.6790074119293712e-01  4.4619663499306350e-02  2.9711868669778829e-01  1.1341011557038362e-01  
q[129]: 2.7702656475367605e-04  4.0494867502363480e-01  1.3943028517894175e-02  2.8516268905714992e-01  2.1028797437133992e-01  
q[130]: 2.7631546836878669e-04  3.7849468694769844e-01  6.9563025521958283e-03  4.7815868552867158e-01  8.1885879918855459e-02  
q[131]: 3.0394718904497043e-04  4.2536262523022011e-01  4.0282150856084296e-02  4.3624177006139164e-01  4.2098966889835687e-01  
q[132]: 9.1224648803244033e-04  4.7906533431041876e-01  1.1864606617669043e-01  6.8378635322855796e-01  1.2039754745066937e-01  
q[133]: 4.3953517977345449e-04  4.6379125899809170e-01  1.5101724590538053e-02  6.0154214633516079e-01  3.5190804003531417e-01  
q[134]: 3.5989728111503010e-04  3.7952206850186831e-01  1.1438140099769602e-02  6.4197699451100509e-01  5.2296953317061956e-01  
q[135]: 4.3584336596323291e-04  4.6365989727850754e-01  4.0260813388672906e-02  6.8094992481052719e-01  2.8684354195622569e-02  
q[136]: 9.2978790356749367e-04  3.9151201682543435e-01  4.6541107963422680e-02  7.8655619490476170e-01  3.6409980555247479e-01  
q[137]: 8.1846396965615730e-04  4.6605376324606729e-01  7.4002111212652405e-02  7.8249726323624069e-01  5.9568171900569378e-01  
q[138]: 1.9366889858229655e-04  4.9358671883798311e-01  1.7581182453378628e-03  8.6292156911851636e-01  1.0502845689575101e-01  
q[139]: 3.7893469444801574e-04  5.0618840088247175e-01  8.5755014847568953e-03  8.4856710533993651e-01  5.1818451264014465e-01  
q[140]: 1.1760181004647383e-04  4.5038397087347309e-01  1.6711863103311589e-02  8.4004001656490168e-01  8.2796335008798105e-01  
q[141]: 9.3528833754530941e-05  4.6007175967543784e-01  2.4115439177077140e-02  9.8106628859779488e-01  4.0152116438866917e-02  
q[142]: 2.8199657307175765e-04  3.8710718163441821e-01  2.8366144728635388e-02  9.7717275279896632e-01  5.0300542436409412e-01  
q[143]: 3.3516296038211597e-04  4.1791313433223670e-01  2.3447501322386644e-02  9.5927318645259707e-01  7.8437050875259151e-01  
q[144]: 7.9742708915940682e-04  4.2076086896471721e-01  7.7355332790053730e-02  5.2743112649054336e-01  2.0127455126603358e-01  
q[145]: 1.1215309837449262e-03  5.0052301341259797e-01  1.3725805262351062e-01  6.6619962491328499e-01  4.2011277553216891e-01  
q[146]: 3.6367809633017250e-04  5.2416176011113391e-01  7.4898106528941938e-02  8.3485360556775967e-01  7.8483726232240991e-01  
q[147]: 3.4871395705511491e-04  3.9231637317080953e-01  2.4923291160459257e-02  9.3211834784864400e-01  2.4930202334685311e-01  
q[148]: 5.0728777507699817e-04  3.8604694238224713e-01  1.1749025406485210e-01  9.6910369837428845e-01  6.8171955508275195e-01  
q[149]: 1.3552595652127088e-04  4.6769685887279616e-01  1.4736868322111152e-01  9.6258156201749245e-01  9.5531308860067166e-01  
q[150]: 2.6965481871649285e-04  4.6531137424205393e-01  2.3078036991123937e-01  8.7548687267911929e-02  7.2613539289355905e-02  
q[151]: 1.9926932917438915e-04  3.2320842788110099e-01  1.8404487913429549e-01  8.8392808747542642e-02  1.2461358281852434e-02  
q[152]: 9.9172676302525329e-04  5.9414653393760397e-01  2.6607206089323548e-01  3.4258092631008741e-01  1.9632521590401272e-01  
q[153]: 9.3892558953059281e-04  5.6060588627574170e-01  1.7035989429918433e-01  4.5111005094265549e-01  7.7741884725236549e-02  
q[154]: 9.9413717443830340e-04  4.2806357169338100e-01  3.0458357794457463e-01  4.3244310507226191e-01  3.5233505835371948e-01  
q[155]: 1.0107482871569155e-03  5.6596511373928526e-01  2.8564804215370732e-01  6.1763780490256537e-01  6.1813263342133003e-02  
q[156]: 1.3569721348020934e-03  5.1702204301895327e-01  2.6651413157486681e-01  7.6888441795743601e-01  1.6608872598066432e-01  
q[157]: 7.5704660919385068e-04  4.6393660266805081e-01  2.2954429538435656e-01  7.9784344598099244e-01  6.9958288749535202e-01  
q[158]: 6.2009214430850691e-04  4.3606681634963279e-01  3.0685181746198131e-01  9.0412493077028577e-01  7.4844786046394093e-02  
q[159]: 4.9438358050366503e-04  4.4101196830551592e-01  2.3619491315006075e-01  9.7707859190754220e-01  2.4414986233612385e-01  
q[160]: 9.5509420771037567e-04  4.9758488262249323e-01  2.6342745469715556e-01  8.8428232985770450e-01  4.6348866023102975e-01  
q[161]: 4.3574098472902543e-04  4.0728289923894151e-01  2.4932900930670004e-01  9.3227388744703998e-01  8.6558743601934096e-01  
q[162]: 5.7290353837608551e-04  4.2162877571385138e-01  3.2225026208762531e-01  1.9544291120946128e-01  8.9361376922829486e-02  
q[163]: 2.1701453255388006e-04  6.0453720391289578e-01  4.8153719257795130e-01  1.2576961056711394e-01  3.5282918152229142e-03  
q[164]: 3.1860893245010211e-04  4.1985604116181846e-01  3.0600452284926161e-01  3.6580498178708015e-01  1.2828787073284272e-02  
q[165]: 3.9417117487239534e-04  6.4832061609112457e-01  4.8611337235028318e-01  4.3643198404203987e-01  4.2511388309426928e-01  
q[166]: 1.6028976419615521e-03  5.4543026026415253e-01  3.2602007066241889e-01  6.6160197932317966e-01  4.2466158132160181e-01  
q[167]: 8.6332523526418418e-04  6.0200036123982748e-01  4.1453212532034445e-01  6.6194698959206788e-01  5.9441441603367307e-01  
q[168]: 3.8917055920713968e-04  4.7866077891878411e-01  3.9411003654472121e-01  7.8367465669633618e-01  7.6406310745596362e-01  
q[169]: 7.8098874445180601e-04  4.9187036301041365e-01  4.0612693593140975e-01  9.1598672639795076e-01  5.5331073250488871e-01  
q[170]: 8.5679534263093928e-04  5.2306332327001115e-01  3.8725569259007375e-01  8.4712592241356366e-01  3.1676693608868972e-01  
q[171]: 6.0141718417794235e-04  5.0659186855307359e-01  3.0702219320213903e-01  9.7735503751025143e-01  7.1988199524814978e-01  
q[172]: 1.1686557620026717e-04  5.1699731677225003e-01  3.6643657535245994e-01  9.8416909349864101e-01  9.6041026619085612e-01  
q[173]: 9.0083624207842707e-05  3.7655538071363198e-01  3.3446032322364572e-01  4.3097823061223256e-02  1.9713058128164852e-02  
q[174]: 3.4873045287909420e-04  4.0178722931145500e-01  3.9140077831661196e-01  3.3013594093737902e-01  2.0824000826592207e-01  
q[175]: 2.4372622196843071e-04  4.6725831745359975e-01  4.3844094489041430e-01  3.4158114432560366e-01  3.2550267654849607e-01  
q[176]: 2.2481402630623114e-04  4.5018106654191919e-01  4.1801448835202332e-01  2.6789975597384114e-01  1.8730614365994984e-02  
q[177]: 9.6773197496996728e-04  4.3753054287149745e-01  3.6106580310249020e-01  6.0163574706562373e-01  1.3945436431907673e-01  
q[178]: 2.7581645119202029e-04  3.8577715459487022e-01  3.8027614432870399e-01  4.7735125361924846e-01  1.3093920849253279e-01  
q[179]: 3.4133537992133176e-04  3.9991327527631559e-01  3.6607194906468898e-01  6.3158397098604957e-01  2.5171878027513479e-02  
q[180]: 1.0608493960473201e-03  4.2527534314991272e-01  3.6862273442337706e-01  5.7581982198389203e-01  3.2785690236881543e-01  
q[181]: 2.9915161702728912e-04  3.6144908559973582e-01  3.4042904021370402e-01  5.9969853273327522e-01  5.6910460396102580e-01  
q[182]: 4.9050301499066896e-04  4.9643267477454711e-01  3.7212498930619975e-01  7.5906032685182068e-01  4.0997813714752057e-02  
q[183]: 8.4894229463371065e-04  3.8741672405701821e-01  3.0783686759930656e-01  7.6511161411339645e-01  2.9260739234235650e-01  
q[184]: 2.9533679284632071e-04  3.8921706602399381e-01  3.7659630030623903e-01  7.3880733527745668e-01  4.3993447778067246e-01  
q[185]: 2.8645375555632404e-04  4.2636597280779204e-01  4.1378686892130623e-01  8.5506215679521880e-01  9.3977287309551710e-02  
q[186]: 4.2229356485766093e-04  3.9425457153268362e-01  3.7363754583430719e-01  9.0026842092661707e-01  3.8939941873034473e-01  
q[187]: 9.7243581722934172e-04  5.1231429203826206e-01  4.1464961019209945e-01  8.1305627191077801e-01  6.4235680478551349e-01  
q[188]: 1.7481934250824642e-04  4.2537740473677410e-01  4.1298191655362737e-01  9.1312077274435177e-01  8.4930792292328172e-01  
q[189]: 1.0624833732378093e-04  4.0418693432871766e-01  3.5719803066505607e-01  9.7492951636662784e-01  1.5561708856467451e-02  
q[190]: 2.8100312754175287e-04  4.3691604058287142e-01  4.0277922746373246e-01  9.7483814456106410e-01  1.9020800254150030e-01  
q[191]: 1.2614604249270941e-04  4.1174210887016555e-01  3.9065536297929543e-01  9.9484487593427540e-01  6.3332741441205831e-01  
q[192]: 1.9866913911648041e-04  4.3874673684933041e-01  3.9153933090046056e-01  9.8484662650184085e-01  8.5450610267399896e-01  
q[193]: 1.5342981096837444e-04  5.5195403861507264e-01  4.7397043951678472e-02  8.5211078940061968e-02  7.3070412863192033e-02  
q[194]: 1.9383147757573660e-04  5.8844084937353125e-01  8.2063966750365713e-03  2.2614432378152088e-01  7.6904351789329833e-02  
q[195]: 2.5238285574300732e-04  6.3265012992414482e-01  2.1976710191300021e-02  2.6527637704592483e-01  2.3699752581253342e-01  
q[196]: 2.5308747548898649e-04  5.6562410326417600e-01  2.5089553047149799e-02  3.5258680966107026e-01  3.9490588706532770e-02  
q[197]: 6.2221437960574934e-04  6.6010617955496120e-01  8.5980183843697003e-02  5.1626569097955100e-01  1.3487694979179929e-01  
q[198]: 2.0588012190113014e-04  6.1569439279255134e-01  9.8977862096172094e-03  4.9023402337379784e-01  4.0704677622026614e-01  
q[199]: 2.3083606976793849e-04  6.5258677830741263e-01  2.3602222277659093e-02  5.4966134790634469e-01  2.0739769375998078e-02  
q[200]: 3.6374127720564331e-04  6.5893288295576624e-01  6.5787455668382270e-03  5.4607222511685449e-01  2.6120804293182975e-01  
q[201]: 1.7151377571791073e-04  5.6213864960439974e-01  1.4033638383055833e-02  6.3570676092266976e-01  6.0937578062136177e-01  
q[202]: 6.3681875660529723e-04  5.4723779780493498e-01  2.2679649291618299e-02  6.5743487604325102e-01  1.7938182542785328e-01  
q[203]: 1.1423136358157048e-03  6.8050785877786357e-01  6.8899959555582188e-02  7.2003449650996565e-01  4.2575413138361917e-01  
q[204]: 4.0297359322517134e-04  7.2471005229393504e-01  1.5055870064240459e-01  7.7547240268720086e-01  7.5640472389983893e-01  
q[205]: 1.3191517632939827e-04  6.6284856515925417e-01  2.8423292378494100e-02  8.3733588514567170e-01  6.8442196762346086e-03  
q[206]: 1.1221396130774882e-03  5.7727698480249912e-01  7.2618384757207735e-02  8.4827757576953422e-01  2.5105812675373906e-01  
q[207]: 4.0614178964330311e-04  6.1592351281242519e-01  1.7714714156522114e-02  8.5731524308144691e-01  7.2349116761041299e-01  
q[208]: 2.2945218856548598e-04  6.4211424770531322e-01  2.3603454354650850e-02  9.6686480517296824e-01  1.5223094961074357e-01  
q[209]: 2.6981915685194037e-04  5.9189473752347233e-01  1.4275658288219870e-02  9.5864410041931858e-01  4.0599641063552788e-01  
q[210]: 2.1838261248862393e-04  6.2655603485062461e-01  3.7202928742778987e-02  9.9276207784578085e-01  6.8036713337182464e-01  
q[211]: 9.3791003295613562e-05  5.3798466325362593e-01  2.6840388995501702e-02  9.7358707424693980e-01  9.4834265316167776e-01  
q[212]: 6.2006808492037508e-04  5.9397228448393713e-01  1.3732336761322411e-01  1.8350114016157246e-01  1.3329652208856149e-01  
q[213]: 2.8584178412401100e-04  5.3868766746643659e-01  8.6449678349816705e-02  1.4837663909709919e-01  1.2952743450879087e-02  
q[214]: 1.0564553864867354e-03  5.5888502954382302e-01  7.9583609335959454e-02  4.5244329461740024e-01  3.3182259085883931e-01  
q[215]: 3.2556484117242081e-04  6.8665010167717533e-01  1.6366785615670171e-01  4.2223685948495493e-01  9.2426026743464458e-03  
q[216]: 1.0925751331217477e-03  6.2503833492527539e-01  1.7246260809399031e-01  6.5001025891526631e-01  2.4846604728302712e-01  
q[217]: 3.0911224188849058e-04  6.6959725449062368e-01  1.1142108917545870e-01  5.6532120451435242e-01  5.5510101413252655e-01  
q[218]: 6.5775561603103249e-04  6.6944768468742899e-01  5.5864895643956518e-02  6.7991859168618052e-01  5.7110185473733666e-01  
q[219]: 6.8848543247111108e-04  6.1124572918580844e-01  1.1912285135124716e-01  8.1015893871621014e-01  7.1612787081129545e-02  
q[220]: 1.1625423791603762e-03  5.9927041833955608e-01  1.0529665156265641e-01  9.2071401492019411e-01  5.8327671442562457e-01  
q[221]: 4.9814879334849054e-04  6.4702761467068137e-01  1.2273512719403376e-01  9.3607544879084748e-01  8.5161169673818415e-01  
q[222]: 1.3790652779989247e-04  5.5564940474425384e-01  6.6985307869493874e-02  9.2757055250755260e-01  1.5544627606019434e-02  
q[223]: 2.2493497504503301e-04  5.1952379576837282e-01  8.0195398499696591e-02  9.9608788513121327e-01  2.6064919006500165e-01  
q[224]: 2.2476382554631607e-04  5.1301735759606826e-01  1.2786770701814323e-01  9.9170120214570812e-01  8.7679637911703434e-01  
q[225]: 3.4955825630218518e-04  6.3958232891383804e-01  2.5277647492325156e-01  8.2102876029488209e-02  2.1862558061842646e-02  
q[226]: 3.9497903832069395e-04  7.3559773156474240e-01  1.5022310626814098e-01  3.0038238363503156e-01  2.8817997399189171e-01  
q[227]: 3.9128699019489653e-04  5.7587283373846632e-01  2.8685804225250355e-01  2.4036730034225670e-01  1.2979592935493547e-02  
q[228]: 8.4976214851153217e-04  6.4315859232701766e-01  2.5799313827900588e-01  4.7433993164727656e-01  1.9877236007504478e-01  
q[229]: 5.7103264596922642e-04  5.3255232385252915e-01  2.4222596231442123e-01  4.2862369274301104e-01  3.9708019996341942e-01  
q[230]: 3.5747326593334216e-04  6.3868805891392699e-01  2.0343011844027364e-01  6.2432171891459565e-01  8.6923965386327337e-03  
q[231]: 1.0491386994506892e-03  6.6567992675770826e-01  2.0106429432841785e-01  7.5420250674170108e-01  6.1953779663578568e-01  
q[232]: 1.4402458645179394e-03  6.0098967056242047e-01  2.1856274152780308e-01  7.7913322310159139e-01  3.6732668796328632e-01  
q[233]: 1.0294172427531010e-03  7.2494776859443721e-01  2.7602685728699417e-01  8.5262623164128348e-01  5.9795307947835608e-01  
q[234]: 3.0261121951288724e-04  5.3376589669031560e-01  2.4010106432743836e-01  8.0032656937366353e-01  7.9654099613326423e-01  
q[235]: 3.3484168052232355e-04  5.5754054450679991e-01  2.4194030557838700e-01  9.1464976986794044e-01  1.3981368633526649e-02  
q[236]: 9.8756091507708329e-04  5.7179215084607027e-01  2.3584724499394044e-01  9.0926870760822731e-01  7.4330272627280947e-01  
q[237]: 3.9903238445213458e-04  6.7728269736154978e-01  2.6750561417223051e-01  9.7061664964701000e-01  1.2455977672890833e-01  
q[238]: 4.2210379853884850e-04  5.8925312752358261e-01  2.0784651986963271e-01  9.9771242979673636e-01  5.1963402383499901e-01  
q[239]: 2.2333969960862513e-04  6.3198476376196167e-01  3.1635514023761413e-01  9.8624036997726938e-01  9.2492292044716917e-01  
q[240]: 3.6365895182994412e-04  6.2931503177022663e-01  3.5065969453580109e-01  2.3314956222546998e-01  2.2610492750526343e-01  
q[241]: 4.0032137725222623e-04  5.1630363107848098e-01  3.1028095038954046e-01  2.0422768772576008e-01  5.9493791485582800e-02  
q[242]: 9.7115292777919090e-04  6.0324865915289450e-01  4.2129753919079976e-01  4.7024302938499918e-01  6.6291195907269271e-02  
q[243]: 1.1302735862373414e-03  5.9872623502500233e-01  3.8421596554689075e-01  4.4955734157697697e-01  2.5624846469158646e-01  
q[244]: 8.8079406937650558e-04  6.1529717043285082e-01  2.8768539355944683e-01  6.2743333026179260e-01  5.2450860105660124e-01  
q[245]: 4.7772356124147169e-04  7.1895729165487832e-01  4.9947204079770935e-01  7.6542697368086487e-01  1.7626115052762494e-02  
q[246]: 9.0805215227538784e-04  6.5415897891986330e-01  3.9161620864329583e-01  7.8853670553672262e-01  2.8241469846144746e-01  
q[247]: 1.2761521003133954e-03  6.6822659024624009e-01  4.3732425873770869e-01  8.4847873166529597e-01  5.8606732283744856e-01  
q[248]: 5.5772525092885454e-04  6.2912936083877524e-01  4.3523434866804006e-01  9.0151104371733437e-01  8.4899998748824690e-01  
q[249]: 2.2986864504598986e-04  5.6631487300416583e-01  3.6102260852131851e-01  9.8680883630351801e-01  5.5123913724222720e-02  
q[250]: 6.9753072590316963e-04  6.4599986404942566e-01  4.1321217438099778e-01  9.1219247616771537e-01  1.5405036443908393e-01  
q[251]: 6.9870328857368834e-04  6.2595990767965470e-01  4.2201552659786545e-01  9.6682222975682486e-01  4.0889419484205225e-01  
q[252]: 1.0732421608448786e-04  5.8616280350383643e-01  4.2769209915459866e-01  3.0818475078509277e-02  2.0020822882596712e-02  
q[253]: 5.6310428182328035e-04  5.4777762727069890e-01  4.2014698106574438e-01  2.5570952077400960e-01  1.9585227540069847e-01  
q[254]: 2.9096150727398471e-04  6.2742690457127981e-01  4.7907617467853025e-01  5.7858747143111022e-01  8.5922146890147471e-03  
q[255]: 1.5562438534455372e-03  6.5680953672325282e-01  4.7343024037273079e-01  6.2629344418669430e-01  2.4530352495678945e-01  
q[256]: 3.9558801632864324e-04  5.6555428814291409e-01  4.8753281136726251e-01  5.9473394595165452e-01  5.5412535852280476e-01  
q[257]: 1.7732723801317386e-04  5.9915087136311018e-01  4.9674676468849738e-01  8.9545302126112347e-01  8.2500223993579539e-03  
q[258]: 2.8748496660009197e-04  6.5228021384472445e-01  5.3947776639740308e-01  9.8553929200471280e-01  1.4958156929553013e-01  
q[259]: 7.5249087361613221e-04  5.8181718418621153e-01  4.9347713707999569e-01  8.7402310372846115e-01  1.8247398056152642e-01  
q[260]: 2.0235823409258421e-04  6.3887837087172583e-01  5.1682191295952962e-01  9.9391516665868052e-01  6.4130466668629404e-01  
q[261]: 2.8265803256884533e-04  6.7043934968174512e-01  5.3296466609599358e-01  9.8501515916079674e-01  8.4217504653615127e-01  
q[262]: 2.1360815500209935e-04  5.9363143009654418e-01  5.3806189239415592e-01  1.2472585577539362e-01  1.1279850717055337e-01  
q[263]: 1.5542146528984432e-04  5.3634855602158327e-01  5.2564330821581062e-01  1.1842798251712765e-01  4.4690484073127167e-02  
q[264]: 8.2630001683134835e-04  5.6993994367234491e-01  5.0667647587283382e-01  3.4091809238398751e-01  9.8358145513098849e-02  
q[265]: 7.2654348611006026e-04  6.0824669974164181e-01  5.1968847793358797e-01  4.4875142258947898e-01  2.6425922432772803e-01  
q[266]: 2.6597338318411489e-04  5.8521215153386874e-01  5.7295205797385351e-01  4.9164124352579741e-01  3.4935051947451320e-02  
q[267]: 4.7474221505140279e-04  6.0088485265697278e-01  5.7286012173603418e-01  4.8182819058358772e-01  3.9283160287200092e-01  
q[268]: 9.2816337148797273e-04  6.2781577491497675e-01  5.6085737402797786e-01  6.9316081562276921e-01  1.1225849868805923e-01  
q[269]: 5.6068870752023646e-04  6.2647329231477988e-01  6.1178187161414554e-01  5.7172399347985770e-01  2.3425241436722719e-01  
q[270]: 1.0986262696844286e-03  7.2723457918403478e-01  6.1235657050333236e-01  5.8768822809468069e-01  4.5640012697437871e-01  
q[271]: 3.7224993349725417e-04  5.0947608799271804e-01  5.0042782855398171e-01  7.6504294204015499e-01  2.3711460333472809e-01  
q[272]: 1.2597673430683703e-03  6.2974392816668845e-01  5.5195367298038711e-01  7.5496087173474269e-01  4.1145332530198175e-01  
q[273]: 4.8151157843203616e-04  5.0874094554558358e-01  4.9540496359175706e-01  6.9873525641990164e-01  5.3920970221851172e-01  
q[274]: 1.7786467620872233e-04  5.9292340702379454e-01  5.8069206851887334e-01  7.9985099379165470e-01  7.6783691815864108e-01  
q[275]: 1.2883243456618087e-04  5.6973344862927144e-01  5.5063915907152772e-01  8.2086173380898830e-01  1.8924303092430154e-02  
q[276]: 2.5463546538320270e-04  6.2999203302526807e-01  6.1289502773113635e-01  9.3518989239142658e-01  2.9129347665958222e-01  
q[277]: 4.2939861035575893e-04  6.5304358167167254e-01  6.3334319919982884e-01  8.7890056951892293e-01  4.6569271852689764e-01  
q[278]: 6.0191856513856009e-04  6.4097105539450761e-01  5.7775604536333225e-01  8.9277542910242802e-01  7.5606511737356508e-01  
q[279]: 1.5244368455164420e-04  6.1520777311005848e-01  5.9558442634985109e-01  9.6782309156221902e-01  5.6137587304212158e-02  
q[280]: 2.3172068191133221e-04  5.7434895073839620e-01  5.3495657318864820e-01  9.8842584210059781e-01  4.1059600500314036e-01  
q[281]: 2.1331558964743036e-04  5.3930473189182693e-01  5.3055448512979275e-01  9.3475868795345884e-01  6.7453503566405726e-01  
q[282]: 8.3341953653683908e-05  5.6934113043394152e-01  5.3093575365002244e-01  9.7623665316689701e-01  9.6133736453359153e-01  
q[283]: 1.2820907120854484e-04  7.8243047929058473e-01  6.6607722541018773e-03  1.8182574948658176e-01  1.0125718592106629e-01  
q[284]: 1.0513902841513935e-04  7.1609224164821272e-01  3.1952311661233995e-02  5.9623181031131622e-02  1.6235413210805526e-02  
q[285]: 6.5555880901489673e-04  7.8028083970042472e-01  5.0113779140528822e-02  3.5913155147898496e-01  2.2248603206614373e-01  
q[286]: 3.1133585903966545e-04  7.9355757437566132e-01  1.1927967945300341e-02  4.2472011727851416e-01  7.9083450022290017e-02  
q[287]: 2.5668436559556150e-04  7.9068450433418225e-01  3.8091289785096398e-02  4.5256772286862190e-01  4.3287889991519152e-01  
q[288]: 3.9136085517521671e-04  8.6004922230924130e-01  3.5162549104629251e-02  5.5987687713491285e-01  2.4839499382728125e-01  
q[289]: 3.1423723573874963e-04  8.0153387362974493e-01  6.7304759846246532e-03  6.2141584343875877e-01  4.5939206483458606e-01  
q[290]: 3.9295555056098993e-04  7.3126099580375192e-01  1.5671540676643787e-02  7.8180604368976192e-01  1.0652674630736333e-01  
q[291]: 7.1194459418474985e-04  7.8259534067275172e-01  9.2484820457948286e-02  7.2665105836128296e-01  2.6525147657828141e-01  
q[292]: 1.4352641823016832e-04  7.7321632204861868e-01  1.2734288488482353e-02  7.5371221514806552e-01  7.3396149075590011e-01  
q[293]: 6.3908050324378474e-04  8.2374899389363698e-01  7.6077656385283188e-02  8.9844816249197901e-01  2.0370683147316740e-01  
q[294]: 5.1571980041353828e-04  7.2556073942905530e-01  1.7956216741047751e-02  8.3787782807961309e-01  3.6551859249518265e-01  
q[295]: 3.4490597628861620e-04  7.8107497269961412e-01  1.6989139214787011e-02  8.9254395987955049e-01  6.3564281329435002e-01  
q[296]: 1.9698254596349683e-04  7.4559716143106658e-01  4.5790296101548097e-02  9.1531309995676269e-01  8.9125692222392316e-01  
q[297]: 5.9590565151572937e-05  7.6136783430569177e-01  1.8733063462487896e-02  9.7908293311342820e-01  2.0831258223933381e-02  
q[298]: 1.1118117458036495e-04  8.2160469889426957e-01  6.6848207382541429e-03  9.7739058051281391e-01  2.4239191262980866e-01  
q[299]: 3.4215416013063461e-04  8.1273984926782505e-01  3.9622462616442158e-02  9.7005644930298318e-01  5.0689761036509773e-01  
q[300]: 8.7966717487487884e-05  7.1545568972396367e-01  1.2070237420876843e-02  9.8888485440449370e-01  8.7943287804081038e-01  
q[301]: 8.1409380889666886e-05  7.5406733369075396e-01  1.8139981002537106e-01  2.0148326221738441e-02  1.3293684932300293e-02  
q[302]: 4.2252644040031891e-04  7.7087956564556892e-01  1.1605184531581288e-01  1.5935484610805756e-01  8.4097214853313770e-02  
q[303]: 2.5663582391067928e-04  7.5346721128555760e-01  6.0529816073612269e-02  2.4382761111131393e-01  1.0783315313263150e-02  
q[304]: 7.7858040211463170e-04  6.5757308469370468e-01  8.3007012946524503e-02  3.8567147363323662e-01  1.6704496860819518e-01  
q[305]: 8.0599661125117447e-04  7.4843650213618962e-01  9.6149201797571263e-02  6.0559808287323080e-01  7.0530569466979373e-02  
q[306]: 4.5480671920542946e-04  8.0950811311976578e-01  1.0308837754467312e-01  5.2562666561545124e-01  4.4923372530017203e-01  
q[307]: 8.3386306032550339e-04  8.2346983885093483e-01  1.0611707912357406e-01  7.8436017433879146e-01  5.5253649467593868e-01  
q[308]: 4.2962849850955925e-04  7.2583867001697033e-01  9.9486885049990370e-02  9.3835967995554570e-01  8.4890612623451323e-02  
q[309]: 7.3312918630069417e-04  8.2372752397320215e-01  2.5389518446289966e-01  8.6904009515316516e-01  7.7322254137469393e-01  
q[310]: 1.5370226328770492e-04  5.7689635643533377e-01  1.3921152593810246e-01  9.8893513977426661e-01  7.1740822827352779e-02  
q[311]: 5.5904660774841681e-04  7.2392051357921205e-01  1.1219245877612433e-01  9.7214736601549867e-01  3.4869813986036041e-01  
q[312]: 6.0343139069472102e-04  7.7680767546653373e-01  1.1157246814137545e-01  9.4617195853333080e-01  7.4867242861564698e-01  
q[313]: 8.2438364215889083e-05  7.7479491661429845e-01  1.4698124683713418e-01  9.9892452743008875e-01  9.7920063300244653e-01  
q[314]: 9.4671262844671594e-04  7.3573400928892818e-01  2.0047512705476556e-01  2.6192980060393317e-01  6.7694956894159941e-02  
q[315]: 5.7550477609467909e-04  7.3638410789562714e-01  3.7745721036736962e-01  3.8631976780861860e-01  1.8559465136176824e-02  
q[316]: 7.1760808037866629e-04  6.3810864059959771e-01  2.0313186979881695e-01  4.5521613495399682e-01  3.9787306226937652e-01  
q[317]: 4.1813587624332121e-04  7.3969037483625244e-01  2.0368622404735043e-01  7.8974238763036075e-01  2.3534647764726427e-02  
q[318]: 1.0944087171848279e-03  7.9315680907935215e-01  2.3138792175859324e-01  7.2767603318082008e-01  1.7655057922722869e-01  
q[319]: 1.0627749853287260e-03  8.5812845741110322e-01  2.8902963190875974e-01  7.8375725976591337e-01  5.1223447766815700e-01  
q[320]: 8.9358436791100190e-04  7.4970918741931214e-01  2.3007782474322594e-01  8.3665464071935947e-01  1.6899617856938096e-01  
q[321]: 1.2556591412193753e-03  7.6921330022456758e-01  1.8799826861030744e-01  8.9155397955183524e-01  4.3051006389581747e-01  
q[322]: 2.6544118498973224e-04  7.1548626412817662e-01  2.6734038500879004e-01  9.2297512683005911e-01  9.1306205743333435e-01  
q[323]: 9.7579845968526183e-05  7.5155123795637457e-01  2.1216770906449031e-01  9.9027980528030468e-01  1.0757485874956566e-02  
q[324]: 8.6191140833177858e-04  6.0962834581827274e-01  2.2616335549401637e-01  9.3865366070109912e-01  2.4178992093931695e-01  
q[325]: 2.6031816111207751e-04  7.8641236588433272e-01  3.3027231816459640e-01  1.1988808040778982e-01  1.0986818881426844e-01  
q[326]: 3.3927281612151238e-04  8.3809131292427130e-01  3.9452905709387270e-01  1.2283766638634429e-01  1.8504985633604892e-02  
q[327]: 1.0829436443019838e-03  7.9430103571358357e-01  3.7841502875863103e-01  6.2226252472552346e-01  6.3505365181279111e-02  
q[328]: 1.4303283293095460e-03  7.4353947581157109e-01  3.4810875195381158e-01  5.7763773968193133e-01  1.8893671494286018e-01  
q[329]: 1.7298408511952300e-03  7.9370181236816251e-01  4.3359002376392713e-01  6.2077547040227454e-01  4.3400539023939821e-01  
q[330]: 5.2312193016428846e-04  7.3383900680937564e-01  3.4787957741339542e-01  5.9758535571980564e-01  5.8260850448707746e-01  
q[331]: 9.2938554284986859e-04  7.6470593033044110e-01  3.8450070754799920e-01  7.4585174791990549e-01  3.9837348901040848e-01  
q[332]: 7.8144186850884212e-04  7.3203826529716343e-01  3.9834322289897911e-01  8.0880860854146286e-01  7.5205863622009927e-01  
q[333]: 7.8866431390468177e-04  6.9567980755692738e-01  3.5813589547672126e-01  8.2963751076590309e-01  6.4381885769350389e-02  
q[334]: 7.5314573679488941e-04  7.0726145759055847e-01  3.7247794538991463e-01  9.5561668182756132e-01  5.8335527473380300e-01  
q[335]: 8.9612685631036172e-04  7.4168352654111724e-01  3.4763616818077209e-01  9.2600876013875355e-01  3.5803791702151383e-01  
q[336]: 5.6964840644246472e-04  6.9816169395451033e-01  4.3858775653438686e-01  1.4623968396193349e-01  8.7355229586317681e-02  
q[337]: 8.1883221608534268e-04  7.3183199347812711e-01  5.0480460951113104e-01  2.8911146673458454e-01  7.2219625424297551e-02  
q[338]: 8.5747599733619303e-04  8.1870737370896740e-01  5.7674902774305981e-01  3.9303998558036102e-01  2.0494405885335487e-01  
q[339]: 1.1370131800770094e-03  7.6761012598484946e-01  4.8827197633853070e-01  4.3278217384353362e-01  3.5917112655625072e-01  
q[340]: 7.6497556565937111e-04  7.9559200126721452e-01  5.7867568075599873e-01  5.7070759755340761e-01  1.8189977824889764e-01  
q[341]: 3.2134657897910128e-04  7.6816132428352379e-01  5.8548015246873719e-01  7.0619166487600027e-01  7.0200022474961243e-01  
q[342]: 1.1936761583189906e-03  7.7565083840231930e-01  5.5128590980103398e-01  7.6017392941910200e-01  1.4124905471176100e-01  
q[343]: 1.2905325638703107e-03  8.1887307045664681e-01  5.6766923801644942e-01  8.5485020393811129e-01  4.2602462494367882e-01  
q[344]: 6.5808549951390028e-04  7.6828512653112446e-01  5.2980676013007788e-01  9.4113319218873137e-01  7.4136954426336676e-01  
q[345]: 8.7285164037898718e-05  7.3382587142597855e-01  5.4020687283126190e-01  9.8037165470129428e-01  3.9263175956397185e-03  
q[346]: 3.9677944034738853e-04  7.6652475763968619e-01  4.9252014407988748e-01  9.9171051118438014e-01  2.5654940708590207e-01  
q[347]: 4.0448895062352607e-04  8.6148927961418242e-01  5.9206007573494857e-01  9.8597382472036832e-01  5.3188618399544052e-01  
q[348]: 5.2730738570601094e-04  8.9750557909965534e-01  5.2429839867970329e-01  9.2256341524158303e-01  7.6933348374050170e-01  
q[349]: 7.3800967642695766e-05  8.1781851816126039e-01  5.2321739590021343e-01  9.9457523924282953e-01  9.8400044373201101e-01  
q[350]: 4.0094111132851464e-04  7.3961044209526683e-01  6.3314969728458259e-01  2.1868934633764969e-01  1.1962621166074865e-01  
q[351]: 2.0704749160400612e-04  7.5902316284290772e-01  6.5511346856098152e-01  1.2799957366906051e-01  3.6543197976612624e-02  
q[352]: 4.6899882860987411e-04  7.4075898875740354e-01  6.0145751591694785e-01  2.8143227582286717e-01  2.2966502764024935e-01  
q[353]: 3.9161461232699627e-04  7.2942060990991486e-01  6.3061955020306559e-01  3.9573176266246612e-01  1.4388355912548540e-02  
q[354]: 8.8232469358819684e-04  8.0003857659397748e-01  5.8773358854926150e-01  7.7649331952043665e-01  6.5135763245070688e-01  
q[355]: 1.0380425434562022e-03  7.6270828441600047e-01  6.3708627868821677e-01  9.0549486083951647e-01  3.0825211363798644e-01  
q[356]: 4.9620248797814699e-04  7.1832585729251675e-01  6.0836105065294011e-01  9.5708844763901879e-01  5.4362609979626619e-01  
q[357]: 2.0366001869307114e-04  7.2451835844008716e-01  6.1712738786772248e-01  9.0983493158393058e-01  8.9774148591401037e-01  
q[358]: 4.9248438257742076e-04  7.5542727761259121e-01  6.5015681159404348e-01  9.0668409851440868e-01  6.4454200687131646e-02  
q[359]: 1.5119257722497517e-04  6.9453578367744095e-01  6.7108717190713496e-01  9.7899373899804620e-01  7.3954737202143517e-01  
q[360]: 8.6987011565270035e-05  7.6064791801703668e-01  7.2368161388421259e-01  4.1975760065220177e-02  1.8098728423832488e-02  
q[361]: 2.6833826527589393e-04  6.7608354927605741e-01  6.6881431042719530e-01  2.8420682485193693e-01  1.8113888521212279e-01  
q[362]: 1.9217849732577563e-04  7.4355649540722546e-01  7.0497372707251660e-01  2.9798170630761051e-01  2.8661995636159104e-01  
q[363]: 2.6029081764005526e-04  7.4586677492960751e-01  7.2418038731711076e-01  2.4120521948699397e-01  3.2216795396787408e-02  
q[364]: 3.0674535243630814e-04  8.1185096763229392e-01  8.0224260925199764e-01  5.2011450290456163e-01  9.0241425602433506e-02  
q[365]: 8.0660811651155149e-04  7.7400641470926590e-01  7.0197772444171047e-01  4.4375340443326067e-01  1.7341509386510559e-01  
q[366]: 3.9992100798777566e-04  7.8228978740029320e-01  7.6219403885345383e-01  5.7695894899349420e-01  3.7689276314477804e-01  
q[367]: 7.5977507109465097e-04  8.0351404475072308e-01  6.7951933601312375e-01  5.7585630656259990e-01  9.5799308907902392e-02  
q[368]: 8.5609814646726433e-04  7.7739577825812423e-01  6.3080160640617233e-01  7.3863062359021014e-01  4.6536956004500973e-01  
q[369]: 1.8104293135648588e-04  7.0568722646923998e-01  6.8480069396868493e-01  5.8058358956581879e-01  5.6668030271778946e-01  
q[370]: 2.7230995433820426e-04  7.2996158140659828e-01  6.9345202011632756e-01  7.0159143567442239e-01  2.3731328686813380e-02  
q[371]: 9.0190596784282459e-04  7.9519730127452659e-01  7.5052811596486435e-01  7.4892842973477858e-01  2.6653398140167145e-01  
q[372]: 3.8509522294045962e-04  7.5705412554672402e-01  7.4814370115165807e-01  7.7740978828227114e-01  5.6936797718083987e-01  
q[373]: 5.9757404886674368e-04  7.6872978444751561e-01  7.0485381902991195e-01  7.5842756830478286e-01  6.8748060589422499e-01  
q[374]: 2.6739585852656882e-04  7.3975298686543400e-01  7.3157904427683040e-01  8.4139833193918279e-01  1.2929458027863341e-01  
q[375]: 6.1845982042541987e-05  8.1511975667660752e-01  7.7057112520191517e-01  9.8687035191602068e-01  2.3805674754270076e-02  
q[376]: 2.2005516612393956e-04  7.8281607869383596e-01  7.5382331043500539e-01  9.7417184428607873e-01  2.1697036517686480e-01  
q[377]: 1.8834926490121539e-04  8.0710548982507180e-01  7.8414591448303450e-01  9.8042889517450216e-01  5.2010588723467355e-01  
q[378]: 1.2035557191579918e-04  7.3479878710661839e-01  7.2149172175269771e-01  9.6659620497773302e-01  8.9275431601748723e-01  
q[379]: 4.5319757823131882e-05  9.2108931199920241e-01  2.9050868539047623e-02  4.2880000190642330e-02  2.8107948680165463e-02  
q[380]: 2.3709110067763106e-04  9.4567891895275547e-01  6.8313105859835410e-02  2.1734773574420604e-01  1.3048044415582652e-01  
q[381]: 1.4720292438687399e-04  9.0282139080791657e-01  5.9958256926209742e-03  3.3374063677342414e-01  2.8355316196173136e-01  
q[382]: 1.4401332267885701e-04  9.0544676554289882e-01  1.7482883257541368e-02  1.9776310957144183e-01  3.6930296554781777e-02  
q[383]: 5.8986793593713866e-04  8.9109081430004644e-01  9.6223509088483802e-02  3.5840598889991865e-01  1.1354495437017215e-01  
q[384]: 5.6970349359633543e-04  9.1952657252102432e-01  7.5060055976964232e-02  5.3105252408298920e-01  3.8716302041357442e-01  
q[385]: 5.6683409889847364e-05  8.7652601081623660e-01  1.0275164793651019e-03  6.0816388942312272e-01  5.3587721733891758e-03  
q[386]: 2.4530291380226067e-04  9.2216003531696411e-01  4.3816497490502898e-02  6.1913402047483412e-01  5.8998946750914560e-01  
q[387]: 4.2074570374649932e-04  8.5694294869434640e-01  3.0337427968959507e-02  6.8420295904105011e-01  1.8914992911129028e-01  
q[388]: 3.3651079177539898e-04  9.1158699557569933e-01  2.2163073684521722e-02  7.3797275812150298e-01  4.3019414541758738e-01  
q[389]: 1.3664677650628731e-04  9.0593985741803340e-01  4.6752416278461294e-03  8.1688761951648481e-01  6.9718838340498612e-01  
q[390]: 1.8884693092766674e-04  8.9194351475250055e-01  1.7779018071916168e-02  8.8792279737354340e-01  5.8347225660832600e-02  
q[391]: 2.2559102563419540e-04  9.2062086870079129e-01  1.0091238702559031e-02  8.8041913400824834e-01  3.2027072306455401e-01  
q[392]: 2.0912885844923666e-04  8.8894111681608134e-01  4.3222022458680669e-02  9.3460895313980907e-01  8.4525370170924674e-01  
q[393]: 2.0055344978534969e-04  9.1033255383663403e-01  1.5387772381551509e-01  8.9325118776303669e-01  8.7732285866008963e-01  
q[394]: 1.2721030977030760e-04  9.0076578414533170e-01  7.4533218707496560e-02  9.9334146929751332e-01  9.6133511044011202e-02  
q[395]: 1.2320511592827692e-04  9.0218615330691787e-01  2.4583458986775955e-02  9.8030702416091553e-01  7.2997312411971549e-01  
q[396]: 2.9166132528921483e-05  8.9401109765295173e-01  1.4135218559048460e-02  9.7417737894667211e-01  9.6279233234599726e-01  
q[397]: 1.3677368093112857e-04  8.4343761075658563e-01  5.8029118629961164e-02  1.3967550892950412e-01  1.3416958588312369e-01  
q[398]: 9.7062819528029179e-04  8.4638631756233518e-01  2.2434076497591687e-01  4.5497581436704737e-01  8.0474762680716586e-02  
q[399]: 3.0127894020009116e-04  8.9463697418197663e-01  8.8319254003454972e-02  4.2201565513352285e-01  1.6475763557968304e-02  
q[400]: 3.2781975713715481e-04  9.4260935782202460e-01  1.8929534531853498e-01  4.5419141174841754e-01  4.3243531426050319e-01  
q[401]: 2.9872662941764303e-04  8.4910313201516086e-01  7.7788981928969422e-02  7.3666346305064079e-01  2.0939325312747715e-02  
q[402]: 5.5753745313607888e-04  9.0541006552156689e-01  1.6429066201306117e-01  7.2140067650651052e-01  8.1886581840783013e-02  
q[403]: 5.5860617869143427e-04  8.5134220772952840e-01  9.1528208955501011e-02  7.7706327743693548e-01  6.9483128274867412e-01  
q[404]: 2.3172853773395044e-04  9.0842336301686033e-01  2.0279342404358322e-01  6.8490907531551348e-01  6.7849603670141445e-01  
q[405]: 1.8604118028374167e-04  8.5646197706182348e-01  1.2970374837917928e-01  9.2662512463208491e-01  1.9530930921049777e-02  
q[406]: 4.1002787377363302e-04  9.1684766600155931e-01  1.5418702408822380e-01  9.3372648423212568e-01  2.6494106520469435e-01  
q[407]: 4.4376756677015210e-04  8.6403423158186132e-01  1.8585213533474484e-01  9.7907119470716653e-01  5.8474430802818400e-01  
q[408]: 1.4609050897515402e-04  8.9463888744774589e-01  1.4158980110400624e-01  9.9458565327856174e-01  8.8838854120778987e-01  
q[409]: 2.5134593470262036e-04  8.8897338622347755e-01  2.5598478893930271e-01  1.1587852638220517e-01  9.0612635018553267e-02  
q[410]: 2.2765101260867161e-04  8.9006577512474927e-01  1.4686000773976490e-01  1.0739165796462272e-01  1.8510822496739875e-02  
q[411]: 1.0287011429456082e-03  7.7539900825022667e-01  3.1631807957848673e-01  3.0474208671525121e-01  2.2495495222339121e-01  
q[412]: 7.4045141100233182e-04  8.7346085521637684e-01  1.8277392932236156e-01  3.2965085302944624e-01  2.5313947860567421e-01  
q[413]: 3.3511260660687279e-04  8.9063434294009181e-01  2.6758764178072686e-01  5.7801541146185731e-01  9.5956422064082877e-03  
q[414]: 1.5015542803478762e-03  7.4883470558571297e-01  2.0195376696150338e-01  5.5364927327283431e-01  3.5530694968207227e-01  
q[415]: 9.7892790229808790e-04  8.3780937764171448e-01  2.4738435736628508e-01  6.0410537343195958e-01  5.3014212543557004e-01  
q[416]: 6.5340370341352740e-04  9.0232062109242150e-01  2.5157931402130523e-01  8.8628753572639785e-01  9.2843973988322684e-02  
q[417]: 3.1555671458917558e-04  8.3098125079518326e-01  2.2663141159335576e-01  9.9020158977565254e-01  1.7840983268114730e-01  
q[418]: 3.4917840703079764e-04  8.4738580549011322e-01  3.2727902532062042e-01  9.9367186379827155e-01  3.9171976346527126e-01  
q[419]: 3.8295559167886674e-04  7.5307204587251031e-01  2.5786207466151240e-01  9.9346962494605495e-01  7.5743733487777976e-01  
q[420]: 5.2865699977207054e-04  7.4443346112781106e-01  3.7898781702112927e-01  3.0682927954826211e-01  1.0573962882295961e-01  
q[421]: 1.3180443139598533e-03  8.8189721228759632e-01  3.5459830128840514e-01  4.3805172623168609e-01  2.0749841509847519e-01  
q[422]: 3.4882684473678806e-04  8.5902093533692403e-01  3.7562751035755421e-01  4.1728377464454480e-01  4.1315775758190459e-01  
q[423]: 2.4672661103709832e-04  8.9989412327376239e-01  4.0387054708781056e-01  7.5097797672753808e-01  4.8870619733094190e-03  
q[424]: 5.1898717319597421e-04  8.7617446594383996e-01  4.0797529752961481e-01  7.5484122542403609e-01  7.1863332529151192e-01  
q[425]: 2.8395527898884636e-04  8.3177047529026316e-01  3.3701558574290408e-01  9.0697956008577751e-01  2.2632374295061819e-02  
q[426]: 7.1088477772620067e-04  8.7962705568996336e-01  3.9877528813243718e-01  9.2212695110131371e-01  2.0678702644399197e-01  
q[427]: 4.0858667946707181e-04  7.9005807076295176e-01  3.9959752315538100e-01  9.6803386448528117e-01  8.5028335589696935e-01  
q[428]: 1.7511558143722835e-04  8.2050124894060839e-01  5.5265301300495140e-01  4.4185456968271419e-02  2.2426098324754354e-02  
q[429]: 7.2888887052339774e-04  9.0343872850776152e-01  5.0031909107923811e-01  2.0263969870738191e-01  1.0288156192569572e-01  
q[430]: 4.5796800186549111e-04  8.8230427808909839e-01  5.7480267603658464e-01  2.5710175532462914e-01  2.3536387284615209e-01  
q[431]: 9.9554884160101345e-04  8.8052802064605962e-01  5.2726411563528075e-01  4.3775535582341490e-01  9.2782239106008316e-02  
q[432]: 8.7152607199710117e-04  9.0233721964791724e-01  6.1464583012728746e-01  6.0206399897734153e-01  5.5441109826365631e-01  
q[433]: 8.2783023418790029e-04  9.1844027528844685e-01  5.3578700581313798e-01  7.8900328778446782e-01  7.9635002228056473e-02  
q[434]: 8.7606866030395867e-04  8.9446845646583961e-01  4.7373684967380342e-01  7.8422412475361680e-01  6.1547192860572209e-01  
q[435]: 1.0516738064106136e-03  8.4167167954502164e-01  4.4550602955623309e-01  8.2490358956552146e-01  2.5859746015460988e-01  
q[436]: 9.1337883326883269e-04  8.8172893297807997e-01  4.1584837439463801e-01  9.4596535150719852e-01  5.9811028014021383e-01  
q[437]: 1.9389073324730456e-04  8.3555174834226453e-01  5.4804761211973052e-01  9.2679731673790389e-01  9.0674437478172232e-01  
q[438]: 3.6743331628437241e-04  7.9740813804208377e-01  4.4851168519897888e-01  9.5880732415336267e-01  5.1278499156946808e-02  
q[439]: 5.4650658484757346e-04  9.3027568098725311e-01  5.8658671908722237e-01  9.5126365964719972e-01  3.7292793482846559e-01  
q[440]: 3.3781062639567331e-04  8.5584888612670706e-01  6.3066054339439803e-01  2.2307540806056675e-01  9.8123448760724444e-03  
q[441]: 1.0897165061523335e-03  8.8544371682640521e-01  6.8523892747880644e-01  5.5631229823525341e-01  3.2131259337235607e-01  
q[442]: 4.7547958437433132e-04  8.5529848631503036e-01  5.9410084480251235e-01  5.6852896456855351e-01  1.5463655814592039e-02  
q[443]: 1.0219336127458387e-03  9.2029237966930344e-01  7.0116411515182508e-01  7.5023625173482178e-01  2.3736819486636715e-01  
q[444]: 2.7102786495808310e-04  8.9056928364483079e-01  6.5575109401775455e-01  8.8765370891198603e-01  1.5212303648280592e-02  
q[445]: 5.0501693025247201e-04  9.0125318320454639e-01  7.0804607838473388e-01  8.7875719759711890e-01  8.1340771134598921e-01  
q[446]: 5.4769309328744507e-04  8.6065436482497759e-01  5.9178911465148576e-01  9.3692995401403034e-01  1.4842878310246047e-01  
q[447]: 4.6627944862017931e-04  9.5300088138928885e-01  7.3993004920880012e-01  9.2357228966572213e-01  2.1242969882688803e-01  
q[448]: 2.6890414275820346e-04  8.8802782931082092e-01  6.7568117873265710e-01  9.9259403431210036e-01  7.3302619558163207e-01  
q[449]: 2.0642671774615906e-04  8.5832358747181881e-01  6.9350019960246156e-01  1.2102433311116401e-01  1.1073175872746986e-01  
q[450]: 3.7172774712675453e-04  9.4160900718514629e-01  7.1291439165116566e-01  2.8532962259015643e-01  1.0049160003072440e-01  
q[451]: 5.5910768311532872e-04  9.0335551000695857e-01  7.7715400874113183e-01  3.9363018521326232e-01  6.9088314072652299e-02  
q[452]: 4.1927572638934574e-04  8.6306154068664098e-01  7.3210630297468604e-01  4.6401283206505034e-01  4.4538553501712319e-01  
q[453]: 4.6451980215560869e-04  9.7376226391089715e-01  7.9695530628833766e-01  4.8398346286888089e-01  3.8548049930584044e-01  
q[454]: 1.5668219193056950e-04  9.2303759507899330e-01  8.2196744925414955e-01  7.5864707964713252e-01  7.5143825628373528e-01  
q[455]: 4.0404950935816098e-04  8.6503253597440988e-01  7.6011415985297814e-01  8.4932383754101592e-01  1.2079854728206731e-01  
q[456]: 1.7885650114180161e-04  8.9109457987064478e-01  7.3029430044505816e-01  9.9125777059295717e-01  8.9148280999001558e-02  
q[457]: 3.0947561597768241e-04  8.7311718300877439e-01  7.5935023979011895e-01  9.8797143893526840e-01  3.4990695608752170e-01  
q[458]: 1.8222555760739174e-04  8.3005248158926215e-01  7.1111578277254417e-01  9.8432907589055452e-01  9.1862068144616937e-01  
q[459]: 1.3107807202357807e-04  8.6050449019340813e-01  8.4651201146271626e-01  1.5359443414003798e-01  1.2258792948849156e-01  
q[460]: 3.0393613333693528e-04  9.0203815217471406e-01  7.9318580136283512e-01  1.4555104888050169e-01  5.2734536553291925e-02  
q[461]: 5.4415971093553267e-04  8.6103212577809973e-01  7.7978216810925560e-01  3.7594007313854366e-01  2.6956180167509636e-01  
q[462]: 1.3669596414064394e-04  8.8935355146891115e-01  8.5262575336897362e-01  5.4671024104658772e-01  7.9982316838562734e-03  
q[463]: 2.1332702643675971e-04  8.4926268713738096e-01  8.3028767773662482e-01  4.5815549356881791e-01  3.9069360410534593e-01  
q[464]: 4.2061551529597500e-04  8.8272740172520969e-01  7.8011850011451078e-01  7.3587178633781636e-01  3.9954982229977627e-02  
q[465]: 2.7457733341498656e-04  9.1323414275374037e-01  9.0096419913500381e-01  5.3705559826236915e-01  2.7782418536340614e-01  
q[466]: 6.7885815993699427e-04  8.8588774446883045e-01  7.9399400744703474e-01  6.8448149933739566e-01  3.4817326657950598e-01  
q[467]: 1.8104855056355523e-04  8.9748845266272548e-01  8.7627597422496628e-01  6.3512405857656684e-01  5.9606586741874290e-01  
q[468]: 1.9804568519576817e-04  9.1993890247893984e-01  9.1162303989986915e-01  7.4045869984879209e-01  1.1946597724174098e-01  
q[469]: 6.6903848223638586e-04  9.2069205661907305e-01  8.2674721632376702e-01  6.6676205584050818e-01  5.4097032596173300e-01  
q[470]: 9.0090235774491334e-05  8.4882362331703320e-01  8.3055354165477413e-01  8.8831657677020404e-01  1.2804125651570429e-02  
q[471]: 4.1068875053589996e-04  9.3074742045315240e-01  8.6573939115856868e-01  8.7781829683187829e-01  2.5239109449191460e-01  
q[472]: 3.7734715690697661e-04  9.3863126599325619e-01  9.0988300333621064e-01  7.8297761452665371e-01  5.0054518222264055e-01  
q[473]: 1.6256055253341915e-04  9.0130012070569798e-01  8.8902826084125708e-01  8.7689995094008633e-01  7.5648928312224217e-01  
q[474]: 9.5309371777095564e-05  8.3218507222278360e-01  8.1372881222657178e-01  8.7416315314206050e-01  8.5702901735492154e-01  
q[475]: 1.6032393459745615e-04  9.1176685376622446e-01  8.8672288722214454e-01  9.5614642124250637e-01  1.2867106196643549e-01  
q[476]: 2.6078917300276152e-04  8.7144917303054070e-01  8.6079782218592049e-01  8.8873639652995606e-01  4.1065758411926190e-01  
q[477]: 1.0869725308533876e-04  8.9375203891460420e-01  8.7079157817519015e-01  9.8595471334357554e-01  7.5950264200352979e-01  
q[478]: 3.5799982569962108e-05  9.9469062266492392e-01  1.3877565300725708e-02  1.5478233320649418e-01  1.1260896023391534e-01  
q[479]: 2.5351646731175017e-05  9.9063362615620720e-01  5.0786814962769579e-02  1.0398072222654826e-01  3.4636415677314963e-03  
q[480]: 1.4768598069570996e-04  9.8437767971711065e-01  9.9351426875974869e-02  2.7406760087304161e-01  7.4763874070939818e-02  
q[481]: 6.9985039131039814e-05  9.7924187942760688e-01  1.7521353843509696e-02  3.7037111844347281e-01  2.7277120327662770e-02  
q[482]: 2.0896988973626192e-04  9.6307478939287017e-01  1.2498938736393553e-02  4.3125823536089397e-01  2.0787871585386170e-01  
q[483]: 4.1083224761399677e-05  9.8542232584489720e-01  2.2242093855879750e-02  4.3540722074517357e-01  4.2172486042120599e-01  
q[484]: 2.7671208756003819e-04  9.4234526570461430e-01  2.9349668831327540e-02  6.0108787763627691e-01  9.3343108668671057e-02  
q[485]: 1.1616395431129870e-04  9.8376075023267417e-01  1.4545187969738044e-02  6.5037816243246638e-01  5.2832072056802759e-01  
q[486]: 5.1684124904900972e-05  9.8841260584969237e-01  1.3804201783988277e-02  7.7075167589402271e-01  3.6728307114721179e-02  
q[487]: 8.0078199865073603e-05  9.9376649518608584e-01  9.4344446056166646e-03  7.3705990943383126e-01  2.6143716725213600e-01  
q[488]: 1.6125638064176293e-04  9.8184507232925977e-01  2.9033004112701471e-02  8.6897507824554454e-01  6.1776636251063355e-01  
q[489]: 6.9785939086748465e-05  9.7275741927279202e-01  3.0048184368651268e-02  8.2448963342811887e-01  8.1042241607468579e-01  
q[490]: 3.8850080975701677e-04  9.6065178981084121e-01  7.0682002333572122e-02  8.1234983687258477e-01  1.5031874279089744e-01  
q[491]: 1.5692530549195455e-04  9.9578851660637868e-01  7.9646895591209008e-02  9.2373431430395525e-01  3.8801868516494342e-01  
q[492]: 6.0697465952135260e-04  9.1827905960841172e-01  8.3226056446717878e-02  8.8648672932458983e-01  5.0724565547993095e-01  
q[493]: 2.8781559087732959e-05  9.7205092604583787e-01  3.0692619629071657e-02  9.7076951938081002e-01  1.4616416779947862e-02  
q[494]: 8.0292048923661397e-05  9.7935921952924410e-01  2.0264799359809963e-02  9.6062525203059690e-01  1.7507925056204332e-01  
q[495]: 5.1405135869185016e-05  9.7131838796061398e-01  5.1040108361173906e-03  9.7816238637860042e-01  5.3623790651629033e-01  
q[496]: 3.6734259696118184e-05  9.8777663746461475e-01  1.8306064759251034e-02  9.7007521100303951e-01  8.8436367280059702e-01  
q[497]: 7.0923014241507942e-05  9.7372193276912156e-01  1.5791159325310655e-01  5.8051606210085642e-02  3.6601086255951855e-02  
q[498]: 1.4866620260092157e-04  9.5479986036292386e-01  1.0174490612391386e-01  2.5982619425689424e-01  2.4681654490728824e-01  
q[499]: 1.8382614000158508e-04  9.7215921174086883e-01  1.9933357062191082e-01  2.6681896521906145e-01  1.7251966734050498e-02  
q[500]: 1.6257168495629977e-04  9.9165007007018791e-01  8.2209761025288014e-02  4.1913178125637313e-01  3.2243223462502707e-01  
q[501]: 1.4999262461007056e-04  9.8307717115973103e-01  1.0814940010275206e-01  6.0298098466182237e-01  2.3786010897633898e-02  
q[502]: 1.0236292981665060e-04  9.9589415685062288e-01  7.4656515000993032e-02  4.9156330383104119e-01  1.2287691759669456e-01  
q[503]: 3.6981148592477947e-04  9.8111926556885454e-01  7.9611397388771446e-02  6.7181383611366707e-01  3.4672942914245936e-01  
q[504]: 1.2189704154676118e-04  9.9808362690684227e-01  1.4142624508558022e-01  6.6097660633250699e-01  6.2113295453520068e-01  
q[505]: 7.5477438007148681e-04  9.1487988400882536e-01  1.5501335636785288e-01  7.9011946512210984e-01  3.2098540901210981e-01  
q[506]: 5.6284631088451094e-04  9.5746462060957571e-01  1.5242851595195411e-01  7.2571221731294988e-01  5.5903022548319492e-01  
q[507]: 8.7666580788693977e-05  9.6645366912123865e-01  1.1660393390515274e-01  8.5002733148994614e-01  6.0244705220856114e-03  
q[508]: 3.2815348752944810e-04  9.9199390540005494e-01  2.1753282706828617e-01  7.8297623768146463e-01  2.2394370974007341e-01  
q[509]: 2.2865132246546884e-04  9.7567058072135127e-01  1.0276921361375532e-01  8.6003581393222472e-01  7.5754487961455708e-01  
q[510]: 1.3544041826515655e-04  9.8803550933351081e-01  1.2921691361924131e-01  9.3323955266159986e-01  8.9105137269209475e-02  
q[511]: 1.5990645319822287e-04  9.3881369422284111e-01  7.6928729998814269e-02  9.9223093578991961e-01  3.5751793703789864e-01  
q[512]: 1.5698584715421952e-04  9.7415638486490985e-01  9.9053235830829922e-02  9.7354577867393199e-01  7.2646691919044004e-01  
q[513]: 4.6959511771288910e-05  9.7742921664645810e-01  1.2062250190669922e-01  9.7434114014696049e-01  9.5689164487786171e-01  
q[514]: 7.9719788673380645e-05  9.9853993467734814e-01  2.1490395741047871e-01  1.6509033413569757e-01  1.2572298051221564e-01  
q[515]: 4.9713980677863691e-04  9.3989627298258982e-01  2.6475136383291287e-01  2.4821516626610571e-01  1.1531886286762424e-01  
q[516]: 3.4998908384493256e-04  8.7664742256194472e-01  3.0632049422774404e-01  2.5109819632250063e-01  1.7049148202564399e-02  
q[517]: 2.7763026423491320e-04  9.8288346487079148e-01  2.8411076319748613e-01  4.8910974313447508e-01  4.3592243680732223e-02  
q[518]: 4.1298221698509509e-04  9.8240467055118630e-01  2.1945659915939497e-01  4.1473797324052036e-01  2.3831400955494364e-01  
q[519]: 1.7086247117234848e-04  9.9813012073490115e-01  3.1455518718303555e-01  4.7019789876893231e-01  4.1672072154581452e-01  
q[520]: 6.7476025857055076e-04  9.5838702799803555e-01  1.6988356894970713e-01  5.6057111956589134e-01  1.6429899424290786e-01  
q[521]: 9.9808847034701031e-04  8.4680957697587822e-01  1.5455605159990685e-01  5.6918297437986543e-01  2.7002135285485579e-01  
q[522]: 7.4534426919553164e-04  9.5120733434276528e-01  2.6056130443466846e-01  6.0412460240845844e-01  3.9583236863166682e-01  
q[523]: 2.8399504948496403e-04  9.8128574068145169e-01  2.8202738795641691e-01  7.7063585783964317e-01  4.5170734232240668e-02  
q[524]: 2.7186466528926343e-04  9.9780289111445364e-01  2.2931717134514257e-01  8.3022759554975123e-01  5.0011309742920940e-01  
q[525]: 2.2144157460799734e-04  9.7885813770096508e-01  2.9588059219359836e-01  8.2916864712241944e-01  7.9523139984625191e-01  
q[526]: 1.4257184629298824e-04  9.8774902903540029e-01  3.9929463790377479e-01  9.4754809379259941e-01  1.0355935405305569e-01  
q[527]: 6.7103330913473389e-04  9.3859455942177428e-01  2.9180704630346294e-01  9.0911020811779542e-01  3.7745124173818112e-01  
q[528]: 7.1484613548709560e-04  9.3078483204838869e-01  2.3559998217610081e-01  9.0778822092772027e-01  6.9985764959903785e-01  
q[529]: 3.4270460404381246e-04  8.9556619412440608e-01  3.2652112331821026e-01  9.5833592314795368e-01  9.0968653737494731e-01  
q[530]: 9.0075366079807561e-05  9.5935383243844419e-01  2.3456457156298799e-01  9.8276249845960229e-01  2.6042473421013630e-02  
q[531]: 1.8955212203633127e-04  9.7922359224293132e-01  2.3540693465765972e-01  9.7450433486737909e-01  2.2063976015339082e-01  
q[532]: 1.9170763913154494e-04  9.7640741268438369e-01  2.0489916478254033e-01  9.8046031276129508e-01  5.5820030537371745e-01  
q[533]: 1.1568498085961879e-04  9.9187976303111858e-01  2.5111488126597908e-01  9.6226053178158877e-01  8.6244501632671278e-01  
q[534]: 6.5076684756365120e-05  9.3942571707998712e-01  3.8987213493248624e-01  2.4133936864922937e-02  1.1703125329800028e-02  
q[535]: 1.5093045689383019e-04  9.8549221855168168e-01  3.7682917895486856e-01  1.2153804728185456e-01  2.9195110198395473e-02  
q[536]: 2.9931184356257095e-04  9.6099702658101704e-01  3.6682740661948676e-01  2.4067019494288008e-01  2.2014660643395478e-01  
q[537]: 4.5802703432479063e-04  9.7608935681182651e-01  4.0934315172461477e-01  3.6196603111788639e-01  9.6594866800743487e-02  
q[538]: 2.4529285609934667e-04  9.9528771130720883e-01  5.2147171467666664e-01  3.0943298466971642e-01  2.1018427769634887e-01  
q[539]: 3.5062274050837432e-04  9.4244712582040002e-01  4.7835962422301070e-01  4.0290310951999364e-01  1.6399673658823017e-02  
q[540]: 9.0085446637990592e-04  9.3139293383191957e-01  4.3336780337688230e-01  4.6593190999137718e-01  3.7660910839791056e-01  
q[541]: 9.9177697902440862e-04  9.3848124110589259e-01  3.7756960819579571e-01  6.5768656073820642e-01  1.3717850670422826e-01  
q[542]: 3.7816170152223620e-04  9.9390376204756026e-01  4.0741432326527666e-01  5.9196063996493320e-01  2.5330839197174820e-01  
q[543]: 3.0364957855975736e-04  9.8519647378242670e-01  4.2226472955481914e-01  7.1025486470057475e-01  4.3035513362119332e-01  
q[544]: 1.8323817685144466e-04  9.8311065521696328e-01  4.9492083578440554e-01  6.0065780496177867e-01  5.9163504880207451e-01  
q[545]: 1.0283213547156809e-03  9.0825050938798757e-01  3.2144910234951540e-01  7.3851809148380076e-01  3.4152759840272001e-01  
q[546]: 5.4324878043565390e-04  9.5952110920614064e-01  3.4638644873657098e-01  6.9127723592910439e-01  5.9763432579653852e-01  
q[547]: 9.3098365927448006e-05  9.7740070789294142e-01  4.2026239303421115e-01  9.0540868071650116e-01  6.7495801988231748e-03  
q[548]: 4.7470053751285963e-04  9.7967384642127342e-01  4.3019458803980382e-01  8.4603599523626893e-01  2.0653155885663477e-01  
q[549]: 2.5677238718274816e-04  9.8687333913666475e-01  3.9032966565663590e-01  8.9955020239008332e-01  5.8084169403999508e-01  
q[550]: 3.1212213332757518e-04  9.7954992739489799e-01  4.4654093605150746e-01  8.4689984482777947e-01  7.0920356153255160e-01  
q[551]: 1.7943792768051472e-04  9.2122225576150585e-01  4.2493340209453873e-01  9.8649460445408177e-01  7.6705167967491439e-02  
q[552]: 2.3142086994835351e-04  9.7766092781234781e-01  3.9286158972407170e-01  9.7300991678585114e-01  4.0127490222152778e-01  
q[553]: 2.2946986505975679e-04  9.6185449407895751e-01  4.0046982924186869e-01  9.8874710706317748e-01  7.7646216028208659e-01  
q[554]: 5.4891849450377504e-05  9.7779965621121734e-01  4.2133527081407818e-01  9.7512593825041916e-01  9.6620376042862088e-01  
q[555]: 1.4830609465515271e-04  9.7354191378347843e-01  5.7162704315106705e-01  9.7173747910595243e-02  7.9555370514071799e-02  
q[556]: 2.3024879676357128e-04  9.7902355201634894e-01  6.0031520662392746e-01  2.2478658148061784e-01  2.7499114882673124e-02  
q[557]: 6.2590260203462019e-04  9.7207870925783457e-01  6.2590928374777866e-01  5.8202355646843307e-01  1.5105587837627552e-01  
q[558]: 6.4674534620763017e-04  9.5732049108146522e-01  5.7961537299872379e-01  4.7900920397638175e-01  2.8583850776182296e-01  
q[559]: 2.3432133985507194e-04  9.9223208490911630e-01  5.3331007838516176e-01  6.2712361728601729e-01  3.2487810973209505e-02  
q[560]: 1.1555854367375539e-03  9.0876743288751238e-01  5.2410959019870840e-01  6.6405898732691615e-01  3.0576148941735798e-01  
q[561]: 5.3251970754914521e-04  9.8319610502543409e-01  5.9711766227785235e-01  6.5908540976423102e-01  4.9898055204630998e-01  
q[562]: 3.2953462444569164e-04  9.9524398711607653e-01  6.3090682875099069e-01  8.2323369918923939e-01  2.8082671320717911e-01  
q[563]: 2.0861855515605870e-04  9.3738005420860626e-01  5.3121942967887359e-01  8.4873973445646989e-01  8.4209915951103664e-01  
q[564]: 2.3536507322446013e-04  9.8233829996577515e-01  6.1726430858386683e-01  8.7982284451789838e-01  6.6858530796756424e-02  
q[565]: 7.5262702813664293e-04  9.6220352291692801e-01  5.3954639558871709e-01  8.5425471451812007e-01  4.6250261683487587e-01  
q[566]: 1.7881165316083403e-04  9.9254715854001707e-01  5.7572928955665115e-01  9.0285566951879948e-01  8.2213905219242200e-01  
q[567]: 6.2313218066176971e-05  9.5299745390091029e-01  5.8880614764450467e-01  9.8428682105484389e-01  1.1610168338264837e-02  
q[568]: 2.0229068132593243e-04  9.7064538657296240e-01  5.5969433423961290e-01  9.8742053192200141e-01  2.1904484129250398e-01  
q[569]: 1.0604739279331915e-04  9.9038467692433230e-01  5.5843583000595309e-01  9.9443443449622770e-01  5.9322559399040475e-01  
q[570]: 1.6204285053562104e-04  9.5350426936677868e-01  6.0433209000852317e-01  9.8785958367951943e-01  9.0357003405462299e-01  
q[571]: 1.3195880540023034e-04  9.9261226426526294e-01  7.9532692078548228e-01  1.6741355847412245e-01  1.2180019989876874e-01  
q[572]: 1.1552246876245117e-04  9.6044995404916200e-01  7.0778357729240049e-01  6.7310457815256838e-02  1.0802345759215683e-02  
q[573]: 2.0940167504071125e-04  9.9724845478609869e-01  7.1047984468944914e-01  4.0555972156233550e-01  1.4674219637845287e-01  
q[574]: 4.4366830617087553e-04  9.3632282712858250e-01  7.1539263185205482e-01  3.0050124688384316e-01  1.9710977866753310e-01  
q[575]: 2.2014125921423366e-04  9.7704442453582063e-01  7.6600193980116649e-01  4.2532424118410533e-01  2.0844534047050466e-02  
q[576]: 2.2923218433493274e-04  9.8006563206033381e-01  6.6443743292107293e-01  3.7552273960077803e-01  3.5603366061713820e-01  
q[577]: 3.8558582072264482e-04  9.4346656958230180e-01  7.1268821935014581e-01  6.1632147443862040e-01  6.2293439917544213e-02  
q[578]: 1.0438178506570514e-04  9.7669263238896864e-01  7.5824446631073306e-01  7.4712409595961293e-01  8.9642485164777969e-04  
q[579]: 4.5425931041290099e-04  9.8900029309763327e-01  7.8168836708152667e-01  6.9955621203920404e-01  3.9168620896058509e-01  
q[580]: 8.4539545280556711e-04  9.2711973676474702e-01  6.8056825563945900e-01  8.0151203625219747e-01  5.6716782472561456e-01  
q[581]: 3.1117002775861246e-04  9.8322397881211920e-01  7.3373242036338437e-01  7.4943295571269075e-01  7.0127649547875137e-01  
q[582]: 4.1383322362891910e-04  9.7938202960699783e-01  7.0350320343827832e-01  9.3404470350107216e-01  6.7296405329734765e-01  
q[583]: 9.1053707970588821e-05  9.8954432665717384e-01  7.4259524747838423e-01  9.6463838623678455e-01  7.0247158319444794e-02  
q[584]: 1.8014598972937844e-04  9.9043087422603870e-01  7.7233800654463391e-01  9.6566775615860290e-01  4.1779608236791738e-01  
q[585]: 9.0373085799258632e-05  9.7681041574573180e-01  7.7311706075882225e-01  9.5818884815947036e-01  9.3976001158286060e-01  
q[586]: 4.3272350383110616e-05  9.6118534021186386e-01  8.8348334766828962e-01  3.4248272776847707e-02  2.8175791754623807e-02  
q[587]: 1.1670545240255369e-04  9.9333242029881752e-01  8.9541244292176647e-01  2.1535446285974530e-01  3.5619271530314460e-02  
q[588]: 1.8077220081325309e-04  9.5561436221328599e-01  8.6954725855625248e-01  2.5462556000100200e-01  2.3703760427300580e-01  
q[589]: 1.1055430292848454e-04  9.2362901831156430e-01  8.7926740038682183e-01  3.1553072104015778e-01  8.2582652705576187e-03  
q[590]: 1.4296855366245173e-04  9.8678997303295735e-01  9.2654025742002355e-01  5.7994304674981856e-01  4.0167713613814687e-02  
q[591]: 9.6791500149359647e-05  9.8953920432551501e-01  8.9405164812649207e-01  5.5453505731256358e-01  5.4389924699844583e-01  
q[592]: 2.8770692300794030e-04  9.8845714727502276e-01  8.1643532373232885e-01  7.6286688382359780e-01  1.1841286812762838e-01  
q[593]: 2.8419993187987097e-04  9.8521032616958404e-01  8.7843420555508533e-01  8.3120059115047917e-01  6.7354002606614138e-01  
q[594]: 1.6673153677159905e-04  9.7001091540709106e-01  8.8102297308753108e-01  8.8994046684575157e-01  5.5105713843342279e-02  
q[595]: 2.2428192754341496e-04  9.9314999974721851e-01  9.0603515475957730e-01  8.3188771315531818e-01  3.6950245684534722e-01  
q[596]: 6.4485644652117276e-04  9.3003830075131533e-01  7.8443208834749767e-01  8.9513986820805103e-01  4.7950286838651668e-01  
q[597]: 2.4526422220590621e-04  8.9430843173281183e-01  8.0730488176298854e-01  9.2336025699113955e-01  8.0050791397502974e-01  
q[598]: 7.7810689866600750e-05  9.7791178673139079e-01  9.2311290621069053e-01  8.8442173241820143e-01  8.5920749586991407e-01  
q[599]: 5.0378320646239714e-05  9.6204947986963341e-01  8.5796609909167743e-01  9.6452050265584599e-01  9.7994885165030767e-03  
q[600]: 7.6999013674427827e-05  9.8838028127404587e-01  8.9295044298048121e-01  9.8946203955966805e-01  2.0980349466614198e-01  
q[601]: 7.9000180477121953e-04  8.2946582477661157e-01  7.4652791162255339e-01  9.0660440176659329e-01  6.3471686783665049e-01  
q[602]: 1.3308652148219774e-04  9.7769462273781371e-01  8.5112649071856150e-01  9.7618935131053974e-01  8.2789191048287480e-01  
q[603]: 4.6473820620406006e-05  9.8642144718299529e-01  9.7149234777064020e-01  1.4160715768528170e-01  8.9537125185657387e-02  
q[604]: 3.8846528433085288e-05  9.3192117637344563e-01  9.1687969872115949e-01  9.9836424098650553e-02  1.1892731861088031e-03  
q[605]: 2.9250469079319073e-04  8.9386209018992491e-01  8.6557948798922368e-01  2.9242109902711727e-01  1.1451335551675679e-01  
q[606]: 2.0673843469542694e-04  9.7681347909829142e-01  9.2742416949676698e-01  3.4252662818539653e-01  2.0772488460437463e-01  
q[607]: 8.7455654090328187e-05  9.7941293941012642e-01  9.7382152781627207e-01  3.9808899818693366e-01  7.3338661841041056e-02  
q[608]: 4.3333235537781575e-04  9.7559772145332135e-01  8.6023859472768205e-01  4.9907770315249717e-01  1.9674647534443124e-01  
q[609]: 8.2047046934898617e-05  9.6223147566034373e-01  9.5255627518718156e-01  3.9473399426158839e-01  3.6252622640162752e-01  
q[610]: 4.4911302124426016e-04  9.4672554431839839e-01  8.7741697145989339e-01  6.2463170296752235e-01  1.6245509400811928e-01  
q[611]: 1.7045630827370386e-04  9.8920082139301302e-01  9.5349102795470309e-01  5.8109779284628260e-01  4.1999121839041820e-01  
q[612]: 5.6182021862407364e-05  9.7167946620434908e-01  9.5367683499474443e-01  7.8465558723403883e-01  1.9644065676555095e-02  
q[613]: 1.0050648187959386e-04  9.8716701888419156e-01  9.7702640477379243e-01  7.0517966415271316e-01  2.7800499014744556e-01  
q[614]: 6.6822008069277090e-05  9.8188877325740265e-01  9.7264173972207801e-01  7.4362510144825289e-01  6.8349702797296752e-01  
q[615]: 5.9491704369875770e-05  9.9946162612278244e-01  9.7363187779771621e-01  8.6866727883642703e-01  1.6401127079354774e-01  
q[616]: 9.5264452272388839e-05  9.8585034973972052e-01  9.6865792974820542e-01  9.2929362419147343e-01  6.4106497426997511e-01  
q[617]: 1.8237397798689763e-05  9.8017399417227713e-01  9.7213468983909657e-01  9.8033478020160858e-01  4.6639533709980738e-02  
q[618]: 1.0364264898428807e-04  9.6541921178566459e-01  9.5062032262634089e-01  9.6632956083195365e-01  3.6674119573206637e-01  
q[619]: 1.9172441576800330e-04  9.6289771316065542e-01  8.8038844317781650e-01  9.7979674458535670e-01  5.7889254650517807e-01  
q[620]: 3.7927640740295102e-05  9.7651555841062410e-01  9.5737181042731467e-01  9.7526247136001076e-01  9.0322362689855373e-01  
q[621]: 3.9148541693470975e-05  9.0620782188205362e-01  8.5952138858382421e-01  9.8322371599356218e-01  9.7355325691262518e-01  

