deg: 8
dim: 4
nodes: 102
efficiency: 0.970588

q[0]:   8.6246533815187605e-04  8.5358146409214866e-02  5.9301555234051485e-02  2.3062317466684071e-01  6.7463254183408428e-02  
q[1]:   8.7877855038915600e-04  1.1799258645153023e-01  4.4134164855320984e-02  3.3965687794950622e-01  3.1881463634234208e-01  
q[2]:   1.1615632865992454e-03  6.9108278177982971e-02  3.2407130150495733e-02  7.1811762555471714e-01  1.3108032569046041e-01  
q[3]:   2.2405937551030360e-03  1.0558826516853352e-01  3.9937654152992406e-02  6.9554771540418070e-01  4.7486299421997119e-01  
q[4]:   1.0031434224682123e-03  1.7770840638472790e-01  7.7342962037631607e-02  9.3898515702923036e-01  4.3080198243935157e-02  
q[5]:   6.3042997640508521e-04  7.1466349318399430e-02  6.6182728914278594e-02  9.7264950812731210e-01  3.9324312468417694e-01  
q[6]:   7.3426073268164976e-04  9.7539025929465409e-02  5.5887405510311614e-02  8.9259710207651177e-01  8.4175812334687361e-01  
q[7]:   9.2371241590266152e-04  2.9466230075249317e-01  4.0378181521225139e-02  1.0854939310881030e-01  5.7828377608559030e-02  
q[8]:   2.3874984240096044e-03  2.4218189461078268e-01  2.0162197708128226e-02  4.6490972663198665e-01  1.6971563222460678e-01  
q[9]:   2.1111346240627700e-03  2.5677670793664931e-01  1.0607351027136350e-01  5.1692726417780810e-01  1.8518275039253670e-02  
q[10]:  2.3921100710404815e-03  3.5535966973128152e-01  8.3665346940844043e-02  7.4122263743864436e-01  7.0188653335556506e-01  
q[11]:  2.5028671513265296e-03  2.7861155618986216e-01  4.3774427711140908e-02  9.1289205042235089e-01  2.4156700321605612e-01  
q[12]:  1.7543526632796062e-03  2.3149959882848542e-01  2.8476301682870207e-02  9.5571917583082067e-01  6.9337074438675594e-01  
q[13]:  2.7229389182680665e-03  4.5491559778758123e-01  2.8821680116571896e-01  2.6160897261412680e-01  3.2415857997123744e-02  
q[14]:  7.5414571791676249e-03  5.6663917291336041e-01  4.5296871987336618e-01  5.8883722535789318e-01  3.9452046172036359e-01  
q[15]:  2.4476087543100398e-03  5.1105718982679815e-01  2.3988234435493577e-01  8.2043435165690592e-01  2.0198697888787490e-02  
q[16]:  4.9956523029059683e-03  5.8039057092206370e-01  4.1463873354236142e-01  7.1173211547259863e-01  1.1669778949922081e-01  
q[17]:  1.3571086792024216e-03  3.7439000507616182e-01  2.3555860315823463e-01  9.7948215902055369e-01  9.1837655390854334e-01  
q[18]:  7.6633486184976899e-04  3.0935628957613714e-01  2.3528893358506281e-01  7.6797887782924193e-02  4.5736193933576343e-02  
q[19]:  3.3335546250714159e-03  2.6224425604879831e-01  2.3067680205715552e-01  4.6792800855563110e-01  2.1035039935320810e-01  
q[20]:  2.3089340157787580e-03  2.7415810558275300e-01  2.1400654812802988e-01  5.9653579330245576e-01  5.4826777188461573e-01  
q[21]:  1.4871521873647329e-03  2.8394672485307276e-01  2.7193089588262509e-01  7.5759195764383924e-01  7.4029502272005568e-02  
q[22]:  7.4330205504031053e-03  3.3320905779642268e-01  1.8148332556198737e-01  7.9377827614595109e-01  3.4525573836832435e-01  
q[23]:  2.1185054743573530e-03  2.6464233224400868e-01  2.3515657154053857e-01  9.2131627213818257e-01  6.3638668071687476e-01  
q[24]:  2.0782042164379931e-03  3.9317908595624651e-01  3.2068368610048059e-01  9.6688911472584904e-01  1.7798470213460527e-01  
q[25]:  2.0242194186008457e-03  5.7347887418637666e-01  5.2764967764360460e-02  2.4852343518880829e-01  3.0035782700818921e-02  
q[26]:  3.3220510178982475e-03  4.1705928025986472e-01  4.2679278785073660e-02  5.7655575869620912e-01  4.4127506276515865e-01  
q[27]:  2.0252611315265366e-03  4.6132447189998332e-01  2.0875668737163476e-02  7.7086949505446667e-01  7.3407165498621252e-02  
q[28]:  4.4755882250039963e-03  5.7545966872965171e-01  3.4379141824248997e-02  8.3291259173550780e-01  4.5506053500452748e-01  
q[29]:  1.7058995869254261e-03  5.9833748807044007e-01  1.1711570107225938e-01  9.7752476057111082e-01  7.8191868172262327e-02  
q[30]:  2.9150271960308219e-03  5.3559911234663937e-01  1.8458375843328440e-01  9.9213802892015812e-01  4.4395918554823688e-01  
q[31]:  8.2833670339695726e-04  5.0753904847122877e-01  3.5531185663591973e-02  9.4250290506264944e-01  9.1281339921151472e-01  
q[32]:  4.5211983101305000e-03  4.2236487919086019e-01  1.7869014263320909e-01  3.1767465336117662e-01  2.4021117609183648e-01  
q[33]:  9.1010723068437743e-03  5.7451281561086687e-01  1.6713131751064322e-01  5.6754195735305335e-01  1.6658150694013898e-01  
q[34]:  6.8463653273850584e-03  5.4086752240571689e-01  2.4988274816728639e-01  8.4397104468560569e-01  6.6546294299249953e-01  
q[35]:  1.3456277585280612e-03  5.0788413778436414e-01  4.8999635860701468e-01  2.1450160937746615e-01  1.8286394704841644e-01  
q[36]:  2.5442319519399285e-03  5.7373420618167148e-01  5.2977021946300229e-01  4.3303531656455230e-01  5.4706767445092307e-02  
q[37]:  2.0594440108292031e-03  5.7068127815750769e-01  5.6373757446976003e-01  8.0541994963932217e-01  2.8096116355912293e-01  
q[38]:  2.1177081620257013e-03  4.9881129310731770e-01  4.6958525985367011e-01  8.2092999095339425e-01  7.4655164952047115e-01  
q[39]:  6.2053414575323593e-04  6.2466167359319291e-01  5.4210737940006037e-01  9.7156324993107923e-01  7.1622212867032487e-03  
q[40]:  3.2977163748414270e-03  5.8950735968050572e-01  5.0330935800091070e-01  9.4728069310183649e-01  5.1386587690354479e-01  
q[41]:  1.5527568056433291e-03  7.1034505364549783e-01  1.8744007942364596e-01  7.9381563656891668e-02  6.4615636772588567e-02  
q[42]:  4.1074156889138094e-03  8.3901590633285306e-01  4.9052305173906220e-02  5.3807416709912648e-01  2.5389540671209954e-01  
q[43]:  2.1996207857322026e-03  6.5018233487930954e-01  3.2632490182197452e-02  3.2571715569613874e-01  2.6189319535440825e-01  
q[44]:  1.7968453795923272e-03  7.7543401450376848e-01  4.7524125043712298e-02  5.9408403916776487e-01  2.9269763058203755e-02  
q[45]:  2.4599304939171367e-03  8.0230612328740680e-01  4.5013291889245570e-02  7.9142960682394614e-01  7.1107712635039511e-01  
q[46]:  1.3132465996980864e-03  7.7425479525768959e-01  1.4483320410853998e-02  9.4527690989687729e-01  2.5305522665357016e-01  
q[47]:  2.5815867848914121e-03  6.9952580028861122e-01  1.1924232213277967e-01  9.6585021599654963e-01  7.5688947022838382e-01  
q[48]:  3.6495594161700061e-03  8.1643620787189675e-01  4.4332053439326524e-01  5.2478886486963194e-01  1.7394775320387180e-02  
q[49]:  2.0157495069874454e-03  7.4458360866373885e-01  1.5939709697189688e-01  5.3815370904984339e-01  5.3392421752725827e-01  
q[50]:  6.1961967874428472e-03  7.9692911482449202e-01  1.9138468167721162e-01  8.2139692051828117e-01  1.9505566288902634e-01  
q[51]:  7.7180129461845003e-03  7.6279498981995719e-01  2.5540878633986258e-01  6.4818671450093956e-01  4.7483833702218214e-01  
q[52]:  5.2060709411245682e-03  7.1131028567605059e-01  3.9394707997608797e-01  2.8525545872649016e-01  1.5569658802396202e-01  
q[53]:  8.1327631667986802e-03  8.0317581615472322e-01  4.7336280445798073e-01  8.3008969790267118e-01  4.1114460704868805e-01  
q[54]:  1.8804271603899483e-03  7.1231429063182827e-01  4.6448355986830703e-01  8.1025860550804640e-01  8.0387423530293589e-01  
q[55]:  1.3767508450840261e-03  7.3516646501791816e-01  5.7032774336925807e-01  8.5268440928685588e-02  8.3420514017056822e-03  
q[56]:  2.2734237256965702e-03  6.5738857695915620e-01  4.1607255401364152e-01  4.5272045698063768e-01  4.3765043168729778e-01  
q[57]:  3.9264174970613840e-03  7.0435767190899001e-01  4.1033412108837719e-01  9.2156028733492434e-01  1.8357168090762344e-01  
q[58]:  2.0547450444817522e-03  7.2237980530892232e-01  5.3249225437384884e-01  9.8461576161782705e-01  7.5483022227806629e-01  
q[59]:  2.2831188734887503e-03  8.0642270482056633e-01  7.6374777703520447e-01  2.8143861545889370e-01  1.3427488587145156e-01  
q[60]:  6.9414989880395971e-03  8.2924352016274083e-01  6.6807358201725797e-01  5.7858862448320469e-01  2.0239593114232246e-01  
q[61]:  2.3327507530294849e-03  7.9819526475300151e-01  7.2764038182283852e-01  5.1644286867198452e-01  4.7228741645340711e-01  
q[62]:  1.4819179023923545e-03  7.6928618210352750e-01  7.2290512713357435e-01  7.8986418518762835e-01  3.2428118395972358e-02  
q[63]:  2.0552214260684890e-03  7.9270359109745125e-01  7.8615213946910523e-01  7.8436680116090696e-01  5.1846523154974300e-01  
q[64]:  2.5305941847692469e-03  8.2883066396597616e-01  7.4575813350463283e-01  9.4643818588080331e-01  2.2162128449856533e-01  
q[65]:  8.3241101468757594e-04  7.5774629312901309e-01  7.0416710348851552e-01  9.7195587186621946e-01  9.1233623085799986e-01  
q[66]:  9.5206893697604800e-04  9.1464373277661726e-01  3.6315055028837070e-02  1.4752930141942097e-01  6.4556138883939310e-02  
q[67]:  1.2212365434769920e-03  9.8741713473580539e-01  1.0679797496202037e-01  4.5173322494626345e-01  6.3633889283507980e-02  
q[68]:  6.6366242863742436e-04  9.8183343129367462e-01  1.1678012046471462e-02  5.7403163342725239e-01  4.9182852921631265e-01  
q[69]:  1.0457942066440372e-03  9.7163614607044813e-01  3.0305953118335428e-02  8.1551386584941055e-01  1.6715090582231526e-01  
q[70]:  5.9847541336613354e-04  8.8612379070755809e-01  6.8145740693843951e-02  9.3229858924827891e-01  1.3289375856713902e-02  
q[71]:  1.5654903983286892e-03  9.3026415338272828e-01  5.0462430271182829e-02  9.3378463305810533e-01  5.7799254568029079e-01  
q[72]:  5.4964767882262019e-04  9.5263512116234528e-01  8.0180760664411335e-02  9.7149319847220361e-01  9.0661424814817682e-01  
q[73]:  3.8602979048487727e-03  8.5852081384206602e-01  2.4775556560895903e-01  3.0890821970262383e-01  6.6255686023972485e-02  
q[74]:  2.5413961507348474e-03  9.4601393315633564e-01  1.9058415898771838e-01  3.3100549251118444e-01  2.7590423153126686e-01  
q[75]:  1.8182623620487338e-03  9.1672148072888082e-01  2.5129879082298806e-01  7.9555100955885438e-01  3.2496803828664766e-02  
q[76]:  3.6970332598817474e-03  9.5305708257127575e-01  1.7949125703585928e-01  7.5678490053941472e-01  4.3355397515608041e-01  
q[77]:  1.6632673533451430e-03  9.7144005365922148e-01  2.5193620160834507e-01  7.8560375957755257e-01  7.2545177987864828e-01  
q[78]:  6.7785130341090918e-04  9.9334867014597572e-01  2.1482796555777994e-01  9.9897964867556621e-01  1.9030394011859494e-01  
q[79]:  2.4433070712732998e-03  8.7151376606392705e-01  2.3970274612273706e-01  9.6408366415874402e-01  4.4077595747815124e-01  
q[80]:  1.8445308120730670e-03  8.1348122406763201e-01  3.2112013689526558e-01  9.3882449703584081e-01  9.0413429543380797e-01  
q[81]:  7.2134553304903143e-04  9.8106464073148547e-01  3.9556805787412197e-01  9.1425122194756431e-02  2.3748333314079897e-02  
q[82]:  4.8262138130838444e-03  9.2430093773336974e-01  4.6631925730420964e-01  4.5830820419732349e-01  2.7453455248443165e-01  
q[83]:  3.2746046543987660e-03  9.8489477906051914e-01  4.2015097179576011e-01  6.5896262247544191e-01  1.6399899058098255e-01  
q[84]:  2.6696048274001596e-03  9.5452667013576897e-01  5.5719562644287568e-01  6.1735055550364215e-01  5.5900837991281205e-01  
q[85]:  1.9859370649647282e-03  8.9624539722535335e-01  5.0200509545707284e-01  9.4668300689352924e-01  5.5675305364105608e-02  
q[86]:  1.9578927003227231e-03  9.7181116637384757e-01  5.9536541477141114e-01  9.3889073783445998e-01  3.2585191800060265e-01  
q[87]:  3.0838713693312615e-03  9.4233388196396595e-01  4.2749187984780229e-01  9.3901754514691127e-01  7.0146045242364796e-01  
q[88]:  1.9579621323236132e-03  9.6791595512981221e-01  7.1944212566946042e-01  2.8905045597548840e-01  5.2981764877816799e-02  
q[89]:  1.7371049452100814e-03  9.1007828568932014e-01  6.2697967060694781e-01  1.9891754005926399e-01  1.9031425751828565e-01  
q[90]:  2.3563505294511462e-03  9.5414972823633371e-01  7.4751309274879763e-01  7.6505060400347780e-01  7.1630096892930470e-02  
q[91]:  1.8684963398049607e-03  9.8903227989041564e-01  7.7889218291279572e-01  7.4748152458788897e-01  4.1829728647721048e-01  
q[92]:  4.3263030777399535e-03  8.8278331220373241e-01  6.9662438725376452e-01  8.1258790451104668e-01  6.7498174347623840e-01  
q[93]:  1.3874932859164997e-03  9.3401878425249385e-01  8.2159317296648848e-01  9.7283440200018578e-01  5.1874533123568944e-01  
q[94]:  5.1187204656956832e-04  9.8803751637391624e-01  7.1783175744965355e-01  9.6908069314797063e-01  9.2572075797670883e-01  
q[95]:  3.3328446085259821e-04  9.5784235886623748e-01  9.1415226288789719e-01  8.7722703065524918e-02  5.5500169718671215e-02  
q[96]:  1.7040888667393481e-03  9.7653397053437108e-01  8.9549926478845443e-01  4.5641518125835279e-01  3.3678433052149748e-01  
q[97]:  8.3567775626230034e-04  9.3366811136017736e-01  9.0630442442883941e-01  4.6141464999631188e-01  3.2648984646549861e-02  
q[98]:  3.8635781793154670e-04  9.5949975577284630e-01  9.2712100868734337e-01  7.8342412894984959e-01  7.7980400077310419e-01  
q[99]:  2.9763747404021351e-04  9.8766113788535481e-01  9.2722559332716625e-01  9.7169364069327102e-01  6.0531800494799039e-02  
q[100]: 1.2190113076414114e-03  9.5713410153677980e-01  9.3828726026436393e-01  7.6209494003736811e-01  2.5532184529268026e-01  
q[101]: 5.9387165061531384e-04  9.6011169260449014e-01  9.2394265871536885e-01  9.3696835417126190e-01  7.4225194703584862e-01  

