deg: 9
dim: 4
nodes: 145
efficiency: 0.986207

q[0]:   3.0246513117411451e-04  1.8328866311623188e-01  6.4321132330834835e-02  5.3933519349672852e-02  4.0674666872293659e-02  
q[1]:   7.2905525110778088e-04  1.1697356844482054e-01  5.5261676546320623e-02  2.5200676824665225e-01  3.0872220407711339e-02  
q[2]:   4.1156946133161834e-04  6.5445246588886050e-02  4.9192460913789884e-02  2.4972658862963440e-01  1.9752776872875766e-01  
q[3]:   1.4217388898797982e-03  9.7459891812890581e-02  4.2854935902174485e-02  5.6349850395055912e-01  2.3027659853763757e-01  
q[4]:   8.1694229508019528e-04  2.0349978876581512e-01  1.3831071727311151e-01  5.3676342032685487e-01  5.3541862411842833e-01  
q[5]:   1.5023083274650138e-03  3.2889911472504901e-01  1.6163884839326842e-01  7.5609540637077188e-01  2.4314283840971285e-02  
q[6]:   5.7102226829084768e-04  5.6807050983286526e-02  4.8718221920296047e-02  7.4741837668950228e-01  9.3479338294526607e-02  
q[7]:   9.4945627618389736e-04  7.1620854906405060e-02  3.8559263994455112e-02  7.5287449982594135e-01  6.3438457062372655e-01  
q[8]:   6.2164646443384284e-04  1.3655665438461034e-01  2.7572813828821551e-02  9.3957465721539746e-01  6.9933845101427181e-02  
q[9]:   4.8346414703082091e-04  1.5353055373668881e-01  1.3601257953594914e-01  9.8949306991406605e-01  2.5406950503105152e-01  
q[10]:  8.1860088728437613e-04  8.1599499946572243e-02  2.7758832604491097e-02  9.3129071273240216e-01  4.8278276439426837e-01  
q[11]:  4.1309140143457106e-04  1.2257289647664690e-01  5.1656321978207916e-02  9.7205109068992368e-01  9.0600481936686295e-01  
q[12]:  1.2916371106602164e-03  3.6018167186588734e-01  4.1321298371803754e-02  1.7814943472984812e-01  7.7063657180846915e-02  
q[13]:  3.8806453753205948e-03  3.4391852835827585e-01  1.6223296135885648e-01  4.0632671799653103e-01  1.2949760354297257e-01  
q[14]:  1.3439289978500672e-03  2.2912060827018679e-01  2.9232350463129619e-02  5.7717655964366299e-01  5.2109765112469210e-02  
q[15]:  1.3046508917004644e-03  1.8933702977228017e-01  1.0474861213209521e-02  4.4795853603465741e-01  3.5123888804702108e-01  
q[16]:  2.3027528389910328e-03  2.3457536008386309e-01  5.5031016190532966e-02  8.3504306543216666e-01  3.3558170466554671e-01  
q[17]:  1.6200957956065405e-03  3.8035050585038227e-01  5.5560575327307363e-02  9.5719769486361339e-01  2.2768771097306098e-01  
q[18]:  1.2004032880722564e-03  3.0310401640213008e-01  2.1676023187960584e-02  9.4609395345857739e-01  6.7388048387126576e-01  
q[19]:  1.1904485272238978e-03  3.4953724029756150e-01  2.9236320450735548e-01  1.2648830212589313e-01  6.0849444074893080e-02  
q[20]:  1.9704117096556867e-03  2.6512963444191223e-01  2.1952254417299755e-01  3.8124865120980728e-01  2.5831408733531702e-01  
q[21]:  9.8027771201770553e-04  2.5873196256755859e-01  2.4064612709490210e-01  4.9475899090780467e-01  2.5657253557312364e-02  
q[22]:  1.9417752630348580e-03  2.3545927033369946e-01  2.2227711926870405e-01  7.1913908843508134e-01  3.9394577491588439e-01  
q[23]:  7.6688307679600098e-04  2.9982618801056377e-01  2.6766468524622627e-01  8.5423626900960026e-01  8.3490351089342507e-01  
q[24]:  4.2798027101411242e-04  2.8128852123378240e-01  2.5011177089591186e-01  9.3800652467064172e-01  1.5987563480700392e-02  
q[25]:  3.2246855687615011e-03  3.0068791455154253e-01  2.0050724051905869e-01  8.3520291198323249e-01  1.9710450926317893e-01  
q[26]:  1.6596240178163506e-03  2.4402315035709246e-01  1.8597963617467952e-01  9.4961139091543156e-01  7.0655020085596099e-01  
q[27]:  1.9003927164032131e-03  4.2131584491800295e-01  1.4126040372002679e-01  2.6346972299729393e-01  2.4080253894398151e-01  
q[28]:  2.1459898264884346e-03  4.3092917595978186e-01  2.6017887438887216e-01  9.7764624233114894e-01  4.6039556868200215e-01  
q[29]:  2.8250152549295455e-03  4.7412227213452396e-01  3.0527431051335946e-01  5.8454123736840558e-01  5.1841619520338600e-01  
q[30]:  4.4958488549855071e-03  3.2393391401929605e-01  1.3232313681791461e-01  7.0366437619231315e-01  5.0416023494889906e-01  
q[31]:  9.6641208735671771e-04  4.7771941184547001e-01  2.4388464592842779e-01  9.6853771380575671e-01  9.3387627810682949e-01  
q[32]:  1.9207860997439350e-03  5.2034404097358589e-01  8.1774662913113111e-02  3.5445604445786111e-01  3.9105605684197881e-02  
q[33]:  1.7472105030468237e-03  5.9628577114125492e-01  3.2507287606741618e-02  3.8613436291342057e-01  2.5413290046839060e-01  
q[34]:  5.0541880547226338e-03  5.6633979763268538e-01  1.6149812260698396e-01  7.1000691235659286e-01  1.3166719330546486e-01  
q[35]:  2.2664144742594338e-03  4.1918023991812992e-01  1.4449634482536066e-02  6.3845190785185835e-01  2.6600801428591542e-01  
q[36]:  1.9800626755915327e-03  5.1187967777025689e-01  5.0879558017422714e-02  5.9311470944250710e-01  5.4329697390430554e-01  
q[37]:  1.0250182761338605e-03  4.8404647443991539e-01  2.1704820869767875e-02  8.4358644322631970e-01  4.5433355044888483e-02  
q[38]:  2.7186707273641302e-03  6.0510947333830056e-01  4.0884017995291108e-02  8.3989259147286810e-01  5.8917249219875290e-01  
q[39]:  2.4085894041128283e-03  7.0926878018126693e-01  3.6649048084473390e-02  8.7693383226124799e-01  2.7499917576675909e-01  
q[40]:  1.5400548140556904e-03  5.8658825128965320e-01  1.0036934324395423e-01  9.8744343528042366e-01  4.7518573145851906e-01  
q[41]:  5.7500740516398319e-04  5.7440497417577474e-01  3.4326443849499885e-02  9.8225381229817155e-01  9.1834266224525696e-01  
q[42]:  1.1193362680863260e-03  6.5645769842879353e-01  2.5702956075168903e-01  6.3737237527192417e-02  3.7431261994419977e-02  
q[43]:  5.2540654987470363e-03  6.1007336717574645e-01  1.9794333193434085e-01  5.4630398150146064e-01  3.1954050132464235e-01  
q[44]:  3.7622232810756565e-03  6.7683267309288786e-01  3.4331251128144369e-01  9.0918028996550326e-01  1.6701918114128386e-01  
q[45]:  3.5121261584073115e-03  5.4950866909017915e-01  1.8632251882923398e-01  8.1698035447329809e-01  4.2663455308482889e-01  
q[46]:  1.4023557269862456e-03  3.0031968357383071e-01  5.1849249113003322e-02  8.3243827187334385e-01  7.8948107544546409e-01  
q[47]:  1.0356154060412260e-03  4.8797301955944872e-01  1.8099133468131021e-01  9.7193353975688457e-01  3.8843890223144210e-02  
q[48]:  3.3129569719901396e-03  6.1498307214028447e-01  3.6907657203465072e-01  3.4917425835818167e-01  2.3042564521182138e-01  
q[49]:  2.3112139788048478e-03  6.3200500683503114e-01  3.6507762470632726e-01  5.0338086530275938e-01  9.7339813420545662e-03  
q[50]:  1.7364907649667373e-03  6.6143390604808006e-01  5.0272582181417191e-01  8.0662885158415454e-01  2.0103284686695359e-02  
q[51]:  5.6481554411588666e-03  6.4711413361334202e-01  4.3755773068575959e-01  8.2137615406477849e-01  4.1391684654224792e-01  
q[52]:  1.6144931989072486e-03  6.7562342903191308e-01  4.6230496562211965e-01  7.0763677061883978e-01  6.8857393055336402e-01  
q[53]:  2.2625667225862497e-03  4.9997386955452133e-01  2.0670849628529930e-01  9.3947202905415084e-01  7.3482367123981596e-01  
q[54]:  1.2050388313468064e-03  5.4359563961938850e-01  3.1088608485747576e-01  1.7193989677225516e-01  6.2995798852489241e-03  
q[55]:  1.7692969389822555e-03  5.7197529943545189e-01  5.3911727035731716e-01  3.0899134309897403e-01  6.6063471964538822e-02  
q[56]:  1.1332569673611014e-03  5.9512550613921833e-01  5.0041989916004104e-01  2.3130955317671206e-01  2.2588940065844407e-01  
q[57]:  5.3642046771999984e-03  5.0042022273460518e-01  3.8949242066612044e-01  5.9691554601079311e-01  1.7685308039674877e-01  
q[58]:  1.7837636616334679e-03  5.1563557620812228e-01  5.0423146673204355e-01  5.0961630684506942e-01  4.0817940628476762e-01  
q[59]:  1.3526980927281904e-03  5.0922771059274619e-01  4.9462655224627144e-01  7.8963749255182891e-01  9.9091875007009736e-02  
q[60]:  3.4474785491846304e-03  5.0823670865494908e-01  4.2018139803958227e-01  8.1688527171880410e-01  6.6637234843407045e-01  
q[61]:  1.5596405542839334e-03  5.2025375131292884e-01  4.2045422497459878e-01  9.6847790325801586e-01  1.5728227294116234e-01  
q[62]:  1.7259683648516862e-03  4.7829171842004303e-01  4.6116494981872358e-01  9.1351005093639603e-01  4.4917515015528697e-01  
q[63]:  6.8274046425323377e-04  5.7266624630983598e-01  5.3501557465207672e-01  9.8126684608313819e-01  8.9199834228402231e-01  
q[64]:  5.3944313673311714e-04  6.7244301507285709e-01  2.3871829695859565e-02  9.9414513255847201e-02  3.8111100083600614e-02  
q[65]:  2.3793591117600536e-03  8.3199020965932635e-01  3.8981338384582537e-02  5.5558751559889274e-01  2.4540139299002867e-01  
q[66]:  1.5799264216606573e-03  7.2123682841485848e-01  3.9959442497976144e-02  5.3743426163793628e-01  4.2764145738406069e-02  
q[67]:  8.1159863427175346e-04  8.1843823175162822e-01  5.7684752025124559e-03  5.5569530985475191e-01  4.8867486945250149e-01  
q[68]:  2.8083248092500880e-03  8.2765267280908250e-01  1.6332448726941420e-01  7.0739264695219983e-01  2.5451811680165765e-01  
q[69]:  1.1511727469640024e-03  8.0335305295518677e-01  5.2603345068799642e-02  8.5371001534859670e-01  8.0333118803829684e-01  
q[70]:  7.2866525554168447e-04  7.5245238022232463e-01  6.0013217486798220e-02  9.6662847301099042e-01  5.7415721867465373e-02  
q[71]:  1.2675203889198324e-03  8.6848728107827899e-01  3.3648576556571455e-02  9.3676070458732486e-01  5.9567347177229901e-01  
q[72]:  3.9819645876005587e-03  7.8152800925039934e-01  2.0554937289965849e-01  3.2142495789523978e-01  1.0906281853299032e-01  
q[73]:  1.5053119169349846e-03  7.6809352205373849e-01  1.0646502241242155e-01  2.3930006934358553e-01  2.0529102914573288e-01  
q[74]:  1.6199763816803652e-03  9.2383696533791049e-01  1.5644887137707469e-01  5.4081097488247121e-01  4.4732302429760074e-01  
q[75]:  2.1687892370599073e-03  7.9737545080006367e-01  2.0656936038660176e-01  7.8834301743357504e-01  3.1817170132181855e-02  
q[76]:  2.4277846042058703e-03  6.5233002061982570e-01  1.9240810562134780e-01  8.1089689157096367e-01  7.6254716790919841e-01  
q[77]:  1.3089816026567202e-03  7.9689278604298075e-01  1.9151516385212708e-01  9.9559414969630300e-01  7.7468586509372472e-01  
q[78]:  8.2858617469410323e-04  8.8612224023573660e-01  3.3212060807666777e-01  2.2598267826854973e-01  1.9397369615772046e-03  
q[79]:  6.1659555953295477e-03  8.4856711412700236e-01  4.4140058207794614e-01  5.6514690360124520e-01  1.3418596441572905e-01  
q[80]:  1.2877858512864160e-03  7.2852102054281898e-01  2.2631802070371485e-01  4.8065883708109242e-01  4.7493824641992805e-01  
q[81]:  4.3018188539813464e-03  8.3223012647843420e-01  1.7558191813354465e-01  7.3747824100435699e-01  5.4416959038985790e-01  
q[82]:  1.0542001070770171e-03  8.6936888571446436e-01  4.7504572231001263e-01  9.4758569326074882e-01  2.1817719517020349e-02  
q[83]:  4.3406171496260058e-03  8.1321160871364240e-01  3.3200427154077428e-01  9.0248257091854089e-01  4.4830385326583588e-01  
q[84]:  7.0334178730187204e-04  8.9410160846731079e-01  2.8391482139521229e-01  9.5719805876500608e-01  9.4494545394287999e-01  
q[85]:  2.8457531140691334e-03  7.5900043854347676e-01  5.4388627467820616e-01  2.6419357829888079e-01  1.2284465072758638e-01  
q[86]:  1.8361189546982361e-03  8.6117018889765085e-01  6.9970060127955747e-01  3.4581945847972745e-01  3.5588712392009843e-02  
q[87]:  4.2432090219224816e-03  8.5812001941176075e-01  6.4457935266212119e-01  7.9657317056490562e-01  1.6812220227862168e-01  
q[88]:  3.4540275627108720e-03  7.6763165425893876e-01  4.2088644218459120e-01  9.0958388222762776e-01  7.5746357751635940e-01  
q[89]:  1.6750579617230872e-03  8.3194478050104670e-01  6.3905728976117659e-01  9.8472478505448058e-01  3.4017327029130556e-01  
q[90]:  6.2959868795983253e-04  7.4517744193127899e-01  6.7910233111556351e-01  6.8429292888873894e-02  3.8716802210859214e-02  
q[91]:  1.1725079285988748e-03  8.4239456453841999e-01  8.3224373061539625e-01  3.2961726363277860e-01  1.9746488091893924e-01  
q[92]:  1.7348198267329131e-03  7.8201742764153048e-01  7.4186429088934303e-01  6.0193881762449875e-01  5.8950048211086341e-02  
q[93]:  2.0146958231207338e-03  8.5066798616407791e-01  7.2595882967111158e-01  4.5884281504565183e-01  4.3125725252328251e-01  
q[94]:  4.8332371810655356e-03  7.3597546243638612e-01  6.4798095569299796e-01  6.1997831250768443e-01  3.3042797953461267e-01  
q[95]:  1.3195262514577458e-03  7.8522943234388964e-01  7.6092971384164954e-01  8.6750378677807072e-01  6.1449165435636255e-01  
q[96]:  1.1412192949407599e-03  7.6005646922152026e-01  7.2757575965966703e-01  7.5911566867859215e-01  7.1480111236953381e-01  
q[97]:  5.9228674385403601e-04  7.4737768189198706e-01  6.8705408044665595e-01  9.7556186038830583e-01  4.9208369866331973e-02  
q[98]:  1.6563683426672482e-03  7.6633462780968964e-01  7.3843263819377181e-01  9.0347407683521042e-01  2.9113535375286942e-01  
q[99]:  1.5762254666560282e-03  7.2813330058476289e-01  5.9689665838017547e-01  9.8995648301320571e-01  6.7781465730293022e-01  
q[100]: 9.6530333890532127e-04  8.1063750729243933e-01  6.2810948341845696e-01  9.3447547321910207e-01  9.1540762217998373e-01  
q[101]: 2.8987596771435557e-04  9.4607328145614122e-01  1.0653679968261595e-01  6.9845327251807296e-02  5.0222249447824399e-02  
q[102]: 8.4637006131814451e-04  9.0729417946129642e-01  5.1446889642431916e-02  2.2806213261982317e-01  3.7422831900069273e-02  
q[103]: 5.8387579705669916e-04  9.6005655305173232e-01  3.2694045762976971e-02  2.9508690040339552e-01  2.3246979959836986e-01  
q[104]: 6.8890824996756055e-04  9.8428909745093052e-01  5.9318833896119687e-02  4.9640212326028144e-01  9.4423982566721076e-02  
q[105]: 8.2235480083103253e-04  9.8325078347384398e-01  2.8558331221198951e-02  7.4602536921062457e-01  4.7411056436894183e-01  
q[106]: 8.5785706528907662e-04  9.2327548094115630e-01  2.7880818881584297e-02  7.9322144726670352e-01  6.4983650174677554e-02  
q[107]: 2.2201492220176593e-03  9.5202752762999088e-01  1.5160574051024467e-01  8.0234114188747840e-01  2.5796518903777454e-01  
q[108]: 5.4110908750366177e-04  9.7350669393194067e-01  9.6648997234062825e-02  6.8799791444119718e-01  6.6724822255540461e-01  
q[109]: 4.3112304347730238e-04  9.7507328388277803e-01  1.5526122789900473e-01  9.5372104660444801e-01  4.0053760074086210e-02  
q[110]: 3.7048217732685567e-04  9.5131914279461227e-01  1.8750464192160303e-02  9.6744504078028470e-01  2.4506535239280006e-01  
q[111]: 4.9245225961539341e-04  9.5702052985658448e-01  5.6372690107269405e-02  9.5207021262042113e-01  8.6458153646041580e-01  
q[112]: 5.7496068987662882e-04  9.5992203155789801e-01  3.0566807420092346e-01  1.0753397426372296e-01  5.0230772485594856e-02  
q[113]: 1.9793522290163339e-03  9.7985122926681023e-01  2.4712474414104607e-01  4.1043269826285028e-01  2.2535455337443358e-01  
q[114]: 1.4696529291641381e-03  9.4399391326667337e-01  2.3036452337804553e-01  5.4176144592792264e-01  3.0854041634946285e-02  
q[115]: 8.9841914814270342e-04  9.1963368915156651e-01  2.9719344778696144e-01  3.7015011212025789e-01  3.5577524634921415e-01  
q[116]: 1.6188648708440605e-03  9.7198056387856158e-01  3.9295095215804499e-01  8.2255641034332772e-01  1.0783755760333937e-01  
q[117]: 1.5892340108392860e-03  8.2239394595332138e-01  2.0508976783952698e-01  9.7460459935951993e-01  2.0800289012906301e-01  
q[118]: 9.6672866548745749e-04  9.6040083766884310e-01  1.6540742862416447e-01  9.6719245798566511e-01  4.6694530491725128e-01  
q[119]: 1.6087426400842434e-03  9.8104685588301044e-01  2.7479697409591231e-01  8.9005550799161681e-01  7.0030339763189664e-01  
q[120]: 9.5686577342950316e-04  9.9763036600367605e-01  5.6547899903075916e-01  3.4392043730189864e-01  6.2971930679720581e-02  
q[121]: 2.0386209912961581e-03  8.9757671626472746e-01  4.8424611996953826e-01  2.0194563230217408e-01  1.5355039543848334e-01  
q[122]: 4.8648615819576364e-03  7.9629198711862204e-01  4.3267000933216920e-01  5.5451635447083869e-01  4.2618512265413683e-01  
q[123]: 3.5702339733519085e-03  9.5851129288411940e-01  4.4797861192998994e-01  6.8839921348262079e-01  3.6282920151381681e-01  
q[124]: 1.9119690025673096e-03  9.4124379369681455e-01  4.3892443519726382e-01  7.3879563602314213e-01  6.9808730860580259e-01  
q[125]: 1.0017134627637637e-03  9.6022039437190332e-01  4.3990688473164918e-01  9.6012832862617370e-01  2.2126495522786063e-01  
q[126]: 1.7564433839456258e-03  9.4707343335939687e-01  5.2898478678066740e-01  9.5465217661248891e-01  5.4103231587934386e-01  
q[127]: 5.9183696954699563e-04  9.3731943448869781e-01  6.8178886330804678e-01  8.2497865795453762e-02  2.0636045922915972e-02  
q[128]: 2.5681178436792037e-03  9.5612437505096426e-01  7.7633705505296879e-01  4.5792553498471777e-01  2.2120467765809670e-01  
q[129]: 1.0095961006954780e-03  9.6682467344666367e-01  6.6895580686613931e-01  6.8209254440689782e-01  1.4703268592691136e-02  
q[130]: 1.2771349809095540e-03  9.8235907443890880e-01  6.1230476344686702e-01  4.4736092750211282e-01  3.7803682262147886e-01  
q[131]: 4.1999046123704876e-03  9.0474074775428026e-01  6.8725993218302517e-01  7.7306756306665048e-01  5.8067377230000572e-01  
q[132]: 5.1782142109036073e-04  9.7179032682572120e-01  7.4935567228620559e-01  9.7838682883230277e-01  1.0258805394695611e-01  
q[133]: 1.5373211996133663e-03  9.8856127396320004e-01  7.5227085777443159e-01  8.3567601508383005e-01  3.2052676067118180e-01  
q[134]: 8.5661908241125401e-04  9.6950338184510654e-01  6.2382436362864924e-01  9.7125685072860635e-01  8.5452876686435342e-01  
q[135]: 2.8990827016704956e-04  9.5498115357409297e-01  9.2908551275384432e-01  1.8603420006505011e-01  1.9469862737527231e-02  
q[136]: 5.5380216371111156e-04  9.7405962730094053e-01  8.7982869685820431e-01  1.9147532324120545e-01  1.6115424858299085e-01  
q[137]: 7.4658750001710145e-04  9.7750977608092959e-01  9.1733140840753424e-01  5.5013112560396682e-01  7.7631507886365983e-02  
q[138]: 7.6595984615829879e-04  9.7122037454019472e-01  9.4669543068428974e-01  6.1919685057768881e-01  5.0949218892120984e-01  
q[139]: 8.6760978009232448e-04  9.3672623326394366e-01  8.8067691701615558e-01  8.7518840381567709e-01  5.6732162654096911e-02  
q[140]: 1.2885810768563080e-03  9.3933472575370425e-01  9.0467732034381376e-01  7.2227627136850281e-01  3.0199025626446907e-01  
q[141]: 5.0183113576361465e-04  9.9409955612689049e-01  8.1939237976421486e-01  7.6848221488645918e-01  7.4362384045466390e-01  
q[142]: 2.9605010218001961e-04  9.7035565550011604e-01  9.4583157366641901e-01  9.7095189929969883e-01  2.9082099836570668e-01  
q[143]: 1.2263426579803187e-03  9.5244170035261233e-01  8.6635018010642595e-01  9.3936343602087502e-01  5.9449753585853593e-01  
q[144]: 5.8976537709434860e-04  9.3520611422492184e-01  8.8997291023543124e-01  9.4551724360101863e-01  8.6522039501698711e-01  

