deg: 10
dim: 4
nodes: 203
efficiency: 0.990148

q[0]:   2.0322890823696314e-04  1.0730021193278254e-01  3.9581315541432793e-02  7.0192385730947202e-02  3.7711660963063977e-02  
q[1]:   3.7878408830925212e-04  4.3330800702262452e-02  2.5168043101185117e-02  3.1423112060603164e-01  1.5047942221701152e-01  
q[2]:   5.9990172471838840e-04  9.8721075044209752e-02  6.1998253959707435e-02  5.1407759414345144e-01  3.6827914786500097e-02  
q[3]:   7.1745131448135266e-04  7.4846301757319628e-02  2.9836825097497802e-03  6.6395161267611147e-01  2.7216601219068454e-01  
q[4]:   2.8600390697388695e-04  5.8146055722280411e-02  3.1702610684879624e-02  5.2505476103778059e-01  5.0566202494645007e-01  
q[5]:   1.9275302846079499e-04  4.1267883632751350e-02  1.1241492568008569e-02  8.9186164373417542e-01  5.7789418522434965e-02  
q[6]:   7.3207914685480670e-04  7.4401607940253550e-02  5.1640936516327264e-02  8.1100262914338517e-01  5.9372254212679387e-01  
q[7]:   6.2626440940586085e-04  1.8953189406430093e-01  3.3929528357397279e-02  9.6726517551829450e-01  1.8281822093202010e-01  
q[8]:   3.8612935418426338e-04  6.6319676773957587e-02  3.7345776288764329e-02  9.6129564140522394e-01  4.2468969215696123e-01  
q[9]:   2.2215086208528131e-04  6.8278991182759360e-02  2.2962863752367411e-02  9.4235255344039670e-01  8.7955367018546693e-01  
q[10]:  7.8809526882313275e-04  2.0683787130626671e-01  4.1679735462040637e-02  2.7154618867848340e-01  3.6000841782015930e-02  
q[11]:  9.3296531513940362e-04  2.1664076774660843e-01  2.1102566876695095e-02  3.2537162620845006e-01  2.4529725142998970e-01  
q[12]:  1.7305709858846108e-03  2.4898898973345945e-01  7.7020148739235281e-02  5.9454692392649111e-01  1.2877865569321448e-01  
q[13]:  6.0020872038402790e-04  2.2472504421636919e-01  1.7147272078446150e-02  7.6492757954212209e-01  4.6742369421080711e-02  
q[14]:  2.6393620120550897e-03  2.4060995892429363e-01  9.2018451600314063e-02  8.7329422615844410e-01  4.3215890226750869e-01  
q[15]:  7.0001089311197916e-04  2.2037913748460988e-01  5.1091068768392240e-03  7.2425453828584208e-01  5.8022008820372772e-01  
q[16]:  6.6804347645391311e-04  2.0542047709374928e-01  5.4023802159709269e-02  8.1980615928706124e-01  7.8650307157699950e-01  
q[17]:  1.0887696836987630e-03  3.4408008695794617e-01  1.1286276640180285e-02  7.9347282715340972e-01  2.5956209644002798e-01  
q[18]:  4.9281336370336694e-04  1.9760585300848471e-01  1.7670580208873264e-02  9.8222838024779779e-01  6.9922394894312856e-01  
q[19]:  1.4092071117262600e-03  4.2537114029921097e-01  2.6856100047116110e-01  1.7930920538106065e-01  1.1107881905916982e-01  
q[20]:  2.8027247594206322e-03  3.4543075131259499e-01  1.9807336978431667e-01  4.0184364588565741e-01  1.3406766969098302e-01  
q[21]:  2.9361833628554633e-03  3.8366115926864286e-01  2.7412177843723956e-01  7.2246273240356018e-01  2.7082638216088933e-01  
q[22]:  2.1651448292359793e-03  4.3236007059262355e-01  2.7983017212012307e-01  6.2547717673415981e-01  5.6132766788064081e-01  
q[23]:  1.4207906045471950e-03  3.3289575959587231e-01  1.7950674210866202e-01  9.1442334806160797e-01  1.4432212715543383e-01  
q[24]:  2.7680727935020990e-03  3.7304454500146028e-01  1.7090416692410532e-01  8.7930127046480722e-01  7.0092300230209581e-01  
q[25]:  3.6270932407513550e-04  2.8529109519656698e-01  2.0301178856692556e-01  9.7085531073122844e-01  9.5083469233381823e-01  
q[26]:  5.3024053357908160e-04  2.1550564388328131e-01  1.9660009384230653e-01  2.0472085344240126e-01  3.0789367329663340e-02  
q[27]:  7.5356353155176436e-04  1.9474662732017561e-01  1.3595891766795920e-01  2.3199622238200196e-01  2.0348534794827164e-01  
q[28]:  1.5317410122601702e-03  1.9228722915799412e-01  1.6660181474992894e-01  5.3391105296640406e-01  2.9119916440717736e-01  
q[29]:  1.8431440430353152e-03  2.0430232228680667e-01  8.9161417180899302e-02  5.6993776754730019e-01  4.3756500000939480e-01  
q[30]:  8.0929309278393309e-04  2.6277874132323570e-01  1.7030979988033040e-01  7.6572071470496306e-01  1.3047085916657748e-02  
q[31]:  1.0848205015175764e-03  1.3655729470838485e-01  1.1212608928741936e-01  8.0726265414450649e-01  1.7883388927589330e-01  
q[32]:  1.2083034637191052e-03  3.0338472658269910e-01  2.8209048548931331e-01  8.1405163513296952e-01  4.9733987076088459e-01  
q[33]:  7.8084018018768865e-04  2.3118500016000995e-01  2.0052626032317597e-01  7.5135653117340229e-01  7.1366391178975808e-01  
q[34]:  2.1542415754853753e-04  1.9001300872187254e-01  1.2797642652745284e-01  9.8503772989741445e-01  2.4702952326204446e-02  
q[35]:  6.0794418274199809e-04  1.9085844658476192e-01  1.5508080673629876e-01  9.6485239529096767e-01  7.6204724707753568e-01  
q[36]:  8.5759068600957486e-04  3.8644567429646171e-01  1.0751370807500750e-01  9.5448274508428313e-02  3.1126582407028133e-02  
q[37]:  1.5704182088858540e-03  4.0549598914826496e-01  2.5938370863589799e-02  4.3449231758654178e-01  1.6893216302765912e-01  
q[38]:  2.9819923415955342e-04  4.3302145304894307e-01  5.1191413027186893e-03  1.3557441325512087e-01  1.2797093058854708e-01  
q[39]:  9.6644642188604025e-04  4.4293803863458953e-01  6.6221542651174053e-02  4.8716754418064706e-01  1.2860663697688511e-02  
q[40]:  3.6992166919875735e-03  4.3180545222649203e-01  1.0780121448054958e-01  6.2988382743730476e-01  3.7291332125848448e-01  
q[41]:  8.9816201504043514e-04  4.3304163435797333e-01  4.4051576089798358e-02  6.4377285606337542e-01  6.2171782236799977e-01  
q[42]:  1.5629933934734298e-03  4.7107610781324494e-01  2.0444257096014204e-02  8.3600054487955522e-01  5.8824898101686929e-01  
q[43]:  7.5319535181031744e-04  4.1556905532352173e-01  6.7662484724734115e-02  9.4559504003116557e-01  3.1911689458128521e-02  
q[44]:  1.0804442625724721e-03  4.4024252812325887e-01  4.7571512428422474e-02  9.7181251324992191e-01  3.9209327713958908e-01  
q[45]:  7.8727512109714732e-04  3.9781855690565932e-01  5.8668611567269734e-02  9.6578956001840699e-01  9.0264163658381202e-01  
q[46]:  2.0521269390734636e-03  6.3277268559433852e-01  2.7501658589606537e-01  2.7329185824610092e-01  2.7089657592306384e-02  
q[47]:  1.2786892187597793e-03  4.0464285188507970e-01  1.3673774535856001e-01  4.1914721041405911e-01  4.0389845499045540e-01  
q[48]:  2.5504069517462364e-03  5.1640486172759259e-01  2.2748203119429114e-01  6.6354833502392840e-01  6.3971269573733835e-02  
q[49]:  2.1828956916572417e-03  6.4172618603997400e-01  1.4490738721564367e-01  7.8985608522709017e-01  6.8501469430235462e-01  
q[50]:  1.3215155905596141e-03  5.4880869022431156e-01  2.4905375066993765e-01  8.3216792481758806e-01  7.9767472633704406e-01  
q[51]:  5.7465570156755869e-04  5.4208167648201799e-01  4.0393853545950215e-01  9.9981940872145492e-01  1.0363669883966686e-01  
q[52]:  1.9587008340834185e-03  5.5398312941862626e-01  1.5608941827252817e-01  9.6254240809038016e-01  6.1013955967207356e-01  
q[53]:  7.2763227514381537e-04  5.7668731426024689e-01  5.0391171624217401e-01  1.7085921653421299e-01  2.6136630595084493e-02  
q[54]:  3.7630748408858956e-03  5.8240691524932275e-01  3.9696859739621926e-01  4.3946140843024001e-01  2.9320453800699103e-01  
q[55]:  2.0300832571172613e-03  5.4760978375473834e-01  4.3303645053799406e-01  8.1254991463925641e-01  1.4484765290914717e-01  
q[56]:  3.4883559004239930e-04  2.2479941906195028e-01  2.1463408007245710e-01  9.7837120921094078e-01  2.3877122800727260e-01  
q[57]:  3.2693930159839093e-03  6.4723291723323051e-01  4.1413917006668277e-01  9.1032292178925167e-01  5.5905137370173652e-01  
q[58]:  1.1618007080624764e-03  5.5217751365085066e-01  3.7340076105361103e-01  9.8363185522490915e-01  8.3956123272918803e-01  
q[59]:  2.4705816602507247e-04  3.9188334333788827e-01  3.4804544689896677e-01  4.6857552331875892e-02  3.5595260825298854e-02  
q[60]:  1.2401483896753594e-03  4.9101449184819385e-01  4.6544879371347220e-01  3.2999085236406550e-01  1.5295941455774095e-01  
q[61]:  1.2205440419516059e-03  4.5418651635578589e-01  3.3708477307731777e-01  4.2151735091889647e-01  1.6425428146368343e-02  
q[62]:  1.1419664637700568e-03  3.8351075252663813e-01  3.5580346005337110e-01  4.2088119901452975e-01  3.7261346293480674e-01  
q[63]:  1.2012724064373325e-03  3.6245305821536533e-01  3.4603985310008994e-01  5.9457307579606788e-01  8.3547726148027135e-02  
q[64]:  6.1199011743218147e-04  3.9943205614813149e-01  3.7341333836343515e-01  9.0263965358820220e-01  4.9905073804367178e-02  
q[65]:  1.1974348063317989e-03  4.3336581729712931e-01  3.8712186686954558e-01  9.0844159111373024e-01  3.7410622246555897e-01  
q[66]:  2.5188737684705741e-03  4.8936852004631964e-01  4.1397943664891040e-01  7.4621455561726036e-01  5.6115570161973494e-01  
q[67]:  7.8800627232118302e-04  3.4601698916461476e-01  2.7506878333069990e-01  9.9093187191362619e-01  5.6180668579045312e-01  
q[68]:  8.3447985770203944e-04  4.7207692103870313e-01  4.5315236057855729e-01  9.1655867490744092e-01  8.2384669616544326e-01  
q[69]:  8.7725604435978492e-04  5.9512556668908512e-01  3.4510957906402434e-02  2.2356991277939606e-01  3.9472004190620621e-02  
q[70]:  2.9308838387388822e-03  6.7378487913707530e-01  1.1830959161258643e-01  5.2268452659909737e-01  1.2015909409532080e-01  
q[71]:  1.9326972772123585e-03  6.2255974070077924e-01  3.5258759634209352e-02  4.8576670147603285e-01  3.9030080209185863e-01  
q[72]:  1.9253749313975349e-03  6.8733477943064936e-01  2.6468306006118471e-02  6.7799200927457060e-01  2.6162240155589478e-01  
q[73]:  6.2874093095240883e-04  5.8231562353415389e-01  8.7122126034616942e-03  7.2250490191835104e-01  4.1052552166033117e-02  
q[74]:  6.2854723814415243e-04  6.4765833837804088e-01  3.9107490570940977e-02  8.7055246070131931e-01  8.4436778594932094e-01  
q[75]:  9.2008507761649782e-04  6.1979640960091542e-01  2.8405250457582899e-02  9.4372091646761713e-01  1.6173055331366587e-01  
q[76]:  3.6126971961441493e-03  7.2096083163512159e-01  1.1043439190438893e-01  8.5935863974037108e-01  4.0710334765170519e-01  
q[77]:  6.0869855095723976e-04  6.6996655127803662e-01  1.9172358059735255e-02  9.7068808351830715e-01  7.3273011425738865e-01  
q[78]:  2.9545990115668404e-03  5.6752294089165323e-01  1.5884798863738306e-01  2.9549544627962865e-01  1.9555019476664109e-01  
q[79]:  2.7504010704998368e-03  7.0220520642395001e-01  3.0715894142040318e-01  9.0680966329069068e-01  2.6742920474894472e-01  
q[80]:  2.8605657289185152e-03  5.0268285360917764e-01  1.2526923886098429e-01  8.0947442738851416e-01  1.6893023633755724e-01  
q[81]:  3.9836383158324936e-04  7.0781914318279782e-01  3.1282112444652754e-01  9.7178386322768395e-01  9.7059265793411897e-01  
q[82]:  8.5038908972582443e-04  6.7916984652057300e-01  3.8231569983948471e-01  1.4589842694920821e-01  1.3932723418298706e-01  
q[83]:  3.0578920177233636e-03  7.3721816731859402e-01  3.3637595034105311e-01  5.1772456006761780e-01  1.6237026559501466e-01  
q[84]:  4.8079221878651757e-03  6.0019396652945145e-01  2.7896560279878929e-01  7.1063230635996166e-01  3.8786546073253009e-01  
q[85]:  2.0728521024434877e-03  7.2507053858191239e-01  3.6468759759179986e-01  6.2297225073994678e-01  5.8567169718109480e-01  
q[86]:  1.1840643977352875e-03  5.8451738439929035e-01  3.2674814802813551e-01  9.0252889199165309e-01  2.9259194625008370e-02  
q[87]:  1.5959564600540933e-03  4.7368209822436785e-01  2.4985026662265378e-01  9.7021179305353855e-01  3.2930439871586936e-01  
q[88]:  8.1941399396888968e-04  6.6210230517387247e-01  6.0536598467388991e-01  2.0482344828663385e-01  1.7463941048482032e-01  
q[89]:  3.4324959917739540e-03  6.7746043087571617e-01  5.0406800406310159e-01  5.4164699581884468e-01  1.4849246269521235e-01  
q[90]:  1.5921537482118042e-03  6.0403845739177753e-01  5.9343701127374904e-01  6.1089059204481910e-01  2.9142241118091883e-01  
q[91]:  1.2178278870541527e-03  6.6057760065802140e-01  5.9419486642711450e-01  7.1603510213244703e-01  3.3682384167297956e-02  
q[92]:  6.4206523485248234e-04  6.5315656328589367e-01  6.2832418885698671e-01  6.4564500905033184e-01  6.3474430446777785e-01  
q[93]:  7.5660520911823557e-04  5.9606452193669879e-01  5.8582462888463394e-01  9.3453681731370053e-01  2.2358191726059121e-01  
q[94]:  2.0748189446330467e-03  6.5789170535301433e-01  5.3550401210038545e-01  7.8473790235546448e-01  2.9156045728000657e-01  
q[95]:  7.0897280849283224e-04  6.0800516539204619e-01  4.7469445390036075e-01  8.6516803031166900e-01  8.5523353045739314e-01  
q[96]:  3.5646423161618063e-04  7.2066568925590002e-01  6.6071612710584626e-01  9.5532861314956763e-01  1.3739621925303874e-02  
q[97]:  1.5823353378906181e-03  7.5023957861494583e-01  5.9538509919697946e-01  9.7533884940803295e-01  3.5352699952938288e-01  
q[98]:  7.6813822201730994e-04  8.1089221765950692e-01  1.0833775055392224e-02  2.8056670793432104e-01  1.0816509703446647e-01  
q[99]:  6.7384260263718767e-04  7.8508599328732509e-01  5.6999970652997098e-02  2.6546860741910649e-01  2.5118675565164744e-01  
q[100]: 2.3524982869620277e-03  8.9093485433271080e-01  8.7161112913027278e-02  5.2160319054513848e-01  2.8587499252595799e-01  
q[101]: 5.7949401005995228e-04  8.7304412623389505e-01  5.7029003708829627e-03  6.4813037212386682e-01  7.0963033970030315e-02  
q[102]: 8.7048473406657037e-04  8.6075768694004062e-01  8.6381133171083979e-02  6.2522756905872978e-01  6.1823226710338575e-01  
q[103]: 1.6099022608720994e-03  8.8968486434205929e-01  6.7535450474564496e-02  8.7462857919702075e-01  1.6967559869291576e-01  
q[104]: 1.3499955160752716e-03  8.2388491434153144e-01  2.0863705637992239e-02  7.6425006773013893e-01  5.9851779121437998e-01  
q[105]: 2.1690310045468109e-04  8.2547257259854767e-01  2.9519161622409969e-02  9.7104091262390291e-01  1.8390041411393925e-02  
q[106]: 6.9281116637410209e-04  8.2036792770321221e-01  3.0452563143710209e-02  9.7700816553528036e-01  4.2427654665760245e-01  
q[107]: 3.0152454598982210e-04  8.3967912882198481e-01  5.9102663245209505e-02  9.7443670212391631e-01  9.3909918072118059e-01  
q[108]: 7.2994510858749410e-04  7.3899178592623394e-01  1.1583912181076048e-01  7.1013926166357211e-02  4.0306847450625606e-02  
q[109]: 2.2672360789935076e-03  8.2569187927987642e-01  2.1211334476396052e-01  3.3622941636430748e-01  1.6962217864577675e-01  
q[110]: 1.2412283023548777e-03  8.3474205782314581e-01  1.0652459602697295e-01  4.5212942432973879e-01  2.2802495738307463e-02  
q[111]: 9.6812146647177577e-04  7.5067444606127198e-01  2.6972778633298511e-01  3.4488660144002109e-01  3.2896247825475389e-01  
q[112]: 2.4422109699089971e-03  9.1393226165273955e-01  2.3998045690923064e-01  6.6554534870935900e-01  3.3910325744349018e-01  
q[113]: 1.7042413191428491e-03  7.5313838067710648e-01  1.4743451638730606e-01  8.2061303741685598e-01  3.1703243118110964e-02  
q[114]: 2.1020448289571906e-03  8.9381643409200762e-01  1.8019666787232261e-01  8.9627738598776985e-01  5.8744607216151501e-01  
q[115]: 9.9716864844641363e-04  8.9784586266850497e-01  1.6265526427957622e-01  8.7989521318590092e-01  7.7252691429860687e-01  
q[116]: 8.9507015080806372e-04  6.9058258426306462e-01  1.9262272321911750e-01  9.8883225589179247e-01  1.2491807216532386e-01  
q[117]: 1.3082803815070612e-03  7.3453073087059939e-01  1.9317912593668801e-01  9.6610333545276683e-01  8.3009779253274119e-01  
q[118]: 1.5340816984474109e-03  8.5891720448489783e-01  3.5528279803665141e-01  1.7448140361162559e-01  7.5138454604633115e-02  
q[119]: 4.1912769096597502e-03  8.5612197516921318e-01  5.1608179318131642e-01  4.8604544141826805e-01  3.2203020000252930e-01  
q[120]: 3.4790013515943376e-03  8.4795638241159021e-01  2.9963270604260961e-01  7.2866423389762180e-01  1.5162546404985355e-01  
q[121]: 3.2935251640027088e-03  7.5438740188542674e-01  2.0014203419726281e-01  6.1965638954485702e-01  4.8607078606797649e-01  
q[122]: 2.8498303688807756e-03  8.1657388128215125e-01  4.1383172965433629e-01  8.2311970173008786e-01  6.0467331085031162e-01  
q[123]: 1.1604776833294527e-03  8.4860351651663390e-01  3.5124712317232543e-01  9.9862607554175697e-01  5.6967595259484638e-01  
q[124]: 1.2776113945531784e-03  8.4934813287409949e-01  4.7308371009892675e-01  9.5139175693667033e-01  8.2403001573001167e-01  
q[125]: 4.5203200452031950e-04  7.1468758350605466e-01  4.4541762025006171e-01  4.0969220709404591e-02  5.9219428730611964e-04  
q[126]: 2.3124163176748004e-03  9.5814127230786583e-01  6.0402803509493308e-01  6.3771892220581572e-01  2.5911978728318596e-01  
q[127]: 2.5927099985340518e-03  8.1835394927552874e-01  5.4605927558198297e-01  8.9522729085978636e-01  1.0840965123510160e-01  
q[128]: 2.3423361044767172e-03  8.3743462186208373e-01  4.6681256038533608e-01  8.3113020704051344e-01  3.3087318908195112e-01  
q[129]: 2.4686222439117586e-03  7.8077537204485803e-01  5.8680583310314416e-01  8.3432465665804445e-01  7.2672424323444240e-01  
q[130]: 1.7366502890005212e-03  7.7670281283250531e-01  5.9222920546088353e-01  2.6220423208739757e-01  7.1203878854611699e-02  
q[131]: 1.0868440123517123e-03  7.1036634426992484e-01  5.3164477211830685e-01  3.9510262312556349e-01  3.7746952512272947e-01  
q[132]: 1.5634534763939523e-03  7.6899340950693951e-01  4.4208677584666684e-01  6.3885478614849456e-01  1.0330260484766986e-02  
q[133]: 2.4689818139007232e-03  7.3023577072163892e-01  6.4810895684150172e-01  6.4587522788833718e-01  4.9166031173096097e-01  
q[134]: 6.8680821090104989e-04  8.5471664196607122e-01  7.7785827552019626e-01  9.6799857367371767e-01  1.3957615806693785e-01  
q[135]: 4.2644110870636819e-04  7.6994054826572234e-01  7.0336876433700912e-01  9.7881099264106419e-01  9.3875316701169464e-01  
q[136]: 3.1666963812274160e-04  7.8252525932566475e-01  7.6112867675420948e-01  9.8206844316875819e-02  4.3050973346670796e-02  
q[137]: 1.4697224270597265e-03  8.7477227183600814e-01  6.8246634777321635e-01  2.4236626289539237e-01  1.3260168320110421e-01  
q[138]: 9.4209988278165426e-04  7.2370985494349960e-01  6.8937269500367093e-01  4.1706100720620576e-01  3.6764725773099062e-02  
q[139]: 1.1066844376020149e-03  8.3249181022161012e-01  7.9045044243753315e-01  3.9898807005691772e-01  3.2967127679210212e-01  
q[140]: 2.4539056280911487e-03  8.7090924519100699e-01  7.0749928656114014e-01  6.8267552027626444e-01  1.5953179953523391e-01  
q[141]: 7.6437371317545635e-04  8.2639258030929286e-01  8.0786313434056334e-01  7.8081121978609269e-01  1.0161724619774484e-01  
q[142]: 1.2439065467282180e-03  8.3059203993713460e-01  8.0247476640433846e-01  8.5334311926669837e-01  3.6240558136093076e-01  
q[143]: 2.5921616623430072e-03  8.6130178317663142e-01  7.1870679019031392e-01  7.7050377053307506e-01  4.4062667451305532e-01  
q[144]: 7.1011783750454598e-04  8.3668478021608295e-01  8.3119893008060031e-01  8.5964245925173177e-01  7.2478727724905812e-01  
q[145]: 1.4851893944341655e-03  6.5447300864365499e-01  6.1281271140870863e-01  9.4701980051918999e-01  6.1652313126570812e-01  
q[146]: 9.3111904646496653e-04  8.8689567963766858e-01  7.4824754354707790e-01  9.8656171008301774e-01  7.3882723104175352e-01  
q[147]: 1.3404597075222349e-04  9.4116248984702200e-01  1.1919495206765704e-02  7.7188559278203658e-02  3.0982926758378097e-02  
q[148]: 4.9688987073764315e-04  9.8570779460897584e-01  4.2805272516920956e-02  4.0243607523178604e-01  8.5236099966559481e-02  
q[149]: 4.9976214850578162e-04  9.6326469752009281e-01  2.2135028174804942e-02  4.5459611082466977e-01  3.8238906752740620e-01  
q[150]: 1.1439362569821163e-03  9.7014848667144504e-01  1.2364233421715808e-01  6.9523364851226044e-01  1.7515317560726507e-01  
q[151]: 9.2115230115469152e-04  9.9631470104149633e-01  1.5652923300354332e-01  6.9829648227917418e-01  5.7641441767018597e-01  
q[152]: 1.5180483376182714e-04  9.9020011177880030e-01  4.4488527739078479e-02  8.1062141672422694e-01  4.2723294701693896e-03  
q[153]: 7.3759347261907445e-04  9.6153931763375378e-01  1.8334338272418316e-02  7.9216960589935537e-01  4.0621531285272156e-01  
q[154]: 2.6970650862298269e-04  9.7176836457133353e-01  3.0213937245535623e-02  8.7100331267190056e-01  8.2438322925547136e-01  
q[155]: 8.6219999512861457e-05  9.9221001461126335e-01  2.9847414346153077e-03  9.8992235051133370e-01  1.9441201835462094e-01  
q[156]: 4.8636431623548000e-04  9.4602619306174385e-01  4.9949363929030093e-02  9.7023705248140368e-01  7.2482709415529811e-01  
q[157]: 6.2154320294971466e-04  9.3153697050597406e-01  1.6472997377965584e-01  1.9467494335189747e-01  9.4808741779699186e-03  
q[158]: 8.0444787965025868e-04  9.6182872742057290e-01  1.2729031896556448e-01  2.0876985010819257e-01  1.5554156841925745e-01  
q[159]: 1.7451905392756384e-03  9.4208785008984630e-01  3.0338489266590296e-01  4.4095150581491671e-01  3.9482225740311755e-01  
q[160]: 9.3865655544540674e-04  9.5931135735515238e-01  2.4661381763159779e-01  6.3650866946341123e-01  3.1032427046878534e-02  
q[161]: 5.7269817090379986e-04  9.5968667226827342e-01  1.7960287811999731e-01  9.5620068841851646e-01  7.4176184205426404e-02  
q[162]: 6.2591058575515632e-04  9.8730642306671268e-01  1.4329857641706503e-01  9.4630691073355488e-01  4.3382521604716684e-01  
q[163]: 2.0319013875896112e-04  9.8297390749412561e-01  2.3041270068645148e-01  9.8865898461689061e-01  9.3553667200441148e-01  
q[164]: 2.0533463261297684e-04  9.7460498003265195e-01  3.3590991738812254e-01  4.7383089148078303e-02  3.2914239427448998e-02  
q[165]: 7.6907870609119774e-04  9.3198349324396124e-01  5.1619530051791229e-01  1.8747778358191863e-01  1.6169387360787443e-01  
q[166]: 2.0264267403914912e-03  9.1835296323514659e-01  4.4323381345271501e-01  4.1044540553832409e-01  5.1280454280810212e-02  
q[167]: 1.1383613401424932e-03  9.9637669317988897e-01  3.2990400209612059e-01  4.1008395407123527e-01  1.4991880278514558e-01  
q[168]: 9.8032563977262029e-04  9.4838432684770935e-01  4.1203074878611107e-01  8.9235880050644578e-01  4.7464769175802474e-02  
q[169]: 1.3770637791219022e-03  9.8221350329181201e-01  3.7306127391387772e-01  8.7800559129678735e-01  2.9151196431674470e-01  
q[170]: 1.9362403278479349e-03  9.5109538364359492e-01  4.1008346713058502e-01  7.5373473393161550e-01  4.8847505041122902e-01  
q[171]: 1.1796967738050062e-03  9.1652202735698229e-01  3.2611324283715509e-01  8.3241675933207881e-01  8.0943626835193194e-01  
q[172]: 2.9965725024173846e-04  8.1942235424593102e-01  3.6783805927358237e-01  9.8653276314605454e-01  9.5819041325569346e-03  
q[173]: 1.1202748712643925e-03  8.7536159142149628e-01  2.4707266720542095e-01  9.7933495349207900e-01  2.7906762139261865e-01  
q[174]: 4.3630105570351574e-04  9.7614909129783356e-01  6.2758280969204627e-01  1.4976695809948246e-01  1.2849077724696028e-02  
q[175]: 5.8218052153925911e-04  9.9731448330519334e-01  5.8452824709879414e-01  3.4533840423326501e-01  2.4046011534668418e-01  
q[176]: 1.1101423876246706e-03  9.8154613996583540e-01  6.1323784495413447e-01  7.1213002223122590e-01  7.1479561000641026e-02  
q[177]: 9.9377261255838290e-04  8.9483606097561064e-01  6.5586853132382694e-01  6.3688750975031849e-01  6.1562822756845970e-01  
q[178]: 1.2671178786623847e-03  9.7390777021160158e-01  5.4128317190195407e-01  6.8448993236147648e-01  6.1037326589802399e-01  
q[179]: 6.7840893808731684e-04  9.5731122909642963e-01  5.7874084516970792e-01  9.8273129453234109e-01  2.0202358057833278e-01  
q[180]: 7.2480166850116606e-04  9.8833577970188335e-01  4.1251706076839678e-01  9.5559859755882337e-01  7.2726843110489914e-01  
q[181]: 5.3300403899750109e-04  9.5065971567168150e-01  6.2547226970045688e-01  9.5608371342429244e-01  9.1829495394848715e-01  
q[182]: 3.3734272592279342e-04  9.3561511425867372e-01  7.9431094455811624e-01  6.3902120920616215e-02  4.7095782603281566e-02  
q[183]: 1.0761431190154840e-03  9.1432426795886557e-01  7.1385483322540788e-01  4.3599302842945165e-01  2.5888614990111102e-02  
q[184]: 7.7375468259485985e-04  9.9780514803506215e-01  8.3510721464340176e-01  3.9419105597458737e-01  1.4473505479917925e-01  
q[185]: 1.4780095336822052e-03  9.5860141038520275e-01  8.1600970735682465e-01  6.2601419724659668e-01  4.4044416954586396e-01  
q[186]: 5.3514777770275596e-04  9.3359758565161266e-01  7.8150378002520904e-01  8.4196742512602651e-01  7.0085412081277929e-03  
q[187]: 1.1225047237986613e-03  9.8156976895333192e-01  8.4835480258109086e-01  8.7636420642126478e-01  2.2652330154767678e-01  
q[188]: 1.9964447725844539e-03  9.4575335558468387e-01  6.4149518641201564e-01  9.3308510329020022e-01  4.7669738464188449e-01  
q[189]: 6.1299445856123830e-04  9.3464098967165921e-01  8.3488203224150959e-01  8.4329795759709480e-01  8.1798827566166643e-01  
q[190]: 1.4973290613815734e-04  9.7393166220216199e-01  7.4103838191805660e-01  9.9989266522500375e-01  3.5159665869087732e-02  
q[191]: 7.8686795496135642e-04  9.9344010417927586e-01  7.5819124650246306e-01  8.6685297927446736e-01  6.8497090396640081e-01  
q[192]: 2.9801688260441844e-04  9.4653187783916037e-01  9.1290966046103994e-01  2.1089172971498371e-01  1.6560265949085978e-02  
q[193]: 2.9690790234246237e-04  9.7669252778226845e-01  9.4485965930765303e-01  2.2962342094516408e-01  1.7508859310401839e-01  
q[194]: 1.5303515884593688e-03  8.7042063621803423e-01  8.3002782080184312e-01  4.5218021807743536e-01  1.8735115778589889e-01  
q[195]: 6.7743291039834303e-04  9.5639681489942885e-01  7.6159704550709995e-01  3.7801027163379330e-01  3.5841187918697232e-01  
q[196]: 6.0327794854442057e-04  9.5921246422412443e-01  9.0969154026211696e-01  6.0478432251426772e-01  4.7614018179400315e-02  
q[197]: 4.6658344001574564e-04  9.7921095203364017e-01  9.6480125262777061e-01  6.7233992227896677e-01  2.9157188874692008e-01  
q[198]: 5.1551799726696709e-04  9.5887407151893833e-01  9.2890934010852177e-01  6.1503618674822413e-01  5.5367405370159495e-01  
q[199]: 1.7033663116203837e-04  9.6786929607973304e-01  9.5900715401214531e-01  9.3427200236025310e-01  7.1908062433666792e-02  
q[200]: 3.6236348026743442e-04  9.3896170927407852e-01  8.9639768668589548e-01  9.9188665651364694e-01  4.2561963134243380e-01  
q[201]: 6.0042871947874347e-04  9.6713936982380688e-01  9.2201471690885828e-01  8.9355141242916980e-01  5.9684335182938519e-01  
q[202]: 1.0994525384731001e-04  9.9027283607682159e-01  9.5104658718051405e-01  9.8133990321198805e-01  9.0442510415432109e-01  

