deg: 13
dim: 4
nodes: 479
efficiency: 0.993737

q[0]:   7.2452051423839935e-05  9.9608174374809066e-02  2.7647718706883324e-02  8.5111873001207095e-02  7.3324427864664643e-02  
q[1]:   1.3153889233825418e-04  4.1744671088103175e-02  1.7144773379319890e-02  3.1269440280660082e-01  5.5638197001202080e-02  
q[2]:   1.1601038671080324e-04  4.0122018620813694e-02  2.1788459133083350e-02  2.5100146634194798e-01  1.9295901026721346e-01  
q[3]:   2.3304020824685770e-04  1.0449860687470873e-01  7.7848522246511939e-02  5.1064967083157908e-01  2.8837105679511116e-02  
q[4]:   4.2463797195519700e-04  1.0017469328758893e-01  2.2602863910781468e-02  4.5358774700301108e-01  2.8769627865263953e-01  
q[5]:   2.1364283571457735e-04  3.6639006265113988e-02  2.0622633034217346e-02  6.1339084448732217e-01  2.1735254928755254e-01  
q[6]:   1.5452205752207072e-04  9.0463065112276475e-02  6.0739427574257751e-02  4.7217255083728116e-01  4.5603206757259879e-01  
q[7]:   5.9021868176804803e-05  6.4922344169564716e-02  3.9960586923453627e-03  6.6260087333156159e-01  1.4480166908002162e-02  
q[8]:   1.0713796561266207e-04  2.6077581958804996e-02  8.3798218551648547e-03  6.4054852743632396e-01  5.5760474770493595e-01  
q[9]:   1.3670867590251647e-04  4.3679511860170585e-02  2.6352725292052303e-02  7.9953942436369674e-01  7.5746958573879572e-02  
q[10]:  2.0818799014023578e-04  5.2481915029715394e-02  1.4817794492729972e-02  8.3341770011195548e-01  4.0977041214236082e-01  
q[11]:  5.0046062089495968e-04  1.4364174690762491e-01  9.3848514797507068e-02  8.8403907018044825e-01  5.4823675189307830e-01  
q[12]:  1.8212840368975430e-04  8.0488714830395505e-02  4.8762995822163827e-02  8.5242805986656789e-01  8.1761770162346192e-01  
q[13]:  6.9315039560177789e-05  6.7413542639528382e-02  3.3566900103745891e-02  9.7433910980745475e-01  4.7004156092721051e-02  
q[14]:  9.6925334353268201e-05  4.0316848616927983e-02  2.2164126491069414e-02  9.5273076533174139e-01  2.4794495315531995e-01  
q[15]:  1.9847659664218534e-04  8.5371719340585184e-02  4.0375671991454275e-02  9.7755954494239405e-01  4.8933524522885474e-01  
q[16]:  7.5255416629015816e-05  2.9384042633129572e-02  2.7112099222435411e-02  9.5529896451213392e-01  7.4851650686237181e-01  
q[17]:  4.6418447507111454e-05  7.3021106676458170e-02  1.4983351678345545e-02  9.7702623350902784e-01  9.3843665303391122e-01  
q[18]:  1.1370557757243118e-04  2.3082783733054238e-01  2.0981204841406650e-01  8.4540587825654559e-02  6.9246595301496086e-02  
q[19]:  7.7622077151582035e-05  8.3381831419426650e-02  5.8316040491617538e-02  8.6373720089922140e-02  1.5557284277084991e-02  
q[20]:  2.8285610774621620e-04  1.4639528796491477e-01  1.3553562929573820e-01  2.7768213455959567e-01  1.1482188067668812e-01  
q[21]:  3.5738055429729846e-04  1.3916757813372241e-01  1.2188516463888786e-01  4.7435836299953577e-01  3.2091527994450514e-01  
q[22]:  6.5391112305432082e-04  1.6024362997032784e-01  7.8324468481481710e-02  4.7183219474935156e-01  1.6854303478714508e-01  
q[23]:  3.1687019777014972e-04  8.2801792008887071e-02  6.9633536759606277e-02  7.0597180072542154e-01  4.7496667468800985e-01  
q[24]:  4.1723113935023193e-04  1.5364886492602753e-01  1.3448774428505508e-01  6.6670837996821664e-01  1.5272329032153517e-01  
q[25]:  2.6930707029062525e-04  1.9708375896500696e-01  1.6708738514734134e-01  6.8945580419623198e-01  6.6414652953780973e-01  
q[26]:  1.0154947609066403e-04  1.3511339266024225e-01  1.2027558968411330e-01  8.6884859396369618e-01  2.0471100488724223e-02  
q[27]:  2.7562267453505319e-04  1.3623757250603394e-01  1.3341053916715334e-01  8.8568900469177037e-01  2.9234345428442721e-01  
q[28]:  4.9968486241169774e-04  2.3934598704868656e-01  1.0403544444353419e-01  8.7204517997298991e-01  7.6796613526399671e-01  
q[29]:  2.0329410038275310e-04  1.8690550036393536e-01  1.4171866560861426e-01  9.8383117212712445e-01  1.5728639846265169e-01  
q[30]:  2.5438643692366630e-04  2.0999178756761649e-01  1.8397600002983194e-01  9.7879856462750803e-01  6.5866679478040424e-01  
q[31]:  5.9103672948427688e-05  1.4032538015759163e-01  1.3382291328004900e-01  9.8024084958233615e-01  9.1564252164634408e-01  
q[32]:  2.9019885846438815e-04  2.6412599518548086e-01  4.8263965496665000e-02  2.3224825839889210e-01  2.0878839622582337e-01  
q[33]:  1.7217919547805576e-04  1.5720995400912174e-01  6.8123960872233866e-03  1.8154580817307503e-01  4.9873206927334469e-02  
q[34]:  6.0250823176907005e-04  2.6563203636539434e-01  4.9540388357133376e-02  3.6333824057360598e-01  1.2225773715209774e-01  
q[35]:  2.3525609174915952e-04  1.6666203871784044e-01  1.8141270686021248e-02  3.8369939668508474e-01  3.4499691816133804e-01  
q[36]:  2.9208352795222724e-04  1.4859150007026040e-01  1.1096735714434355e-02  5.1667085563531223e-01  6.9696721739467976e-02  
q[37]:  4.7848381347886769e-04  3.0629774949156707e-01  1.8090087838514068e-02  5.8468699569934179e-01  4.5512307647519123e-01  
q[38]:  5.1133350318189198e-04  2.5986556362766350e-01  1.6441831066673793e-01  4.5681042522664134e-01  4.1198831426719534e-01  
q[39]:  5.4636073684708787e-04  1.8972245403150714e-01  6.8974241592641719e-02  7.1190554500905956e-01  1.1130670443356572e-01  
q[40]:  6.8370091354375256e-04  1.8865850452428037e-01  2.2635454306314275e-02  6.9004901934918250e-01  3.7597868796191969e-01  
q[41]:  2.0830753648684193e-04  1.5956492361640839e-01  2.3783922507493359e-02  6.8856919927655824e-01  6.6769831211556774e-01  
q[42]:  1.6134553421905814e-04  1.6602315297272704e-01  2.8685288496440243e-02  8.9911949622379173e-01  2.0025043987401549e-02  
q[43]:  4.1567010867036842e-04  1.3092829027307651e-01  2.3106303994223309e-02  8.2335265809505687e-01  2.1985025876783607e-01  
q[44]:  8.0465045187678628e-04  1.9394519230407006e-01  7.5195911739137491e-02  6.6509890476899536e-01  5.4347237822577654e-01  
q[45]:  2.4776647702731089e-04  9.4879152752763804e-02  7.0063055150498465e-03  8.5460820174019658e-01  6.6670608162028777e-01  
q[46]:  1.1726606627869365e-04  1.4295199476935946e-01  9.8303426238764580e-03  9.6035810800442412e-01  1.6467577510021175e-01  
q[47]:  2.9077517091171285e-04  2.1889779334030038e-01  5.9165582745124380e-02  9.8338886681253523e-01  3.0448917771820955e-01  
q[48]:  2.2450923600544247e-04  1.7699765387790797e-01  2.8508674982149949e-02  9.7760353056196903e-01  7.0087230584037585e-01  
q[49]:  1.1051077750927350e-04  2.2369151419632213e-01  2.1480144177914388e-02  9.5269760814598248e-01  9.2145816107906986e-01  
q[50]:  1.0170335892695748e-04  2.7254362281772665e-01  1.1267647419192706e-01  2.7802343052148331e-02  6.0021959798247449e-03  
q[51]:  6.9794330126954243e-04  2.3338246516406172e-01  1.0745299549302829e-01  2.1565472071867955e-01  1.1873418741645182e-01  
q[52]:  2.1857819447646050e-04  1.8557228597718875e-01  1.3954167787863592e-01  2.5284097570107589e-01  2.3617796774092351e-01  
q[53]:  2.8977829565395903e-04  1.9967613620499730e-01  1.0239470375717256e-01  2.6873449113603104e-01  8.3239264822400454e-03  
q[54]:  4.1142010090136871e-04  2.3794974639231292e-01  1.4703063776247363e-01  7.2371490722734921e-01  1.8380287492251009e-02  
q[55]:  8.7789887311856421e-04  2.1328314222886358e-01  1.2182734542208107e-01  7.5614824927850322e-01  3.1414993983649608e-01  
q[56]:  9.9960619297854059e-04  2.7655280019067391e-01  1.8839158810534973e-01  6.5662465548791327e-01  4.0822370963665994e-01  
q[57]:  3.2250328915126773e-04  1.6961563484894851e-01  1.0344833194335966e-01  8.9357036871480600e-01  1.3805461064582972e-01  
q[58]:  2.6707948533200650e-04  3.1370133373353687e-01  9.0180024353899574e-02  8.4826291697878420e-01  8.3901632520098390e-01  
q[59]:  9.9895563504557149e-05  2.9342652161111971e-01  1.0447551834437893e-01  9.8797617544688077e-01  1.5316745053922134e-02  
q[60]:  8.5658547735712755e-04  2.7152264752400895e-01  1.2534280929584884e-01  9.0840285035051960e-01  4.0012480460064259e-01  
q[61]:  2.9625564419536685e-04  1.9509301100369966e-01  8.9026600386004212e-02  9.7298501664647252e-01  8.2984058270761518e-01  
q[62]:  2.9451206381456445e-04  3.0992111613252277e-01  2.6825616006517128e-01  1.5691449997811910e-01  2.3220307112791352e-02  
q[63]:  1.1403177589235866e-03  3.6085037444301621e-01  2.5723771977495391e-01  3.6688980634210761e-01  2.3914216949583630e-01  
q[64]:  1.0796175737584565e-03  3.4211945451801112e-01  2.0516629826231483e-01  4.6837182809869826e-01  1.0805000695624707e-01  
q[65]:  7.4638095096326987e-04  2.8494276234616306e-01  2.5182838955373454e-01  6.0000424191490098e-01  2.6312228885145428e-01  
q[66]:  3.5331517542627956e-04  2.9047142477507060e-01  2.8723213625232819e-01  5.3303189462803846e-01  4.4900344942210108e-01  
q[67]:  3.7946051625706962e-04  3.1341276051150430e-01  2.9611857631803012e-01  8.5728663513899395e-01  9.5641701714332547e-02  
q[68]:  5.9497106249579101e-04  3.1241941359849051e-01  3.0253197046743446e-01  8.2572606732821563e-01  4.4168981150777720e-01  
q[69]:  4.4591859621639636e-04  1.9096862320166519e-01  1.6630904548915254e-01  8.3279568308619678e-01  6.9032965220554543e-01  
q[70]:  1.2847084908650168e-04  2.7177861970637646e-01  2.3310057156253938e-01  9.7197450647792083e-01  2.6727310745329382e-02  
q[71]:  3.5026818828679478e-04  2.7085288048349770e-01  2.2464504166592683e-01  9.8102431253591504e-01  3.7755677310217917e-01  
q[72]:  1.2260666397200806e-03  3.6671453723107106e-01  2.4203635761434578e-01  9.1666273680708821e-01  6.2152779156303495e-01  
q[73]:  1.4703677742508849e-04  2.5948869616937670e-01  1.8557856351469382e-01  9.5990424897880733e-01  9.5042113978554998e-01  
q[74]:  1.3624711551791412e-04  3.3098369333861771e-01  1.5710026583652014e-02  8.3558251767813896e-02  5.4375210770094017e-02  
q[75]:  8.8132242621229281e-04  4.7873751400910386e-01  1.2221982476940110e-01  2.6963634692930050e-01  1.7829516418459659e-01  
q[76]:  1.2852460058663566e-04  3.2994891621951605e-01  5.3923261850573412e-03  3.3574380390721831e-01  1.7088101545052404e-02  
q[77]:  5.5740207571395466e-04  3.6235281699515792e-01  1.5460747329896295e-02  3.7125839429451202e-01  2.2428610544957189e-01  
q[78]:  8.8015147994371023e-04  3.2500027183316149e-01  2.7053330530779685e-02  6.3509218662655964e-01  2.0162019130691047e-01  
q[79]:  2.8183079029187621e-04  3.5526242334056629e-01  5.1695634297645829e-02  5.4250541030066157e-01  5.3826150401703454e-01  
q[80]:  3.4445270284475871e-04  3.0036230935468133e-01  2.8944907868308438e-02  7.2989238892356267e-01  3.1924552015737941e-02  
q[81]:  9.4959415226050672e-04  3.7363977878914756e-01  6.6984908899999751e-02  8.6217317944767091e-01  2.4589966759410212e-01  
q[82]:  1.5725454236964929e-03  3.4076869958170114e-01  7.9974610897689979e-02  8.2938672225464349e-01  5.7077570975701686e-01  
q[83]:  2.5446752240505945e-04  2.9247238307787043e-01  1.4321940925786487e-03  8.3268392749124320e-01  7.3740858128333098e-01  
q[84]:  1.4112801286364642e-04  3.2019440399136756e-01  2.9274774679257865e-02  9.8994665999996090e-01  9.1086234998682056e-02  
q[85]:  2.8582998249477746e-04  3.1567321320574648e-01  1.4576805837971565e-02  8.6563455995044813e-01  1.1752914882805855e-01  
q[86]:  4.2491455936932959e-04  2.4865038879928514e-01  1.2502017079837556e-02  9.2952064652175082e-01  4.6381261780632665e-01  
q[87]:  3.2999468701737182e-04  3.7706925741167419e-01  4.4470934317641708e-02  9.6697470799608820e-01  8.4622404049215916e-01  
q[88]:  2.9817584242154216e-04  4.4430854982422691e-01  1.7046252731398628e-01  1.3650194352399764e-01  1.3036930058388840e-01  
q[89]:  3.9748534117339525e-04  4.0481084082468022e-01  8.9498767345851396e-02  1.3546148753191464e-01  1.6335542633545586e-02  
q[90]:  1.5356602369252061e-03  3.7207019963428578e-01  1.3113368365222594e-01  5.3316734921094755e-01  2.8006725144194267e-01  
q[91]:  2.9371306745382873e-04  3.0876701846288601e-01  7.9802353726035974e-02  4.5459851876379542e-01  5.0513029530307348e-03  
q[92]:  9.5351984153247500e-04  3.7166615403272102e-01  1.3131763175180275e-01  6.0091469712197487e-01  7.5044312208766825e-02  
q[93]:  1.0266543317645192e-03  3.6571939838964684e-01  1.2925337937432430e-01  4.7497019544060681e-01  3.9463962694644122e-01  
q[94]:  7.9178829201585939e-04  4.4585161739444168e-01  1.0624709048778036e-01  7.4822346515325788e-01  6.6845654949315614e-01  
q[95]:  5.0746388534366393e-04  4.6208617768694171e-01  1.3530031437483445e-01  8.3535336540570904e-01  2.3833645786174692e-02  
q[96]:  6.0450642001610197e-04  4.4611623342634599e-01  1.6852654704523101e-01  9.7820479196250143e-01  2.5298724157213381e-01  
q[97]:  4.9535670322054025e-04  3.7553660140812078e-01  1.3754300583312690e-01  9.9056063357963275e-01  5.7483561871726641e-01  
q[98]:  5.0284630262790824e-04  4.1233043024970156e-01  2.7538751714017146e-01  1.1407460421395807e-01  6.4999277280749182e-02  
q[99]:  1.3511197679235516e-03  5.9303586830754995e-01  2.2107327663259468e-01  4.1710286057776463e-01  2.2747909545075651e-01  
q[100]: 1.5682023788756089e-03  5.3358656682349093e-01  2.9015951343614593e-01  7.6534255197751044e-01  8.8468988931115294e-02  
q[101]: 1.5745703467371812e-03  4.3309188587767461e-01  1.7549821897668311e-01  7.4099794478092618e-01  2.5328944822681909e-01  
q[102]: 9.1826254135258069e-04  5.1367809008990029e-01  1.8920174942066637e-01  9.5418641764535184e-01  7.4557931743352412e-01  
q[103]: 1.5488259485168539e-04  4.3488191745881177e-01  1.2994971367537683e-01  9.9493242170998741e-01  9.6750446367447529e-01  
q[104]: 1.2819392543649952e-03  4.7627083153425076e-01  2.4688420749895773e-01  2.7254892849107820e-01  5.1519738509586945e-02  
q[105]: 4.7453524971527124e-04  4.9369836781497134e-01  2.6339341304020952e-01  3.3720544770674821e-01  3.3319067812413361e-01  
q[106]: 5.8124185824561252e-04  4.2801380768296715e-01  3.0702520574351516e-01  5.3475294386501604e-01  1.5925834111509937e-02  
q[107]: 1.9672662679810892e-03  4.9239133048681899e-01  2.7664978242630556e-01  7.5750542759621176e-01  4.1479489859467755e-01  
q[108]: 8.1266175312830430e-04  3.7385812774167110e-01  2.2499970726124030e-01  6.6951210831331376e-01  6.3138668549159371e-01  
q[109]: 1.2774018927479308e-03  3.8947657354780152e-01  2.8584825046134987e-01  8.8562942140983003e-01  2.6158224182900380e-01  
q[110]: 7.7408775360066160e-04  4.2274352510157664e-01  2.3976570902907357e-01  8.9553546129652595e-01  8.2342179639449831e-01  
q[111]: 7.9932627795318417e-04  3.2525670146259283e-01  1.4668053673193024e-01  9.0866831921903046e-01  9.4408500716092900e-02  
q[112]: 7.2897268467484431e-04  5.3101635368784816e-01  3.4399215532759836e-01  9.7300526066204240e-01  4.2871045379280859e-01  
q[113]: 2.2673504785931709e-04  4.0644519345681712e-01  2.7715919190105448e-01  9.9977986357728110e-01  8.5875616093327234e-01  
q[114]: 7.8202686464521180e-05  4.8850469332158880e-01  4.4844857222359902e-01  2.4977415957281243e-02  1.0394216900738038e-02  
q[115]: 3.8014580606627615e-04  3.7561143647246764e-01  3.4358227023223964e-01  2.7588192959085583e-01  2.4054191655516735e-01  
q[116]: 4.6202007959828564e-04  2.7446449511016729e-01  2.4645080811182232e-01  4.0416646398118322e-01  5.5374626707274936e-02  
q[117]: 5.1785758865209618e-04  3.9270187334260220e-01  3.7207516786163591e-01  4.1432046477349621e-01  1.8590703905925268e-01  
q[118]: 3.1489172104977802e-04  4.6671095051577910e-01  4.0259150086030154e-01  4.9359724887473383e-01  4.9321732886870678e-01  
q[119]: 1.4363615124209504e-04  2.8939947827398949e-01  2.8486745823033915e-01  6.3705954221568961e-01  2.4396191508242227e-02  
q[120]: 9.2220892409394220e-04  3.5340030950221080e-01  2.8008670737859004e-01  7.2442783058231153e-01  1.2989370912654818e-01  
q[121]: 8.5395792652445744e-04  4.8193982358706255e-01  4.4766116094874742e-01  7.4509417693449220e-01  2.7562307246721718e-01  
q[122]: 1.3702194517677437e-03  4.0551632956080691e-01  3.3720020442728871e-01  7.4012633306473985e-01  5.7312124128399244e-01  
q[123]: 3.3851866801158127e-04  4.3927495765694402e-01  3.2167183249740017e-01  8.7758152459810801e-01  1.0246308318092048e-02  
q[124]: 2.5615808006789175e-04  3.6561496298726998e-01  3.2861887964165631e-01  8.3953437757720484e-01  8.2342752896778926e-01  
q[125]: 2.3861056475328694e-04  4.1627911796736461e-01  4.0511211381103501e-01  9.6469010148053014e-01  2.0402180333564485e-01  
q[126]: 4.2859487387263200e-04  4.3667614566149121e-01  4.0164518286307382e-01  9.6458596668566243e-01  5.0460000724856702e-01  
q[127]: 3.3825042785140763e-04  3.4353083717673588e-01  3.2237765445893712e-01  9.3889508152068157e-01  8.1909186720004590e-01  
q[128]: 2.3356443863467040e-04  5.5952663656785884e-01  8.1658117388873092e-03  1.9324219485497024e-01  4.6161465622035554e-02  
q[129]: 2.2961631027515413e-04  5.3115000484471209e-01  2.6698331286149204e-02  1.6633464865989567e-01  1.2357022035942448e-01  
q[130]: 1.1501167038992551e-03  5.7562623074848240e-01  4.5156903412552490e-02  5.4518149342978561e-01  2.1018335051673831e-01  
q[131]: 4.3924878051515315e-04  5.0818908018435272e-01  4.0610897900109806e-02  3.4758258140080306e-01  3.2484204243360326e-01  
q[132]: 3.6920216119449596e-04  4.8550016063998142e-01  1.0579857256594223e-02  6.4068201596355068e-01  5.5588695544383115e-01  
q[133]: 3.8779893768177886e-04  4.9829528977399723e-01  9.7801179921214072e-03  5.7257499586475802e-01  5.6342186830818312e-02  
q[134]: 7.4236296282233639e-04  4.6923716576063190e-01  1.3213044221698647e-02  7.7644368923765372e-01  4.0368140010064746e-01  
q[135]: 3.6027769018792953e-04  5.1562128610318270e-01  5.8776929745683257e-02  7.8091433951094824e-01  7.6188801308501231e-01  
q[136]: 2.9253282731798118e-04  5.4346703001169439e-01  1.4760393540280237e-02  8.3425144355080882e-01  9.5031355542727305e-02  
q[137]: 5.4282970502424503e-04  5.8028061799844832e-01  2.5566142401274992e-02  8.5799290921354221e-01  7.0269847484649206e-01  
q[138]: 1.6763754429779325e-04  4.7930586003154541e-01  2.7808884987401732e-02  9.3706813856392557e-01  1.5484058089432665e-02  
q[139]: 3.5935186073086830e-04  4.4925073978423014e-01  1.9503604413777246e-02  9.6050699872406486e-01  3.0179806901534451e-01  
q[140]: 4.4664805403103167e-04  4.4042422425811489e-01  2.8625746630685723e-02  9.5881735665832768e-01  6.6668975492366822e-01  
q[141]: 1.2785901346868897e-04  5.2101058057653726e-01  1.6825370043562077e-02  9.4414603425450105e-01  9.2569804980537440e-01  
q[142]: 1.2362875185764339e-04  5.9131152265799192e-01  8.2029197075606686e-02  3.1813228942787146e-02  2.0835232443564007e-02  
q[143]: 8.8308747215928656e-04  4.7574606034488454e-01  6.6748676760380626e-02  3.5932122942621192e-01  7.3517483985531235e-02  
q[144]: 1.8805919226794101e-03  5.4253813817829522e-01  9.2611254831976728e-02  6.2935992917696715e-01  4.1750782858905233e-01  
q[145]: 1.1447481537394412e-03  6.0170931582643861e-01  1.9241169045620032e-01  5.3504323544908505e-01  4.9339877194618120e-01  
q[146]: 2.9535428864416240e-04  5.4531416066985561e-01  9.0905055415128513e-02  6.4976443841145970e-01  2.1678468764196853e-03  
q[147]: 1.1283395635630536e-03  5.5107615049757386e-01  8.7040765046009994e-02  7.5233057752549881e-01  1.3656013548263002e-01  
q[148]: 1.4102722607967604e-03  5.4940280324315205e-01  1.1869974452312955e-01  8.6728332373095829e-01  4.1145531106043032e-01  
q[149]: 1.1512925049457937e-03  6.6360435365993242e-01  1.0311658899905811e-01  8.6228729694983641e-01  6.1325607531527193e-01  
q[150]: 8.0191087878103738e-04  6.0378958637513003e-01  1.4629973744824973e-01  9.1427208267048399e-01  8.3733933094086976e-01  
q[151]: 5.8457967257495016e-04  5.4100928086300426e-01  1.1490483859936217e-01  9.5982267168280344e-01  1.1291159121205672e-01  
q[152]: 3.5133033576022584e-04  5.3837758884209841e-01  6.8568617051162351e-02  9.9145523003060476e-01  4.6369808299854054e-01  
q[153]: 7.1289410755739837e-04  6.3285842208775700e-01  1.6695493116225699e-01  1.7071563562504102e-01  9.1514015957342501e-02  
q[154]: 1.0582298888288813e-03  5.9029248955998226e-01  1.7280620797414950e-01  4.9145913585507434e-01  4.8568737559790624e-02  
q[155]: 1.4872774631993176e-03  6.0499626682774332e-01  2.1682968357255453e-01  5.9263139915189855e-01  1.8249337817712319e-01  
q[156]: 1.7541299717899219e-03  7.0776477817350125e-01  2.9968188424733666e-01  7.6012617287749451e-01  5.0261736562150650e-01  
q[157]: 1.6330871224336664e-03  5.4748775755016099e-01  2.5343044805095433e-01  7.4576267537042262e-01  6.1186231501202504e-01  
q[158]: 1.0559998770051202e-03  6.8526671034997344e-01  2.4361742501593647e-01  8.7534097282505319e-01  1.4253924545750057e-01  
q[159]: 3.4393497192760080e-04  6.3171339934703408e-01  2.7989303689873535e-01  8.9660387512415207e-01  8.9155077637502189e-01  
q[160]: 1.4084392738107740e-03  6.1060803530334828e-01  2.3588446193608692e-01  9.2811931512826784e-01  4.7913505505417786e-01  
q[161]: 3.4383474771264142e-04  6.2236248311086728e-01  3.0594077153913413e-01  5.8418271250645665e-02  3.1806070367798547e-02  
q[162]: 9.9339842215574975e-04  5.7591611220563399e-01  3.4508303127376400e-01  3.2807278863689066e-01  2.4725704279115551e-01  
q[163]: 5.4441523722375802e-04  6.3959870557115583e-01  3.2717096258835315e-01  3.7607483181142193e-01  1.1576929212183269e-02  
q[164]: 1.6082078126429076e-03  6.6282412213181419e-01  3.6921127830733991e-01  4.5563065709475609e-01  1.7047398648754836e-01  
q[165]: 1.4267396903488319e-03  5.2877441156434990e-01  3.4386272519144956e-01  5.7483485849303750e-01  3.8037395069755836e-01  
q[166]: 6.2177532275687188e-04  6.4759658410829013e-01  3.4168776689066538e-01  6.7154312825209794e-01  1.5011565841051500e-02  
q[167]: 1.5004573711160185e-03  6.7576103070678784e-01  4.0700321741004869e-01  8.8920085137443372e-01  6.8317388879931928e-01  
q[168]: 5.5046760656122129e-04  7.8980853733782741e-01  4.9767307245192510e-01  9.1959674346321396e-01  8.6431120112614268e-01  
q[169]: 2.6647530325305040e-04  5.6241196094537238e-01  2.6854094513143478e-01  9.6807009700806290e-01  1.8399692753206822e-02  
q[170]: 1.2100398079632816e-03  6.1335298720338649e-01  3.1272193733400250e-01  9.2481889490298941e-01  2.5171273343553374e-01  
q[171]: 5.6913076139097029e-04  6.3896133309198866e-01  4.1714868309476139e-01  9.8765169644705020e-01  6.7726961824656984e-01  
q[172]: 3.6527268369826817e-04  5.7764883458321037e-01  3.9564913005411079e-01  9.6949136644466405e-01  9.2949258291041148e-01  
q[173]: 5.4094381968771343e-04  5.8692529566424601e-01  4.8860188129761062e-01  1.7020991492105103e-01  1.4746473334290233e-01  
q[174]: 2.5273204517486372e-04  6.0477551743200597e-01  4.4676839437358229e-01  1.0798790634395053e-01  3.3522391938220313e-03  
q[175]: 9.2105679970818971e-04  5.3015229513093387e-01  4.4027516813572204e-01  3.0481488186792122e-01  1.1544667110928136e-01  
q[176]: 8.2371232748721030e-04  6.3737725758489139e-01  4.9337271797519588e-01  5.7986769531636406e-01  5.5100228301180020e-02  
q[177]: 1.9259025871293494e-03  5.4293659434476815e-01  4.1257310198805863e-01  5.8005904230706085e-01  1.8217674616421181e-01  
q[178]: 8.6652158098433571e-04  5.3832366105597729e-01  4.5210115615899760e-01  5.2019032066117354e-01  4.2985678969314622e-01  
q[179]: 4.3010967234592413e-04  5.9545210532883619e-01  3.3580280643934635e-01  6.8490206446022117e-01  6.7976570818100202e-01  
q[180]: 1.0658221466457196e-03  6.4477930491358659e-01  4.9826538091158190e-01  8.9135539775715411e-01  1.1399960196099058e-01  
q[181]: 1.4853284754870980e-03  5.7715113648057137e-01  4.6190114241615615e-01  8.7050919760446999e-01  4.6642300923475444e-01  
q[182]: 8.5770646040943862e-04  5.8516874417039499e-01  4.8859397787336400e-01  8.9794954604855159e-01  7.3736459218457429e-01  
q[183]: 4.6946423255757590e-04  4.7001146226702484e-01  3.3457803184288565e-01  9.8261122760506969e-01  1.1640002870942961e-01  
q[184]: 2.7896628233687633e-04  5.0448318660289981e-01  4.5857054012934512e-01  9.8509120210783241e-01  7.1935777946457724e-01  
q[185]: 2.1401364149734733e-04  4.7342969257762196e-01  4.7237624894334379e-01  1.8782579096345156e-01  9.2931383557425348e-02  
q[186]: 4.0562793376291187e-04  5.1349913072861364e-01  4.6519178904466252e-01  3.2567382685433077e-01  1.3983796438972976e-02  
q[187]: 4.5960771338778977e-04  6.4234359232391791e-01  6.2624714405979909e-01  3.6353367164643940e-01  3.1369632248834534e-01  
q[188]: 4.4582934420048242e-04  4.9910789571149189e-01  4.9025238916688424e-01  5.8471024173411013e-01  8.3593419990018680e-02  
q[189]: 1.0372365142787435e-03  5.5776342686038805e-01  5.2907590073179855e-01  5.7895183946295437e-01  3.4512366615841067e-01  
q[190]: 4.8008764117546621e-04  5.3793127546866859e-01  4.8725110794700505e-01  7.6553681158501008e-01  2.6593556257743445e-02  
q[191]: 3.7482648024633687e-04  5.1869448363133341e-01  5.0778190081436148e-01  6.9987934459772105e-01  6.4029526869694220e-01  
q[192]: 6.4503277549096390e-04  5.7852039299775548e-01  5.3330878128341497e-01  8.5017864214663397e-01  1.9694480895292221e-01  
q[193]: 4.1516263718277855e-04  6.2598527806925441e-01  6.1111500145045528e-01  9.2889967239468751e-01  3.5722942201992836e-01  
q[194]: 3.2217152870225060e-04  5.2806195998672312e-01  5.2687760583643750e-01  8.6908658694527652e-01  6.3043537755100776e-01  
q[195]: 1.8417292168007189e-04  5.1416965867321951e-01  4.8908794463829519e-01  9.5603493451836308e-01  4.0802581028926012e-02  
q[196]: 3.7467116027538685e-04  6.1344307825684719e-01  5.2225535062743778e-01  9.8843642404246701e-01  2.8390018806888528e-01  
q[197]: 1.3599601238662795e-04  5.1464556649954463e-01  4.8482010672974418e-01  9.7788827438826043e-01  9.4500175269000786e-01  
q[198]: 1.4288226278291640e-04  7.4187967315138026e-01  4.0978697189727284e-02  7.5772177976195842e-02  1.4429099647104189e-02  
q[199]: 1.9182962694909572e-04  7.2141631575091980e-01  5.6539096181731023e-02  1.6289171130529218e-01  1.5577932814943654e-01  
q[200]: 2.1510922345170959e-04  7.8075957681900221e-01  1.1497127720444027e-02  2.1559480124165975e-01  1.3242425256656717e-01  
q[201]: 3.5836275716041388e-04  7.3321626863159128e-01  1.8115814895686318e-02  4.1634603438755496e-01  7.5704906711600614e-02  
q[202]: 5.3748171324566015e-04  6.4652043531903369e-01  1.1662392138863872e-02  4.4563007374436781e-01  2.9954596209960288e-01  
q[203]: 1.8136312534780636e-04  7.2612028589528899e-01  2.6871434820656879e-02  5.2402634894048816e-01  1.0588844936038993e-02  
q[204]: 4.2370828518210147e-04  6.8925284544320398e-01  3.2961958841420419e-02  5.8896521630209808e-01  5.6089762101107166e-01  
q[205]: 4.7305761431520313e-04  6.6942706595204338e-01  1.0307805624641652e-02  8.0034260872737295e-01  2.7410754263581466e-01  
q[206]: 1.0125097649404616e-03  7.5563357083390792e-01  1.1521947704228459e-01  7.1030125841661684e-01  5.8208193204781677e-01  
q[207]: 3.8642820924996449e-04  7.1340520308657907e-01  3.6334373599023320e-02  8.0748447508192378e-01  3.0290535658105276e-02  
q[208]: 9.8473326491425438e-04  6.9601961162158510e-01  8.9561621218455914e-02  8.8666128593456772e-01  2.5494423994712656e-01  
q[209]: 3.3224949693008021e-04  7.5568358794942236e-01  2.4320978822883373e-02  8.4272867059482748e-01  7.9871390559721511e-01  
q[210]: 2.8098776362849292e-04  6.5170944316646295e-01  2.0638601504528814e-02  9.6892226451386276e-01  1.6353446920324272e-01  
q[211]: 3.4011986365546762e-04  6.6250112751095780e-01  1.1387930610032368e-02  9.4182934430697263e-01  5.4005660002014522e-01  
q[212]: 1.7406727267821879e-04  6.6527762968936666e-01  3.0849602022712905e-02  9.9077345982957499e-01  8.6858771469549867e-01  
q[213]: 1.0287331929996169e-03  7.1535137580571506e-01  9.2341244111109333e-02  3.2222911382659525e-01  1.3224410690117239e-01  
q[214]: 3.7920070422642034e-04  6.8283228473100377e-01  9.2695729206643276e-02  2.8869729907012048e-01  3.5937167074166195e-03  
q[215]: 1.2227144673363386e-03  8.0595005059651426e-01  1.3549136365061723e-01  4.9807871045116348e-01  2.3853473081214607e-01  
q[216]: 9.6062402232512979e-04  6.9115424673904013e-01  1.1719806508591943e-01  4.0235610293500934e-01  3.3548137087621577e-01  
q[217]: 1.1090406936728038e-03  7.7695724327007487e-01  8.3813449512970983e-02  7.3566191303841610e-01  3.5845242760175899e-01  
q[218]: 9.3028918673807373e-04  7.3697123701954459e-01  1.0526749744936421e-01  6.6597329326180510e-01  1.0199464777970180e-01  
q[219]: 5.5004596878195362e-04  7.3777648858593103e-01  1.6744432488244568e-01  7.1450937354154154e-01  6.9530325348195865e-01  
q[220]: 7.2424552155776777e-04  8.3999223653635213e-01  1.2921343617663408e-01  9.1412524272824358e-01  1.0496673844945227e-01  
q[221]: 1.2750182581594075e-04  6.9899242626037650e-01  8.5739385189820258e-02  9.9052403627577845e-01  2.7217381635849545e-02  
q[222]: 2.8020530393495555e-04  6.8885394802993538e-01  1.0857486980162746e-01  9.9637734064963090e-01  7.3046851324964457e-01  
q[223]: 2.3843934434471267e-04  7.4790957324116003e-01  1.1497370305519426e-01  9.6644501719817077e-01  9.4352296622314069e-01  
q[224]: 4.5346793951464337e-04  7.1381384331708775e-01  2.3896361544355926e-01  1.4910023093627883e-01  2.1331154774662811e-02  
q[225]: 1.2657562196522500e-03  7.9793771020799031e-01  2.9849649001924128e-01  3.1740493239716461e-01  9.5693181997790366e-02  
q[226]: 9.8554066095853272e-04  8.0185064134541140e-01  2.2787736523148672e-01  4.8117729267591502e-01  7.4426968337409458e-02  
q[227]: 1.4605807438522792e-03  7.4926540647137496e-01  2.8705244544642516e-01  5.3681837826913226e-01  3.9351550386966677e-01  
q[228]: 7.8674564951725036e-04  8.7285932911923203e-01  2.7594076002550505e-01  6.0121844639629307e-01  4.9683907718223563e-01  
q[229]: 2.0109214686336663e-03  7.3257441711040439e-01  2.1948960947464960e-01  7.0932338164277864e-01  3.0372483673811940e-01  
q[230]: 4.8582068528398443e-04  6.9937181197001341e-01  1.8431744203356523e-01  8.9033478184467518e-01  3.2913223568851908e-02  
q[231]: 5.6680720573465491e-04  7.4240844009392770e-01  1.7282525795983761e-01  9.8768220637459181e-01  2.9212771044386332e-01  
q[232]: 9.2459173129433151e-04  7.7105507007822094e-01  2.3259343156506121e-01  9.5613145071099870e-01  6.4469402429779821e-01  
q[233]: 2.7395858524718560e-04  8.0602450319898244e-01  4.5725067403021125e-01  1.1209180866881131e-01  1.0478776112112503e-01  
q[234]: 1.2614023007920738e-03  8.4945129428981403e-01  4.3194465933111953e-01  4.6912411340336596e-01  2.6138626058029790e-01  
q[235]: 1.5049620240466441e-03  7.7447701897963661e-01  3.5294642307292323e-01  7.7589820388738373e-01  1.9280028231668658e-01  
q[236]: 1.0585503775457077e-03  8.4772993782580452e-01  4.2434694944733947e-01  8.1911809232921495e-01  5.5308853562802718e-01  
q[237]: 8.8551587053876913e-04  7.7415042557497049e-01  4.0233007884166816e-01  7.5821147182556681e-01  7.0602163637372195e-01  
q[238]: 2.6444997327867027e-04  7.1720247809176829e-01  3.1670525872296168e-01  9.9540608232964500e-01  8.9058925667309108e-02  
q[239]: 5.1763026484214088e-04  7.9433618247582038e-01  3.5428635348899895e-01  9.9221912071885032e-01  4.7408021448472704e-01  
q[240]: 4.9229783559881220e-04  7.3169350118371457e-01  3.1874708211603020e-01  9.8442639184737302e-01  8.6593076174829353e-01  
q[241]: 1.1023360038688926e-03  7.1993210842095701e-01  4.8411136618176787e-01  2.0801074269913244e-01  9.3292458621999308e-02  
q[242]: 1.6025207353340025e-03  7.9198553970571650e-01  4.4662610439323691e-01  5.8781506169006903e-01  9.0977090491717705e-02  
q[243]: 1.4904164934982469e-03  6.7308086614298823e-01  4.6322488516958776e-01  5.5388345607410139e-01  4.7638592815149833e-01  
q[244]: 5.5836694070233962e-04  7.2548766921277830e-01  4.7678530234105937e-01  9.2811593276635984e-01  4.1723135429233629e-02  
q[245]: 1.5084582831454859e-03  7.9791730156631901e-01  4.9335157438009086e-01  9.0712498139640596e-01  4.6176210826204839e-01  
q[246]: 6.8397682285639672e-04  7.8109740767085478e-01  4.7900880934226270e-01  9.7827471670150534e-01  2.4054698871435767e-01  
q[247]: 1.9051584602830621e-04  7.8206862106078978e-01  6.3136664853728686e-01  4.5522444018855648e-02  2.7424051994346953e-02  
q[248]: 1.0350426797703818e-03  7.3206569055325610e-01  5.6740037732275994e-01  3.8835495053653041e-01  4.8764853424400380e-02  
q[249]: 1.2988127617837878e-03  7.2081012287950486e-01  6.3003184604050966e-01  3.8653556781307391e-01  2.2205352224848149e-01  
q[250]: 7.1137910270370713e-04  7.6742961253633557e-01  6.0979022936665506e-01  3.5029953177505901e-01  3.2765107616352673e-01  
q[251]: 2.0638302664927072e-03  7.7449070430352041e-01  5.1236783356314652e-01  6.2457522164401291e-01  3.5917650771384996e-01  
q[252]: 4.9503751361433057e-04  7.7733885076454479e-01  6.1294900084806192e-01  7.5810100950596138e-01  1.9760838965355878e-02  
q[253]: 1.1526595575127496e-03  7.3944385739079255e-01  6.7110970387475088e-01  7.1965458104276570e-01  1.3174735596337764e-01  
q[254]: 2.0785751947619258e-03  6.9121440374467868e-01  4.6751578588054604e-01  7.7629253312012292e-01  2.7674436368056132e-01  
q[255]: 1.3368336652945759e-03  7.7123037986463394e-01  6.0193953956424240e-01  7.4988862323022132e-01  6.3285542115824334e-01  
q[256]: 1.0569177414833204e-03  8.0072737827952067e-01  6.5005020636589228e-01  9.1218369498748797e-01  2.8823740018559962e-01  
q[257]: 7.2501852603394873e-04  8.0613847316966536e-01  6.6547331523158171e-01  9.4295034029689440e-01  6.3092886653751201e-01  
q[258]: 7.3660116998444723e-04  5.9713912869001795e-01  4.7861658388555500e-01  8.1307187250016699e-01  7.7320021538811157e-01  
q[259]: 1.1563148481727509e-04  6.8363728893584630e-01  5.9438988751300403e-01  9.9098011632805749e-01  1.9586100646204304e-02  
q[260]: 3.4913955046674325e-04  7.4314045211645330e-01  6.1643308766789418e-01  9.9219079689345480e-01  4.8670112417938194e-01  
q[261]: 3.9571055154953859e-04  8.0176318958745962e-01  6.1728100610756842e-01  9.8196654637888370e-01  8.5110356971100287e-01  
q[262]: 1.1561441781900714e-04  7.7226105791476307e-01  6.4961340548534685e-01  9.7231242887856473e-01  9.6322673789827995e-01  
q[263]: 1.3998527389872244e-04  7.1841794577780027e-01  6.9580428634054758e-01  9.9617082068177057e-02  7.5797696190418248e-02  
q[264]: 3.4470901719867186e-04  6.8655177214129537e-01  6.4707191974122846e-01  1.6609307656319980e-01  3.1453208155683685e-02  
q[265]: 6.1979235115307762e-04  6.9451427749221084e-01  6.7624725667723218e-01  4.3279527851093902e-01  1.0808172381764329e-01  
q[266]: 2.6736690235987112e-04  7.2910025536523493e-01  6.9085717751050946e-01  5.5947846964713865e-01  7.4147219821515493e-03  
q[267]: 1.4591784815377836e-03  8.0168372701353163e-01  6.7960832625531120e-01  5.8272279508649738e-01  2.4447771538275434e-01  
q[268]: 5.6019585775703195e-04  8.0007050180924044e-01  7.7472281477835070e-01  5.8043831160620496e-01  4.5895140198124518e-01  
q[269]: 5.2277677216629431e-04  7.3569959819962405e-01  6.7315847703998688e-01  6.2759272710699610e-01  6.0566880982777382e-01  
q[270]: 4.6414940013975777e-04  7.3878014702213968e-01  7.3299477736067498e-01  7.2706288825415533e-01  2.9071705861295299e-01  
q[271]: 1.5571049159775583e-03  6.9634947435696792e-01  6.2078771868099769e-01  7.6165841091191921e-01  4.8092107758447827e-01  
q[272]: 3.2304524271283968e-04  7.4399673844138747e-01  7.3135803777109176e-01  7.8541044766561929e-01  6.3693723926465995e-01  
q[273]: 1.9221442189593064e-04  6.9518055525287537e-01  6.9349234812327287e-01  8.6477617668901396e-01  5.8415934033945439e-02  
q[274]: 2.1718704244028645e-04  6.8230557223757737e-01  6.6080552314457863e-01  8.8240273268039604e-01  8.5072313110290321e-01  
q[275]: 3.4190215694946904e-04  7.5121129652512042e-01  7.1172248103446489e-01  9.7172386714784920e-01  1.4621121774883636e-01  
q[276]: 3.1946289063019309e-04  7.0954033047389031e-01  6.8386642575240075e-01  9.6631230988776051e-01  5.8498823500347696e-01  
q[277]: 3.5779990162537138e-04  7.1655464429792570e-01  6.7480321670745846e-01  9.6782519560061897e-01  8.2843766421152654e-01  
q[278]: 6.7208614810970456e-05  8.9457049775907804e-01  2.8285907374070187e-02  5.5363213795861906e-02  4.0700767291155654e-02  
q[279]: 6.0605949918036332e-04  8.8173608254804858e-01  9.5259186309916380e-02  2.7106415272578238e-01  1.7484227106620676e-01  
q[280]: 2.6592238222776342e-04  8.8422205289620670e-01  2.0962148980961121e-02  2.6663013396625640e-01  4.3274032808230119e-02  
q[281]: 2.3098917513358685e-04  8.2827721945078103e-01  2.2930381921896923e-02  3.5691638689158806e-01  3.3441715810522354e-01  
q[282]: 5.3399375696564909e-04  7.9056589156303814e-01  2.4215107405232562e-02  6.3381904170096592e-01  1.6784111465214899e-01  
q[283]: 6.3313183975936653e-04  7.4973051135474789e-01  2.0064348223255861e-02  7.1447594447720042e-01  4.9865504492849960e-01  
q[284]: 2.9894590389563077e-04  8.9192004018507198e-01  3.0527042087741450e-02  6.8026146460825654e-01  4.2573159687976474e-02  
q[285]: 3.1084099126400783e-04  8.6966455606706983e-01  1.3950820274840530e-02  8.5873670776100131e-01  1.4866002126909675e-01  
q[286]: 5.9696132730500473e-04  8.9814582452789671e-01  3.2527050472389463e-02  8.3384216240327735e-01  4.4307576577353008e-01  
q[287]: 2.4238675546994811e-04  8.2116819138453012e-01  1.3852081406184411e-02  9.3482797759318070e-01  7.1488961781797156e-01  
q[288]: 1.1061364571171463e-04  8.0764622743018000e-01  1.8961003830547187e-02  9.5735757517726572e-01  3.8590812709181320e-02  
q[289]: 2.7706150125534018e-04  8.4461246825768022e-01  2.2492689914766793e-02  9.6718780466990928e-01  3.2787346294109132e-01  
q[290]: 2.1317455222355831e-04  8.8450575346734817e-01  6.0264732308607606e-02  9.8683892035695209e-01  6.5134820958497552e-01  
q[291]: 5.4874791351408647e-05  8.6944801291429830e-01  9.5295729906334295e-03  9.7714908121098609e-01  9.4832705649051652e-01  
q[292]: 3.8323463866260754e-04  8.4554405058576609e-01  1.9253663296917059e-01  1.0454841261758388e-01  7.7885503758148886e-02  
q[293]: 3.5197711241508999e-04  8.7471090426249187e-01  1.3061987984219825e-01  1.5624572622791780e-01  2.6206133163770615e-02  
q[294]: 7.1821777139318256e-04  9.2053112103658830e-01  8.0752691758747275e-02  4.6890038300878334e-01  1.2276122157578913e-01  
q[295]: 9.4293980737942997e-04  8.7801349745396617e-01  2.4837947722180137e-01  6.2491759808055458e-01  3.7032991588263375e-01  
q[296]: 4.1718292879429071e-04  8.6710214317874645e-01  1.2027565169106211e-01  4.8017443301172813e-01  2.4256760112002076e-02  
q[297]: 7.8458388924524856e-04  8.6208628574760138e-01  7.6363549005040721e-02  5.3223054431821915e-01  4.1555595793618255e-01  
q[298]: 3.8599800013854702e-04  8.8022818441388040e-01  1.6010498616133947e-01  4.8057581781356495e-01  4.7322085101131117e-01  
q[299]: 8.3016722007163218e-04  9.0589173131497325e-01  1.1581519866252879e-01  7.6164897473576532e-01  1.8246056481886708e-01  
q[300]: 1.7420706974143800e-04  9.0933492384471215e-01  1.0667631725305640e-01  8.5382804592592410e-01  4.8386731186698118e-03  
q[301]: 4.9610004592114674e-04  9.0273946797966254e-01  1.3365394978659020e-01  8.7850766879638553e-01  2.9727567903631580e-01  
q[302]: 1.2283999563722479e-03  8.7344895561374558e-01  1.7016144542557365e-01  8.6752518644884813e-01  5.3863063513414533e-01  
q[303]: 2.2137378215702773e-04  8.9250681415521960e-01  1.0221611098207123e-01  8.3179909239181216e-01  8.2286147726286241e-01  
q[304]: 1.5684560796141216e-04  8.9524367016238870e-01  9.0120924285730430e-02  9.9608033836608489e-01  1.5121466757147906e-01  
q[305]: 5.2276495007912670e-04  7.6406493016198307e-01  6.7567581600254153e-02  9.5238064156583135e-01  4.6367771494073790e-01  
q[306]: 6.1825950379420255e-04  8.5909265885927655e-01  1.0231283112604002e-01  9.2760428467347600e-01  7.9886020676822223e-01  
q[307]: 1.2692114547933626e-04  8.7081111846792258e-01  3.3705455260499229e-01  2.9876619343654300e-02  5.5563997687772511e-03  
q[308]: 1.1108491956812884e-03  9.0285322512606947e-01  2.7723991028743228e-01  3.5938388387738535e-01  2.6141169553893284e-01  
q[309]: 4.9651126478489241e-04  7.6779624243780076e-01  2.2882005437460246e-01  2.5820279535066604e-01  2.4406002869701657e-01  
q[310]: 1.0227971148525049e-03  9.2518831290164383e-01  2.5031504349103878e-01  6.2532722054039647e-01  2.0345638944292371e-01  
q[311]: 7.5699126190647160e-04  7.8571827430625585e-01  2.1009531918657512e-01  7.0064385154579412e-01  3.4395273812828128e-02  
q[312]: 1.0608106708107339e-03  7.9880716462201407e-01  2.5480294831853706e-01  8.3027761284975388e-01  7.3612385295674942e-01  
q[313]: 4.0676063721050934e-04  9.3460119684789944e-01  2.8243795480659506e-01  6.5780898006465971e-01  6.3556672729884023e-01  
q[314]: 1.4912536711520850e-03  8.6130994325495780e-01  2.8174349019757022e-01  9.0076603664357413e-01  3.3164398048063581e-01  
q[315]: 1.8614027560978389e-04  8.7242864031321221e-01  2.6004189767578889e-01  9.6489565174880376e-01  1.1336539859028355e-02  
q[316]: 2.6884918290075209e-04  9.1382043792144674e-01  1.8416327036358021e-01  9.8978515895612995e-01  5.2672642713064255e-01  
q[317]: 7.1948881436270702e-05  7.9153429450341817e-01  3.2839641827938348e-01  9.9678644211938627e-01  9.8412145934702344e-01  
q[318]: 7.9743731116750411e-04  9.0490369274294713e-01  4.3084656993506015e-01  1.8844760393433696e-01  9.6345681390652693e-02  
q[319]: 4.0940489364417557e-04  8.1083116493418450e-01  4.5614532094271276e-01  2.2860440145428798e-01  6.6701031635438843e-03  
q[320]: 8.5691408141028494e-04  7.2981812342106722e-01  3.6530442557116566e-01  2.6780923966458048e-01  2.1836059729295690e-01  
q[321]: 4.3830294779851166e-04  8.7841485031047062e-01  3.9703041122621996e-01  4.9886711721611199e-01  3.9112031105211992e-03  
q[322]: 1.4799404577520146e-03  9.2596175773688660e-01  4.5443031395766592e-01  5.7079408780254448e-01  1.7381742317620080e-01  
q[323]: 1.2061305606704126e-03  9.1592513039101364e-01  4.9581176284548784e-01  6.4852115044251069e-01  5.5151891686597054e-01  
q[324]: 7.5353754844403843e-04  8.1428349278730583e-01  4.1746944935674807e-01  4.8979511663310171e-01  4.7468561212341942e-01  
q[325]: 1.4620997838062366e-03  9.1078817703471260e-01  4.4455782376995762e-01  7.8290208249798232e-01  3.6901289962462691e-01  
q[326]: 4.3499283896845952e-04  8.0590129569528346e-01  3.9239634790413297e-01  8.3220747931468986e-01  1.4262208868837702e-02  
q[327]: 7.1922837497623759e-04  8.7897319324078915e-01  4.3526959732828191e-01  9.0653618288765181e-01  1.0049640208983776e-01  
q[328]: 8.2864312062986168e-04  9.0436548542754513e-01  3.7304273781281660e-01  9.1672101283437513e-01  7.2998869925256304e-01  
q[329]: 5.6010574503099694e-04  9.0426462378698180e-01  5.6541053029657695e-01  8.9902559675779159e-01  8.1343193366431088e-01  
q[330]: 5.8459919299567249e-04  8.9759512194173841e-01  5.0906207238577406e-01  9.8257758098209214e-01  6.8765066794923646e-01  
q[331]: 2.5932522971524924e-04  8.9875146961081853e-01  5.9192747727825312e-01  8.6641052001288743e-02  2.0407836569966819e-02  
q[332]: 2.8526381024519620e-04  9.3015922517927752e-01  6.5169580396355031e-01  1.8992079468796663e-01  1.8039805447471971e-01  
q[333]: 1.2002856181204827e-03  8.8813480632596242e-01  6.1200920365121703e-01  3.7726447615618486e-01  1.1221666023884022e-01  
q[334]: 1.2073539792819517e-03  8.7736217683332784e-01  6.0239056637457011e-01  3.8630630186690929e-01  2.8146600765027530e-01  
q[335]: 1.0902850539734363e-03  8.6513073861502865e-01  5.9992139078648343e-01  7.5688661282759384e-01  9.2476698569219834e-02  
q[336]: 3.4678297525976619e-04  8.7170408452129289e-01  6.1859349185188417e-01  7.3866352570512106e-01  7.3418382760935019e-01  
q[337]: 8.7637881749617484e-04  9.2707100747081206e-01  5.5824485670218338e-01  9.0062322901822545e-01  2.1645205729084199e-01  
q[338]: 1.1123806582844952e-04  8.9458160135119424e-01  5.6443595223863452e-01  9.8399899758219000e-01  9.5685131731555618e-03  
q[339]: 5.1295302982831616e-04  9.2960963724907986e-01  6.5572284564755612e-01  9.6194416397045990e-01  4.2596652937833457e-01  
q[340]: 1.0584475149385598e-04  9.1733747339422389e-01  5.3759131869442822e-01  9.8822834392703396e-01  9.6911690339994794e-01  
q[341]: 4.4664921183220529e-04  8.6691428839571127e-01  7.5129953291010854e-01  2.3080359574453529e-01  2.9809715759135564e-02  
q[342]: 5.1860257004609838e-04  8.6397941038800186e-01  7.3447842526027696e-01  1.8920350156943527e-01  1.1247314904272349e-01  
q[343]: 2.2380739284055321e-04  8.6336462286538485e-01  8.1331250214296602e-01  2.1261753114944781e-01  1.9284842162903271e-01  
q[344]: 5.7960389513545484e-04  8.9289117232807691e-01  6.9155358312086945e-01  5.1980777828941982e-01  2.1207164968769763e-02  
q[345]: 8.4541703900855225e-04  8.9661911751422696e-01  8.2690648741911077e-01  5.4568600571153636e-01  1.1019053755531909e-01  
q[346]: 5.2438171090093543e-04  8.9553272244586968e-01  8.0023141021834177e-01  6.4806637174342208e-01  5.0352602545837721e-01  
q[347]: 6.2927799409925151e-04  9.1116744618314682e-01  7.3083450599072808e-01  5.4523935562157178e-01  5.1002490565249359e-01  
q[348]: 1.3287009752416849e-03  9.0587745935357611e-01  6.8877335772222670e-01  7.3921977561890040e-01  2.3924921490102058e-01  
q[349]: 2.1838156214726127e-04  8.2601206527035209e-01  7.5360581103717961e-01  9.0124228581872845e-01  8.6117650829545811e-03  
q[350]: 5.3651102795966815e-04  9.0524553173794842e-01  7.8984625520381380e-01  8.8206146271097685e-01  1.0133682214733247e-01  
q[351]: 7.7402335056223699e-04  8.3370217333054897e-01  7.6833190089687453e-01  8.6880320188073090e-01  3.9198321627861754e-01  
q[352]: 6.7949442172386058e-04  8.8367183293960627e-01  8.0584443241023618e-01  8.7062479647395552e-01  7.7093629200317038e-01  
q[353]: 1.6679558442667699e-04  8.3383650131330356e-01  7.0899747140137692e-01  8.8406314374393269e-01  8.7922718062515348e-01  
q[354]: 3.7267933379863066e-04  8.7445214524459924e-01  6.7800910741994835e-01  9.7948217217831390e-01  1.0319144321632424e-01  
q[355]: 2.1507626740952532e-04  9.3088275111877627e-01  8.0599368177774866e-01  9.8883246460961127e-01  2.9386393235242086e-01  
q[356]: 8.9071169257380362e-04  9.0671383996409805e-01  6.9268402063704704e-01  8.8547673226484958e-01  6.1768920916231784e-01  
q[357]: 7.6949808180723758e-05  8.9176679858822916e-01  8.6922510533447062e-01  6.2247049392513562e-02  1.3287179471676177e-02  
q[358]: 3.1310101185936937e-04  8.3905733658531900e-01  8.2650084045091388e-01  2.8897516817503277e-01  1.5080481498925791e-01  
q[359]: 1.7914189407266344e-04  8.5787670618617007e-01  8.3089375372205643e-01  3.4154333688897859e-01  1.2899419388899417e-02  
q[360]: 7.7060886966229291e-04  9.0378971890832027e-01  8.1459656218244103e-01  4.7905602322046664e-01  3.2305095383327853e-01  
q[361]: 1.6204534747756231e-04  8.8151832460952784e-01  8.5513649376847156e-01  4.2455287087292659e-01  4.1216447536711492e-01  
q[362]: 3.4088452027965916e-04  8.8743599971736575e-01  8.8207864119196921e-01  5.9966971848288697e-01  2.8743104205396708e-01  
q[363]: 2.6131602436801188e-04  8.7860578041916126e-01  8.6212268767959765e-01  7.1408806747666664e-01  4.7057856732612355e-02  
q[364]: 1.3096702871670461e-04  8.9200503964160294e-01  8.7951787844324647e-01  7.5859124954421797e-01  7.3902277911573855e-01  
q[365]: 4.1226144894481180e-04  8.8470464568849139e-01  8.5469302367632760e-01  8.7200678586770697e-01  1.9680716784014943e-01  
q[366]: 3.7522367795325381e-04  8.6327339881551113e-01  8.4507687786550378e-01  8.9962105304450490e-01  6.1501976206160713e-01  
q[367]: 6.1228264298285586e-05  9.0754477522730237e-01  8.9594376608428739e-01  9.8284020738837030e-01  4.5676291980052339e-02  
q[368]: 1.7226857771168223e-04  8.6296560975461145e-01  8.4748650368791267e-01  9.8079915517464900e-01  3.6951419191559243e-01  
q[369]: 1.4247248908607648e-04  9.2129921941601678e-01  8.7633680694939575e-01  9.9592536615375382e-01  7.3520172950478813e-01  
q[370]: 6.3509688043669976e-05  8.6876274941614673e-01  8.6198442673656306e-01  9.7864353343633670e-01  9.3645753354809591e-01  
q[371]: 1.2589785319571699e-04  9.6504997515742452e-01  3.8157515332287652e-02  1.7855869690307613e-01  1.4939304621287766e-01  
q[372]: 5.9997564604799906e-05  9.7999891138507622e-01  2.5059652974431280e-02  1.2617304068257534e-01  2.6318005184454395e-02  
q[373]: 2.1821488616736867e-04  9.6408796534696617e-01  1.4636503587428348e-01  2.9009570523679329e-01  2.7331949109634546e-01  
q[374]: 1.3014312475709337e-04  9.9584505438876469e-01  4.0030027021884379e-02  3.7396749774346488e-01  1.3381485842264579e-01  
q[375]: 1.9753311758500966e-04  9.5315388853184202e-01  1.6447193829402088e-02  3.8438644456578019e-01  2.4589133815791955e-01  
q[376]: 9.3795373485324515e-05  9.6657978338958961e-01  9.9139618931947358e-03  4.9118910306065577e-01  2.9219915881243314e-02  
q[377]: 3.7022666557600260e-04  8.7538379874563410e-01  9.6985356995421337e-03  5.4334751303283679e-01  2.9215373959406654e-01  
q[378]: 7.6317226023103331e-05  9.7629417748451763e-01  1.5334127985270271e-02  4.4778728176874838e-01  4.1926437788167309e-01  
q[379]: 2.4522184874504159e-04  9.7037316987160893e-01  1.6943276813425667e-02  6.8377781270441829e-01  2.2128975559867312e-01  
q[380]: 1.3373408734159488e-04  9.9379254394033556e-01  1.7641099399257416e-02  7.0924797401093953e-01  5.1204691199905894e-01  
q[381]: 2.7900389257115436e-04  9.0520202172525610e-01  2.2473290564384612e-02  6.6021195719607961e-01  6.1547594934896122e-01  
q[382]: 1.1221625221433191e-04  9.8400579484357686e-01  3.2042385433637986e-02  8.0442818760025769e-01  4.7844229237817136e-02  
q[383]: 2.2641574045893461e-04  9.7817261004657174e-01  4.3875253219996802e-02  8.7378653697874931e-01  3.1014219058067255e-01  
q[384]: 2.5728956806726376e-04  9.2338985675521545e-01  2.2306852701378652e-02  8.2042460484159541e-01  6.5074111159379111e-01  
q[385]: 9.8759512151040470e-05  9.7654276108091154e-01  2.2258300350790013e-02  8.8819870331964201e-01  8.4237062850531819e-01  
q[386]: 6.8251028573795600e-05  9.5284196197905868e-01  2.7680978928210618e-02  9.5748197755413189e-01  2.9715615997157847e-02  
q[387]: 1.0003248306422134e-04  9.7575261066122410e-01  2.5486532088030849e-02  9.6366264396940438e-01  1.8356456804566390e-01  
q[388]: 7.7712643085723728e-05  9.7096706938995381e-01  1.8145093850812030e-03  9.6844966211874506e-01  5.4798780898452948e-01  
q[389]: 8.2546121951521356e-05  9.6510485296942516e-01  4.2324477756279698e-02  9.8886425561476354e-01  8.4969393491603717e-01  
q[390]: 7.5377355083513679e-05  9.7352863684062119e-01  1.5175260089323739e-01  4.6209871369111158e-02  2.2138432159186476e-02  
q[391]: 2.7819955699104359e-04  9.8071449019617563e-01  1.5733281816428954e-01  2.2616949303307113e-01  9.2792572857309547e-02  
q[392]: 1.1512860281856545e-04  9.7943811825505733e-01  1.1185693506740405e-01  3.2084636000101568e-01  4.3177295181873040e-03  
q[393]: 2.6922128021045113e-04  9.9237272565297807e-01  1.1913856282187753e-01  6.2067933798919372e-01  9.6845472177546923e-02  
q[394]: 7.4901474561242607e-04  9.6389246258084127e-01  1.0563575128145863e-01  6.5003627058630487e-01  3.6231066912967547e-01  
q[395]: 3.2203577840553683e-04  9.8154508571934829e-01  1.0771009985897333e-01  4.9389540240431107e-01  3.9682917619235991e-01  
q[396]: 2.2708849011403664e-04  9.5667884676594195e-01  1.7259461393426642e-01  6.5415850212958782e-01  9.7772450051349102e-03  
q[397]: 9.9045369611304383e-05  9.9175519815471336e-01  8.9524342037820531e-02  6.7571929795765162e-01  6.6092803011780954e-01  
q[398]: 2.8282877749339421e-04  9.8288053999688529e-01  1.4295823352758194e-01  8.7824301275238548e-01  1.1675299229633872e-01  
q[399]: 2.4822208681039094e-04  9.8828248739254665e-01  1.3032664070138522e-01  8.9992233014552592e-01  5.2603332242937517e-01  
q[400]: 6.5399670406621863e-04  9.3487115723966963e-01  1.3223906632299201e-01  7.4337058911719633e-01  6.2488955746198815e-01  
q[401]: 8.5487928172367270e-05  9.7743408469942483e-01  1.6186774875434654e-01  9.8282293458934999e-01  4.0704163135596709e-02  
q[402]: 2.4489765392255987e-04  9.6608083799029665e-01  1.1407769505892131e-01  9.7791905984735461e-01  3.8128546366873622e-01  
q[403]: 2.1203723516877352e-04  9.8300559481471939e-01  7.7514816176453880e-02  9.1665149456004025e-01  6.8323508635885721e-01  
q[404]: 9.5331174104659237e-05  9.6574934279289959e-01  1.3042382087617871e-01  9.7213461039859395e-01  9.5000365539070941e-01  
q[405]: 2.4213729977813666e-04  9.7615221688694587e-01  3.1710585984536943e-01  1.5715100590492567e-01  1.3054287706282316e-01  
q[406]: 1.9334191757080921e-04  9.7780527889951430e-01  3.6445871497100518e-01  1.4135436201412171e-01  1.6464173625971915e-02  
q[407]: 6.6499234208269983e-04  9.2719941060244926e-01  2.6455292957433807e-01  3.2003190262042652e-01  4.4106243739340606e-02  
q[408]: 6.3959522252209913e-04  9.7677385922586790e-01  2.3507281418494844e-01  4.3424223051649907e-01  2.0937718944226871e-01  
q[409]: 4.0872804295248133e-04  9.9029704965021859e-01  3.3441790622034739e-01  5.1826020507196591e-01  5.7665435625180242e-02  
q[410]: 3.3996906213353727e-04  9.9485125596144053e-01  3.0598468938241707e-01  5.2157636072840940e-01  4.5687041018280794e-01  
q[411]: 1.0303716447148917e-03  9.1896864137081113e-01  2.9528869133610186e-01  7.5544765729051644e-01  9.4558338309956497e-02  
q[412]: 5.4443313175312478e-04  9.9176709309567035e-01  2.5572995800645049e-01  7.8750016780272170e-01  3.1843840350577057e-01  
q[413]: 9.2538921497332428e-04  9.5897906505206687e-01  2.8593814799793971e-01  7.6143290615628267e-01  5.3546711969748728e-01  
q[414]: 2.6831818462615792e-04  9.7606838506883109e-01  3.1800215819141808e-01  8.6366924853985438e-01  3.2229649992915319e-02  
q[415]: 3.2227602274500946e-04  9.8594339133814746e-01  2.1569319928747030e-01  8.5458896897718861e-01  7.7666783796354888e-01  
q[416]: 3.3151734285140848e-04  9.0117674035756168e-01  3.2529817654557908e-01  8.9779212714093093e-01  8.8349703047413242e-01  
q[417]: 3.3911660945810940e-04  8.8140446791734972e-01  3.1599956675752855e-01  9.7922018154267820e-01  1.3305666474821698e-01  
q[418]: 4.5117181283470996e-04  9.7007138954305683e-01  2.7989065097730947e-01  9.5784970274642611e-01  2.2652332909120607e-01  
q[419]: 2.6367341474796310e-04  9.7317849881286678e-01  2.4295187551438308e-01  9.7924186535083269e-01  7.3704859474823048e-01  
q[420]: 2.9040349395476631e-04  8.9775786345782360e-01  2.3757157863138417e-01  9.7986667839134767e-01  8.8007171648353755e-01  
q[421]: 7.2028305914752211e-05  9.8850207918530508e-01  5.5281444520782819e-01  5.0127605573669687e-02  3.9696723094370397e-02  
q[422]: 4.7689929267118945e-04  9.6484066651580314e-01  5.5327075229278788e-01  3.3903363018654592e-01  3.0431224001382630e-02  
q[423]: 4.8659176902907840e-04  9.8739249819363550e-01  4.8111458832156456e-01  3.5432804367851467e-01  1.6035298881901602e-01  
q[424]: 5.4393792223083595e-04  9.5588564254723096e-01  4.6327302347445953e-01  3.4901331898614907e-01  3.2245831294762006e-01  
q[425]: 7.9156377183794112e-04  9.8133164559989383e-01  4.6212571099612432e-01  6.0646271109766670e-01  3.7552757896555988e-01  
q[426]: 4.4209546914605148e-04  9.5852911086855441e-01  5.0790644468477475e-01  6.9898511114872652e-01  2.3509539075743359e-02  
q[427]: 5.6552946202074593e-04  9.9300050336804080e-01  4.8615004352764946e-01  8.0339895332830358e-01  1.9120030708347521e-01  
q[428]: 3.3955892847549826e-04  9.7228126311172014e-01  4.6099157027787552e-01  7.7246657558316101e-01  7.4192345328098486e-01  
q[429]: 3.9655919841602688e-04  9.8900377257605443e-01  4.7739357106368979e-01  8.6219295410212560e-01  6.7388040119681059e-01  
q[430]: 1.7350258566843643e-04  9.8161860872906237e-01  4.6851434534476943e-01  9.7024227549170761e-01  5.8785619719348037e-02  
q[431]: 6.5113350627138617e-04  9.7103405270548093e-01  3.7737809118974164e-01  9.4508959390239766e-01  5.1018453127719088e-01  
q[432]: 1.4166746959210391e-04  9.7860355159582368e-01  5.4469665261704336e-01  9.8402070118478213e-01  8.5343776295017093e-01  
q[433]: 1.1318128160634984e-04  9.8826664663339625e-01  3.8450218875611009e-01  9.6416819460694925e-01  9.1853488317315390e-01  
q[434]: 2.1598894141365227e-04  9.7230459424755289e-01  7.2342750583363191e-01  1.6607326287245056e-01  2.7285974779023236e-02  
q[435]: 2.7241805169962355e-04  9.8978644534302285e-01  6.6327673816031374e-01  2.3283684204156133e-01  1.4428124010054358e-01  
q[436]: 4.9805258393124062e-04  9.8624089262816950e-01  6.7684337699479480e-01  5.9203203289003847e-01  8.1385771131035012e-02  
q[437]: 5.5682348235772615e-04  9.7418966491381342e-01  6.6498640053543989e-01  4.8407302831729332e-01  3.6548626876170709e-01  
q[438]: 1.6025358793174033e-04  9.9346042403110546e-01  6.3611081605172537e-01  5.6379269324267334e-01  5.5115211061832570e-01  
q[439]: 7.8937459881864302e-04  9.7229032193985676e-01  6.9424295944749714e-01  6.2177066532438829e-01  2.7691447782314471e-01  
q[440]: 2.4367099270412762e-04  9.5938611663707607e-01  6.4225525309267251e-01  8.8114543295093706e-01  1.8393739915365661e-02  
q[441]: 2.6434159847255539e-04  9.8425721570732094e-01  7.4614556338323990e-01  8.5093800509883033e-01  9.3444690337908073e-02  
q[442]: 6.7680479817331925e-04  9.7989586998539113e-01  6.2923187380586854e-01  8.4462254502513856e-01  4.4987908405432336e-01  
q[443]: 5.1763756157503012e-04  9.7390898633380285e-01  6.7344381390510033e-01  7.8372780790689989e-01  6.4953164583809631e-01  
q[444]: 1.6775050277305440e-04  9.8059308510175391e-01  6.9123069006114923e-01  9.0901586805135715e-01  8.8581418841619164e-01  
q[445]: 1.4826662223841371e-04  9.9015337240840795e-01  6.8727562766218819e-01  9.8004885808244890e-01  1.6124127094195173e-01  
q[446]: 3.1754717973807853e-04  9.6051515073883698e-01  4.9724624052160238e-01  9.8544912010665264e-01  3.3865398138643155e-01  
q[447]: 1.3801553262570660e-04  9.9995285067522510e-01  6.6204752376858889e-01  9.7397926816346592e-01  6.1384905022073277e-01  
q[448]: 1.0273722114722719e-04  9.6818600491699591e-01  8.3370578385103900e-01  5.8229551678257115e-02  3.8606043644929526e-02  
q[449]: 2.5744113966739176e-04  9.7079485230109774e-01  8.5950288382755524e-01  2.4881953611050051e-01  1.6160396228782836e-01  
q[450]: 1.6008880480587148e-04  9.8787360573829675e-01  8.4752650199204937e-01  3.7665603343066967e-01  1.8507472721639977e-02  
q[451]: 6.3168164501539281e-04  9.6723639601818268e-01  8.0446402098762415e-01  4.1427215051618516e-01  1.5603442910450971e-01  
q[452]: 1.8730755348602603e-04  9.8363499185514369e-01  8.3805339840544002e-01  3.4968683625184344e-01  3.2808525616382050e-01  
q[453]: 3.1884791112799838e-04  9.9407562192107757e-01  8.3718437139534130e-01  6.3488667901575913e-01  4.4876092511302929e-01  
q[454]: 2.4118097011374914e-04  9.6088575996871572e-01  8.3582032426339059e-01  7.0840824909664868e-01  1.4990628164925756e-02  
q[455]: 3.9707771023927052e-04  9.8169640605025066e-01  8.8815780963422952e-01  7.1451027220419250e-01  1.5012678151687492e-01  
q[456]: 3.2850970545931493e-04  9.7163751085804717e-01  8.2968989105941371e-01  7.6542082556806157e-01  7.1809837978608648e-01  
q[457]: 4.2707597456002482e-04  9.8523727254583748e-01  8.1540205422312617e-01  8.9562290131816436e-01  3.0860207048217764e-01  
q[458]: 1.0376762655780096e-03  8.9299373926914083e-01  6.4477084314546151e-01  7.1877598663646769e-01  4.8978945009968250e-01  
q[459]: 9.6468264077528723e-05  9.7566746641252577e-01  8.4914816745685573e-01  9.6909973336163791e-01  2.8508115134475348e-02  
q[460]: 2.6622186723474585e-04  9.4770237308387628e-01  8.1449779356680674e-01  9.8273232567574753e-01  5.4547792448868848e-01  
q[461]: 2.7388784386068245e-04  9.6309541594909598e-01  7.5859358529426657e-01  9.6611088733797390e-01  8.0647489757014013e-01  
q[462]: 1.1484101096057629e-04  9.5276357713052118e-01  8.2893834675085165e-01  9.8362600123256172e-01  9.4236908130723618e-01  
q[463]: 4.7952602312594159e-05  9.7690047138695668e-01  9.6136544294516324e-01  1.3650831916540279e-01  1.1659597739870886e-01  
q[464]: 9.4332691513841148e-05  9.8109627605558480e-01  9.3851463585461314e-01  1.7287419704567875e-01  3.1228211225882978e-02  
q[465]: 2.1404491338047711e-04  9.5392574379304418e-01  9.3069803444563548e-01  3.3673774747466312e-01  1.0112041467286664e-01  
q[466]: 1.7797822148812767e-04  9.7190584501393251e-01  9.5081675478516536e-01  3.9659267599251563e-01  3.1484564264223053e-01  
q[467]: 1.0709470069014619e-04  9.7947978764429300e-01  9.6214681805128299e-01  5.2420204678532456e-01  3.7167862097885217e-02  
q[468]: 1.9681797628813422e-04  9.9532670446925631e-01  9.5406861087450268e-01  5.5868723056878722e-01  2.6661423687216690e-01  
q[469]: 1.6521475430125374e-04  9.7707492406174956e-01  9.3417731848267060e-01  6.1117655870043741e-01  5.7292158559830120e-01  
q[470]: 1.6299361316737544e-04  9.6889260149753309e-01  9.6145891459362320e-01  7.8195688622758563e-01  2.4642541984821156e-01  
q[471]: 2.4758973047775830e-04  9.6454990510275207e-01  9.5023633856549128e-01  7.5375260171622083e-01  5.7533199035124138e-01  
q[472]: 9.1863188234117690e-05  9.8135253917454124e-01  9.5708446006773973e-01  8.6025741145138823e-01  3.9545799468818255e-02  
q[473]: 9.3540421382148963e-04  9.3957130987048221e-01  8.5269328155260227e-01  7.7639720603611229e-01  4.1794414088541948e-01  
q[474]: 5.3608026341131512e-05  9.8487525387151797e-01  9.4630229029786961e-01  9.0618746229962399e-01  8.8903384088192383e-01  
q[475]: 1.4323342366019985e-04  9.7919864071313800e-01  9.3562099849482550e-01  9.6368579466577808e-01  1.8545873407788552e-01  
q[476]: 1.8593804502053577e-04  9.7886545978630923e-01  9.5340372856563160e-01  9.4005334094207216e-01  4.7370328216374880e-01  
q[477]: 2.1857967869524071e-04  9.9734279079491028e-01  8.7997848500789866e-01  8.9635839027408049e-01  6.4848323642120387e-01  
q[478]: 9.1828323013774923e-05  9.8076119054150390e-01  9.5757459082629748e-01  9.4533492403264152e-01  8.0710498546454912e-01  

