deg: 7
dim: 4
nodes: 68
efficiency: 0.970588

q[0]:  2.1127467265217833e-03  2.0951002071786190e-01  9.0937847285736936e-02  1.4535360292828339e-01  8.4955715185876565e-02  
q[1]:  1.5874992018254993e-03  6.8203347987665863e-02  1.8046685852584749e-02  4.1672842218460865e-01  2.4169765742369170e-01  
q[2]:  2.8560273393426695e-03  1.3829456730795306e-01  8.8721200071231174e-02  6.0992375655224662e-01  9.0862964283988296e-02  
q[3]:  3.4935898586504780e-03  1.7994128975265811e-01  1.2161268348918411e-01  6.8211196798224016e-01  6.0511130766543897e-01  
q[4]:  1.7666519327897022e-03  2.0987130021643677e-01  7.7282040118251516e-02  9.1228450805558747e-01  3.9092360397479604e-02  
q[5]:  1.7789674220493404e-03  1.0529300651577025e-01  6.9371246243141740e-02  9.4317362875304711e-01  3.4120702991674556e-01  
q[6]:  4.5463017522540065e-03  2.4228904538807738e-01  2.6729250424332638e-02  7.8716089033895686e-01  4.6658221463805466e-01  
q[7]:  1.0346474130785697e-03  1.1040079540357688e-01  5.3697266341200860e-02  9.6694353587413495e-01  8.2960365718720297e-01  
q[8]:  2.5784410032427961e-03  3.7083937869738870e-01  1.4374783272076056e-02  3.8237991012836176e-01  3.7837211424958717e-02  
q[9]:  3.2579936293342746e-03  4.2148004751317536e-01  4.2307103015647246e-02  4.6147084835949709e-01  4.3110539349006505e-01  
q[10]: 4.8022623284716161e-03  3.9633237991927461e-01  6.1356879868066580e-02  8.3106229534640286e-01  2.0564841543986276e-01  
q[11]: 3.2861705414955248e-03  4.0520914239941952e-01  1.0900896890356648e-01  8.8845499592173960e-01  8.4679973078270088e-01  
q[12]: 1.2538445420084999e-02  4.5698390555528290e-01  2.1309143567453584e-01  4.6195762698409204e-01  2.5158810136786097e-01  
q[13]: 6.6415072589292214e-03  4.6787588266919622e-01  2.5615136102466601e-01  6.6639146802034288e-01  7.9866154862243646e-02  
q[14]: 3.9626412626459313e-03  5.3999197853244141e-01  1.8360907838103988e-01  9.8254853715943802e-01  3.0649280937732321e-01  
q[15]: 3.1590994822498523e-03  6.0376158833213189e-01  1.2741308817813049e-01  1.1987998730501649e-01  6.1116845586676107e-02  
q[16]: 2.3676432744589473e-03  3.4848238445551372e-01  3.0198697135174191e-01  2.6150529831736180e-01  2.2226764169119843e-02  
q[17]: 2.2175771989037365e-03  3.8412028680222154e-01  3.3318173215135671e-01  3.1132815898805749e-01  2.9962265108997377e-01  
q[18]: 5.2937486402844678e-03  3.3981446708134611e-01  3.1797069848094411e-01  7.1600287112787275e-01  3.5509586059661291e-01  
q[19]: 3.3301782016957309e-03  4.3317600032215381e-01  3.8030536624631650e-01  9.2925517056121465e-01  1.2691931978081036e-01  
q[20]: 7.1609457824130911e-03  4.2237964386699928e-01  2.6882244764622576e-01  9.3699489242637446e-01  5.9075759195626742e-01  
q[21]: 1.9700934783799299e-03  4.6516677794943129e-01  4.2720149097601684e-01  9.3697196412329942e-01  8.6569827838244973e-01  
q[22]: 3.4171104821284800e-03  7.4467634287015061e-01  3.9585851604778316e-02  3.6201383348603561e-01  2.2913112147114667e-01  
q[23]: 6.9044353644853495e-03  7.0502576680781381e-01  5.2998118535066731e-02  6.6702280496399968e-01  2.3360842312551650e-01  
q[24]: 1.4067607560163675e-03  7.5739531632087076e-01  1.0353579151092251e-02  7.6905119666650101e-01  7.3266233028539385e-01  
q[25]: 1.2249544663633842e-03  6.1797579565864214e-01  3.4933610378440026e-02  9.7600400510732965e-01  8.3200162057606539e-02  
q[26]: 2.2763209976589464e-03  5.6825322666446987e-01  1.8916079475277105e-02  9.7225726928458889e-01  6.9745955718334685e-01  
q[27]: 6.6835434143226145e-03  7.8820640361199990e-01  2.9453042584954336e-01  3.6120084585435419e-01  5.6158044294696563e-02  
q[28]: 1.8341573244132767e-03  9.4249723970452448e-01  1.0684564292686154e-01  3.9781612993190507e-01  3.2531476748053523e-01  
q[29]: 3.6074331299424376e-03  7.0417555819414990e-01  1.4857444030498135e-01  7.3604826982319804e-01  1.1599712337365783e-02  
q[30]: 1.2935326307325037e-02  6.8629692885081761e-01  1.9040789873181863e-01  7.5448477023662475e-01  5.4986012736096956e-01  
q[31]: 1.8777040133447155e-03  7.3831019150940003e-01  3.0697389911360923e-01  9.7492358156429804e-01  9.3389420472755136e-01  
q[32]: 5.4414057312178318e-03  7.9825135520503276e-01  4.1562379199191002e-01  3.0883097389240510e-01  2.7434516235121487e-01  
q[33]: 1.0169618330490958e-02  7.1321925776024087e-01  5.3234927478867389e-01  7.7224646727326851e-01  2.5666986531400937e-01  
q[34]: 8.4020757157020499e-03  6.4068504772839530e-01  4.6918386332174156e-01  6.8790843147967151e-01  6.2309830160706747e-01  
q[35]: 2.5697663830070031e-03  7.1522518048552308e-01  4.2413645871049432e-01  9.4912516367248745e-01  3.4475380384041313e-02  
q[36]: 5.2611632710386326e-03  8.2957040398083159e-01  4.8540158598465416e-01  9.6480011324137405e-01  6.9918929909002114e-01  
q[37]: 2.6920461113011588e-03  6.7876863901470852e-01  5.2930652310013104e-01  1.0054975298652939e-01  4.6384902996009440e-02  
q[38]: 5.2117821099602057e-03  7.2347018301867128e-01  5.3319579073560608e-01  4.2164289563228402e-01  9.0694492358223133e-02  
q[39]: 4.5454494435258619e-03  6.7703317859430856e-01  6.5521700916657266e-01  4.3029500156944606e-01  2.5669983026981363e-01  
q[40]: 2.0220318999309146e-03  6.5604314115521523e-01  6.3282854116794507e-01  6.5645662424130546e-01  1.4094365653953819e-02  
q[41]: 3.5344741232769560e-03  7.3660626915728522e-01  6.9774396508259517e-01  8.5912551389020753e-01  5.9404870737652826e-01  
q[42]: 2.6478990955894960e-03  7.5433926318298672e-01  6.9619214774934801e-01  9.7339000621861260e-01  3.7766155213480135e-01  
q[43]: 1.4900175317571415e-03  9.3356594193740750e-01  1.1922061183573539e-01  1.3806575450082764e-01  8.0213181452401097e-02  
q[44]: 1.0347602633634279e-03  9.0706332390507460e-01  2.4641998314629696e-02  3.4234544134447126e-01  1.3664258267364199e-02  
q[45]: 3.2834042095747787e-03  9.6536460683264302e-01  1.6223146486220044e-01  6.2639272091804532e-01  1.1422551004845108e-01  
q[46]: 1.6266760078547378e-03  9.7565803939412865e-01  1.7516575211295512e-02  7.0316583601869342e-01  4.7074050167612269e-01  
q[47]: 1.5245640722596301e-03  9.2398137043303230e-01  3.8192985299771463e-02  8.8720060211316232e-01  1.0237233108122132e-01  
q[48]: 4.1208909988072525e-03  8.8218244184930406e-01  9.6084752263173825e-02  9.4160304329763855e-01  4.3762289993078107e-01  
q[49]: 2.2861955616568981e-03  9.2076307838676308e-01  1.1592813046032902e-01  9.3656327368766445e-01  8.3914984307915819e-01  
q[50]: 6.2007664460356588e-03  9.4343394489350829e-01  3.4367651332347315e-01  5.1483331338620475e-01  2.5500135221944886e-01  
q[51]: 3.5367771735480644e-03  8.9361645113295074e-01  2.3629057400455650e-01  6.0597608749975684e-01  5.7274932960313618e-01  
q[52]: 2.0390582861278348e-03  9.4619883603925647e-01  2.9947701724797521e-01  9.4904503771716198e-01  8.8248904934663419e-02  
q[53]: 8.6474353392986467e-03  8.2359002249340951e-01  3.4545712179743748e-01  8.6323204462179370e-01  2.7356340185462003e-01  
q[54]: 2.9638864114349983e-03  9.8980024433584290e-01  3.3768566737165662e-01  8.7401946334529979e-01  5.7280806023212671e-01  
q[55]: 1.5929147634147775e-03  9.8157072516976507e-01  5.0875066032646232e-01  1.3361930085895704e-01  4.0081702970161504e-02  
q[56]: 4.2557348518183881e-03  9.5047528466126530e-01  5.9188964710799008e-01  6.9050647209283567e-01  5.7211621363143214e-02  
q[57]: 8.0693477978506425e-03  9.1641407098856986e-01  6.6191955017195403e-01  6.7122728569429291e-01  4.1545199374925212e-01  
q[58]: 1.8976842464216571e-03  9.8448856106025751e-01  6.7512343624940219e-01  9.7135153971444810e-01  3.2352532213324348e-01  
q[59]: 2.3061915434750852e-03  9.6779249404480028e-01  5.5384025971543571e-01  8.1941244211217512e-01  7.8404463616349362e-01  
q[60]: 1.1534857423396514e-03  9.2440300215084503e-01  8.7231122008401529e-01  1.5907951641776463e-01  9.9490284418756861e-02  
q[61]: 2.7799753465291427e-03  9.3101664579988941e-01  8.0868548925048089e-01  3.7189279744622972e-01  5.8289176170796639e-02  
q[62]: 2.8026871882461594e-03  9.5076468470434583e-01  7.2556917353110939e-01  3.8033782678478495e-01  2.9984050093866604e-01  
q[63]: 2.3216201432778049e-03  9.4561494410758384e-01  9.2042898682039798e-01  6.9761252289562881e-01  2.0402418586188584e-01  
q[64]: 1.7158216782887854e-03  9.1968409787298333e-01  8.8426524512761973e-01  5.9216564386175485e-01  5.4582304758409239e-01  
q[65]: 2.4276955554622570e-03  9.0338749320104794e-01  8.0635503777288242e-01  9.1748368188728491e-01  7.8313512972446431e-02  
q[66]: 1.4706222427589967e-03  9.9347887328403239e-01  9.0806223932224139e-01  9.0529516757095729e-01  5.8241720502789729e-01  
q[67]: 2.0431489782536875e-03  8.8819988554976614e-01  7.8753830289867233e-01  9.3409482848195191e-01  8.6531620355518335e-01  

