4 354
5.1755900525869092e-02  1.1340829034087246e-01  6.7606884831638445e-02  1.9983793983277535e-02  1.0009644615616404e-04
3.0718304862904479e-02  2.7168511518695593e-01  3.2931470395140501e-02  7.5932063207873723e-03  7.1288407537655016e-05
3.1180724182604719e-02  3.0130731467961119e-01  1.7286580232020882e-01  9.8241275239666387e-02  2.5221112771058512e-04
2.2748372684204890e-02  2.8321735118186037e-01  1.9024028315725960e-01  1.9022857824144490e-01  7.7128379034457328e-05
2.5989010672566124e-02  3.0390809975760996e-01  2.6058852785884928e-01  1.9425587709127873e-04  4.7727272752712559e-05
3.0913704742391229e-02  2.5681926838100427e-01  2.3918741737695831e-01  9.3627182088699509e-02  1.4461105132777122e-04
2.3130452221425169e-02  2.7633027055612930e-01  2.7370334156339482e-01  2.5237756291050983e-01  4.3818539589935348e-05
3.0427392228057893e-02  4.9068856664108773e-01  1.3700727423601267e-01  4.7424254475629403e-02  3.1781506204636944e-04
4.1341591790283953e-02  5.2284961870314295e-01  1.4663441212218331e-01  1.4638371017703647e-01  1.6206228072087816e-04
3.8043685851839405e-02  4.5945959558446858e-01  2.6075476333716280e-01  2.3440796617232359e-02  2.4401733131288326e-04
3.0462642412170459e-02  4.8435809080951858e-01  3.7775993445529538e-01  1.0761798446566929e-01  4.4653330264502985e-04
3.5580842409517893e-02  5.0073522067640686e-01  2.9583510395395385e-01  2.6369249141380779e-01  1.9347556136442752e-04
3.5316816204944652e-02  5.0087593572498212e-01  4.8588230246741104e-01  6.4855826680442902e-02  1.5850381108674456e-04
3.4236827470581405e-02  5.0329973235208159e-01  3.7750157189067185e-01  2.6154809615437818e-01  3.5411825630163492e-04
3.5195942275102518e-02  5.0342724841339437e-01  4.7183123751482547e-01  3.7228170942856420e-01  3.0724403524968981e-04
5.8554007915125418e-02  6.9066708072659633e-01  5.2866313159434297e-02  3.0458215951931256e-02  1.7999968816698972e-04
1.9322957127612797e-02  7.1741000322057979e-01  1.6020842922575487e-01  2.1991576308998034e-02  1.5355195604080141e-04
4.9906953378210585e-02  6.8850777103214578e-01  3.8238004438416573e-01  1.8826885812477958e-02  3.2839146884415543e-04
3.5645143957523245e-02  6.9230780892725774e-01  3.4273837279362662e-01  1.0407946166178073e-01  4.1132304382830384e-04
3.5177748455723697e-02  7.0069427894447622e-01  2.6575152767624810e-01  1.9474712445960421e-01  5.0818772315221628e-04
4.3950738368814628e-02  6.8729499151280860e-01  4.6169438509511840e-01  2.5156170831648283e-01  9.3343379991893047e-04
3.2994552405240497e-02  7.1766978562107397e-01  4.6395253527891972e-01  4.4361805010029698e-01  2.6602277440232729e-04
3.7468998580306910e-02  7.1917441450886654e-01  5.9629987128433826e-01  1.5159805856169972e-02  2.1490861023007200e-04
2.5015604720369955e-02  6.8210325552606854e-01  6.2991678975569620e-01  1.1174005567323633e-01  3.4521269485513547e-04
4.9408054149731900e-02  6.9295799083329390e-01  5.8040254948395920e-01  5.3491217209127973e-01  3.2888894747206006e-04
2.3000528818322607e-02  6.9814769847709701e-01  6.6438133869616722e-01  3.8186213333124436e-01  4.3821984371831066e-04
2.3389257210107192e-02  7.0084269678509126e-01  6.7087030817681692e-01  6.5535929137287430e-01  1.0115331720289412e-04
1.2325898672321488e-02  8.8084710611628991e-01  1.1161318836791491e-01  3.0996637262168440e-02  8.8973908545876435e-05
1.7512939653771740e-02  8.3297136610892430e-01  1.7107994279799121e-01  1.6452396824003807e-01  8.7721749258769173e-05
5.6704990349174145e-02  8.5817440582820015e-01  2.2167442589329067e-01  9.8661922339776456e-02  4.2294663507410691e-04
3.1742768792578230e-02  8.7569865774422950e-01  4.2638364864284062e-01  1.2484846122212512e-01  5.7238440903103279e-04
2.9758830450180230e-02  9.0376029484835485e-01  3.7810001415447608e-01  3.5069278754464794e-01  2.7800951703255253e-04
2.2477193788019781e-02  8.7141154830045731e-01  5.3707434374550689e-01  2.2865669336043573e-02  1.9751711101537121e-04
2.5057491947371627e-02  8.4211733618304174e-01  6.1576562476412833e-01  1.5440026261112957e-01  4.0461744311960320e-04
2.9282543716963157e-02  8.5342073092803972e-01  5.6197589317777219e-01  4.2809247278221257e-01  5.9236792849998372e-04
4.7490480382368111e-02  8.7609124690107743e-01  7.8928792907551171e-01  1.5260357191362828e-01  4.2777697894128041e-04
3.5339656444612913e-02  8.6671669189545530e-01  7.3213382130531857e-01  3.4177110690983759e-01  6.1222665294677315e-04
2.9868333749333544e-02  8.7026558625909822e-01  7.4305080464433337e-01  6.2467968168351984e-01  4.1013813092425922e-04
2.8242875381399024e-02  8.6616469386025585e-01  8.4226816950328987e-01  3.3527467910365816e-02  9.9433001414274115e-05
4.7546160957472682e-02  8.5446117957704393e-01  8.4082522908792900e-01  3.1054084472555726e-01  1.8448473658112130e-04
3.9978019140923041e-02  8.6495235184925723e-01  8.4375424151861733e-01  6.8627886667846116e-01  2.0805714183502123e-04
3.5750897154143473e-02  9.5707724720000831e-01  4.5724092980127112e-02  3.4289678116090468e-02  4.5663379918124351e-05
6.5240355858738205e-02  9.7528724538552725e-01  1.8237896976416121e-01  1.3774445181435047e-01  1.8050750423772850e-04
2.8614799083050008e-02  9.7310442182604084e-01  2.6849787966289462e-01  3.5083681841478337e-02  1.5277691413145963e-04
3.9859616354502622e-02  9.7850121744879481e-01  4.8971705316366193e-01  3.6676177392339297e-02  1.2866212171389773e-04
1.8439022890577670e-02  9.7414150596773119e-01  3.9896610320506426e-01  2.5078491393424762e-01  2.5920461214839607e-04
4.4708624781220528e-02  9.7647513469776637e-01  7.1058584112052570e-01  1.3946371011459865e-01  3.2858011853413886e-04
4.6562217576624834e-02  9.7174158811091915e-01  6.4024580123278296e-01  3.0925224501020615e-01  4.5174055512398558e-04
3.7963631051425480e-02  9.6931528932910149e-01  6.3525921709034150e-01  5.0131189416612276e-01  1.6303408693456694e-04
3.6080990831877338e-02  9.8175215517523895e-01  6.5596018772299680e-01  6.2694456809508337e-01  1.3855421119581516e-04
2.0131013506650464e-02  9.6811972729482643e-01  8.0640365377866596e-01  2.9735362178390318e-02  1.0787800502518884e-04
4.1438736398918999e-02  9.7799760411629688e-01  8.3031342310892764e-01  5.4952393432789981e-01  3.1729136314348521e-04
3.1221626680029851e-02  9.4910330403195098e-01  8.2621554809017617e-01  8.0833862921451927e-01  1.0852609911762123e-04
3.5411661997411296e-02  9.6662123100240982e-01  9.2879229514623385e-01  1.5735963089108237e-02  2.3343751990308283e-05
3.8054895712124788e-02  9.7686373646904723e-01  9.5631286473731247e-01  1.5864411513359442e-01  8.8839404306264121e-05
1.8051338385267332e-02  9.7997100087020084e-01  9.1423198928355232e-01  3.3382212200030748e-01  1.3442267405072933e-04
2.9715651919084870e-02  9.5576384491315125e-01  9.3550046359268846e-01  5.4775599842260914e-01  1.2921780512733426e-04
3.3579797648586075e-02  9.8448088076961660e-01  9.3465795211214342e-01  7.8124802368383339e-01  7.3189714189164656e-05
2.4579226981474370e-02  9.4946587166576080e-01  9.3616514920632199e-01  8.9565939752154822e-01  4.2738802500418883e-05
1.5700874748400054e-01  1.0900760416542207e-01  8.7542537056572486e-02  7.5193805973718775e-02  9.9209834468974218e-05
1.7237559542050201e-01  2.7329743797915862e-01  9.3105226141069128e-02  7.7435917059346840e-02  3.2885414110057145e-04
1.7483674089183518e-01  2.8367012518156914e-01  1.5126763062910883e-01  2.1840413009205133e-02  4.2839272620081209e-04
1.6967209908760089e-01  2.8266931653482480e-01  2.5590412226122167e-01  2.8612178086092437e-02  2.4554104400288190e-04
1.7414103991661881e-01  2.9408380721077959e-01  2.5701660483911187e-01  1.7928746009201788e-01  5.4210752141808851e-04
1.6828850566356321e-01  4.8279725619033453e-01  4.6037388479454586e-02  2.8928363160848181e-02  2.5732188696886497e-04
1.7440823943237235e-01  5.1367898792041478e-01  1.4360208920268966e-01  7.6988863330829157e-03  2.5670462695792152e-04
1.6348736687271817e-01  4.7642115207925961e-01  2.3310093376155383e-01  1.2925530250824227e-01  1.0898062580024361e-03
1.8633947120601169e-01  4.8347979540778124e-01  3.6025181659439276e-01  1.3484220356547014e-01  4.5643275191455194e-04
1.7206004196845201e-01  4.9425637475564377e-01  3.0176542505992859e-01  2.5862377540357284e-01  4.7362510408494567e-04
1.7147204350162523e-01  5.2469261400570966e-01  3.7851105762627352e-01  2.9802726706163123e-02  4.7719881214346616e-04
1.4389750852157887e-01  4.7970610831837784e-01  4.5569583345351850e-01  2.0704875251718544e-01  7.4054829317417900e-04
1.5663802768185064e-01  4.8740598337135294e-01  4.1049954420196588e-01  3.9248527901200608e-01  4.6091084991928770e-04
1.5924645505824134e-01  5.1201827640916153e-01  4.6734083582550967e-01  7.0102091344269582e-03  2.0468421912519274e-04
1.8621555054122732e-01  4.8859845759750542e-01  4.8820101830875662e-01  4.6832208012873011e-01  1.0370560212906603e-04
1.7070750615869132e-01  7.1754031582102529e-01  1.9348390635269103e-01  1.0542144871982847e-02  2.9270183972733788e-04
1.7987221530324027e-01  6.8502943265680871e-01  1.6859820920422919e-01  1.0088323690403789e-01  7.3493000960515463e-04
2.0048036611239198e-01  6.8692312988568582e-01  3.1993836455410818e-01  9.0308194593786154e-02  1.2916961335906218e-03
1.7626741900552828e-01  7.1944068514865089e-01  3.1784523864207559e-01  2.9858828139956034e-01  5.9964626809350173e-04
1.6840009407468454e-01  7.0852083943297761e-01  5.2494924091441530e-01  9.4521046072806508e-02  1.3213347891583552e-03
2.0643541912128946e-01  6.9712207080220900e-01  4.3332340830325528e-01  3.4866592466029350e-01  1.0652510802277909e-03
1.5272062438696579e-01  6.9527032590707760e-01  6.0150290826977271e-01  2.3106500164223309e-01  1.1554827213131839e-03
1.8038537544486502e-01  7.0005857485200940e-01  5.8325124262099015e-01  4.2795030547436735e-01  1.3293893662459691e-03
1.6593974022934327e-01  7.0589520635227321e-01  6.8762712326600917e-01  2.5709460742134791e-02  2.4811401708625018e-04
1.9358944200258413e-01  6.9328177289893811e-01  6.8900911151862188e-01  2.1385934381441948e-01  3.8397955144383597e-04
1.6151326052129084e-01  7.0928797878820771e-01  6.8941258791519089e-01  5.7167922274455651e-01  5.4018416155152951e-04
1.9733756293160259e-01  8.5142806394403359e-01  4.8767227593444706e-02  2.9273733366677941e-02  2.0557646828979571e-04
1.6266544278761771e-01  8.8349742748813909e-01  1.2411636129233541e-01  1.1326401641151753e-02  1.4505871167718026e-04
1.8056993999665558e-01  8.6273851315098871e-01  1.8002448083614531e-01  1.5183115386454502e-01  4.8955688449220608e-04
1.4174907836694539e-01  8.7038083822057322e-01  3.1273853187203532e-01  1.9413564934688005e-02  5.5120399687597630e-04
1.5268185849850127e-01  8.6752588832783650e-01  3.9180777408095213e-01  2.5035785994033638e-01  1.4217973182199968e-03
1.7250834331894357e-01  8.7145777174785077e-01  5.2904879810070005e-01  4.0136266147961959e-02  3.7522072796950765e-04
2.0862685421765856e-01  8.8605274956415769e-01  6.3647724236187275e-01  1.4247398678352097e-01  1.0297117543717751e-03
1.7051503537266016e-01  8.6984181027822882e-01  5.8197132559051223e-01  2.9077773785576749e-01  1.2899053108141854e-03
1.5176324935995794e-01  8.8414594554851722e-01  5.6861798317818535e-01  5.4372356766829844e-01  6.3657264291562424e-04
1.5858700197050596e-01  8.7112627945264842e-01  7.2956920080340770e-01  3.1870289176634550e-02  5.8758300836816687e-04
1.7914344126630205e-01  8.7453586943433781e-01  7.3977275566346701e-01  4.9390459638832784e-01  1.0595655855438198e-03
1.7301858947898069e-01  8.4623141863326590e-01  7.1517528418843113e-01  6.9402134326584208e-01  4.3645417868421398e-04
1.5936598776669084e-01  8.5023213960570410e-01  8.3742972255214632e-01  1.2548484676618477e-01  2.8481751621972499e-04
1.7739156350370883e-01  8.7539741973498475e-01  8.4430199208085455e-01  3.1522668746181731e-01  4.0915229736051634e-04
1.4476559417497933e-01  8.6650224569076151e-01  8.3000611723448692e-01  5.2103088082797389e-01  5.3583309148945294e-04
1.6607400553640758e-01  8.6019194427077295e-01  8.3690688414581216e-01  8.0600275663445109e-01  2.3133662476548672e-04
1.6049863666455491e-01  9.8274600905076448e-01  1.0416758060886412e-01  1.7857403683744267e-02  1.1865581120300491e-04
1.9308779689309225e-01  9.6830842062664335e-01  2.6149733419161064e-01  1.0868464135758753e-01  4.8908628891158141e-04
1.4314549915927458e-01  9.8300493371059661e-01  2.9939014937301384e-01  2.9299314361401846e-01  9.5570448189957134e-05
1.6670218955927382e-01  9.6978360197394287e-01  4.9840281684443666e-01  2.5188575922666510e-02  1.3410189615806182e-04
1.6688464911817147e-01  9.7658126763942965e-01  4.8196313941022451e-01  1.4699458006830865e-01  7.4623827236944740e-04
1.6160138076801928e-01  9.8171258365063452e-01  4.4501631382049667e-01  3.9111067989712089e-01  3.3788042581899664e-04
1.6457283783657076e-01  9.7199071866587239e-01  6.7353326315607542e-01  2.4890917032834619e-02  2.4756697463953499e-04
1.9228015660847383e-01  9.7042800937736107e-01  6.3573277593960531e-01  4.7096476693167405e-01  8.0348789811545004e-04
1.4762899829891496e-01  9.7310222180540795e-01  8.7049978135543182e-01  1.3788005744697968e-01  3.6562750840276253e-04
1.8546106216182423e-01  9.7156233492219723e-01  8.1312455386231264e-01  3.2413684487599920e-01  8.9427457192364519e-04
1.6294774305281753e-01  9.7408464950419837e-01  8.2404465952593065e-01  7.2613026736787545e-01  5.0129728463125492e-04
1.7969739349848871e-01  9.7567907110711150e-01  9.4062143745040994e-01  3.4161783848435059e-02  1.4422058467366159e-04
1.7427286784128121e-01  9.7027599506980533e-01  9.5102545699169594e-01  3.2720800045146481e-01  1.7064157010442306e-04
1.7490701417429924e-01  9.7844347283902577e-01  9.4378484594728718e-01  5.4302500105101026e-01  2.1521869593989852e-04
1.6670242028346563e-01  9.7004686594685052e-01  9.4822845416016466e-01  7.5537117586353775e-01  2.0942607246123647e-04
1.6254743982180575e-01  9.9210021321573028e-01  9.5324017579007181e-01  9.2199960021235561e-01  6.4490616535131475e-05
3.4816604308845844e-01  1.1746676292411024e-01  3.0747716915365642e-02  1.5939594240128963e-02  1.1852241870337719e-04
3.6054587798696491e-01  1.1182045517504072e-01  1.0660024822742430e-01  2.4599503720473776e-02  1.2879578573416864e-04
3.8425969026117179e-01  3.0900054281543698e-01  5.6898838090533109e-02  1.5747740129056449e-02  3.0463291419843055e-04
3.8120104330335403e-01  2.6927703424764232e-01  1.7528053313010622e-01  6.7759556312766395e-02  4.8272829233408449e-04
3.9475071316772631e-01  2.8364060957494353e-01  2.1295148094220168e-01  1.8768027734246995e-01  5.4674895655378454e-04
3.9547846334044540e-01  2.9166032847903350e-01  2.6129268962719426e-01  7.3684188352483554e-02  3.7948779080475899e-04
3.8359099558604826e-01  2.7787335974911265e-01  2.7785119636004951e-01  2.6234764234361624e-01  7.6450896319138500e-05
3.7992131550158309e-01  5.0391149401015456e-01  1.3473701001384936e-01  4.6084479641147834e-02  3.8834301702217971e-04
3.8400899875689276e-01  4.9002598628843058e-01  1.5944110978303283e-01  1.3395658453977499e-01  7.5928915913594413e-04
3.9227668779786246e-01  4.8465870782549664e-01  2.3361174927724512e-01  2.7035153777192050e-02  7.2110832813428367e-04
3.8468603734473023e-01  4.9250964345217146e-01  3.4822750833558136e-01  1.0829673886944753e-01  9.6802250688138704e-04
3.8774836187962480e-01  4.9487580045277901e-01  2.9292754738500487e-01  2.7704947016888459e-01  4.4205863692090713e-04
3.7690126001714913e-01  5.0352258132224426e-01  3.9265103348000846e-01  2.6560258201657604e-02  2.6865266461935519e-04
3.6448608302697760e-01  4.7534427248856054e-01  4.5121321888227767e-01  7.2165182041467324e-02  6.7741634752827755e-04
3.6462282624785664e-01  4.9813566752768856e-01  4.0256870118118931e-01  2.6428609868245057e-01  1.3194692891848989e-03
3.7701676396337830e-01  5.0224053320482698e-01  4.8737703512839864e-01  3.7172216827949267e-01  5.7500335576585973e-04
3.8694806957767869e-01  6.7467476042815067e-01  6.0654861081606802e-02  1.5956759347869044e-02  3.9822734123936843e-04
3.7087167991081876e-01  7.0866082994452562e-01  1.3372779395520845e-01  1.2824492881105379e-01  3.6023399072721235e-04
3.8290982161114412e-01  7.0812777126088733e-01  1.8622547536166256e-01  4.1063798857051186e-02  3.6704100375299479e-04
3.7672909900916096e-01  6.9500922196755532e-01  3.7134715615772451e-01  1.1124591953022992e-02  6.4739329333748073e-04
4.0597372266616943e-01  6.9116463078711821e-01  3.0570913051481019e-01  2.0298752754636590e-01  1.4927875517378021e-03
3.9334491157021262e-01  6.8680651312357621e-01  4.4984240602800868e-01  2.1399938399394469e-01  1.9579757216824640e-03
3.8736772929424801e-01  6.9429340172944143e-01  4.6566305327377777e-01  4.5994194071670308e-01  3.7942913007247512e-04
3.8651263880454695e-01  7.2057551492880589e-01  5.8451410846636431e-01  1.9740081059763277e-02  5.9283718760890641e-04
3.8181547185773290e-01  6.9185963107070636e-01  6.4197290077570035e-01  9.9261575634738863e-02  9.7107569829037199e-04
3.8026065774531909e-01  7.0238727627380459e-01  6.0726255543328733e-01  2.6499309615010347e-01  8.2947354001226153e-04
3.8254833347515399e-01  7.0156920530587619e-01  6.0222548346765858e-01  4.1784314674908674e-01  3.7573463877382145e-04
3.8132685926657661e-01  6.8627588303481923e-01  5.7291272823893036e-01  5.3740442610949479e-01  8.4629722094060390e-04
3.7867485753327235e-01  6.8367097146989031e-01  6.7049823781000539e-01  3.9126545411933761e-01  6.9160377970770199e-04
3.9307172472172419e-01  6.8750162495352474e-01  6.6439175589054245e-01  6.4275101125998557e-01  3.1011016709158416e-04
3.8831560732992437e-01  8.8557905914244306e-01  1.0256619900526638e-01  1.7352675617622857e-02  2.0703144884182077e-04
3.8805245293337376e-01  8.5486883219889476e-01  2.2276158357582995e-01  8.2722052854038469e-02  1.2052729604873937e-03
3.6283327253882508e-01  8.6556143682092446e-01  4.2363981205646833e-01  1.1111876485157296e-01  1.6522267867806501e-03
3.7846603576040805e-01  8.7905513569496307e-01  3.5596165633730587e-01  3.2307774363551883e-01  1.0435187210906913e-03
4.0386034469141496e-01  8.5697954169776147e-01  5.4019806174509277e-01  2.4900519288848726e-02  7.7254098693119698e-04
3.9434830029588175e-01  8.4724404074101467e-01  5.7955158289676156e-01  2.8512914992720823e-01  1.2336747513195250e-03
3.9016263321319755e-01  8.6166729507434348e-01  5.6736453032597933e-01  4.5993717621124081e-01  1.6386793023747150e-03
3.6189138260688536e-01  8.7096576567776407e-01  7.8353490301043915e-01  1.4437449883675360e-01  1.1004816103079658e-03
3.8836216918833599e-01  8.6371555886042140e-01  7.6588700291608125e-01  3.1031922166764869e-01  1.5138503576769507e-03
3.6950409879940777e-01  8.7502504867938402e-01  7.3169708825423341e-01  6.2809513294610275e-01  8.7087333709883125e-04
3.7821044184567248e-01  8.7732980423126872e-01  8.4261916721981356e-01  2.0426242039824478e-02  3.2040809388184614e-04
3.8496442279457616e-01  8.5270704759931282e-01  8.3562244089229842e-01  5.0904544888145953e-01  6.0134259586437373e-04
3.7385519912326992e-01  8.7743743033635246e-01  8.3636082872689543e-01  7.1418532020009429e-01  6.6366336619590638e-04
3.8078123149844972e-01  9.7462113003882489e-01  4.8130743201844003e-02  3.6042159058787215e-02  1.0251813778442410e-04
3.7190786429135902e-01  9.6476785847853841e-01  1.8204324737437028e-01  1.4823863020222028e-01  4.1767941393308004e-04
3.7264345121336856e-01  9.7228895334815646e-01  2.7857005354554437e-01  2.3987552265924951e-02  3.9099987400571139e-04
3.7706669576971730e-01  9.7866756248281039e-01  4.7406580358550610e-01  2.5544328286662130e-02  2.7376038505042916e-04
3.7755331622754285e-01  9.7363133542465718e-01  4.0853101856302276e-01  2.6175440363375546e-01  9.1474064665089032e-04
3.7158756234128321e-01  9.7500128499245997e-01  5.2188732523344894e-01  5.1668730398780804e-01  1.6838676436284182e-04
3.8833912478471672e-01  9.7430402613743661e-01  6.8546395163623330e-01  1.3445098175614759e-01  9.2029306974622277e-04
4.0392316141107709e-01  9.7819433632950070e-01  6.3585788111067731e-01  3.1941401998356117e-01  9.9862792775377287e-04
3.8449239205180685e-01  9.7650633288602973e-01  6.7748902133752242e-01  6.3173556905234285e-01  4.0366758378449424e-04
3.7625816569059295e-01  9.8021902659981486e-01  8.1534448476814581e-01  2.3526759242788988e-02  2.7097933602468905e-04
3.8533174163365347e-01  9.8497822839353433e-01  8.8247617943486312e-01  1.4062316942698400e-01  2.5367919178367735e-04
3.7249139007958598e-01  9.7271873240860740e-01  8.3192545298353737e-01  5.5401452930191786e-01  9.8551779792850646e-04
3.7428078566138157e-01  9.7386566655190709e-01  8.1454638650020095e-01  8.0941894354110844e-01  1.8017365248842632e-04
3.7719240485224764e-01  9.6115657300210766e-01  9.5943863903048654e-01  1.3853985391543255e-01  1.7242993855030959e-04
3.8242314369350328e-01  9.6989286272541819e-01  9.4198316950986594e-01  3.2130963394491879e-01  3.1813308275662464e-04
3.8332248813312769e-01  9.8342967997537767e-01  9.5766508053068378e-01  5.3868843323103799e-01  1.7490814604558254e-04
3.8337597092992465e-01  9.7118183405519276e-01  9.4360229973746224e-01  7.6598017676157748e-01  1.9359907464558466e-04
3.7678207998270141e-01  9.5717537599593172e-01  9.2891630948608683e-01  8.9155781143825530e-01  1.7237480445182065e-04
6.3995972676445101e-01  1.1302384952311430e-01  4.2467779989331836e-02  1.0765376154312519e-02  8.8591391100548898e-05
6.1449912794339645e-01  1.1095194035468213e-01  9.1403743794687700e-02  7.4018367389855497e-02  1.2716533916014405e-04
6.0965316595022501e-01  2.9379114044975996e-01  1.0124993471059665e-01  8.3764411440330644e-02  3.9563232889545718e-04
6.1125560116808175e-01  2.8852340553478784e-01  1.5887349535000592e-01  1.0340366215905762e-03  2.6253190335102363e-04
6.1693336675828736e-01  2.6542514033613818e-01  1.6485839489049134e-01  8.1512651662453306e-02  4.9263709475267194e-04
6.2342113804979682e-01  3.0160649075837481e-01  2.6879302201131783e-01  9.6373132542512865e-03  2.5192187234286402e-04
6.2730520529690514e-01  2.7402562959526505e-01  2.6930318746340060e-01  1.6701041912461084e-01  3.4210926940129365e-04
6.1151240386401207e-01  4.7344209239166540e-01  4.1516789715046860e-02  2.2973471871174905e-02  3.0257392643508386e-04
6.1851609527142160e-01  5.1431675274564481e-01  1.5385169468715845e-01  1.9621619674391910e-02  4.1546517541043689e-04
6.2352703321390135e-01  4.7588857440883214e-01  2.4020230307654822e-01  1.2003091999111186e-01  1.3516032156047171e-03
6.1048158651278972e-01  4.8522580305968394e-01  3.9547347266005278e-01  1.2529914386665947e-01  7.3210551509012576e-04
6.1762102831903265e-01  5.0245968852943379e-01  3.0080641946315517e-01  2.6181898036266116e-01  6.3569426439950296e-04
6.2403974344554813e-01  5.2278303342393395e-01  4.0148349545771739e-01  1.9142560106613353e-02  5.8192074289584227e-04
6.2578111778558743e-01  4.7537855436938792e-01  4.5971667439041414e-01  2.0047418275256526e-01  6.9532001724049921e-04
6.1931897213328280e-01  4.8069798404176672e-01  3.7689944974593137e-01  2.7006761245142435e-01  5.3513310547599353e-04
6.1931757510611596e-01  4.7373074117392205e-01  4.2607245471573041e-01  3.9936708351945832e-01  6.9837546138127053e-04
6.2703384033342691e-01  4.9350965226899274e-01  4.9124914747526549e-01  1.1345352596279004e-03  8.5249184754275419e-05
6.2636614281675185e-01  6.9117506259592199e-01  1.3634889069213918e-01  1.2217315236990289e-01  2.4719984046932752e-04
6.1712711435554890e-01  7.2948739707844967e-01  1.9984982509581900e-01  1.4996211634260749e-02  4.4488632379607998e-04
6.1619929482683045e-01  6.9032887157002254e-01  1.7512108155224182e-01  9.5165819917847852e-02  8.2739301789238175e-04
6.2012533312879181e-01  6.9399390321002541e-01  3.4397426540448389e-01  8.1330876212834843e-02  1.5147182305203170e-03
6.1419974457929449e-01  7.2930051064283408e-01  3.1335971577832911e-01  3.0173560463430110e-01  6.1841540694921736e-04
6.1411935205403179e-01  7.1467607846310000e-01  5.2691356223712593e-01  1.0001102942025028e-01  1.7199434398864272e-03
6.2263095386673795e-01  6.9641813265750419e-01  4.5453537746557804e-01  3.6998250581617259e-01  1.6442406860491636e-03
6.2016517663202297e-01  6.7408076851243370e-01  6.0460714865138221e-01  2.4913241231287167e-01  1.1752009368575045e-03
6.1135448144598314e-01  7.0427335584711148e-01  6.1058927993338996e-01  4.4219932069346307e-01  1.3463280321448872e-03
6.1174316573704579e-01  6.9853656573836276e-01  6.7242581999275286e-01  2.7922695107423266e-02  3.9233356969482991e-04
6.1994309985679263e-01  6.8792456509256583e-01  6.7579466255312814e-01  1.8672818570831334e-01  4.0819351493786232e-04
6.3987675828610568e-01  7.1024678252030293e-01  6.8702856417585412e-01  5.8573722546512685e-01  6.5118699877209280e-04
6.0753034497933389e-01  8.4677074450550416e-01  5.2425664516705807e-02  3.6670206964006274e-02  2.8752600651438254e-04
6.1946430354284654e-01  8.8207792854233336e-01  1.3367553904389243e-01  9.3555818534725747e-04  1.4041202317136692e-04
6.1716124876111023e-01  8.7885848718780846e-01  1.8800702982873108e-01  1.4734302108369141e-01  6.6069952111238040e-04
6.2012500587269026e-01  8.8007131985699272e-01  3.4674207494049797e-01  2.1170737230534028e-02  7.8385542042250635e-04
6.1909073520854974e-01  8.6412605401325593e-01  3.9489174966140705e-01  2.3822908046689820e-01  1.9593086924498491e-03
6.1197699415096085e-01  8.7135025186801274e-01  6.3613755058584143e-01  1.5497809058253323e-01  1.7425131312414927e-03
6.0313009891201053e-01  8.9002362251765710e-01  5.7786012081553584e-01  3.0407504469158031e-01  7.9390191829057017e-04
6.2568051363110400e-01  8.7602055630716036e-01  5.5765704663524185e-01  5.4002294983613519e-01  6.1230824032329479e-04
6.1294292305013376e-01  8.8784352280688617e-01  7.3728635038889900e-01  3.3717751455576137e-02  7.7928305884970882e-04
6.1229824078993433e-01  8.6365455519092915e-01  7.1966268288995217e-01  4.6467326153159078e-01  1.8710551246383157e-03
6.2029444043176318e-01  8.6237551306188454e-01  7.0748268270553860e-01  6.8240531231150225e-01  5.9153473508673704e-04
6.3201441106114575e-01  8.5559857965894437e-01  8.4039610630525341e-01  1.2316299218768878e-01  4.3378110347119922e-04
6.1562445499176410e-01  8.6388946651513598e-01  8.4716609740610138e-01  3.1668530361098840e-01  6.8605957116198342e-04
6.2836770645858131e-01  8.6312763262961112e-01  8.4279348632257300e-01  6.6422528890904264e-01  4.3007397273160712e-04
6.0177753410111345e-01  8.6425706102355604e-01  8.2621352651092705e-01  8.1118574058396298e-01  2.6947891797298118e-04
6.1571540563864957e-01  9.7701557182070098e-01  1.1310517793067520e-01  2.9769669976798484e-02  2.2915990071167332e-04
6.1039777205134060e-01  9.7771189266872860e-01  2.7228911017954338e-01  1.0878375417506815e-01  5.3276235668450549e-04
6.4384444752785541e-01  9.7388368252974755e-01  2.8893368529925806e-01  2.7567742810366619e-01  2.3613822632375791e-04
6.2559987167569553e-01  9.6890178438605723e-01  4.7366903721110848e-01  1.2947682960827517e-01  1.0721633908909282e-03
6.2298166304248315e-01  9.7395509552771853e-01  4.5939996717079984e-01  3.9541032126953612e-01  5.5126939170969578e-04
6.2907869254422677e-01  9.6865557174939065e-01  6.2750689879757793e-01  2.7407406318663410e-02  4.6085562571293527e-04
6.1916788153236157e-01  9.7157958161238001e-01  6.5256662999657256e-01  5.0189960047383853e-01  9.2986700705469235e-04
6.2771487880165389e-01  9.6834808067981248e-01  8.7627253204602340e-01  1.4052289296272280e-01  5.4716455803152197e-04
6.0435226288805743e-01  9.7384884957636153e-01  8.1970806136376306e-01  3.3376186577246036e-01  1.0132343562050013e-03
6.1322909218736477e-01  9.7498824863794309e-01  8.4121396170771712e-01  7.3891196150917293e-01  6.3376547148514064e-04
6.1925023342658669e-01  9.7733926633186530e-01  9.4685087617141162e-01  2.7589007113835204e-02  1.5643717831513216e-04
6.1819102415664418e-01  9.8627920776431133e-01  9.5012992533074025e-01  3.1398345977426423e-01  1.5421134171944331e-04
6.1638328319404068e-01  9.5967636174365967e-01  9.2408285161643289e-01  5.5103367838291040e-01  5.2400299061575780e-04
6.1687648911979864e-01  9.8696754668707765e-01  9.6066989590007767e-01  7.6885133216099566e-01  1.3528013547320914e-04
6.2692322311569804e-01  9.8490457937601694e-01  9.5772376613432608e-01  9.1946584698249212e-01  8.4609902011890381e-05
8.2549090033669414e-01  1.0550438629689267e-01  7.0077245654466269e-02  5.6094211076341619e-02  6.1252893489515341e-05
8.2542316101609670e-01  1.0965269486941728e-01  8.5790386378273575e-02  2.3219183297852079e-03  7.3430886428588131e-05
8.2973014660291899e-01  2.7593487743276790e-01  4.9187345597833290e-02  1.5221791159431187e-02  2.5662069705778545e-04
8.3564442784422610e-01  2.7798152822507810e-01  1.7467990064264124e-01  8.6218358360037065e-02  3.6692527536869284e-04
8.1648171489386212e-01  2.8992513706774165e-01  2.0691335152509754e-01  1.9372300159397113e-01  3.0817156451862113e-04
8.2784484382966272e-01  2.7511893037293944e-01  2.4512086136161232e-01  7.0981154057981444e-02  3.7912428240237302e-04
8.2195693416650550e-01  2.7548858958053057e-01  2.7547733530728913e-01  2.6640049944916067e-01  6.2602219447950190e-05
8.2976746476084473e-01  4.8942326339257380e-01  1.4159116475715486e-01  5.4856293722000252e-02  5.7933250860835303e-04
8.1970219953101231e-01  5.2448345050095346e-01  1.4467745820146494e-01  1.3266191803299326e-01  4.2818757128568587e-04
8.4223999835638153e-01  4.7180052957629987e-01  2.6012457305825287e-01  3.1538927509020306e-02  6.8768240623179387e-04
8.3224154476904744e-01  4.9158706121582679e-01  3.8420920245730023e-01  8.9122984507083669e-02  6.9730725385520084e-04
8.4198300548339322e-01  5.0031282362564045e-01  2.8717336832346652e-01  2.6978524340996024e-01  4.1413542407234998e-04
8.4864989115904332e-01  5.0166391525082454e-01  4.8108798120294766e-01  6.5271511304663396e-02  4.3909480204624280e-04
8.3391542743754044e-01  4.7337701413416117e-01  3.7257380337531348e-01  2.4114144796733086e-01  1.0539364523168538e-03
8.4820282319135643e-01  5.0085986774107061e-01  4.8315739614710290e-01  3.7113260121884872e-01  4.7819517472066534e-04
8.1081692427764218e-01  6.8335051790082291e-01  4.9102070594479734e-02  2.2142664303275994e-02  3.0862407559420274e-04
8.4113603374564261e-01  7.1454621870045176e-01  1.7129475542866709e-01  2.1119766456772736e-02  3.8688614018862690e-04
8.0223955914480827e-01  6.8293304048488501e-01  3.6639634864544318e-01  1.8029587402200842e-02  5.2281824875619032e-04
8.0163714196163838e-01  6.9554134719458327e-01  2.8019663149096613e-01  1.9033061662269427e-01  1.1604235235107630e-03
8.0650083655268456e-01  6.8206727512777621e-01  4.5609732345781245e-01  2.3353591144419777e-01  1.7598768291439116e-03
8.3587732138878768e-01  6.9680613263444291e-01  4.6308529854124675e-01  4.5765822990275956e-01  2.6504917772219943e-04
8.0573281301156929e-01  7.1320117060276811e-01  5.8256556758030154e-01  1.4084478099764985e-02  4.8527881961292252e-04
8.2801587504960372e-01  6.8473594380786473e-01  6.3044324599818069e-01  1.1502268317473451e-01  6.6033007437919409e-04
8.2329964925921295e-01  7.0510028501570821e-01  6.0076491339224669e-01  2.6165915548443153e-01  5.7759393562670019e-04
8.2368325594353753e-01  6.8712155923876417e-01  5.7102045865235129e-01  5.3340293437496167e-01  7.5269874370122018e-04
8.3372316330851926e-01  6.9204024854296320e-01  6.7099237712766868e-01  3.9776545572017641e-01  7.4074297891530176e-04
8.2806356434995732e-01  6.6410545846172742e-01  6.4245872929548475e-01  6.3334087320245935e-01  1.5686121932518033e-04
8.2502764143014939e-01  8.9889834565729165e-01  1.4317442984616682e-01  2.6845443277376382e-02  2.7380495230864405e-04
8.5158339581275422e-01  8.7083528426631762e-01  1.9471549448162714e-01  1.6665111492794218e-01  3.9138929339990649e-04
8.1686314570513308e-01  8.7284507955155788e-01  2.3875346822735632e-01  9.5649601910948498e-02  7.8414457741154140e-04
8.4534220424535533e-01  8.5754368706865647e-01  4.2569474946372482e-01  1.1333698172288201e-01  1.3497656886437526e-03
8.3903323386900663e-01  8.6892397858265247e-01  3.7654907875582155e-01  3.4437819583881912e-01  6.7902894974266790e-04
8.3817265076279890e-01  8.6147080054653979e-01  5.4089663010839850e-01  2.8101916012502743e-02  7.3063553001203869e-04
8.2796372798386564e-01  8.4000956357199008e-01  5.9000396168809721e-01  2.8505617750396822e-01  8.6896902349303101e-04
8.3943970584113203e-01  8.6613368748196295e-01  5.5924657571551262e-01  4.4279991242060301e-01  1.3904740264306505e-03
8.3465062714254235e-01  8.6284986217216730e-01  7.6933432618146913e-01  1.4039489005214248e-01  9.3830423086188771e-04
8.2171553943272702e-01  8.7525453036753520e-01  7.5488112944923336e-01  3.0775413086123199e-01  9.9356404041566013e-04
8.3753168443898074e-01  8.7024881348490146e-01  7.5221700676359204e-01  6.4919627427310056e-01  9.8289531508544050e-04
8.3223561840335136e-01  8.6466094239353186e-01  8.3622011829468301e-01  2.4350931941008600e-02  2.5085267596418179e-04
8.4421099067292582e-01  8.5312531884099418e-01  8.3391925646031595e-01  3.1280417985046161e-01  1.7991980644342629e-04
8.1561153270818343e-01  8.6936604408792262e-01  8.2970038521250955e-01  5.1757591416329252e-01  6.4087004518786591e-04
8.4103000563362462e-01  8.6373178933079009e-01  8.5891696307572973e-01  8.0120032932674379e-01  1.5807666145699472e-04
8.4105747664170394e-01  9.5900357565609740e-01  4.7185079311205635e-02  3.5255790510605539e-02  1.1492292921221715e-04
8.0557846118026966e-01  9.9254240673973027e-01  1.9526701791835027e-01  1.5063133550029437e-01  1.7695635103015073e-04
8.4303168652028304e-01  9.7738683187570430e-01  2.8106440022575357e-01  1.9732346689771293e-02  2.3007229163702844e-04
8.1411350564344609e-01  9.8139856004656756e-01  4.7040130180284107e-01  2.9283343233830653e-02  2.1047449289475156e-04
8.5303431643516325e-01  9.7381583377650072e-01  4.1749868479159447e-01  2.6252559650514223e-01  7.3628604001459142e-04
8.0991734478124366e-01  9.7147866261419369e-01  5.2373368441066670e-01  5.1811303437308120e-01  9.4642236568618393e-05
8.2042486177455642e-01  9.7870826153894785e-01  7.1997487788114922e-01  1.4527761625418920e-01  6.9614420020084591e-04
7.8632597506653112e-01  9.6739876325877183e-01  6.3061022222679819e-01  3.0908103679712817e-01  9.2895063735992938e-04
8.0229978087415244e-01  9.7833238596622873e-01  6.6486182047740183e-01  6.2743685546629413e-01  2.8888572714356998e-04
8.4139221595604230e-01  9.7629454677743011e-01  8.2762409626148203e-01  2.9607822717823803e-02  2.6348775716705764e-04
8.2575679634335630e-01  9.7827645504436278e-01  8.2416748300857423e-01  5.5657657066360344e-01  7.1528098141804568e-04
8.4515735329642616e-01  9.6664638016816229e-01  8.2727307845694409e-01  8.1463112545642691e-01  1.7942025726058958e-04
8.3969937468783917e-01  9.7581235972291291e-01  9.5751486000462527e-01  1.4462032800204547e-01  1.7866512675531113e-04
8.3268711802564521e-01  9.7210637974491498e-01  9.3031238164428010e-01  3.2656351821768087e-01  3.2548868443898072e-04
8.3190197636330976e-01  9.7912145548768359e-01  9.6552649642959398e-01  5.4272681293111824e-01  1.1343600944641296e-04
8.2385273870756315e-01  9.6196055541094705e-01  9.3601191290023877e-01  7.6259070516682359e-01  2.2515722354497612e-04
8.2357512205929206e-01  9.6995608186075566e-01  9.3957903162040102e-01  9.0189677613831298e-01  8.1675206479120361e-05
9.5580019055411358e-01  1.1463433773559246e-01  3.0142031318301881e-02  2.0072710810839077e-02  3.4687794257402207e-05
9.6639880844024073e-01  1.1983362498461400e-01  1.0129234503823123e-01  5.7734598334271289e-02  6.0868360764922609e-05
9.6262244692346810e-01  2.8864640524171326e-01  1.0082726249203579e-01  8.9470980259031996e-02  1.3060883400493713e-04
9.6989951360378146e-01  2.8887725489285559e-01  1.5799395385868370e-01  2.7359022349726272e-02  2.2709735971967351e-04
9.5968937075205429e-01  2.9028240571806191e-01  2.7353034338144372e-01  3.4513585246760278e-02  1.0434642527714677e-04
9.5945225470555262e-01  2.8625628304728434e-01  2.5157136960518089e-01  1.8888781843194841e-01  2.3979201522649198e-04
9.7539167372476887e-01  4.9220709519312039e-01  5.0220544039226052e-02  3.0666636403221360e-02  1.2567981843985169e-04
9.6135424981875595e-01  5.1963061833268898e-01  1.3370687519081556e-01  3.2447419189967019e-03  1.3862299229832888e-04
9.6694859687562884e-01  4.7252004554521010e-01  2.3315674078196663e-01  1.5317875038558748e-01  5.4007332998556228e-04
9.7596024079495480e-01  5.1932820999674700e-01  3.5547466685711571e-01  1.1644071062850019e-01  3.1757252263309697e-04
9.7007212016903333e-01  4.8582539528448659e-01  4.0685564829311749e-01  6.8776163093394469e-03  1.6018362067484100e-04
9.7503596807414838e-01  4.8342597689676187e-01  4.5143264286883039e-01  2.0292140725764515e-01  3.8568770046440524e-04
9.7704989455027491e-01  5.0166973379261415e-01  4.0840443767655532e-01  3.8213749416589537e-01  2.6504350971854208e-04
9.5431952735129888e-01  4.9152385444847435e-01  4.9125238039605479e-01  4.7051122370458837e-01  4.8106781443136900e-05
9.5314510393037366e-01  7.3629127803385308e-01  1.4383953445102454e-01  1.2433891877449899e-01  2.4978928833969900e-04
9.6003108436662943e-01  7.0685821652329461e-01  1.8715837160528903e-01  7.2166509414565927e-02  3.6935576325171474e-04
9.7595523162327780e-01  6.8572682967939380e-01  3.7646356203362236e-01  1.7379167866435129e-02  2.1457413540042173e-04
9.4238774606913622e-01  6.8167729652036546e-01  3.3876604637147506e-01  1.1534806915749146e-01  7.5962394540804847e-04
9.6124621138929200e-01  6.9399472202173562e-01  3.1869294953112876e-01  2.8829058738447633e-01  3.8205942042095290e-04
9.5833746757932003e-01  7.0938338084248953e-01  5.4476275566575272e-01  9.4305224186806882e-02  6.5442657006527553e-04
9.5300522063439375e-01  6.9005549046982062e-01  4.5937207447086892e-01  3.5625751537817407e-01  5.6312675827786330e-04
9.7381276221686397e-01  7.0584414576174215e-01  6.0166511161431202e-01  2.4937585528560868e-01  3.8247761625780704e-04
9.5227628879805393e-01  6.9656708943969381e-01  5.8838651909903350e-01  4.2313875189404671e-01  6.5146968811415811e-04
9.6475887742231359e-01  6.9510265694205853e-01  6.6958880449179758e-01  3.2808874646785710e-02  1.6536694512913507e-04
9.4897011813130305e-01  6.9046035957343443e-01  6.8655607936526430e-01  2.1453184907284603e-01  1.9372888058179035e-04
9.7009501243398999e-01  7.0387907096132762e-01  6.8058258305322783e-01  5.7613043848035028e-01  2.2701511055013882e-04
9.6392993418146378e-01  8.4192933876222387e-01  6.6805896612043780e-02  2.4178119565629579e-02  1.5449885502472491e-04
9.7695218455052735e-01  8.5694907089552252e-01  2.8864396432700745e-01  2.0078769749046928e-02  2.5233118409164813e-04
9.8382786351065765e-01  8.6425324857365415e-01  3.7951227671342258e-01  2.3923086384227396e-01  5.5727165770574493e-04
9.5732217380977291e-01  8.7841906824147775e-01  3.4712868583250267e-01  3.4487685572371418e-01  3.9763686488482358e-05
9.5941143243892513e-01  8.9433960985563155e-01  6.2783488725362657e-01  1.3408559984081744e-01  5.6548188105666074e-04
9.6769996886973741e-01  8.6599125622919393e-01  5.7354872854471306e-01  2.7854897030358355e-01  5.1756577277061139e-04
9.7704753605667916e-01  8.5067457545841429e-01  5.8669077831637861e-01  5.6233508984337499e-01  2.8126860900824958e-04
9.7088885757492582e-01  8.7067879885261890e-01  7.2416354787428283e-01  2.6934132849010316e-02  2.4110176897424143e-04
9.6930599218458879e-01  8.4548750344266332e-01  7.8149244192022227e-01  3.0835283719469192e-01  3.0258853143572888e-04
9.7170463174751720e-01  8.8934325954635951e-01  7.3400803370661449e-01  4.9374869472684740e-01  5.1299198979201037e-04
9.6930562110526464e-01  8.3058484585309444e-01  7.6174143144807382e-01  7.4371654294408684e-01  1.6443621344744931e-04
9.6936259317717999e-01  8.6037906153566268e-01  8.4106115215360189e-01  1.3454874900126898e-01  1.6478077432519845e-04
9.7206497151246263e-01  8.5946452741893553e-01  8.4320821011446390e-01  5.0559757298597030e-01  1.5202837487433740e-04
9.5673485454892782e-01  8.7441603362650755e-01  8.4491317195679727e-01  6.7777495324860759e-01  1.7684570832906315e-04
9.7187036969007734e-01  9.8697187622292404e-01  1.0084247206247078e-01  1.3124574377603041e-02  4.2005084347411619e-05
9.7477380973037786e-01  9.5271791546494222e-01  1.7600657059350094e-01  1.4625436455514912e-01  1.3433163955950316e-04
9.5791477294193927e-01  9.6291082657382665e-01  2.6138097377042513e-01  9.7560695944630224e-02  2.7043382215916826e-04
9.7246929180972808e-01  9.4208803262156759e-01  4.7742542394318394e-01  2.0481873297881103e-02  1.0450969827325835e-04
9.5721943429779099e-01  9.7720317281627611e-01  4.8456331062766689e-01  1.2410959669561704e-01  3.0584856498230693e-04
9.5993625132652627e-01  9.7267257400794060e-01  4.0906526248800279e-01  3.7500728877772693e-01  1.9979759378605042e-04
9.6487778349970643e-01  9.7960508751830422e-01  6.6609253584078498e-01  2.7860918677792820e-02  1.1306011209260682e-04
9.7040022143532001e-01  9.8485964941016424e-01  6.4003156397358063e-01  2.9437581154896458e-01  1.7481121619869705e-04
9.5522805500212782e-01  9.7495119251436058e-01  6.3603481054082456e-01  4.8386610022556059e-01  3.6211124043278715e-04
9.5647913124324835e-01  9.6324810763776547e-01  6.7293338543147951e-01  6.3825708151180460e-01  1.1868284789087731e-04
9.7616860786275406e-01  9.7187695579863742e-01  8.6480121775933871e-01  1.5701947483353076e-01  2.1664764431477841e-04
9.4981563103253974e-01  9.7159098526324428e-01  8.2395693221891675e-01  3.5098675983519595e-01  3.8501402799698162e-04
9.6780865638412950e-01  9.7498253698230197e-01  8.4071537013214670e-01  7.3973019088202774e-01  1.8575786998848408e-04
9.5925397539498458e-01  9.6817926361482343e-01  9.3695221522465011e-01  3.1692088964064835e-02  7.2665916984029951e-05
9.6935167169548753e-01  9.5020911589831092e-01  9.4761668187617276e-01  3.2688048968645628e-01  7.4679359048406682e-05
9.6194434572186682e-01  9.7892618120358055e-01  9.3468634273451923e-01  5.5085630323071344e-01  1.3658355200329338e-04
9.6826466910783415e-01  9.8170607798112197e-01  9.5140537748616727e-01  7.6210172798353337e-01  6.7595020622308337e-05
9.6914613990112675e-01  9.6637790721278571e-01  9.3870086337339809e-01  9.0852931935016890e-01  4.6544418670683849e-05
