4 706
1.7507622370140849e-02  8.1848385441899540e-02  6.7503119251348026e-02  5.5726060790671474e-02  9.2051738578627606e-06
3.5217676110249098e-02  9.4005362440664611e-02  6.9732373565701999e-02  1.0004173088114235e-02  2.0698806539465962e-05
1.6145756996146784e-02  2.1963425422645930e-01  5.0120878017748879e-02  5.0362765487318795e-03  3.5948536008459435e-05
3.0160118056180452e-02  2.2608137168790732e-01  1.1978501766060819e-01  9.7994616975043941e-02  9.4004137078048568e-05
2.1433459979099272e-02  2.2245252128740281e-01  2.0864195134933433e-01  1.8545081054149937e-01  2.0375604975997220e-05
3.0995359073495595e-02  2.4321133470117054e-01  1.9101446944874392e-01  1.8880494525498382e-02  6.0241589880282974e-05
2.3188651893463346e-02  2.1836434429541002e-01  1.9127654409234696e-01  9.4904705681978910e-02  6.1753357616340746e-05
2.5564098885098856e-02  4.0029134406694999e-01  3.4193285004125364e-02  2.3191988731014454e-02  2.2098711929671822e-05
2.0936199502439655e-02  3.8854410623335145e-01  9.2296769385895316e-02  8.3364454629965543e-02  4.5652430695776843e-05
2.9226084565817583e-02  4.0510144597031061e-01  1.7387937721678792e-01  8.7183489593871288e-02  2.0633898348344817e-04
2.2353671533647423e-02  4.0435538871605631e-01  2.1668343705678592e-01  2.1010694184291322e-02  8.9356957591469406e-05
1.8008866190460819e-02  4.0333132814183553e-01  3.0824031170351823e-01  7.9302532567780054e-02  1.3885589630315538e-04
1.9528157061491962e-02  4.0241701651377720e-01  3.3972738500191513e-01  1.7812979083879696e-01  8.3370107380787946e-05
2.8083061205093320e-02  3.9685670321162592e-01  3.1206986877069742e-01  2.6630676697023820e-01  1.5042279712891300e-04
3.5781908488692615e-02  3.7335833540773089e-01  3.7307444461562161e-01  1.2863011094212451e-01  5.2069346084858152e-05
3.4738699513555106e-02  3.9040493417339306e-01  3.7502844007052877e-01  2.6992414527065217e-01  6.7859169452643339e-05
1.7344218390980159e-02  4.1371272865016390e-01  3.4640514110413895e-01  3.4571231105776951e-01  2.9537735587133501e-05
2.0478499715723894e-02  4.0731995457398246e-01  3.8980306122357022e-01  1.4027341113274722e-02  3.9141466986496256e-05
2.3133979246724230e-02  5.9893388777860257e-01  1.7898375306259050e-02  9.4933321226494428e-03  1.5504685702546904e-05
2.9899278699310267e-02  5.9947564554176502e-01  9.4000249230004954e-02  1.4974291210104018e-02  7.9612792672899334e-05
2.8230661996593062e-02  5.7299185970168698e-01  1.3745376354984956e-01  5.0993231660570827e-02  1.1912879127295958e-04
2.2007105052352104e-02  5.8643402347504459e-01  1.8327431394060570e-01  1.4099391689615146e-01  1.0762870916095481e-04
3.0876977888722491e-02  6.1361222640445257e-01  2.3830418529684377e-01  3.4347123784920941e-02  8.3774285338578071e-05
2.7852305453136338e-02  5.7604639051354634e-01  2.7220918484680867e-01  2.4437905590317652e-01  1.4097329660552608e-04
2.4234811650008597e-02  5.9270220291716702e-01  3.2786278591992080e-01  3.5323135671690726e-03  7.6612679134768744e-05
3.1418124658900884e-02  5.7421447081130517e-01  3.5155452366029771e-01  1.1469411580190103e-01  2.8489946938841808e-04
2.2382944561082668e-02  5.7906054205095392e-01  3.6576636743557267e-01  2.4740262617857994e-01  2.4165967241446726e-04
2.5026257927563800e-02  5.9477277589667654e-01  3.9153967201089646e-01  3.8051386349675786e-01  8.2904333395378610e-05
2.9225431403746189e-02  5.8648072188724043e-01  4.9857004935014171e-01  1.4580084388252420e-02  9.5986264375182308e-05
2.7964072711168481e-02  5.8083424399295736e-01  5.6082662403895722e-01  6.9529495340819952e-02  5.8212627305063706e-05
2.9355692490834175e-02  5.9760268076835277e-01  5.1572093575776856e-01  1.4298328071282290e-01  2.5739277793617127e-04
1.7515128823854986e-02  5.6872134978287814e-01  5.3890915947514373e-01  2.7046958368680935e-01  9.3592788886544137e-05
2.8197169457052220e-02  5.8419146705788616e-01  5.0971555052066853e-01  3.5910787934700850e-01  2.2074193666125048e-04
2.9719593891510909e-02  5.7234735969268613e-01  5.3949206352150658e-01  4.6668245565810185e-01  9.1150571183520735e-05
3.0067669243503799e-02  5.8254399725096984e-01  5.8242918417975131e-01  1.7256211581977771e-01  3.5662962235190566e-05
1.1453026490362818e-02  5.9638800797144886e-01  5.8319624827486527e-01  5.6752730063283152e-01  2.9201635288462780e-05
2.3410605190159323e-02  7.6069921226334614e-01  1.0073551318357832e-01  7.2548913111917787e-02  1.1102682562482129e-04
1.4711508314275779e-02  7.7147251646381698e-01  2.4447775188518073e-01  2.1585324246059707e-02  1.2796234196761069e-04
3.5955778999166493e-02  7.6115830368534310e-01  2.0914447401032102e-01  1.9204760948921659e-01  1.2287707753167913e-04
2.4736743699681766e-02  7.5686310584712857e-01  3.1460334643502663e-01  1.6662812324692461e-01  2.8343643872267893e-04
3.8092100436398796e-02  7.3410648007007528e-01  4.3662884071866470e-01  7.8629649526715431e-02  2.8397304743100284e-04
2.9614927434049289e-02  7.7626670482034699e-01  4.6695391363615973e-01  1.9406183969722898e-01  2.1291605314312223e-04
1.8727935724645296e-02  7.4701769135430318e-01  4.8855172672927155e-01  3.1927845745487948e-01  2.1791345938544732e-04
3.1836387649536738e-02  7.6081476539331216e-01  4.2741062075934755e-01  3.6892090150008094e-01  1.5189703897330588e-04
1.1621500646265893e-02  7.5741864283798721e-01  5.5611105973301411e-01  3.5645654295067157e-02  1.1072497221260506e-04
2.3334831694289151e-02  7.6188399116855110e-01  5.9162448107143895e-01  1.4972857942908446e-01  1.6795887228001878e-04
2.4199464738088358e-02  7.5515491896231368e-01  6.1013607301882844e-01  4.3620047745954005e-01  1.8240736203390865e-04
2.3283303414290132e-02  7.7401684707696139e-01  5.3716550776045024e-01  5.1526758099888248e-01  1.2159253092188000e-04
2.9869253226714330e-02  7.6647084158402934e-01  6.8493222263731413e-01  7.6998720996207901e-02  1.3898403101139341e-04
2.7898309457204607e-02  7.4395348145226015e-01  7.2325447984099822e-01  2.1724718609323160e-01  1.1743596108947454e-04
2.7889336230694343e-02  7.6027277896928547e-01  6.7899325714615810e-01  3.3471663148823527e-01  2.7592668993221603e-04
2.5040892857128627e-02  7.4278807402578095e-01  7.1986301924666285e-01  4.6934941608117708e-01  7.5675194250682267e-05
3.0881322303339540e-02  7.6562688803084433e-01  7.0350179658086698e-01  6.1352274821548680e-01  1.8492873776177417e-04
2.9625239691365487e-02  7.5196399398558988e-01  6.4719645863129882e-01  6.3365896644094477e-01  7.6037620135906470e-05
2.6221684323406120e-02  7.4924216525107534e-01  7.3150654511034485e-01  2.1457405241321868e-02  4.7107169023702710e-05
2.6813726342809922e-02  7.5061632074214635e-01  7.4208158448898320e-01  5.5003237778531155e-01  4.6531260291179668e-05
2.4069238274123484e-02  7.5960978672774093e-01  7.4783102387494005e-01  7.1925432676695111e-01  6.9050899900888924e-06
1.5067403181964260e-02  8.9537453828122704e-01  3.4910734751678579e-02  1.3186846837807445e-02  2.5784247383235468e-05
4.5005367042963436e-02  8.8550594914985203e-01  1.3698078252554458e-01  2.3754538369751686e-02  1.1919959147554916e-04
1.9618818929301351e-02  8.9111894614463993e-01  2.1555598083481878e-01  1.1824151508014005e-01  1.0213515828171287e-04
1.9830578009171110e-02  8.9793923355376692e-01  2.5102397753686040e-01  2.2245918227931996e-01  4.0665939175865304e-05
2.5237037197355781e-02  9.0228068955415563e-01  3.3853258895773392e-01  9.8319349073242787e-02  2.1492301698106261e-04
2.4910474780978884e-02  8.8776027231967269e-01  3.5159394577365888e-01  2.6098837287940757e-01  1.5277835124336819e-04
1.7715024671367659e-02  8.9541695062044036e-01  4.2099906010011295e-01  4.0282582247670640e-01  1.0582080436472988e-04
3.4631853617919789e-02  9.0005612836269655e-01  4.5245614322562500e-01  1.9218039230769632e-02  1.0928433902703901e-04
2.2744808136497964e-02  8.9117906558888971e-01  5.0308893844682778e-01  1.0691199766968386e-01  1.6986148254404513e-04
3.8919894055069730e-02  9.0191482577728266e-01  5.6203628641452252e-01  3.8079820152293425e-01  3.5633277533784498e-04
3.1087651808057889e-02  9.0713213614413035e-01  6.3914727555225070e-01  1.3804864688323544e-02  9.0237674721543038e-05
1.5626832332675894e-02  9.1222970253158020e-01  6.9032787527468675e-01  1.9755596672436451e-01  1.9416498538090115e-04
2.5489459573273338e-02  8.9136971304562052e-01  6.6456658162670379e-01  3.3136087786202684e-01  2.5701506520554813e-04
2.2573804784372521e-02  8.9997271625857256e-01  6.9613868592684858e-01  6.0590319169723439e-01  2.1794025552268435e-04
2.9971587581541021e-02  8.9513722195245760e-01  7.8735350092853840e-01  2.5687453286374846e-02  9.6660320745697349e-05
3.2513516082041373e-02  8.8274657522891387e-01  7.9823491998806129e-01  2.1903465793158225e-01  2.2732264515314270e-04
2.6914216553960542e-02  9.0237120800521475e-01  8.1406665925667376e-01  5.6881738838989082e-01  2.1979394214057766e-04
2.1771301802596333e-02  9.0442164984563100e-01  7.7647735779965177e-01  7.5499311338451125e-01  3.4912731977435852e-05
1.5409630278314095e-02  8.8495210598491536e-01  8.6674066118456039e-01  1.1353338598006041e-01  7.4533327948786155e-05
2.0817591422400354e-02  8.9359096502003521e-01  8.7478826736229642e-01  4.4434680863786297e-01  1.2393440700742166e-04
1.8668532799576171e-02  8.9936925116480293e-01  8.8498505207448663e-01  7.7602938251737630e-01  5.9765230133775752e-05
3.9318618373987618e-02  8.9204216495198607e-01  8.7058269689123846e-01  8.5365973184398414e-01  3.8405983002939460e-05
1.6611721914791419e-02  9.8501481209640840e-01  1.3651046594275382e-01  2.3666008642329338e-02  2.0898825073192817e-05
2.5561168928610645e-02  9.7224433722951875e-01  1.1670649008242237e-01  9.4464214196261720e-02  4.3364036860438320e-05
2.7632010864252623e-02  9.7928972866285691e-01  3.0548731991795630e-01  2.4326409412034421e-02  5.9046462525086851e-05
2.5265569559836172e-02  9.8685739379720827e-01  2.4594266821792965e-01  1.1923347008463647e-01  4.8893255474955170e-05
4.3915594836495160e-02  9.8177644972238343e-01  2.5963399726830982e-01  2.4457751295585767e-01  4.7776178613540473e-05
2.9746314730730777e-02  9.7629834527898340e-01  4.3808459710504305e-01  2.3233657540337307e-01  1.4382703214622019e-04
2.4887616468494602e-02  9.7481986799364806e-01  3.8172700264921577e-01  3.0963471675351362e-01  5.2388639835992247e-05
1.6884877116552205e-02  9.8753681774072544e-01  5.0659126426223011e-01  1.7865574169290438e-02  2.6642738543174591e-05
2.9941610655981537e-02  9.8212252927974342e-01  5.3360306857069650e-01  1.1296348881627602e-01  7.4974295149289467e-05
2.9672298666231296e-02  9.8419672057931451e-01  5.8721179729924544e-01  2.5266574569035305e-01  1.2079067393172240e-04
1.5618220637441352e-02  9.8137183386103632e-01  5.7069000855924401e-01  4.8346617917615886e-01  8.9143760660353061e-05
2.9100409336715104e-02  9.7406217809147333e-01  7.1383645843860977e-01  8.7891614770447102e-02  1.3122474215150409e-04
1.9513399520464422e-02  9.8068210784490628e-01  7.4105611034848240e-01  3.7681607359503189e-01  6.4226900656465401e-05
2.7593440846600956e-02  9.8039575402270163e-01  7.7158861692053882e-01  5.4973378702493758e-01  1.2849804598629201e-04
3.6828333345831396e-02  9.7840578774795994e-01  6.7136355503616929e-01  6.5206330410619295e-01  6.6553445632389074e-05
6.5766723582229430e-03  9.8501624427151269e-01  8.4355657357562341e-01  1.4522758381032728e-02  1.2079597674781097e-05
3.3590019000344890e-02  9.8316954765899478e-01  8.7919253385114005e-01  1.0889608688369129e-01  7.6851570577595073e-05
2.0734639159758976e-02  9.8031383230371549e-01  8.5860424051015516e-01  2.5147690850572502e-01  4.7305252562876722e-05
2.8703304144107624e-02  9.7935139959329320e-01  8.7754919446778679e-01  4.3309726850711766e-01  1.2868662960600783e-04
3.0625379760234932e-02  9.7957210713351528e-01  8.9698111866084818e-01  7.7869358707032599e-01  8.7231568914308789e-05
1.5758974779323944e-02  9.7233719558083509e-01  8.4681077513643910e-01  8.2699069206754494e-01  2.5829106247721415e-05
2.8675953174704925e-02  9.7168785246628131e-01  9.4818681728816401e-01  2.4241171060657492e-02  2.4214491445600854e-05
2.9483908146003802e-02  9.7895406847961430e-01  9.5958205812423392e-01  1.2523223911080045e-01  1.0587910737805848e-05
2.7430371273946930e-02  9.7567310103764748e-01  9.5387778391986899e-01  2.9298895696198529e-01  6.8954839032804596e-05
2.3069502783431482e-02  9.7783125892204548e-01  9.6081557768051307e-01  6.7322371308111362e-01  5.2063786452706309e-05
1.9017883449567296e-02  9.8505266320791973e-01  9.5668753951622876e-01  9.3268026732108311e-01  9.8036113230257305e-06
1.2223843085599465e-01  9.0165916256720824e-02  3.2254481834859260e-02  2.0617536419877257e-02  4.3148266616688309e-05
1.3077902249645251e-01  8.1700243811709913e-02  7.6090902141600331e-02  5.0900476834950491e-02  1.5033453790752752e-05
1.2576214067266189e-01  2.2073962041696724e-01  3.4567484316316843e-02  2.9260361407824977e-02  4.4769915518577464e-05
1.3193328356796483e-01  2.3689317192716133e-01  1.3280126897055750e-01  4.4298236488126037e-02  2.6747623412972927e-04
1.4183073593431822e-01  2.2688196176699107e-01  2.0038868298712800e-01  1.8207963452334153e-01  1.1265490358291779e-04
1.2623583741500141e-01  2.2071866040378979e-01  2.1338090823774625e-01  2.2740515355813031e-02  6.2566586568295614e-05
1.2663754471094521e-01  2.1204125066754478e-01  1.9358069209410564e-01  9.8948008057363215e-02  8.6280607181097441e-05
1.2748727919642944e-01  4.0309668014174932e-01  3.9492006732400289e-02  1.2797412175579613e-02  7.5506293043935206e-05
1.3104755157543588e-01  3.8420764831448528e-01  1.0888803367832782e-01  8.3906813688380141e-02  9.2182390891152067e-05
1.1810136686100034e-01  4.0526452449557626e-01  1.0964252212364346e-01  1.4986107457153003e-02  1.8835499585260931e-04
1.3411284080909369e-01  4.1921714261989595e-01  2.1975010082022672e-01  2.6481042235957288e-02  1.4773214062937875e-04
1.2724485189213752e-01  3.8775755740309126e-01  2.5354604520247936e-01  1.5764568110999738e-01  4.0054366658410741e-04
1.2560853202324010e-01  3.9980045578048995e-01  2.1426518678293366e-01  1.9993388963122719e-01  2.6202000090120165e-04
1.2538728234394586e-01  3.9693846894750778e-01  3.0424772779428683e-01  1.1467029702491914e-02  1.4754852980425730e-04
1.3483371685349549e-01  4.0393338776871701e-01  3.4099082742586467e-01  1.7742774591188776e-01  3.0374884438727219e-04
1.2412276344531344e-01  4.1273692917819405e-01  3.7715930477918030e-01  7.7416861792890271e-02  2.7186649793921092e-04
1.2526639668378137e-01  3.8642379231716556e-01  3.7795313300057848e-01  2.6673941598318285e-01  7.7786499739316786e-05
1.1934601293925975e-01  3.9998044188187271e-01  3.9013765807471829e-01  3.6668971500234926e-01  9.2080500182840878e-05
1.3621587679623995e-01  5.8291129640367589e-01  6.7912901047827059e-02  5.7287074902470134e-02  1.4957069846204134e-04
1.3732219091324688e-01  5.8479544968207164e-01  1.6927967925319007e-01  1.4989579959070221e-01  2.3544298969569190e-04
1.3531760196012396e-01  6.0255355421341439e-01  2.4186860662966336e-01  3.4059263133085521e-02  3.7697523905535287e-04
1.4062906250505802e-01  5.9992940033331743e-01  2.6519365784091836e-01  1.3836478942604105e-01  6.7481063347814957e-04
1.2997213267540869e-01  5.6818398316111873e-01  3.5003700481535593e-01  1.0927961438148953e-01  1.5247415453638948e-04
1.3336985597313183e-01  5.6518948216841125e-01  3.6253878937084605e-01  2.6334288397843592e-01  1.9134102053012492e-04
1.2888774838566971e-01  5.8400805431848468e-01  4.3359042642984719e-01  4.8772879986245805e-02  5.2829970649344771e-04
1.3124699085950053e-01  5.9487281405019155e-01  4.6018172771985177e-01  2.2771963035705167e-01  6.7609750961112973e-04
1.2507861986707880e-01  5.8671520508845876e-01  4.3663018068927534e-01  3.8431562158831084e-01  4.3443883041241249e-04
1.4053365131519083e-01  5.8574047241995486e-01  5.6064272685960892e-01  7.4046486977160278e-02  2.0505238689566178e-04
1.3803349877548157e-01  5.6942343127034456e-01  5.4442044511095289e-01  2.6060759084903773e-01  3.3449891435749735e-04
1.2792454793789088e-01  5.7559496818154554e-01  5.3834733400077828e-01  4.5839614497022774e-01  1.5541837891709458e-04
1.3282323273938049e-01  5.9490180043697660e-01  5.1302840857934884e-01  4.9629601667619888e-01  1.9986574103471650e-04
1.3278253818949959e-01  6.0072467106193206e-01  5.8934097793965512e-01  1.3339847241717922e-02  5.6863276691366007e-05
1.3582439353030043e-01  5.8654254699137331e-01  5.8337938222051644e-01  4.0703392729407811e-01  1.3807724511412386e-04
1.2288301455424770e-01  7.5595819709615630e-01  2.8252143072663317e-02  1.2681972967227517e-02  6.6212647404876679e-05
1.3760837001345688e-01  7.5940062956889165e-01  1.1087205831572469e-01  1.4721471288237239e-02  2.0270571798024814e-04
1.1680817135352019e-01  7.4651332919480484e-01  1.8674878230989353e-01  8.6071088247893127e-02  3.5506476460537564e-04
1.3379979081888929e-01  7.7716515971482358e-01  3.1449828357336290e-01  7.7610196965646888e-02  4.6585337572327049e-04
1.2938031993336430e-01  7.6314289945688840e-01  3.0542528082511411e-01  2.4167437343796050e-01  4.2911678512747427e-04
1.2591490224995447e-01  7.4473304011774011e-01  3.4771145856556751e-01  3.4663759186931542e-01  1.6765640547865648e-04
1.2091334980522199e-01  7.7749325088373189e-01  4.1038747548398363e-01  1.1806014347364368e-02  2.6289890796342782e-04
1.3352564530862274e-01  7.7944926416450699e-01  4.6311286804399465e-01  1.9635384237472564e-01  4.1194913743321004e-04
1.3229572397252726e-01  7.6013158110650625e-01  4.4030963360694758e-01  3.5663911315032665e-01  4.6477191899713772e-04
1.3610968959005509e-01  7.5859609768607816e-01  5.5528039718403632e-01  1.2997072096152983e-02  1.4374387346439984e-04
1.3639922802305224e-01  7.5998397187711209e-01  5.9971601787461759e-01  1.6011151460814568e-01  4.5788178656393713e-04
1.2756205026567252e-01  7.5561088523157494e-01  5.8004565851451872e-01  2.7735001304058060e-01  6.4350886225335497e-04
1.3235235895134290e-01  7.5315305308251990e-01  6.0938344237927200e-01  4.4115703119821070e-01  2.9447230285733621e-04
1.3070943915778788e-01  7.5608834722028373e-01  5.9640660319573091e-01  5.1938114354484477e-01  4.4235671230477916e-04
1.2262841312436867e-01  7.6665012057096638e-01  6.7171451604397758e-01  1.1347784561015176e-03  9.2068585367328137e-05
1.2964780917758822e-01  7.5724832428211819e-01  6.9018768525032603e-01  7.4336303630255854e-02  2.3746803914906985e-04
1.2934739091230682e-01  7.5463361912061910e-01  7.0078532343394850e-01  2.1415712178329177e-01  2.9198237206341787e-04
1.3041128752358649e-01  7.5355511130452879e-01  7.0482893940818026e-01  4.7992761186353178e-01  2.9376709299093630e-04
1.3068984666273628e-01  7.6359818970654925e-01  7.5938521156878003e-01  1.1935208028331609e-01  1.1185840898092185e-04
1.2417613374724498e-01  7.5671051810451651e-01  7.4855758747686174e-01  3.6497584913874614e-01  1.8094346356369728e-04
1.3103052707634255e-01  7.3728210583115217e-01  7.3678518452796449e-01  6.4283233537618545e-01  9.0788997925321383e-05
1.3036343450474694e-01  7.6838722910658419e-01  7.4316163966864335e-01  7.2321223224745834e-01  1.2042663038741045e-04
1.2692892517550461e-01  8.9175456185012580e-01  1.0826371549981528e-01  9.0155960612907468e-02  1.6590246082465881e-04
1.2638329134366905e-01  9.0520752666689952e-01  2.8478635890058118e-01  1.5826227586445946e-02  2.3111924049852670e-04
1.3431484264258262e-01  9.0495544127885463e-01  2.1352264532690268e-01  1.0985551320984621e-01  2.4306780521638426e-04
1.3688296109025133e-01  9.0060388273990966e-01  2.4473739385440063e-01  2.2661153379936938e-01  2.1207522117313416e-04
1.3280955485801602e-01  8.9227234013068357e-01  4.0081968851256067e-01  2.2991249893033311e-01  5.3606024740205326e-04
1.3709732104075334e-01  8.8586052617428035e-01  5.1102865552006604e-01  8.0321095254954733e-02  3.2342838670930239e-04
1.3298702668497708e-01  9.1103364533088405e-01  5.3345597275320422e-01  2.1932413455166014e-01  6.4637489293009880e-04
1.2369359216586004e-01  9.0173488069718966e-01  5.2784576470874400e-01  4.5980043532783882e-01  4.4313425583015819e-04
1.2806018617215170e-01  8.7363326803888230e-01  6.5450476056578777e-01  7.6417527348192710e-02  4.9798209226590727e-04
1.3479071997776326e-01  9.0288295315792810e-01  6.8685474194881302e-01  2.0615403930153847e-01  1.8619417216591644e-04
1.4104060887817083e-01  8.8371973202197229e-01  7.0251514600189346e-01  4.9040323807704056e-01  6.3683700760918240e-04
1.2392473848471680e-01  8.9560545831615168e-01  6.1595081775016791e-01  6.0451817309596578e-01  1.9693362619220491e-04
1.2219027662810841e-01  9.1755541284934106e-01  8.1444089083102289e-01  1.0741224054152156e-01  3.3189283442492388e-04
1.2523197013172108e-01  8.9702457765033505e-01  7.9674188240686639e-01  3.8119951439176647e-01  6.2943962613072981e-04
1.3186433369440514e-01  8.9759039858889544e-01  8.2627335440876615e-01  7.2256330506758404e-01  3.4603935641861860e-04
1.3025685533765027e-01  8.9246593158165133e-01  7.7797313098116794e-01  7.5881409237851116e-01  1.5012552242655189e-04
1.2586301731654106e-01  8.8842684208885525e-01  8.6677767354478874e-01  2.1526909313146596e-02  1.0286253223990406e-04
1.3453186456082503e-01  8.9395238173381286e-01  8.7802490642337705e-01  2.6775863838791575e-01  2.5266494516972752e-04
1.2959908481418186e-01  8.8461909546973527e-01  8.6624110996996451e-01  6.2043330402143582e-01  2.6522352005430987e-04
1.2101078531002124e-01  9.7992295904383842e-01  4.3181942656163173e-02  1.9318039525441380e-02  4.4549358987932300e-05
1.2903836280680345e-01  9.7002049148459846e-01  1.4960555253610663e-01  2.1260946739215990e-02  8.3808035815009901e-05
1.3092866539051415e-01  9.7912995874075082e-01  2.2598709847150786e-01  1.3609083098440719e-01  1.4193592634388286e-04
1.3412241202428152e-01  9.7974901670993852e-01  3.5777147350887484e-01  9.6414595375630324e-02  2.6822695202164955e-04
1.3729215656359603e-01  9.7894561801453583e-01  3.9142919808224491e-01  3.0209083730892644e-01  2.3141835843764344e-04
1.1786777644490093e-01  9.8135763526776798e-01  4.6315717071535772e-01  4.5095199012910525e-01  1.0571677638835278e-04
1.3968149636529245e-01  9.7170904831574223e-01  5.0075091510438152e-01  2.3455851224234853e-02  1.1531120895636825e-04
1.3226924626677289e-01  9.7620780276362029e-01  5.4809413197556200e-01  1.0738965568459254e-01  1.8816241604559554e-04
1.3683180057041688e-01  9.8267433146645145e-01  6.1303794744643514e-01  4.1611817916056965e-01  3.3717977166733258e-04
1.2636050491469167e-01  9.8355747013185779e-01  6.9269868316056848e-01  1.9885887934952620e-02  1.0713132254597256e-04
1.2171171791350949e-01  9.8652245754767809e-01  7.4311735436407256e-01  2.1780795265790384e-01  2.6746139125887548e-04
1.3667016967689224e-01  9.7282968968191230e-01  7.4055394528629892e-01  3.7766288314200780e-01  2.8422433204752963e-04
1.2706373191391565e-01  9.8052275963756041e-01  7.5437007795642452e-01  6.5357496370135049e-01  2.5902227065882844e-04
1.4855696596200105e-01  9.7757381181871739e-01  8.4945933668069051e-01  1.9271394906212175e-02  9.6508810943785774e-05
1.3943830343605818e-01  9.7751998552076957e-01  8.7784246434421598e-01  2.5429318903662856e-01  2.2149908276901709e-04
1.2714459298884329e-01  9.8111394348972458e-01  8.9247859753915593e-01  6.2221997055366352e-01  2.3852076601064406e-04
1.3337630328224101e-01  9.8532725741979144e-01  8.4860432675464526e-01  8.2026667167761458e-01  6.7453944125181090e-05
1.2679701648321889e-01  9.8701863216464247e-01  9.5201246158654385e-01  2.6535501214551761e-02  1.4774833580617477e-05
1.2741813999950402e-01  9.7861669590322009e-01  9.5941087496536859e-01  1.2785452609687539e-01  9.6456785662493586e-05
1.2474339411993039e-01  9.8081019957599669e-01  9.6079577264013305e-01  4.8649733535262868e-01  1.4785846135806748e-04
1.2068936987482691e-01  9.8268252362839259e-01  9.7265100413906946e-01  8.4400995212858032e-01  5.8438877689878524e-05
1.2758852429306206e-01  9.7510532560166863e-01  9.5171109441307100e-01  9.2380044516537529e-01  4.4235463239999642e-05
2.9721493958530104e-01  8.2103248869698997e-02  7.1368742208914329e-02  6.5318144036377077e-02  2.1803646910293252e-05
2.9262571444896740e-01  9.0832636653967361e-02  7.2139513031498695e-02  1.4256419947348655e-02  6.2577044384790067e-05
3.0202377251817214e-01  2.2990380788443193e-01  4.6223518147103869e-02  2.1504552872557491e-02  1.3792042422965280e-04
2.9108303694468568e-01  2.1605935196555193e-01  1.2660213441332727e-01  1.0899195315415097e-01  2.1290012636567254e-04
2.8621140114681060e-01  2.2498265017058947e-01  1.1774342478800107e-01  1.0375540088523301e-03  1.0355085055106209e-04
2.9526979721224678e-01  2.3942075732864096e-01  2.0561721344362641e-01  2.7865009819018492e-02  9.9959721763088162e-05
2.9939971478018212e-01  2.1700695113796167e-01  1.9377167936287795e-01  1.0741190821752226e-01  1.8500230380651193e-04
2.9896363066645110e-01  4.0068828344737184e-01  2.4783634633004745e-02  1.6581662130148486e-02  3.2471821554460334e-05
2.9923210559795643e-01  3.8877729847077869e-01  1.0514340660707309e-01  8.4454950850595831e-02  2.0452989866801729e-04
2.9660093675063270e-01  4.0967197576139808e-01  1.6928186006477947e-01  8.6303074529468268e-02  5.1543191079092055e-04
2.9576963683171315e-01  4.1618117219410483e-01  2.1996033148059363e-01  2.8726908296306235e-02  2.5615321519014382e-04
2.9727144854476878e-01  3.8033707399776129e-01  3.0871505917118652e-01  1.5296664183576364e-02  7.6232800365472612e-05
3.0204308799167873e-01  3.9426875801491362e-01  2.9412011893705498e-01  9.2242312810870752e-02  6.0677066393365791e-04
2.9666236618267378e-01  3.9445319927588413e-01  3.1706853337479579e-01  2.7153467380637664e-01  4.6998788854582594e-04
3.0133483862497396e-01  3.7421969669468041e-01  3.6804890087073927e-01  1.3758860061251552e-01  1.8343075898022445e-04
3.0047859461333948e-01  3.9027066058673798e-01  3.6710918996667063e-01  2.5680979295474937e-01  2.5113167194442163e-04
2.9918054334327576e-01  4.1302619133052576e-01  3.4953429263088592e-01  3.4901339064053905e-01  1.0430464886534974e-04
2.9181426228644192e-01  4.0894173504570824e-01  3.9539520255471899e-01  1.8745343089661276e-02  1.3218794687026736e-04
2.9817351561476924e-01  5.9383771883414771e-01  3.7924302826539059e-02  5.6061645101024944e-03  1.1452724419242746e-04
2.8980156889178699e-01  5.8682868914430797e-01  1.5715322024319220e-01  5.5639849402770540e-04  1.6647330630060336e-04
2.9604623253995693e-01  5.6769138819626963e-01  1.2783760521838222e-01  5.5036590244876442e-02  4.9836000699474766e-04
2.9390623732156573e-01  5.7468191381931155e-01  2.7159491409144354e-01  2.4019000657413908e-01  5.6899699535084894e-04
2.9368395244388745e-01  5.8597378836245662e-01  3.4147258956286075e-01  7.6771376780690312e-03  2.5173029853572043e-04
3.0641522876543525e-01  5.7033784025414669e-01  3.4871520907203329e-01  1.0954583642759103e-01  8.0704982018866200e-04
3.0306360165956042e-01  5.7764700419975779e-01  3.6236620669849673e-01  2.5447580845906687e-01  6.2014367073253893e-04
2.9675434479422425e-01  6.0377112313954950e-01  3.8056172210449463e-01  3.7687240978942876e-01  1.9433279306642644e-04
3.0015470229431901e-01  5.8499135265470215e-01  5.1329468084364094e-01  1.2883056722241017e-02  2.4761208142665104e-04
2.9298636102309034e-01  5.9454183435962549e-01  5.2252371341427284e-01  1.4673038843820915e-01  7.7512359318322353e-04
2.9666649491824465e-01  5.7270890002063435e-01  5.3811364137388207e-01  2.6973183484555857e-01  1.6239659532113073e-04
2.9818645641317504e-01  5.8481438440632927e-01  5.0341289827684976e-01  3.5456189398240734e-01  8.1966104081910381e-04
2.9595054502005474e-01  5.6498654665073100e-01  5.4168309064200681e-01  4.6828438824287372e-01  1.9064596703717037e-04
2.9925293553871052e-01  5.8308341403470021e-01  5.8240788943243726e-01  1.5809789862678980e-01  1.4708521674075203e-04
2.9271348213773801e-01  5.9631770557155683e-01  5.8226595441191287e-01  5.6786377261521148e-01  1.1037869994896086e-04
2.9550689157434579e-01  7.6091510649626048e-01  1.0073097557806016e-01  8.5487328160776505e-02  2.3385067033736119e-04
2.9617568070154376e-01  7.6956175023955786e-01  2.4324836787995033e-01  1.5896492397254922e-02  3.8111894574628142e-04
3.0490496428705210e-01  7.5202895660370661e-01  1.7945053008016673e-01  9.3927067708569692e-02  4.0131772550779777e-04
3.0180558969236027e-01  7.6258102385770088e-01  2.1122646216288032e-01  1.9141745880300676e-01  3.4389161563952447e-04
3.0570730519976091e-01  7.4968036261797288e-01  3.2936320915437101e-01  1.7892880271650116e-01  6.3654733931996557e-04
2.9544314637822888e-01  7.3381316271365282e-01  4.2556402654794850e-01  7.4060099322930381e-02  8.4395577400545876e-04
3.0201110939777154e-01  7.7378173427584729e-01  4.6185935822924457e-01  1.9555832689997776e-01  5.5827336167431959e-04
2.9698169902553306e-01  7.5357310429434532e-01  4.8480616610755090e-01  3.1866604738897036e-01  9.6760680871771560e-04
2.9832245421511427e-01  7.5159484159005296e-01  4.2627608920413140e-01  3.7276714144213929e-01  2.1566940175451321e-04
2.9364562534727084e-01  7.4406504488796110e-01  5.5785828908009738e-01  3.5932325928299612e-02  3.8571838920584698e-04
2.9759093494252992e-01  7.6643973705112534e-01  5.9500615937519219e-01  1.4493812957223295e-01  5.0335686989069252e-04
2.9891944178938146e-01  7.5421590873265709e-01  6.1376219997804315e-01  4.3350841221107772e-01  2.3401455143297201e-04
2.9343986747755335e-01  7.7364116548727513e-01  5.3411703192339499e-01  5.1111945625391275e-01  4.3531111772788876e-04
2.9712166422505032e-01  7.5704125957966850e-01  6.8619484186088120e-01  7.9282072348266730e-02  3.8158597898734544e-04
2.9733276995947383e-01  7.4666561159022804e-01  7.1829768692318230e-01  2.1709960961382907e-01  2.9847202441073199e-04
3.0365818260981764e-01  7.6096203639014237e-01  6.7651509847649605e-01  3.3980632876232342e-01  6.8420005477553452e-04
2.9814139145613788e-01  7.4930256025397779e-01  7.0426003786462543e-01  4.7368276630325712e-01  3.4212260485969471e-04
3.0139520443117235e-01  7.6270171991795710e-01  7.0433442930363499e-01  6.0928742524340773e-01  5.5399172887634295e-04
2.9263735015498843e-01  7.5639130835803270e-01  6.4529390143456733e-01  6.3319719890409043e-01  2.2471614862565361e-04
3.0297014985622917e-01  7.5145590808495122e-01  7.3508313075990039e-01  2.4502912292834217e-02  1.4430419865012800e-04
2.9733099366140942e-01  7.6171221087001084e-01  7.4543544244982674e-01  3.5825983346734297e-01  1.6101745752214702e-04
2.9883498867349828e-01  7.4986081318637443e-01  7.3192181777260690e-01  5.5262094103757864e-01  1.0002543642511333e-04
2.9765391345132630e-01  7.5332684759961288e-01  7.5207973793399707e-01  7.2056755979516696e-01  9.6673938887089393e-06
2.8943141801892347e-01  8.9158004077504527e-01  4.3951344055224079e-02  1.8749576158230676e-02  1.3652415171795911e-04
2.9428736481155066e-01  8.9669712720878814e-01  1.3897302970928896e-01  2.5855216021389564e-02  2.1869189305374941e-04
3.0048690438859454e-01  8.9343125912606525e-01  2.1802391916596936e-01  1.1558678834101582e-01  2.7491006464196334e-04
2.9554369703737932e-01  8.9434825021696318e-01  3.3273153336534672e-01  9.3361682655304631e-02  7.4336433704232064e-04
2.9586057501794605e-01  8.9396319676987346e-01  3.4482449442443891e-01  2.6804745853051698e-01  5.9689626301168272e-04
2.9297257329686666e-01  8.9728781403586633e-01  4.1777042059027231e-01  4.0140754462796524e-01  3.4705748953612752e-04
3.0380633240010119e-01  9.0946578402844414e-01  4.6228412440353450e-01  2.3807777850963989e-02  3.4541097376558383e-04
3.0040546553482239e-01  8.8695999706045325e-01  5.0242996659694994e-01  1.0655275302700393e-01  3.1261311319792884e-04
3.0102096240378579e-01  8.9920956618250436e-01  5.6225429320402165e-01  3.8771252030633907e-01  8.2657648517267307e-04
2.9448307406396584e-01  9.0613752683710469e-01  6.3408163140458862e-01  1.0880712209757308e-02  2.4906376784118435e-04
2.9958163021381568e-01  9.1130232715797610e-01  6.8478187087576015e-01  2.0363926380706901e-01  7.4207279818118042e-04
2.9766218750971934e-01  8.8774852700405382e-01  6.6608348780977467e-01  3.3405419665723823e-01  6.7163168874975667e-04
2.9897984112246367e-01  9.0053830843935267e-01  6.9989295839244059e-01  6.1030344912333689e-01  7.1004595094387233e-04
2.9310079058776567e-01  8.9606440340828497e-01  7.8326946448006274e-01  2.1500374509835902e-02  2.7586952495527016e-04
3.0432087108881106e-01  8.8263885788030350e-01  7.9232098010466590e-01  2.2208338872099234e-01  6.5891613258466824e-04
2.9821084313092855e-01  8.9602546170938824e-01  8.1492045819894077e-01  5.6645844900480991e-01  4.4928792602894188e-04
2.9754711155957642e-01  9.0382407911149809e-01  7.7529947488439166e-01  7.5240934066764920e-01  8.6522782857412260e-05
2.8638461118386505e-01  8.9640306020032112e-01  8.7382523501337173e-01  1.1032052961597041e-01  3.0078075463611451e-04
2.9684397792842343e-01  9.0118114732834131e-01  8.7940607118146263e-01  4.5482789660785083e-01  4.1884134850470473e-04
2.9982490367849757e-01  8.9678276529707746e-01  8.8981413605889292e-01  7.8048396136150988e-01  1.3565591387515371e-04
2.9153739224709163e-01  8.9873443056824209e-01  8.7468379400530050e-01  8.4826409083689958e-01  1.2520422547863629e-04
3.0152525253446161e-01  9.7966501715376231e-01  1.4678325350869922e-01  3.0363154540365891e-02  9.7390721437416887e-05
2.9128780354817441e-01  9.8270721719690723e-01  1.2435034468210523e-01  1.0318003582991638e-01  1.1444019055360489e-04
2.8437104929475726e-01  9.8559731851730392e-01  3.0182574229111681e-01  1.4973682736356488e-02  1.1603610512851139e-04
3.0156416795147412e-01  9.8234812318046949e-01  2.4571378301723096e-01  1.1722241983685375e-01  1.1098768457586071e-04
3.0466685265109689e-01  9.8007841451891953e-01  2.6966434368633574e-01  2.4873750227042679e-01  1.6199969176329464e-04
3.0288683465977378e-01  9.7959726769171984e-01  4.3188165750255153e-01  2.3293940643163924e-01  4.3635188151160576e-04
2.9441807330402064e-01  9.9296090621014077e-01  4.9227380801574222e-01  1.8348410738445693e-02  5.5560647852028205e-05
3.0007857979177471e-01  9.8070907314211042e-01  5.3373585159377757e-01  1.1182214753509649e-01  1.9569123501610459e-04
3.0257095626014069e-01  9.8327555836259395e-01  5.8518851536922234e-01  2.4624324851321655e-01  3.7716981105204758e-04
2.9273684317576049e-01  9.7987487054886124e-01  5.6191854250026685e-01  4.8712681755103054e-01  3.4275903714184027e-04
2.9841417911099694e-01  9.7408458275382570e-01  7.1489032070060077e-01  9.1284466512921547e-02  4.1216529374847350e-04
2.9837601311482559e-01  9.8127280814586537e-01  7.3898895462790271e-01  3.8016563535727776e-01  1.7207742624321271e-04
2.9914365526548076e-01  9.7354367268817366e-01  7.8075948535166440e-01  5.4683271370245301e-01  4.3960485569835670e-04
2.9478888883416127e-01  9.7971528936457775e-01  6.7794182976882267e-01  6.5843805002685896e-01  1.6026443226696918e-04
2.9383753596866835e-01  9.8685136383122329e-01  8.7297124167340012e-01  1.0375216366353023e-01  2.1211725025922873e-04
2.9464661021680022e-01  9.7364273235257037e-01  8.7225076315240768e-01  2.5169905551208183e-01  1.0245276548400412e-04
2.9742088742740280e-01  9.8136756849459483e-01  8.7767270300736655e-01  4.2820487268451629e-01  3.7256334464531621e-04
2.9605814811736536e-01  9.7858103842858812e-01  9.0012294594659448e-01  7.8021088769823443e-01  2.7537048241760666e-04
2.9546913525925234e-01  9.7877354344433432e-01  8.3950296804332181e-01  8.2714926409215739e-01  6.0612071283621836e-05
3.1009408622329571e-01  9.7928451128256977e-01  9.5581255633812812e-01  2.4737839947002505e-02  7.1067706112867737e-05
2.9530774030993290e-01  9.8124168445158921e-01  9.6020359106978470e-01  2.8557333191911988e-01  1.8192969888433761e-04
2.8902165242867101e-01  9.7324452377866622e-01  9.5560424225939633e-01  6.7762982574013009e-01  1.7514430896415050e-04
2.9953988765291617e-01  9.7768827745337228e-01  9.4358148793800001e-01  9.2782724760719715e-01  3.4705942782306603e-05
5.0087736364582791e-01  9.1863709434108390e-02  2.9726821598256698e-02  1.3854934665003628e-02  6.6159762363169624e-05
4.9857095127733086e-01  8.5670842382243748e-02  6.9211260963309915e-02  4.7066495503694211e-02  3.2197282392023709e-05
4.9968999245532347e-01  2.2313656782061156e-01  5.2920718217618797e-02  2.2106267679575048e-02  5.5918089648388148e-05
4.9621213991162239e-01  2.3771229779195163e-01  1.4502792382435062e-01  5.7246558628799078e-02  3.5018882726462456e-04
5.0043095508555191e-01  2.3163393897668558e-01  1.1958767768414864e-01  9.4302093234895190e-02  9.8166779486248736e-05
4.9956315624149766e-01  2.2714676146587387e-01  2.1088874729399615e-01  1.9022283258105782e-01  1.5464661331365364e-04
5.1447128476320692e-01  2.2832941794606262e-01  2.0860946670477110e-01  2.3836653327102601e-02  1.6618372360352235e-04
5.0037488208753655e-01  2.1229275607009540e-01  1.9638340594213169e-01  9.7934395713778016e-02  8.3543421250241554e-05
4.9793222927902187e-01  4.0273295767744105e-01  3.3397244783946317e-02  1.3562387173825494e-02  1.1674580535437074e-04
4.9935021681156383e-01  3.8517851773125877e-01  1.0419877735370210e-01  9.8711666971304193e-02  1.1109024265969531e-04
5.0043497065418396e-01  3.8122470401904862e-01  1.0912420969343191e-01  1.2387192925099372e-02  2.8732315077639969e-04
4.9805764298756022e-01  4.1607364834870830e-01  2.2341924235286142e-01  3.1844607855888642e-02  2.5319076312362742e-04
5.0429059273937382e-01  4.0409102643939110e-01  2.4788656699274061e-01  1.6720021688424061e-01  7.3775001711038908e-04
4.9865975276515612e-01  3.9469510102550992e-01  2.2049921152095803e-01  2.1260063234246560e-01  2.5454925553988755e-04
4.9881445911157307e-01  4.0078023861784390e-01  3.0416648374936167e-01  1.1540512231195803e-02  2.0561156444590502e-04
4.9980067718045984e-01  4.0839157114032354e-01  3.4779714855368254e-01  1.8785427715284761e-01  5.0444094017594425e-04
4.9762295608860857e-01  4.1650768370572649e-01  3.8339379590440820e-01  7.9472001083711663e-02  3.4945637938741086e-04
5.0002159852939621e-01  3.8104894831938291e-01  3.7719840102577767e-01  2.5827729398857252e-01  8.3883677844153294e-05
5.0291827580714954e-01  3.9824863383033898e-01  3.9150235414278761e-01  3.6598837190217798e-01  1.2603120203384744e-04
4.9817496973474834e-01  5.8072438766956702e-01  6.3531681023735354e-02  5.3398692656173162e-02  1.3211668635885299e-04
4.9987526450501552e-01  5.6574043090260939e-01  1.2974067580067583e-01  4.5141837230276240e-02  1.4672238910923207e-04
4.9781484269463083e-01  5.8837828401150705e-01  1.6150221209798477e-01  1.4470290964741075e-01  4.0437018779131964e-04
5.0312442391712553e-01  6.1034150246137686e-01  2.5285790177035944e-01  4.6727589044148976e-02  8.1103220011715434e-04
4.9703357487426847e-01  6.0300569534998394e-01  2.6653451282902607e-01  1.5262441910633789e-01  8.6043085905081673e-04
4.9869518482425085e-01  5.8146119416618025e-01  3.4540700529591928e-01  1.2442119955933079e-03  9.4647121944133736e-05
5.0101985535960347e-01  5.8328716639287947e-01  4.4552789321607889e-01  5.6628635525563582e-02  7.7606375566826138e-04
4.9833198202613127e-01  6.0059703016747457e-01  4.4505400869568562e-01  2.1643565773970502e-01  1.1952811301921475e-03
5.0074491421604173e-01  5.8646292162657321e-01  4.3068938120834183e-01  3.8131437616789243e-01  7.3349770993839816e-04
4.8999841924652759e-01  5.7930676949352378e-01  5.5223971113926063e-01  6.9082914885687019e-02  3.3479877726087836e-04
5.0121532234364174e-01  5.6794205209378723e-01  5.3962412798541137e-01  2.6176883985276395e-01  5.6776682712565837e-04
5.0203514837027763e-01  5.7283505994009498e-01  5.3323724827777952e-01  4.6017017243435065e-01  2.9719495192368829e-04
5.0029716775242372e-01  5.9405788237190837e-01  5.1045300213088396e-01  4.9337476647398132e-01  2.5221397292759520e-04
4.9704710693333820e-01  5.9847574245967350e-01  5.9015741301706770e-01  1.6256111273588135e-02  7.0216837033213527e-05
4.9768417620390487e-01  5.9041767754380547e-01  5.8950747404650516e-01  4.0989715821600098e-01  1.9046486556234624e-04
4.9869893633861678e-01  7.5256507028260133e-01  4.1208331783055219e-02  2.0412047130118627e-02  1.6580769071262327e-04
4.9679118857938531e-01  7.5250393795229653e-01  1.1936090561940094e-01  2.0799791515192161e-02  3.1957974619571574e-04
5.0153365420749951e-01  7.5394074480819862e-01  1.8837684803046173e-01  8.6338897031157519e-02  2.2710437349063046e-04
4.9950307325856930e-01  7.7744941267647105e-01  3.0388963280296405e-01  8.7109073166501683e-02  6.8887450400129308e-04
5.0175172577819005e-01  7.6047186846931225e-01  3.0504198519630515e-01  2.3791687836014422e-01  6.4981891843803681e-04
4.9952700259562144e-01  7.5823479307088182e-01  3.5393683754736394e-01  3.4424218240304993e-01  3.0639872781482126e-04
4.9970757092058143e-01  7.8727921243706800e-01  4.0557583352136856e-01  1.4102131715720327e-02  4.3586463521944394e-04
5.0026765539865881e-01  7.7366819188228453e-01  4.6500059254720011e-01  1.9325512389232735e-01  5.3208826973982196e-04
5.0071199509290587e-01  7.5174103356582178e-01  4.3403598340586519e-01  3.6706733300988059e-01  5.1013148710062040e-04
4.9897366030448520e-01  7.6192590445186403e-01  5.5229401459423288e-01  1.4672925973332272e-02  2.6345177533188571e-04
5.1223851332212356e-01  7.6413728747493825e-01  5.9188762280034080e-01  1.6185679881443563e-01  9.5539046455762064e-04
4.9991191457017903e-01  7.5178333351339188e-01  5.7660485539116280e-01  2.7828035972248394e-01  4.3906569478422141e-04
4.9915184394343670e-01  7.5590838688092854e-01  5.9952378791977856e-01  4.3898764599927970e-01  7.2707580868245074e-04
4.9993469008473768e-01  7.6232754118082435e-01  5.9772897705392258e-01  5.1310810752040226e-01  5.3244577500595491e-04
5.0264731930790718e-01  7.6874069511352583e-01  6.8436417591440890e-01  8.6200345789922833e-03  1.7434416317022155e-04
5.0121691449193984e-01  7.7006890525752014e-01  6.9225154213829676e-01  7.4956214249805586e-02  2.9822849957417038e-04
5.0260551397361197e-01  7.5703687584194623e-01  7.1232309601700272e-01  2.1441263678290803e-01  4.2351758829458020e-04
4.9924291547025390e-01  7.7536979946413498e-01  6.7426405755096663e-01  3.3349036865468173e-01  4.4101984882573308e-04
5.0106653770583176e-01  7.4311967897189479e-01  7.1728152402573475e-01  4.7778628862433475e-01  2.8100507121670058e-04
5.0034856698828223e-01  7.5052825842624415e-01  6.6088334328805276e-01  6.2609376457051147e-01  1.3905216095220116e-04
5.0023186114943974e-01  7.6267842522531837e-01  7.5819133003911265e-01  1.2438601383145365e-01  1.9990147459064065e-04
5.0121365972158438e-01  7.5691767962436474e-01  7.5220401251405911e-01  3.6329047474728515e-01  1.7206436199526499e-04
4.9820465919373275e-01  7.4000639853494454e-01  7.3554857329904766e-01  6.3996959168093781e-01  1.3228287856847918e-04
4.9851886746265750e-01  7.6552339603530073e-01  7.4220811158236988e-01  7.2393573190663674e-01  1.4660438518583347e-04
5.0027500993825613e-01  8.9294098849264569e-01  1.5136176058610942e-01  1.8632561159584043e-02  1.5565781895332545e-04
5.0248211250238706e-01  9.0825168835012327e-01  1.1225707494362834e-01  9.4274104709997447e-02  2.1129288701831627e-04
4.9787542324405432e-01  9.1293485108753758e-01  2.8632869362301583e-01  1.6903281620546981e-02  3.1854246236184483e-04
5.0322361917566305e-01  8.9472259141437682e-01  2.0255016415786797e-01  1.2799804532651970e-01  4.1533804999394042e-04
5.0153563904920795e-01  8.9772936329969932e-01  2.3626187673638632e-01  2.2715973749835719e-01  2.2948217891710656e-04
5.0152085403367064e-01  8.8940266423455183e-01  4.1467478594835416e-01  2.3561081047969484e-01  9.3393574153573299e-04
4.9625623951590764e-01  8.8164836392736179e-01  5.1327788100201843e-01  9.6568804623101412e-02  5.5400792974838453e-04
4.9459714854608045e-01  9.1833362382862194e-01  5.3383466007001890e-01  2.0978098614162899e-01  7.6449058451231002e-04
5.0225307129959751e-01  8.9206330154450320e-01  5.2791769534687660e-01  4.5455919487200908e-01  7.1015562082310871e-04
4.9722990651726734e-01  8.8429025504288583e-01  6.5416679318717208e-01  7.2253506802545775e-02  6.7414559061000200e-04
4.9895075708166403e-01  8.8749538218497226e-01  6.6545580317034680e-01  3.4351733037253818e-01  5.2867181413887056e-04
5.0145914552090620e-01  8.8432778728999395e-01  6.9747118717617018e-01  4.9194767546728813e-01  5.4891239599450870e-04
4.9821914487791252e-01  8.9818757783553127e-01  6.1079635159481838e-01  6.0035309541647430e-01  2.7116042290411505e-04
4.9389600567790415e-01  9.0932926934209102e-01  8.0460521476126001e-01  1.0479930264026768e-01  5.4553199016343500e-04
4.9933515213416446e-01  9.0962552420603016e-01  8.1412821855678585e-01  3.8360510866515829e-01  6.9820067208260469e-04
5.0007126048322104e-01  9.0444081200135940e-01  8.1978315828206261e-01  5.6111255973942520e-01  4.2062727418782720e-04
4.9839197410455988e-01  8.9720627221449711e-01  8.3185752773098554e-01  7.1056782571475841e-01  5.0902217622635548e-04
5.0001154581498730e-01  8.9534044756861708e-01  7.7867127937965919e-01  7.5576524124613587e-01  2.6283596054224394e-04
4.9697131210885082e-01  8.9230096655321567e-01  8.7170402967535066e-01  2.0736887163844576e-02  1.4324115128665197e-04
4.9797637075911683e-01  8.9756280759963969e-01  8.8154046993169177e-01  2.7282327709919907e-01  3.7159209059652720e-04
5.0158808432677915e-01  8.6842008873551779e-01  8.6332652440380353e-01  6.1547652848529233e-01  2.2451848272498576e-04
5.0110981638387686e-01  8.8457967861780251e-01  8.6734899862150350e-01  8.5677786727494842e-01  3.4267847856891197e-05
5.0005416183915596e-01  9.7747683286305165e-01  4.3361915630588894e-02  1.8895589663992830e-02  7.3543763283989775e-05
4.9827043884156241e-01  9.8534084426801649e-01  1.5224897817801036e-01  2.0513727012362776e-02  6.7089243556511718e-05
5.0103362382057859e-01  9.7826066844891613e-01  2.3332854842234446e-01  1.2981108392233531e-01  2.3621623066832242e-04
4.9756254447481524e-01  9.7735208419831088e-01  3.5485919498733104e-01  8.8577936632120768e-02  4.2080785992487511e-04
4.9876592358291827e-01  9.7811943753560482e-01  3.8583707270976353e-01  3.0532941399301311e-01  3.7632819216525771e-04
5.0280331374034759e-01  9.8006312264182371e-01  4.6024062976542440e-01  4.4945131113391940e-01  1.5038041875523836e-04
5.0127484631286734e-01  9.7070018484649279e-01  4.9932467631482774e-01  2.1264123476105068e-02  1.6596670883085011e-04
4.9887214697698912e-01  9.8284437153715687e-01  5.6079702778877161e-01  1.0371135713478506e-01  2.3819454724481097e-04
5.0044978816849683e-01  9.7873892720173983e-01  6.1177413098451638e-01  4.1987134196504611e-01  5.5138606368641927e-04
5.0244399041933385e-01  9.8494819799996469e-01  6.9793122517493511e-01  1.7815631756477573e-02  1.5517419016718216e-04
5.0347086281228293e-01  9.8270894331576264e-01  7.4307842207069441e-01  2.2425184792133779e-01  4.2603481367738816e-04
4.9875079269784578e-01  9.8058143933956998e-01  7.4143626552067188e-01  3.7872358774654180e-01  3.0354310381137066e-04
5.0031142906573733e-01  9.8348979716224694e-01  7.6710438230951250e-01  6.5025420026518255e-01  3.6394386580382261e-04
5.0141087624181158e-01  9.7165649435494128e-01  6.8307356459252855e-01  6.4894188528474883e-01  8.6874768568814516e-05
5.0108740644138683e-01  9.7692155691289662e-01  8.5564150464450861e-01  1.9883797056080565e-02  1.5404789864413614e-04
5.0591267003390838e-01  9.7672186316365028e-01  8.6808513857052649e-01  2.4584907451152802e-01  3.7442292577179127e-04
4.9753022321856560e-01  9.8699188962008599e-01  8.9829065874522507e-01  6.0753746112126383e-01  2.3192960848852050e-04
5.0127259804847568e-01  9.7938376972110963e-01  8.5508643934932205e-01  8.1985793215989278e-01  1.2203250228185570e-04
4.9867024314368996e-01  9.7830265603360345e-01  9.5635021866066106e-01  1.2582006341826807e-01  1.7389256049656928e-04
5.0125432649845991e-01  9.8123212244001046e-01  9.6361434302132598e-01  4.7892826792877696e-01  1.9711123192619527e-04
4.9950674960020669e-01  9.8189667304426520e-01  9.5318675497506689e-01  6.7828076219644184e-01  7.1300950656848406e-05
5.0019302923800713e-01  9.8030922111460583e-01  9.6903550310871889e-01  8.4779957157257479e-01  8.6354726659106077e-05
4.9906371650817200e-01  9.8436739373168392e-01  9.6151641818057376e-01  9.2982566917644605e-01  4.9368328568475994e-05
7.1157231123866738e-01  7.8707217509648056e-02  6.9172088527007014e-02  5.7196834072690647e-02  3.2201400337483804e-05
7.0506081973405244e-01  9.1624194375947432e-02  7.9424834179722431e-02  1.2435780744179397e-02  4.7051244503500366e-05
7.0038879930346187e-01  2.2472886349217605e-01  4.0383426903867266e-02  1.9795832868637966e-02  1.2542678901131788e-04
7.0868381347574905e-01  2.1818044016818322e-01  1.2721338142153968e-01  1.1085470652791675e-01  2.1090577749594615e-04
7.1215117466501276e-01  2.1934615381190345e-01  1.2322398706069111e-01  8.8212890538587295e-03  1.6438537323948976e-04
7.0060809708165273e-01  2.1813441692531296e-01  1.9254345203457215e-01  1.0015413149543644e-01  2.0467860529457794e-04
7.0281572397369030e-01  4.0382100848252650e-01  2.6859193087319648e-02  1.5808744400585373e-02  2.9530221019329022e-05
7.0246538693111837e-01  3.8460626376114476e-01  1.0381951384025737e-01  8.4571581990647307e-02  1.9994149533261648e-04
6.9824054305830952e-01  4.1465911376398529e-01  1.6822267793521023e-01  8.3237838896414146e-02  5.2414702249416222e-04
7.0664594689327198e-01  4.1828488608399983e-01  2.1489682216202585e-01  2.9708122329762623e-02  2.5133315497517306e-04
7.0206257736733968e-01  3.7774206556950984e-01  3.1130047169254366e-01  1.9089809588238145e-02  1.4623093928328406e-04
7.0320615058046709e-01  3.9388934092491401e-01  2.9516486004712666e-01  9.2338926209652561e-02  5.8579211190260938e-04
7.0423244956273512e-01  3.8679174343390776e-01  3.1427559801521149e-01  2.6775863543001455e-01  4.4938893780134640e-04
6.9930013402919777e-01  3.7263391530206535e-01  3.6471491584259658e-01  1.2892236219622280e-01  2.0151893747222789e-04
7.0045022764203591e-01  3.9108089729091206e-01  3.6658450287714378e-01  2.5676823205593374e-01  2.5284373091905390e-04
7.0523155096389367e-01  4.1657224744556826e-01  3.4592387161946309e-01  3.4569792719676506e-01  1.0910984595712265e-04
7.0827490929593151e-01  3.9840449367971598e-01  3.9219146571397173e-01  1.6104946846904049e-02  9.4605559036487817e-05
7.0227907161936409e-01  5.8880367700826286e-01  2.4751937704272496e-02  1.5283559850972302e-02  6.8745549332016432e-05
7.0765040459530126e-01  5.9073177210894967e-01  9.2495534580119262e-02  7.3438379474097294e-03  1.6712746253316535e-04
7.0936096999871856e-01  5.8033274144861613e-01  1.6618705162311817e-01  8.3550287003315361e-04  8.7034088629399603e-05
6.9961556939850633e-01  5.6433698002299093e-01  1.2881801035010368e-01  6.0208927779771257e-02  4.3285181602936690e-04
7.0918862158154961e-01  5.7471193740181137e-01  2.6987654817672357e-01  2.4240690601120304e-01  5.4079647598134697e-04
7.1147186369475979e-01  5.8975435133476406e-01  3.3108886009862248e-01  7.7839089722352697e-03  2.6068449094746905e-04
6.9546319013315316e-01  5.6697701850081750e-01  3.4684045115924772e-01  1.0767577587286847e-01  7.5168693578513167e-04
7.0061809529208074e-01  5.7703459279612412e-01  3.5904777055994036e-01  2.5583604467896148e-01  7.7092489002510752e-04
6.9978056428500079e-01  5.9582060945168758e-01  3.8193565672329843e-01  3.8172239601475877e-01  1.5007184777316224e-04
6.9643362143181986e-01  5.8423861670661259e-01  5.0419080572666786e-01  9.2301840449658754e-03  2.2989515105783080e-04
7.0447870156060688e-01  5.8546704085945900e-01  5.5760885050810494e-01  6.1502486358189314e-02  1.2786281300266453e-04
7.0746900893187381e-01  6.0015947880471654e-01  5.1838018608890946e-01  1.5034147392749048e-01  8.0676793884971337e-04
7.0307677151022507e-01  5.7251578750943921e-01  5.3592378965436183e-01  2.6554639464640239e-01  1.5401504930078293e-04
6.9828845109958382e-01  5.8409482271271762e-01  5.0866466710144975e-01  3.5699984833789261e-01  7.7599060459199816e-04
7.0229046879715118e-01  5.6315723408537188e-01  5.4045477354722771e-01  4.7075425887751265e-01  1.8718671055267653e-04
7.0042594402090652e-01  5.8539599350031146e-01  5.8529129711137162e-01  1.7142139744363816e-01  1.5767870161084472e-04
7.1211816253458815e-01  5.9610627783907388e-01  5.7930528798103387e-01  5.6705888291240925e-01  1.0787738480376937e-04
6.9946636793507033e-01  7.6574370571522443e-01  9.9464081342685390e-02  8.1030069848837552e-02  2.3028547024771828e-04
7.0181567835070002e-01  7.7230016591111983e-01  2.5216396223641313e-01  1.9271053694329677e-02  4.3398255619330356e-04
6.9672515813520353e-01  7.5257271469605991e-01  1.8123696769811579e-01  9.0860932699460786e-02  3.8835945729417043e-04
6.9980300531385753e-01  7.6012181528309009e-01  2.0519285577691695e-01  1.8584585345287402e-01  3.6545038206809571e-04
6.9567177139340397e-01  7.5121833929135395e-01  3.2850540841592529e-01  1.8059174313209597e-01  6.6883874582015774e-04
7.0267573933349725e-01  7.3145328883973681e-01  4.3694411753196549e-01  7.7972485867744995e-02  8.5116971258523413e-04
6.9586596487815300e-01  7.7008470464579692e-01  4.6818724883018087e-01  1.9246863285957455e-01  6.7463169244051267e-04
7.0747038851469057e-01  7.5653996635141263e-01  4.8353715550695120e-01  3.1801230230242389e-01  9.0120783906094671e-04
7.0116263933459100e-01  7.5293617385801548e-01  4.2525212068747842e-01  3.7167544462161628e-01  2.3619458831105589e-04
7.0772063154971210e-01  7.4622940221397194e-01  5.5811558167425790e-01  4.0275960313547250e-02  4.1050233544170499e-04
7.0437164323731660e-01  7.4910004919690620e-01  6.1278236213220927e-01  4.3457982488582630e-01  3.6733883328357261e-04
7.0537771393067439e-01  7.6780836141684261e-01  5.3510646759237146e-01  5.1499362142626615e-01  4.3363771080006882e-04
7.0090761737527107e-01  7.6464816983988992e-01  6.7948512281964135e-01  9.0977791333316613e-02  4.5430733236845864e-04
7.0137328356082351e-01  7.4738149898663442e-01  7.1286509688716038e-01  2.1559455167472788e-01  3.2112669803886226e-04
7.0164825407473275e-01  7.6522990323409301e-01  6.7785717009295610e-01  3.3305942539875316e-01  6.9539422405676663e-04
7.0256693300452988e-01  7.5076561893183313e-01  7.0357465723840040e-01  4.7510180909281940e-01  3.4002301282920710e-04
6.9875597593513394e-01  7.6260039667762081e-01  7.0416415131326504e-01  6.1276663916065799e-01  4.8691461373163341e-04
7.0622344729689035e-01  7.5915043505646729e-01  6.4690702172004344e-01  6.3198485612812205e-01  1.9993652278803222e-04
6.9706025067757371e-01  7.5388557494365716e-01  7.3550296223987477e-01  2.6194604184494374e-02  1.6902958618797561e-04
7.0130059454949001e-01  7.5962147624755949e-01  7.5193688978368445e-01  3.5886406292134776e-01  1.3256528792071978e-04
7.0093184034036782e-01  7.5292373229155596e-01  7.3130912668575110e-01  5.5189721279264714e-01  1.4025359467024993e-04
7.0355372984687836e-01  7.6217134239396633e-01  7.4958883888981043e-01  7.1833976027376234e-01  3.1272022962505820e-05
7.1185140332880537e-01  8.9067277933039646e-01  4.0548980420694984e-02  1.7390107604544514e-02  1.2156031201913893e-04
7.0612043767223975e-01  8.8910209746099178e-01  1.3347861115573059e-01  2.2746089092873137e-02  2.1526044278075547e-04
6.9744568637401960e-01  8.9539580473064839e-01  2.2116011734468680e-01  1.0942152552669260e-01  2.5689730549382340e-04
7.0208009143303451e-01  9.0104803561247182e-01  3.3616350188692762e-01  9.8964420503630732e-02  6.9934680099304467e-04
7.0555033971483638e-01  8.9825537977144454e-01  3.4669904410489061e-01  2.7238425434753910e-01  6.0183893193513339e-04
7.0966990629665549e-01  8.9394671973890627e-01  4.2033439490085694e-01  4.0439873630264817e-01  3.3919996726375481e-04
6.9709333169847243e-01  9.0849173482018053e-01  4.5722148295494336e-01  2.3916351683886828e-02  3.4774536486295094e-04
7.0087461168257970e-01  8.8770570550839623e-01  5.0270992134031467e-01  1.0662495368351851e-01  3.8229667951541764e-04
6.9718208109531099e-01  8.9824623166048378e-01  5.6276938017184075e-01  3.8423669245517456e-01  8.1786952398641896e-04
7.0347206939066254e-01  9.0423245618710146e-01  6.3494493905055760e-01  1.2136203347819046e-02  2.6785545732577859e-04
7.0272640584465140e-01  9.0040411927518282e-01  6.8901319385409887e-01  2.0118676870438257e-01  8.4837228653943705e-04
7.0514328721208064e-01  8.9464443866098797e-01  6.6698246888401735e-01  3.3674952236650163e-01  6.3354864163818329e-04
7.0168759937152470e-01  9.0146732148015274e-01  6.9757339262924434e-01  6.0891097837714703e-01  7.2868998768925734e-04
7.0512431323713343e-01  8.9665673091646658e-01  7.8572126436988676e-01  2.2268911963012696e-02  2.7683300784943419e-04
6.9691489193241218e-01  8.8603093523864496e-01  7.9596644624870849e-01  2.2702720476891342e-01  6.1378658536902198e-04
6.9991716051477149e-01  9.0009690392740738e-01  8.1573754124198139e-01  5.6753866320725499e-01  4.4544502579724502e-04
7.0359078164218569e-01  8.9717220421766031e-01  7.7731454830071700e-01  7.5597570443147000e-01  9.0873425673579199e-05
7.1175467078671995e-01  8.9616030456181950e-01  8.7424187339144011e-01  1.1360476857550929e-01  3.0778662268052601e-04
7.0334542910024367e-01  8.9812364463396821e-01  8.7495998698182520e-01  4.5550448326842613e-01  4.3780062600889784e-04
7.0116272665161450e-01  8.9884602053245988e-01  8.8694343261567077e-01  7.8209487982321457e-01  1.6580544993464763e-04
7.0005067840781199e-01  8.9947576856747768e-01  8.7128983011403205e-01  8.4613409333599410e-01  1.0200971558611157e-04
7.0285967592605259e-01  9.7764316842498755e-01  1.4179676471047609e-01  3.0454339027613363e-02  1.0634661158079205e-04
7.0959261103987115e-01  9.8174688005744937e-01  1.2256508274379788e-01  1.0199195743249277e-01  1.1208219901101756e-04
7.1076880392585096e-01  9.8445709726463637e-01  2.9893397088962714e-01  1.5905532776534424e-02  1.2634703889255925e-04
6.9946231545404258e-01  9.8009797290978073e-01  2.4158999391301217e-01  1.2095989955986530e-01  1.2072563340155559e-04
6.9640629520770903e-01  9.8053815934956945e-01  2.6918522551162649e-01  2.4984640272481975e-01  1.5395304030394133e-04
6.9838782538102084e-01  9.8101913435863763e-01  4.3623035619279726e-01  2.3571707717574442e-01  4.2848603507111843e-04
7.0359045104049966e-01  9.9226365540298711e-01  4.9668142173600549e-01  2.2668613579810443e-02  6.2388632343006665e-05
7.0048321144660786e-01  9.7897758159417214e-01  5.3304412073115071e-01  1.1166535146801984e-01  1.9356380429590847e-04
6.9725506835912110e-01  9.8181417388880643e-01  5.8519276776576712e-01  2.4370186355649698e-01  3.9461014725458086e-04
7.0997041980432485e-01  9.8005171514381184e-01  5.6170348444641394e-01  4.8770899553987079e-01  3.4430705011439193e-04
6.9707791133649655e-01  9.7415998696631334e-01  7.1466027393310161e-01  9.5348139793462086e-02  4.0432176526075008e-04
7.0210901599447395e-01  9.8017924135376500e-01  7.4014759303951627e-01  3.7714149944054659e-01  1.7778199651347909e-04
6.9967990601275565e-01  9.7462799006615586e-01  7.8253358112542848e-01  5.4743893137198973e-01  4.3498831951265535e-04
7.0359346654114963e-01  9.8051348054171916e-01  6.7770705926209607e-01  6.5989040929447818e-01  1.4769902101439419e-04
7.0129915946728838e-01  9.8552617260855435e-01  8.7319791336227881e-01  1.0764906840836305e-01  2.3195416673484474e-04
7.0083924470420500e-01  9.8207546985930183e-01  8.7970827225515225e-01  4.2277303350284134e-01  3.7266846584661399e-04
7.0557468959784908e-01  9.7987111132166749e-01  9.0212211132447850e-01  7.7924142499504323e-01  2.6279647452326474e-04
7.0479633810895403e-01  9.8012713553269959e-01  8.4190624379535806e-01  8.2506014034505748e-01  7.0522774561007943e-05
6.9531115066560290e-01  9.7740413936765225e-01  9.5360998226135762e-01  2.5569436119000689e-02  7.6936049542443332e-05
7.0602604706817329e-01  9.8001790564841340e-01  9.5651710629899633e-01  2.8388628450720960e-01  2.0490793547635591e-04
7.1238372626147906e-01  9.7291009173610266e-01  9.5599617526239145e-01  6.7584195450701523e-01  1.7508749553601208e-04
7.0213876438917622e-01  9.7285168826127266e-01  9.4697670559802039e-01  9.3210186581457255e-01  3.5673264443261439e-05
8.7411507775348329e-01  9.0457577240467921e-02  3.9157420460804233e-02  2.0726686798036947e-02  5.9453009573986021e-05
8.7124227211500294e-01  2.1868223395787617e-01  4.5020226348029116e-02  3.3351816364261572e-02  4.3727963368100384e-05
8.7391212569482191e-01  2.4955303100718176e-01  1.4100753278317937e-01  5.2875219544795529e-02  2.6452104198036475e-04
8.5687369890222043e-01  2.2175200673435758e-01  1.9683779907551097e-01  1.7880071169088882e-01  1.0922286263142664e-04
8.6316275939091758e-01  2.2517633347869626e-01  2.0914012976866750e-01  2.4509147487092181e-02  1.0221951637269389e-04
8.7493117577272783e-01  2.0600052034319474e-01  1.9040313315054327e-01  1.0411328204786856e-01  8.1521675535393447e-05
8.7070828918281495e-01  4.0167319240984539e-01  3.6992106577705228e-02  1.3694494129243432e-02  7.6715520379071661e-05
8.6827699503261113e-01  3.7965127611653021e-01  1.0849076599465236e-01  8.2350979493617998e-02  1.1055420370321884e-04
8.8266142004648152e-01  3.9076911587785823e-01  1.0461236039146229e-01  1.1345394746055117e-02  1.6976309061891246e-04
8.6624438671783055e-01  4.2017693775409215e-01  2.2290428615614175e-01  2.4647964920973313e-02  1.5331725071568577e-04
8.7202414822528773e-01  3.9402455584107426e-01  2.5404139113733587e-01  1.6476207814410840e-01  4.2538097767392033e-04
8.7880146716105634e-01  4.0604458632143398e-01  2.1701535180495887e-01  2.0273874044642798e-01  2.5034218219271813e-04
8.7686209709702778e-01  3.9609888678291272e-01  3.0196068918946611e-01  1.0137760984475009e-02  1.2728746808688879e-04
8.6495491401755631e-01  4.1102662439745680e-01  3.4677624324325229e-01  1.7754526543068086e-01  3.0937060175883113e-04
8.7647036407761780e-01  4.1930681592261532e-01  3.8252031918241125e-01  7.6139624507188475e-02  2.5846508890983814e-04
8.7483385648728174e-01  3.8528092936068448e-01  3.8119181051965240e-01  2.6200529526736244e-01  8.4680618614525513e-05
8.8078794645997305e-01  3.9756450739218663e-01  3.8689637687587691e-01  3.6610050004749473e-01  8.8713987565311174e-05
8.7254296523496178e-01  5.8457146277346828e-01  7.2295862631899674e-02  5.6514708483272849e-02  1.5333823453882525e-04
8.6342672372619222e-01  5.8794680773134944e-01  1.6813952090245635e-01  1.4780259270371626e-01  2.3642503388293353e-04
8.6182725888930634e-01  6.0411144592299837e-01  2.3671438948234608e-01  3.1265912282058994e-02  3.6541581237354805e-04
8.6326464994352636e-01  6.0269115908437743e-01  2.6049201291008917e-01  1.3532031451022072e-01  7.2309213191275551e-04
8.7006777205832353e-01  5.6639915868746527e-01  3.5093216293222745e-01  1.0763013864615553e-01  2.2768457283456445e-04
8.7388079892706871e-01  5.8408600926237531e-01  4.3653563683603069e-01  4.5861676926571268e-02  4.8099251343773121e-04
8.7049681270875456e-01  5.9197363332866326e-01  4.4796287209158009e-01  2.3863384512738878e-01  6.6775475405481187e-04
8.7205914795161743e-01  5.8447241851583531e-01  4.3714781991513496e-01  3.8270380094972661e-01  5.2460042830152517e-04
8.6965431709899266e-01  5.8274220821513978e-01  5.5405075997216724e-01  7.7827864875750344e-02  2.1015836924267564e-04
8.6222262970863872e-01  5.7073427107659591e-01  5.4186620124937890e-01  2.5672730755334533e-01  3.5956836183414993e-04
8.7133061545558321e-01  5.7191353168537651e-01  5.3796558943026385e-01  4.6219486648860736e-01  1.6350108528704702e-04
8.6352528869507073e-01  5.9590811182156633e-01  5.1337101759088044e-01  4.9619197272384091e-01  1.6411657412900306e-04
8.7090942211655997e-01  6.0130063435188941e-01  5.8483268036679303e-01  1.0625730305041197e-02  6.6053801616036841e-05
8.6787968458105436e-01  5.8861516533269687e-01  5.8560449586652386e-01  4.0364134319120676e-01  1.4240298176847256e-04
8.7355082538208084e-01  7.5345434621278529e-01  3.1361845365093774e-02  1.2288691993766919e-02  7.5382778937028666e-05
8.6905034965857120e-01  7.5207685272394154e-01  1.1710877754248246e-01  1.6859380764479983e-02  2.2210769516839825e-04
8.6868069238121992e-01  7.4869653032847350e-01  1.7997441079379889e-01  1.0302662118878660e-01  2.2434206653003830e-04
8.6645001146300493e-01  7.7623645819424003e-01  3.1208566716638564e-01  8.0895894554900288e-02  5.5406552681160624e-04
8.6521066296580762e-01  7.7128901044625331e-01  3.0183300642901112e-01  2.3288177532823776e-01  3.2709579038517041e-04
8.7815384237502581e-01  7.4189749183070286e-01  3.4766645807366026e-01  3.4178373676117157e-01  2.0909193272732033e-04
8.7502802059003970e-01  7.7733729242904304e-01  4.1607523865057400e-01  1.2155734886948625e-02  2.5727467146936822e-04
8.7015598104799363e-01  7.8294609244923596e-01  4.5997946742843993e-01  2.0201817840962305e-01  2.8399926351019587e-04
8.7445606692725431e-01  7.5678813179330717e-01  4.3975545026825630e-01  3.5862948740308875e-01  5.5369458579882078e-04
8.6579300659945024e-01  7.5910593983168473e-01  5.5282640756775592e-01  1.2593918069919115e-02  1.3688710998168536e-04
8.5892815667064704e-01  7.6480529220577043e-01  5.9487275684936003e-01  1.5762308026649882e-01  7.0797087365362507e-04
8.7155984300547962e-01  7.5220752928283496e-01  5.7532809689785280e-01  2.8634554633652615e-01  7.0296369470230276e-04
8.6775825629749270e-01  7.5831551023387822e-01  6.0436220505092708e-01  5.0979211962297932e-01  5.0576501839323640e-04
8.7324308130846351e-01  7.7148531416509725e-01  6.7280720104778646e-01  5.4720417959339736e-03  1.1217598664458019e-04
8.6987431487497402e-01  7.6109608364114112e-01  6.9281834050525171e-01  7.4106340179705785e-02  2.0480054389855222e-04
8.6990853740331042e-01  7.5069119070575507e-01  7.0115445406610566e-01  2.1627620049786470e-01  2.5805266042521938e-04
8.6877489175793887e-01  7.5400003276927408e-01  7.0245382693950686e-01  4.7513042004187545e-01  3.2885162646537281e-04
8.7067359765442220e-01  7.5435349534894902e-01  6.5313342649874351e-01  6.2972215872853887e-01  7.0707108866555513e-05
8.6981579473988879e-01  7.6165564929076313e-01  7.5340532752458411e-01  1.1789910219203974e-01  1.4114435521966689e-04
8.7686153702319203e-01  7.5776750637174040e-01  7.4601224952741685e-01  3.6271631585274844e-01  1.9177697229175316e-04
8.6567449606913283e-01  7.3997843432783150e-01  7.3884397657178957e-01  6.4524695573444524e-01  9.9864765766037106e-05
8.7089441422551428e-01  7.6508439609777967e-01  7.4088901397534790e-01  7.2459303865912894e-01  8.5910841596679508e-05
8.7103211299212757e-01  8.9473249165032176e-01  1.0933806301263543e-01  8.9095038860044912e-02  1.7614846526060486e-04
8.7326580002648513e-01  9.0514040087021463e-01  2.8765977352320188e-01  1.7881499271751436e-02  2.4804952779123137e-04
8.6462794316883484e-01  9.0087985134702964e-01  2.1633457715094132e-01  1.0910797376225703e-01  2.6707598167948881e-04
8.6167340053286634e-01  8.9717559912203615e-01  2.4455506323219961e-01  2.2653617696652223e-01  2.1094977328236353e-04
8.6998340252740758e-01  8.9191256418124565e-01  4.0064009224348179e-01  2.2930123927539817e-01  5.5249554864269797e-04
8.6588766295315822e-01  8.8731563237971589e-01  5.0756413753964924e-01  8.4986540955174675e-02  3.2674383512049554e-04
8.7152586265491061e-01  9.0912878261319408e-01  5.3971742149584312e-01  2.2233036326128847e-01  6.6173296231961337e-04
8.7475189333828451e-01  9.0116285704272514e-01  5.2862014132306845e-01  4.5714046120933854e-01  4.3842275079685426e-04
8.6966842655673682e-01  8.7857926078662452e-01  6.5337822459332950e-01  7.6103575771051923e-02  4.4501780848659432e-04
8.6852353065731258e-01  9.0674763621958154e-01  6.8184837440098756e-01  2.0885376853963875e-01  8.2922951211547127e-05
8.6190877071409888e-01  8.8056616869070437e-01  6.9935591686360410e-01  4.8628060615050145e-01  6.5043531176938406e-04
8.7437149553139693e-01  8.9858622015754053e-01  6.1854066160380483e-01  6.0647039191011543e-01  2.0412993169117161e-04
8.7931124020715279e-01  9.1701194883726778e-01  8.1517593071371441e-01  1.0420438915989755e-01  3.4576472065217864e-04
8.7584828022766625e-01  8.9938409822771337e-01  7.9772198115894000e-01  3.8545810794680752e-01  6.1256280784069991e-04
8.6841608078300181e-01  8.9845310766128739e-01  8.2009602631213241e-01  7.1539728912931810e-01  3.5669040935869950e-04
8.6883798765145026e-01  8.9354116744397361e-01  7.7378407774158742e-01  7.5731596937364987e-01  1.1452858099772511e-04
8.7816422523319526e-01  8.8860802120809490e-01  8.6718343941991061e-01  2.1731053560528443e-02  1.0270760988519014e-04
8.6323429907276517e-01  8.9252313824567286e-01  8.7751547876131508e-01  2.7189220682789073e-01  2.4659121001136724e-04
8.7377732719002521e-01  8.8434663444014572e-01  8.6549998060453259e-01  6.2306136153058533e-01  2.7098955364134931e-04
8.7377625398439152e-01  8.9046514402693033e-01  8.6945618399906288e-01  8.4535577607632628e-01  3.7879198158318538e-05
8.8116044453096964e-01  9.7942531943955391e-01  4.2064519789650298e-02  1.8537764815319189e-02  4.3352898566101132e-05
8.6969052460614826e-01  9.7011860515122872e-01  1.5109101493032284e-01  2.1937592424234056e-02  8.2285510351891067e-05
8.6700548287644474e-01  9.8174411432045872e-01  2.2760419078831595e-01  1.4027134542939534e-01  1.3105155761671135e-04
8.6865574402933399e-01  9.8186995897281126e-01  3.5716664701358114e-01  9.5088915408658534e-02  2.5823408608836228e-04
8.6295051496756259e-01  9.7859266533319622e-01  3.8806154256706460e-01  3.0118644163177571e-01  2.2705361204881545e-04
8.8428442072482616e-01  9.8000753102630378e-01  4.6288934976779578e-01  4.5109104111878312e-01  1.0674021583637689e-04
8.6451327589833260e-01  9.7468082334520112e-01  5.0547456522256551e-01  1.8198483611245063e-02  1.0310338708197370e-04
8.7136673736742587e-01  9.7698020632405458e-01  5.4637309220174057e-01  1.0874774559914116e-01  1.9531951809857839e-04
8.6300760346269623e-01  9.8196457371377599e-01  6.1351704150987629e-01  4.1720640139545606e-01  3.4958810567297061e-04
8.6144312339278228e-01  9.8067700224736387e-01  6.9286150644213473e-01  2.4840632490317226e-02  1.2082373176316192e-04
8.7209606033654807e-01  9.8423432017426582e-01  7.4107271041682976e-01  2.2175723098897709e-01  2.8245409938881696e-04
8.6489008479694196e-01  9.7352499008990201e-01  7.4294410037830450e-01  3.7912267639853220e-01  2.6743353100098117e-04
8.7271927304048991e-01  9.8119586119326119e-01  7.5384188147892173e-01  6.5487165127855906e-01  2.5295474635036379e-04
8.5301500515626594e-01  9.7983268639705989e-01  8.4780359217650803e-01  1.9505086251443239e-02  9.4503517067844595e-05
8.5244959245718743e-01  9.7618528930600312e-01  8.7345883835450466e-01  2.4834380710120016e-01  2.6067604132821580e-04
8.7203041940286274e-01  9.8102893355821541e-01  8.9199308568635982e-01  6.1905582765129563e-01  2.4181933715721634e-04
8.6356757525643058e-01  9.8137938194855023e-01  8.5206671634219966e-01  8.2594699922943937e-01  6.9080693804313598e-05
8.7104502926155991e-01  9.8766861905790104e-01  9.5133336108966049e-01  2.3529235583077564e-02  1.3481380743551188e-05
8.8336360611240872e-01  9.8047658867774423e-01  9.6205880445407888e-01  1.2640738532454920e-01  9.6135530825271272e-05
8.7614623599058084e-01  9.7995609531978167e-01  9.6105491395645148e-01  4.8622577010827506e-01  1.4698352605532425e-04
8.8039180767634762e-01  9.8183146077051708e-01  9.7200517154837762e-01  8.4524064343507865e-01  5.8770752161128101e-05
8.7091199399780461e-01  9.8016924666997685e-01  9.5338696989676452e-01  9.2306784822239496e-01  3.7484162831525541e-05
9.6951870334736634e-01  8.2489404635665620e-02  7.2396404076025891e-02  6.0882191927766068e-02  1.0843873450898178e-05
9.7090791099581575e-01  9.0292226906079395e-02  7.2482500278699222e-02  1.5455338166834420e-02  1.8401429517153481e-05
9.7720722823318007e-01  2.1396874986943501e-01  3.9317133469774536e-02  1.0189166954605273e-02  3.3688052626646788e-05
9.7154049238117235e-01  2.2501981890462627e-01  1.1885734222532805e-01  1.0169636214611502e-01  8.0107583610020835e-05
9.8067947869614858e-01  2.2165048638778173e-01  1.1441265656066900e-01  2.8147097681066628e-03  2.4630035276075622e-05
9.8350995470432812e-01  2.2096986260534945e-01  2.1064539816148428e-01  1.8977250509823532e-01  1.3870422938355170e-05
9.7096684426896507e-01  2.4057982739646938e-01  2.0317807331316862e-01  2.4904119884735065e-02  4.4184875857141909e-05
9.7518063614499151e-01  2.2218461549214122e-01  1.8897442056683181e-01  9.9958335110847493e-02  6.8166252124826128e-05
9.7423121756807662e-01  4.0323641303328189e-01  3.5423208055912134e-02  2.5093870315472378e-02  2.0809093450993139e-05
9.7989240189254623e-01  3.9480013609936054e-01  8.9701551729100049e-02  8.6246938441205540e-02  3.5107553584053450e-05
9.7605506404808662e-01  4.0795527443161878e-01  1.6981065508693824e-01  8.4731538626960340e-02  2.0179133624834754e-04
9.7623243230144141e-01  4.0734653025229811e-01  2.2646867673058332e-01  2.3414235248445100e-02  8.5101787180508749e-05
9.7853676889335828e-01  3.9839387573356155e-01  3.0063761019376356e-01  7.8689885758688891e-02  1.4276413504976521e-04
9.7907425167185858e-01  4.0310490385820563e-01  3.3884867769607352e-01  1.7879795159524323e-01  9.4185953816065457e-05
9.7191744950902681e-01  3.9247973113188112e-01  3.1019489562959135e-01  2.6966994432961838e-01  1.4347536253462434e-04
9.6570200008282658e-01  3.7211871376293559e-01  3.7127943159148408e-01  1.2938789152774766e-01  5.5948987217981564e-05
9.6757904736484213e-01  3.8888312957343735e-01  3.6914241481091714e-01  2.7214012344954364e-01  6.9622762975531541e-05
9.8032876651661327e-01  4.0952668413085191e-01  3.4408068801768082e-01  3.4377684826365890e-01  2.2620796072996596e-05
9.7919392844268505e-01  4.1062309361565508e-01  3.8866677926640519e-01  1.4672763876178064e-02  4.5144462546864336e-05
9.7808044818546713e-01  5.9923292264818695e-01  3.7108189767646356e-02  6.0723134002359565e-03  3.5254086154741969e-05
9.7074909987521607e-01  5.6677719950075578e-01  1.3216187461924864e-01  3.7338192222354877e-02  1.6648861370069048e-04
9.7868306331221977e-01  5.8547302037028082e-01  1.6986657660171078e-01  1.3907244644108857e-01  8.7073655395636753e-05
9.6853254799863464e-01  6.1293230929833309e-01  2.3116262544905958e-01  2.3469656349614895e-02  7.1913513116613801e-05
9.7103681728812563e-01  5.7630847661235318e-01  2.8108327257734644e-01  2.4346083663571158e-01  1.7071729141498765e-04
9.7602235897357670e-01  5.8382486685302137e-01  3.3520582671449489e-01  6.0968304406198012e-03  7.4805333222392699e-05
9.6694849988275622e-01  5.7699517375212128e-01  3.5348313882252702e-01  1.1297798635204510e-01  2.7949923655617537e-04
9.7879147808900546e-01  5.8103136847183823e-01  3.6398169191972829e-01  2.4576263414092081e-01  2.3835770918111387e-04
9.7684934941332013e-01  6.0281275688929159e-01  3.8705963881593769e-01  3.7847206977148767e-01  7.7892823883261275e-05
9.7443047931027815e-01  5.8832970168691479e-01  5.0202200099007421e-01  1.7784468928393391e-02  8.5787835454414671e-05
9.7212807228811970e-01  5.7459123418724123e-01  5.6164524629193757e-01  6.9457655135267207e-02  4.5011924592075692e-05
9.7077978320726332e-01  5.9929852004073791e-01  5.1460574281047933e-01  1.4868223518536083e-01  2.7995238044744691e-04
9.8365446862596795e-01  5.6898712188706990e-01  5.4269603501140007e-01  2.6816189486968411e-01  7.8104180180500968e-05
9.7330392020270562e-01  5.8358766914480342e-01  5.1108965220661884e-01  3.6034777919906125e-01  2.2566588268628615e-04
9.7275981007553103e-01  5.7079323833381113e-01  5.4019224508772601e-01  4.6859363654782810e-01  7.8960162436576915e-05
9.7620464804917551e-01  5.9505500934890554e-01  5.1089842277239750e-01  5.0490152335988703e-01  2.0855011732877890e-05
9.7247600033835857e-01  5.8240282240062313e-01  5.8068830591668874e-01  1.7348887709074523e-01  3.5081021716721640e-05
9.8517528529491749e-01  5.9414473447986271e-01  5.8467019067970838e-01  5.6793327351508227e-01  2.5290249540908567e-05
9.7436846708531777e-01  7.5901025000434341e-01  9.3656532430320030e-02  7.5728548702947804e-02  8.7367458496844595e-05
9.8609703932860793e-01  7.7097760975248963e-01  2.4494597789929828e-01  1.2177129340709121e-02  9.3538390156428064e-05
9.7116438792174586e-01  7.4964314427283274e-01  1.8612749561381592e-01  8.0978326838101952e-02  1.5416156292260877e-04
9.6125660973030957e-01  7.6234574046041514e-01  2.0015833568713765e-01  1.9558576718362816e-01  6.2422765987141615e-05
9.7189391324556629e-01  7.5492609257144372e-01  3.3253068566785388e-01  1.6553169799989909e-01  2.0429714254433597e-04
9.6966473428296507e-01  7.6280545513941844e-01  3.0146713825957200e-01  2.4119853510825773e-01  1.5522516847461785e-04
9.6588483825719340e-01  7.3700294443832715e-01  4.3099246562939852e-01  7.1254602746139553e-02  2.9330720598859519e-04
9.7418742314162898e-01  7.7556223930365165e-01  4.6429716151983780e-01  1.9474948874134912e-01  2.4356662540028551e-04
9.8080338237206921e-01  7.5174888462892309e-01  4.8125926217422721e-01  3.2658936835515795e-01  2.1477048739027097e-04
9.8554935177171510e-01  7.4524876478541935e-01  5.5531597198571347e-01  2.8654899722649396e-02  8.8795944977525300e-05
9.8038167492934536e-01  7.5642781887775334e-01  5.9353615714490959e-01  1.5392550023661219e-01  1.4130540736889287e-04
9.7094087985716171e-01  7.5307153213601297e-01  6.1232205432184328e-01  4.3317460896859344e-01  2.4069572987693583e-04
9.7589860796631145e-01  7.7708906317006465e-01  5.3360144575848667e-01  5.0420820863112092e-01  1.7637061613416256e-04
9.7323576533798728e-01  7.6310764703614209e-01  6.8241492487959876e-01  7.7234956818997239e-02  1.4690707847541743e-04
9.7325873024067466e-01  7.4608911094722929e-01  7.2905140977118377e-01  2.1456851559164958e-01  1.0168076344576642e-04
9.7161060423324930e-01  7.6040407744484684e-01  6.8102990075117897e-01  3.2938899037925712e-01  2.7006372536810696e-04
9.7603528528703631e-01  7.4036675690366216e-01  7.2277048099497665e-01  4.6971709180477106e-01  7.3780156829991730e-05
9.6892208834515903e-01  7.6332160663450088e-01  7.0604687207434003e-01  6.1510058694586145e-01  1.8626371095837116e-04
9.6873924642034959e-01  7.5319188236583479e-01  6.4745752720912675e-01  6.3379331453532894e-01  6.0610339617439095e-05
9.7424958877161083e-01  7.5102039935627130e-01  7.3278494932372440e-01  2.2663974623667000e-02  4.8912523604448755e-05
9.7447393022268614e-01  7.5148856217273818e-01  7.4352434819028257e-01  5.4799467232317567e-01  3.3936185730422322e-05
9.7195391853606083e-01  7.6239827549120209e-01  7.4264290171864378e-01  7.2275664767055336e-01  1.2855718620137732e-05
9.8596739961660251e-01  8.9274033862918445e-01  3.9308726057101159e-02  1.5286231249552914e-02  2.9933415832840790e-05
9.5250962282263651e-01  8.8563252939553627e-01  1.4012628165026286e-01  2.4087355056572893e-02  1.2277360011995344e-04
9.7956829118437228e-01  8.9771700924890208e-01  2.1148877691770576e-01  1.2556016153937014e-01  8.9543080717538156e-05
9.8063515962362147e-01  8.9616822866498413e-01  2.5092355257718602e-01  2.1871249234694723e-01  4.8266734171167581e-05
9.7944225335339563e-01  9.0163689471797281e-01  3.3956358545002607e-01  9.5856216399949457e-02  2.1551457916326732e-04
9.7540287841507189e-01  8.8767386449216423e-01  3.5356499015553156e-01  2.5971712393419627e-01  1.3092590838313054e-04
9.8014934736416237e-01  8.9348649231786126e-01  4.2438981250278501e-01  4.0440665292356259e-01  1.1805215654816747e-04
9.6126290473798937e-01  8.9809190388894333e-01  4.6029940866450386e-01  2.0722895068008867e-02  1.1980224604967134e-04
9.7841635704810392e-01  8.9269487235683342e-01  5.0067511919634333e-01  1.0465809931666138e-01  1.2522798580601020e-04
9.6431876063242183e-01  9.0223336598297732e-01  5.6031536817477889e-01  3.8429825936023698e-01  3.2878194423207967e-04
9.6819139428720180e-01  9.0593507098263582e-01  6.3550814588294002e-01  1.1193635622143799e-02  7.5548974546904902e-05
9.7663502255411694e-01  8.7368491426741546e-01  6.5532157461452423e-01  7.7055950708242005e-02  7.3213499394149506e-05
9.8128933123548490e-01  9.1190839389178879e-01  6.8553479502335968e-01  2.0658947604136677e-01  2.1351817051111930e-04
9.7487528066275675e-01  8.9168772650783878e-01  6.6768493888120706e-01  3.3435520969178900e-01  2.4848451601222296e-04
9.7828535827080321e-01  9.0263557673618022e-01  6.9557729111173094e-01  6.0502682454913492e-01  1.9388986047445120e-04
9.6960510787713250e-01  8.9937354497866462e-01  7.8874727924537658e-01  2.1880585303297700e-02  8.6596061726343420e-05
9.6291032148030264e-01  8.8139901785147678e-01  7.9897100806052057e-01  2.2319592289177451e-01  2.5703443381436942e-04
9.7636107169028497e-01  9.0108061564146269e-01  8.1310334517661109e-01  5.6902388792271263e-01  2.0395433636414976e-04
9.7404521330625193e-01  8.9824662355634022e-01  7.7772531189118510e-01  7.5359961335743386e-01  5.6205512625397041e-05
9.8565859919991827e-01  8.9521635977878244e-01  8.7655425119234676e-01  1.1466934767427343e-01  7.3907643568586764e-05
9.7978859493938464e-01  8.9473484301773365e-01  8.7610404414087528e-01  4.4806682843923268e-01  1.2115321554317200e-04
9.8060133650556081e-01  8.9937694773897114e-01  8.8478382080041518e-01  7.7484303145152156e-01  5.9215190454124945e-05
9.6931530623538087e-01  8.9140522023964253e-01  8.7028012440968650e-01  8.5150788055048698e-01  2.5676072548858820e-05
9.8061896843957852e-01  9.8437373687269547e-01  1.3846690726315927e-01  2.4569672688729324e-02  2.3438949309173962e-05
9.7383863764902401e-01  9.7566263830289590e-01  1.1695355989857877e-01  9.5340716613074958e-02  3.9826392777489970e-05
9.7309805803952376e-01  9.7962574229944754e-01  3.0411749375159652e-01  1.9552868938661368e-02  5.0154520470509120e-05
9.7374165718453554e-01  9.8299569958714728e-01  2.4787978003798508e-01  1.1626321854080658e-01  5.7815102351698177e-05
9.5582851932931612e-01  9.7883636040063149e-01  2.6026892759694320e-01  2.4584877504609859e-01  5.0689359050672856e-05
9.6721564225480594e-01  9.7384518499498696e-01  4.3961508431158808e-01  2.3336429401002221e-01  1.5628843248390115e-04
9.7649325227131056e-01  9.7864058156657596e-01  3.8408365716130760e-01  3.0820160139296743e-01  4.8820767808859126e-05
9.8477172696607052e-01  9.8412006631727389e-01  4.9471372829305815e-01  2.6094381466493441e-02  3.0804805165732141e-05
9.7231808201244030e-01  9.7917910003383246e-01  5.3772032869935449e-01  1.1471293738615208e-01  7.2400606738176856e-05
9.7156674149786670e-01  9.8634994909418472e-01  5.8589811739556930e-01  2.5292981699919159e-01  1.1057379153887213e-04
9.8426984254450034e-01  9.8132474930308289e-01  5.6418719916081084e-01  4.7995887827573253e-01  8.6158069528503557e-05
9.8181702925247960e-01  9.8765639181244702e-01  6.9653530903636518e-01  1.2926689497452709e-02  1.1082383281244108e-05
9.6736725713439220e-01  9.7607537620767226e-01  7.1942701011716725e-01  9.7267078243327726e-02  1.3112778826879058e-04
9.8152447135237042e-01  9.8440539669226657e-01  7.3955283971290353e-01  3.7951726835594701e-01  6.1697115058401407e-05
9.7056040385788800e-01  9.7805503207185740e-01  7.6846721225308567e-01  5.4943657310887695e-01  1.4001883638621552e-04
9.6311801213542136e-01  9.7927413202661950e-01  6.7554425783236294e-01  6.5505976525441267e-01  6.6301080157555806e-05
9.8753801440383460e-01  9.7996007930528628e-01  8.4629162787309475e-01  1.4987029268778977e-02  1.0510410550372613e-05
9.7279561672762294e-01  9.8473733241192396e-01  8.8276791212607197e-01  1.0398788007194809e-01  6.7805412023196979e-05
9.7759432196339313e-01  9.8126849186144238e-01  8.6210386670070893e-01  2.5274693634025058e-01  5.4147198178549575e-05
9.7138651951585908e-01  9.7989152646034738e-01  8.8067292141648845e-01  4.3558658800510081e-01  1.2584026414291615e-04
9.6901826669684776e-01  9.7949537412112231e-01  8.9459598434477061e-01  7.7855333710031938e-01  8.9933329494520787e-05
9.8539299763450305e-01  9.7788771571345678e-01  8.4537744857264696e-01  8.2810925139562530e-01  2.0179657121145557e-05
9.7414898645022574e-01  9.7365236270135380e-01  9.4990005434943170e-01  2.3671200385060293e-02  2.2156949274187301e-05
9.7240489500186444e-01  9.7613351586446284e-01  9.5518548091851829e-01  2.9002123955532344e-01  6.7641620951940730e-05
9.7639077981122391e-01  9.7892386029797140e-01  9.6047826818370441e-01  6.7843579677708576e-01  5.2529654958720334e-05
9.7626064937451185e-01  9.7796788108614063e-01  9.5168357573334073e-01  9.3022563985950790e-01  1.3371402932888082e-05
