deg: 6
dim: 4
nodes: 45
efficiency: 0.933333

q[0]:  3.6218685293036143e-03  7.1484902893881680e-02  4.3911371860833048e-01  2.2525049073552864e-01  1.5590716965692059e-01  
q[1]:  2.3304297985772141e-03  2.3428752789125032e-01  4.0630567240448695e-01  3.9392464242114461e-01  3.3481376670359897e-01  
q[2]:  1.9015001849597677e-03  5.9106776727973036e-02  3.5972625934589497e-01  2.8145593040140754e-01  3.8830071261084800e-02  
q[3]:  2.6651802096136950e-03  1.7374813647746565e-01  6.2229054209632306e-01  9.1228625160221760e-02  3.6751849343864780e-02  
q[4]:  4.6746650014990584e-03  3.2053051369272140e-02  7.6531727014860329e-01  6.4600442831770000e-01  3.5292968230457678e-01  
q[5]:  1.8638371553772535e-03  6.7925597816087549e-02  7.6307519820387015e-01  6.7129679012505228e-01  6.5160078601266413e-01  
q[6]:  4.1850497850220228e-03  1.6561317271030551e-01  7.4453938093145045e-01  6.7997100723655302e-01  6.8813328906487323e-02  
q[7]:  3.8761821966677326e-03  3.7920343021471674e-02  8.5974769884133484e-01  3.8781824154426836e-01  9.0202156353836951e-02  
q[8]:  1.8387666483836460e-03  1.6149544915611028e-01  9.3833386383741479e-01  6.8068343193848513e-01  3.4047337026943722e-02  
q[9]:  3.0357611969944048e-03  8.9981856643026478e-02  9.0776065105789994e-01  2.9830167259309681e-01  2.3545478197630962e-01  
q[10]: 1.6582115970742760e-03  7.5826785727673582e-02  9.8057790043267767e-01  8.9593618236956796e-01  1.8276933266133702e-01  
q[11]: 2.5140977276954242e-03  1.6765099805575204e-01  9.5079028033833679e-01  9.1385714119649997e-01  6.0879357138192014e-01  
q[12]: 1.4921864722072199e-03  3.0631646009918367e-01  1.4625921203586240e-01  9.5156494316922149e-02  5.3740866162283039e-02  
q[13]: 9.3861413802916807e-03  3.6823732934992975e-01  6.5244969378604567e-01  3.6769337259715940e-01  5.8323848847607281e-02  
q[14]: 1.0131305273875488e-02  3.4998848800572196e-01  7.0891044536018288e-01  3.8906617531148341e-01  3.2689048541562149e-01  
q[15]: 6.2335199555789153e-03  3.2829341195423972e-01  6.1037908908504679e-01  5.5730533316460806e-01  2.6397838088238285e-01  
q[16]: 8.9439526550798775e-04  2.1733253715457845e-01  9.2940589405289564e-01  4.9191212978198062e-02  3.0034376723717785e-02  
q[17]: 9.1148195863163788e-03  3.2117690927439269e-01  9.4447771054233920e-01  6.5132405115825498e-01  3.0986527339597980e-01  
q[18]: 2.9412467602888625e-03  1.2096986845882254e-01  9.5838925152620769e-01  6.7116615143767033e-01  5.8060555849707829e-01  
q[19]: 8.0189630879807920e-04  2.8500218125245785e-01  9.8123212697167372e-01  9.4856198223450006e-01  9.0188202759376013e-01  
q[20]: 8.0832404193978793e-04  5.1663602635966244e-01  9.5318435254136846e-01  9.3300708012412192e-01  6.4234583569354057e-03  
q[21]: 3.2606079320292142e-03  5.8914726917537952e-01  3.4035496239163465e-01  9.1103327752732319e-02  3.4449092936655233e-02  
q[22]: 6.3087082748365516e-03  7.3945882144367658e-01  4.3152251559974419e-01  3.1315754800766343e-01  2.3756970290846388e-01  
q[23]: 4.1602754216961925e-03  6.3339626431775442e-01  4.1178555678001832e-01  3.7457565516905467e-01  6.5477063674565086e-02  
q[24]: 6.6467893225430003e-03  6.4567513690378786e-01  8.0564053281372383e-01  1.8361232734490485e-01  7.3539432764768015e-02  
q[25]: 1.1552165115077657e-02  7.9231087683243506e-01  7.7160543429595685e-01  5.2047917794826537e-01  2.4864615790859707e-01  
q[26]: 6.5979061358193026e-03  5.2259366915956407e-01  7.9347485429292719e-01  7.3672253070676919e-01  6.1058258346644911e-01  
q[27]: 4.1711169934516455e-03  8.4107966853832783e-01  7.3558095314189798e-01  6.5500663637504630e-01  5.7443071495874541e-02  
q[28]: 2.6465721626365442e-03  3.5856240918350085e-01  9.8419978077439518e-01  3.0222065447179497e-01  5.4194405271796371e-02  
q[29]: 5.2788730874522034e-03  6.2522440248175903e-01  9.3008309285870439e-01  6.4559310470372588e-01  6.4895402087492948e-02  
q[30]: 3.9502600081852699e-03  6.0146430008502993e-01  9.5524850432549302e-01  3.5365798997427367e-01  2.9754911529226008e-01  
q[31]: 4.0107433371441995e-03  6.4913105845226271e-01  9.4440600463892266e-01  7.1141110232666271e-01  6.5150891741722516e-01  
q[32]: 6.0622274507131698e-03  5.4690272883609636e-01  8.9869762949439469e-01  8.5698550044212285e-01  2.7462366043379388e-01  
q[33]: 8.8732951577927017e-04  9.4971952403333426e-01  1.6837601844382138e-01  1.4242756371306278e-01  7.4898282112495579e-02  
q[34]: 2.6012052488906074e-03  9.7423650147548513e-01  5.0644843998151812e-01  2.5667957565813204e-01  4.0486504941025320e-02  
q[35]: 2.1903050980382676e-03  9.1740202872246179e-01  8.7781967606010236e-01  3.6361668846154821e-01  1.9262899159681050e-02  
q[36]: 2.4638219436494517e-03  8.9565750832292801e-01  6.1693836493148257e-01  1.3799871747661863e-01  1.2244848019842376e-01  
q[37]: 2.0690268085362270e-03  8.5889106239952628e-01  6.2206141635228918e-01  5.3841111163981348e-01  5.2241562121317109e-01  
q[38]: 2.7691090281047655e-03  9.6957818796689454e-01  6.7676217066229183e-01  6.5217673780643726e-01  3.5407556410002250e-01  
q[39]: 8.6590095730690515e-04  9.2707562031030888e-01  9.5984093226425604e-01  1.0751779797842960e-01  6.5448405894011200e-02  
q[40]: 2.8405129642045416e-03  8.9973128893197030e-01  9.7929766623827674e-01  5.0832271220638081e-01  2.2860443695240160e-01  
q[41]: 1.5744550619188745e-03  9.7434138980845986e-01  9.7375645588323134e-01  8.6564439676184346e-01  1.4632725130014221e-01  
q[42]: 2.8054969371694256e-03  9.7765662245745522e-01  8.5902748330230461e-01  4.9721426031232141e-01  4.3693378389285886e-01  
q[43]: 8.3820691236633339e-04  9.3608637159760910e-01  9.2791861316691571e-01  8.9436556821947266e-01  8.4135877664560288e-01  
q[44]: 4.1456658731445217e-03  8.3181325422922525e-01  9.6084108311599414e-01  8.6279650395813834e-01  5.4709449336556382e-01  

