deg: 10
dim: 4
nodes: 209
efficiency: 0.961722

q[0]:   2.1090250154299234e-04  5.1158552381264669e-02  1.9711756346903886e-01  6.7255373643306027e-02  3.8857411999805830e-02  
q[1]:   2.4243412456124587e-04  3.6042713207901741e-02  3.7725330397325152e-01  1.3023013075046966e-01  1.5741555938751105e-02  
q[2]:   5.1421977636142947e-04  8.5314967479836073e-04  4.5819792595279391e-01  3.2582008601814555e-01  1.6823288947305703e-01  
q[3]:   2.2217795303362342e-04  6.4214423680256261e-02  2.3625678186352564e-01  1.9689809752775370e-01  1.6461419635686165e-02  
q[4]:   2.9360318310392891e-04  4.0622873950431002e-02  2.7442362054582575e-01  2.4043727386467001e-01  1.9819138002825917e-01  
q[5]:   7.1004827194970984e-04  5.3053518974593733e-02  4.8562840164130450e-01  1.7139281628198541e-01  1.3250582717492707e-01  
q[6]:   3.9436909880772133e-04  4.7472132663643987e-02  4.3980517809705783e-01  4.2024884274294533e-01  9.3421130511601086e-02  
q[7]:   1.0986616107405277e-03  1.1742145973923528e-01  5.5094063014571204e-01  5.2291355744091561e-01  3.2079631575316342e-01  
q[8]:   2.8646202648612657e-04  5.1428760982537659e-02  5.1839660647778896e-01  4.5560140419021827e-01  4.3937653790462505e-01  
q[9]:   3.7125122398861050e-04  3.6547992640683064e-02  6.8964622476675097e-01  8.7294937885950871e-02  3.7989596550283070e-02  
q[10]:  9.1695204570493307e-04  6.3063971600630944e-02  6.5124023159791300e-01  2.7899067165114971e-01  3.2830936878496413e-02  
q[11]:  4.1183383869583014e-04  5.6170478143026930e-03  6.7999999229642150e-01  5.6351855456744271e-01  4.8127870435186092e-02  
q[12]:  2.1551940036155441e-03  2.9071260355377410e-01  5.9016997816636996e-01  5.2797360579497354e-01  1.5439023759460063e-01  
q[13]:  1.1380899008729603e-03  3.1815392962793676e-02  7.3404349019618764e-01  5.6541152871307598e-01  2.9761946194165578e-01  
q[14]:  1.4021095083670068e-03  1.8628424245031480e-01  8.4904215833335273e-01  7.7576114559790632e-01  3.7794715140584106e-01  
q[15]:  5.2143788130265501e-04  3.2973256979904282e-02  7.0204201425643320e-01  6.5883384881037488e-01  5.6703179431674688e-01  
q[16]:  6.3013279023758592e-04  7.0609378893397058e-03  8.3966559490077552e-01  3.3228681894913992e-01  1.5760521843428948e-01  
q[17]:  3.3589551303778078e-04  4.6102244262342600e-02  8.6260453142574101e-01  1.6075514030515489e-01  1.4073752633410946e-01  
q[18]:  2.1763215945031316e-04  3.0234866464445113e-02  9.7290234127344266e-01  3.9254123418039588e-01  4.2184510970930497e-02  
q[19]:  2.2916417861190961e-03  2.0697204373007722e-01  8.6749591873363685e-01  4.7135619804837653e-01  1.1712538515846319e-01  
q[20]:  4.8724097001912379e-04  4.2937133226927007e-02  8.6858661389859870e-01  5.2841356653316374e-01  2.7290616600218944e-02  
q[21]:  5.3630818298870317e-04  1.8361265079291606e-02  7.4287075584648432e-01  4.1296519927160097e-01  3.8960131481135846e-01  
q[22]:  1.5366549216325467e-03  1.4286328924976721e-01  8.6501558333194595e-01  7.4828852931729828e-01  1.4941777816929411e-01  
q[23]:  5.6965885025329931e-04  1.0377885928516810e-01  8.4002578617917290e-01  7.0237555820417330e-01  6.8084003388925729e-01  
q[24]:  3.4267705644110347e-04  6.2870988219464533e-02  8.6450263441161102e-01  8.3682841141147779e-01  5.4498275561629179e-02  
q[25]:  6.6999897217032709e-04  5.6414430895562827e-02  7.4279015635795764e-01  7.1856221753817928e-01  2.3107713441046485e-01  
q[26]:  5.7323683053320902e-04  2.8019751047294865e-02  8.8297186329071931e-01  8.3457971520438656e-01  5.6961100853383084e-01  
q[27]:  1.3079318510257151e-04  3.0903689845351679e-02  9.7102540376475033e-01  9.7331002019422921e-02  3.1996886477138539e-02  
q[28]:  5.9644983022768638e-04  9.2217882522493744e-02  8.9064565433842402e-01  2.3189502174324478e-01  2.8683665065028351e-02  
q[29]:  5.7849946287445730e-04  9.0615064107922971e-02  9.8508275426511205e-01  3.9447426091095800e-01  1.8109327729691185e-01  
q[30]:  1.1689041466169756e-03  6.5776481627523961e-02  9.2695479604695119e-01  5.7970965999449875e-01  3.3967024677502544e-01  
q[31]:  3.4783322813849635e-04  2.9560347640083195e-02  9.6766747303279099e-01  4.5290272711470075e-01  3.9859659357968596e-01  
q[32]:  7.1131610034810583e-04  2.1449223901408365e-02  9.4371624552304212e-01  6.9621002258803433e-01  1.9018534969902121e-01  
q[33]:  1.7696059521018603e-04  6.3175400349088806e-02  9.3052814770771863e-01  7.7146308077244741e-01  1.5621679697246735e-03  
q[34]:  9.0692240980092171e-04  1.0208106720068817e-01  9.7246025597179397e-01  8.1233941009494381e-01  4.7960970510941858e-01  
q[35]:  3.6948202949839643e-04  1.3103889404400231e-02  9.5980248447222760e-01  7.5870016449403677e-01  6.6247974160822742e-01  
q[36]:  1.7656677517730368e-04  4.1426167940842147e-02  9.8915899088160497e-01  9.1745749776622254e-01  8.9742099390059435e-02  
q[37]:  2.2196068493957933e-04  6.9262059797612361e-03  9.4545629811508392e-01  9.1681466142812174e-01  3.3667821133023285e-01  
q[38]:  1.5833605726514599e-04  4.2869875081617485e-02  9.3070157495273720e-01  9.0212224738408986e-01  8.7013067334968197e-01  
q[39]:  5.0177475180533378e-04  2.6687286789712927e-01  2.7271554270684417e-01  1.3671140712408161e-01  1.3153265924631230e-01  
q[40]:  9.4218586095353685e-05  1.1608311867853639e-01  7.4278022479369599e-02  6.0045115500498791e-02  3.4327257742533285e-02  
q[41]:  4.7260778152008053e-04  1.7552918022139405e-01  4.6792874122043482e-01  5.1815299892461690e-02  2.4516873372522091e-02  
q[42]:  1.0990395098314564e-03  1.7193305056576616e-01  4.9257575463316167e-01  3.2518328184582768e-01  2.8830980941241147e-01  
q[43]:  1.4408654681115102e-03  2.1030621365686294e-01  4.1622758851162739e-01  2.3663738283596336e-01  7.5557605200755801e-02  
q[44]:  8.4133745685607332e-04  1.9839125675022332e-01  2.9593802715512657e-01  2.5231283610377697e-01  1.3188226715057724e-01  
q[45]:  7.5596641212689539e-04  1.3858982883311574e-01  4.8649504624166973e-01  3.5749525600279619e-01  2.3845480295233611e-02  
q[46]:  1.6311910036277844e-03  1.1138607391049692e-01  6.9515193276795884e-01  4.7526931409959539e-01  1.3974782312877113e-01  
q[47]:  1.9545898758703260e-03  1.4423329917399477e-01  7.0995169706962646e-01  2.9840834776335917e-01  1.9168118862911790e-01  
q[48]:  6.4972028548914969e-04  2.5186095906810751e-01  7.0908020611432721e-01  1.6186953213287711e-01  1.5659101837157360e-01  
q[49]:  9.6367474944303907e-04  1.2440277317445529e-01  6.3798433586402459e-01  4.7217137958826688e-01  3.6658566002524534e-01  
q[50]:  1.0623663207382041e-03  3.5781608676110038e-01  6.7709351816782082e-01  5.3940214638225881e-01  5.1754387755882258e-01  
q[51]:  4.1953102905558363e-04  1.5258435416594190e-01  6.2662792080598828e-01  6.0326074913406758e-01  2.3667987197641308e-02  
q[52]:  2.5786001288527022e-04  1.9102960043882627e-01  8.7163851954439120e-01  3.7819248509037874e-02  1.1445237825512305e-02  
q[53]:  8.9604129986635883e-04  2.5578571546703210e-01  7.4133669726781459e-01  1.4782277424192400e-01  3.4476781925702409e-02  
q[54]:  1.2258064919452693e-03  1.8852555640681495e-01  8.9174375959976560e-01  3.6535206066261650e-01  3.1863387166300794e-01  
q[55]:  8.4710081987404370e-04  3.1660307526917664e-01  8.0339942715934476e-01  3.6277844646660729e-01  1.3978590006497534e-02  
q[56]:  1.2250176975824173e-03  2.5312204133662247e-01  7.8213774148727067e-01  6.0407538077751965e-01  3.1010389635456388e-02  
q[57]:  1.7735977787240072e-03  1.4155891658567421e-01  8.4129332316527372e-01  6.0638274406318560e-01  4.8390220305094667e-01  
q[58]:  4.4217102799787078e-04  2.4310429167942685e-01  9.5279520804031426e-01  9.4025852686117384e-01  1.7974793747479181e-01  
q[59]:  8.2522170010274575e-04  4.1757543780343853e-01  8.8958116180257574e-01  8.7519531417021212e-01  3.4096649985473149e-01  
q[60]:  8.1714561344358057e-04  2.4208905246463755e-01  7.6143349304306174e-01  7.4346273508843230e-01  4.7596841526679379e-01  
q[61]:  9.4731553945547455e-04  2.3115328456459486e-01  8.8362449617237737e-01  8.4454046472868960e-01  7.2173312711873217e-01  
q[62]:  1.0109682946055798e-03  2.4104652990728370e-01  9.3242471695742690e-01  2.1979802560610559e-01  1.0995409214279654e-01  
q[63]:  2.3462071943522263e-04  1.1314334739181836e-01  9.8186605283574480e-01  2.0280763940577448e-01  1.7142868620472634e-01  
q[64]:  4.5923857458113549e-04  1.3660305374392426e-01  9.8488399191801346e-01  6.5112181634350264e-01  5.4193595565120697e-02  
q[65]:  9.2107756084025170e-04  2.6646855602886416e-01  9.9061288640319634e-01  6.3149325795907774e-01  2.2665494744858949e-01  
q[66]:  4.4213579981654548e-04  1.6547180442807752e-01  9.5709939377801656e-01  6.2142958809909721e-01  6.0650663456565646e-01  
q[67]:  4.6125787350182823e-04  1.4999278278845682e-01  9.8255534418689605e-01  8.9417181397251888e-01  3.0159789657008984e-01  
q[68]:  7.5825620670021658e-05  2.3502626806342056e-01  9.8025541346309897e-01  9.6665124080438136e-01  7.7983838179808132e-03  
q[69]:  2.7056380367030449e-04  1.8684968902120175e-01  9.7795665205864923e-01  9.7036233299480568e-01  5.4188205755233942e-01  
q[70]:  2.4163956164080110e-04  1.0636161435084318e-01  9.8983921837493893e-01  9.5575575579391048e-01  7.7419466812293491e-01  
q[71]:  3.9596876047094995e-04  3.3449993582261506e-01  2.4643949940639390e-01  5.5408500314518778e-02  1.3625814027843299e-02  
q[72]:  1.6175694491640980e-03  3.2406917018141801e-01  5.9939104548556654e-01  3.3229641447848218e-01  1.4996226232886203e-01  
q[73]:  4.5137071653106488e-04  3.6135457500353974e-01  1.6822420942746663e-01  1.2907598106410315e-01  3.6136613307578384e-02  
q[74]:  2.1287576726020002e-04  4.5977046275746308e-01  1.8179233115354984e-01  1.7106220287256504e-01  1.5815839916417668e-01  
q[75]:  1.4801900763644568e-03  4.9090167956354980e-01  4.8873528396134186e-01  1.6410796750171475e-01  1.2859957855035675e-01  
q[76]:  6.5263302749430480e-04  4.0574083515778797e-01  3.8541854536095688e-01  3.6128799334540901e-01  2.8149453889899569e-02  
q[77]:  2.2017951715597329e-03  4.2625137134145874e-01  5.2308331359357751e-01  4.1143839203198868e-01  2.5713652200245363e-01  
q[78]:  5.9447475161985544e-04  2.9618682557106640e-01  4.3565032333869808e-01  4.2324683750237518e-01  3.7852931491942404e-01  
q[79]:  4.1240056008317124e-04  4.7569021791357874e-01  6.8204566655921361e-01  4.7295559732924840e-02  3.6111647683194054e-02  
q[80]:  1.3306894913967897e-03  3.9281141955926890e-01  5.6014045140062629e-01  1.7335452828621267e-01  3.2038952277023580e-02  
q[81]:  7.9829932539071712e-04  3.4794069649138731e-01  7.0574982146918752e-01  4.4995544014565303e-01  2.8144769391202124e-01  
q[82]:  1.0603738604992000e-03  3.9865928917350901e-01  6.7928153322464946e-01  3.3906246186116706e-01  3.2102930065174340e-01  
q[83]:  1.1759501757489124e-03  4.5048150890582161e-01  6.2336070674437194e-01  4.0270701270109321e-01  1.8855364834125588e-02  
q[84]:  1.2563353969035800e-03  4.6931567066620111e-01  7.7555815417846941e-01  5.8627904067928305e-01  2.4323780703105688e-01  
q[85]:  1.7128959848182234e-03  3.3842226673732079e-01  7.5372174241590528e-01  6.2940878400405120e-01  4.6701344258576322e-01  
q[86]:  3.3291135233178020e-04  2.2917166747409776e-01  7.2445933245478067e-01  7.0948351201930193e-01  6.8796433263489598e-01  
q[87]:  1.3532286586579562e-03  4.6046110721722633e-01  7.9249891394119798e-01  2.3060658019056743e-01  1.0967841380473536e-01  
q[88]:  7.3332301172581175e-04  4.7777037143563528e-01  9.0383581023132775e-01  1.2586246680321939e-01  9.6919524862701598e-02  
q[89]:  4.8881581279530846e-04  2.8649744567771535e-01  9.7198090385093006e-01  4.1159183552208595e-01  2.8792662733042665e-02  
q[90]:  9.7194912237582708e-04  3.9471574863814929e-01  8.5932570519051654e-01  5.1633274201551060e-01  4.9078994511050722e-01  
q[91]:  2.6153353771523587e-03  3.4213774580984280e-01  8.7028411777943493e-01  6.7110159480598142e-01  3.1501903408386117e-01  
q[92]:  5.4826088594366734e-04  4.0011553641137393e-01  8.5332649504505853e-01  8.0226091764311502e-01  1.8477320114483803e-02  
q[93]:  8.1612408902416358e-04  3.7944792867753802e-01  7.4745643185911059e-01  7.3255508343459363e-01  1.2053215427419213e-01  
q[94]:  7.5244852205047673e-05  3.6848064063732971e-01  9.9738847349873516e-01  4.5148189383749558e-02  4.4944069752985857e-02  
q[95]:  2.7838825363973841e-04  3.4752004502699818e-01  9.9208399392792068e-01  1.7858501404624014e-01  2.0229737246612582e-02  
q[96]:  2.3834908294103792e-03  3.7976228707574350e-01  8.8456707508533861e-01  4.4652006782186443e-01  2.6573053237227245e-01  
q[97]:  8.3268277221485907e-04  2.7121345456355744e-01  9.9304302236214292e-01  6.1786258115966719e-01  4.6818588335546335e-01  
q[98]:  2.8768800001571857e-04  4.1725117489404351e-01  9.8351997038305727e-01  3.4356340667267216e-01  3.3769933271635771e-01  
q[99]:  1.8743160022763512e-03  5.2327938495972381e-01  9.1061218412407641e-01  6.4360106572854969e-01  1.0021568753389917e-01  
q[100]: 7.6534947262385544e-04  3.1075586720401954e-01  9.6704095537695667e-01  8.0967048075137960e-01  5.8988136931606462e-02  
q[101]: 1.0888339006673163e-03  4.2302825938986921e-01  9.7501542366572136e-01  8.3355448433362955e-01  2.4582857168881345e-01  
q[102]: 1.1524972741541967e-03  4.6393511670642540e-01  9.6891695583933724e-01  8.8957155467148796e-01  5.3866183790653510e-01  
q[103]: 1.8610971505926701e-04  1.8836998545070660e-01  9.9708243728496482e-01  8.6904919003267778e-01  8.4180766542002150e-01  
q[104]: 1.8012262787320754e-04  3.7624253393077700e-01  9.6589901839888037e-01  9.4683779714266447e-01  9.1822761295370781e-01  
q[105]: 1.7659005278982653e-04  6.1358304227540250e-01  8.3692090461139262e-02  3.6792034481549468e-02  2.2404449932542200e-02  
q[106]: 4.4166151888347328e-04  6.7752348200156021e-01  4.0159274566686826e-01  4.7671120347203909e-02  2.6266485248880655e-02  
q[107]: 4.7973630706026142e-04  5.3610907403553743e-01  3.4398316107168525e-01  1.9725815807566080e-01  7.1933750644415009e-04  
q[108]: 1.2213318702089734e-03  5.9681272699701449e-01  4.0345031686722566e-01  3.1563715604505582e-01  2.7931754509005535e-01  
q[109]: 8.2177915225184256e-04  5.3589872802091942e-01  3.6779961859033217e-01  3.5802526744623731e-01  1.6150757372975147e-01  
q[110]: 1.4288924668827844e-03  6.1551993979494446e-01  3.2681529781087076e-01  1.8296672733054353e-01  9.4375048353174909e-02  
q[111]: 2.2005654230637310e-03  7.1205515744887748e-01  4.8130589298951121e-01  3.6042128876854995e-01  8.4652959177740225e-02  
q[112]: 2.6446556511825424e-03  6.1219058225601830e-01  7.2927696821800514e-01  3.8416762303591745e-01  1.1061052109567819e-01  
q[113]: 1.0284469772569552e-03  6.9859980318314086e-01  7.2985706948078544e-01  1.7869982059409437e-01  1.0402916882376721e-01  
q[114]: 2.7478979245386210e-03  6.4398870939798358e-01  6.9903615839439570e-01  3.9388377962134241e-01  2.8454836035042386e-01  
q[115]: 1.1220099988388367e-03  7.0263938467803677e-01  7.2031728813594720e-01  5.7839625935444006e-01  5.3274260156228848e-01  
q[116]: 9.6803644497962381e-04  6.4558334981659538e-01  6.3522126006791502e-01  5.8420366074485752e-01  2.6169142468901965e-02  
q[117]: 1.8819052545163987e-03  5.8797050786818761e-01  6.9011900779271707e-01  6.5657652066983818e-01  3.1891235642716381e-01  
q[118]: 1.2842229312540919e-03  5.1566650151667404e-01  6.6356593916700202e-01  6.3258031689251060e-01  5.2005868456281035e-01  
q[119]: 3.9192484357309959e-04  7.0565826140869981e-01  9.2866032590075998e-01  7.3172566526231803e-02  1.5565432221457972e-02  
q[120]: 9.1757973679877538e-04  5.7599995629297485e-01  8.7030387838681855e-01  2.1578586959399895e-01  1.9389757266226638e-02  
q[121]: 1.9127473086056892e-03  5.8909877605105987e-01  8.8905959459199313e-01  5.7475540669848735e-01  4.5220140167617234e-01  
q[122]: 1.3902466996338068e-03  6.6925238716473656e-01  8.6012500696240846e-01  2.8837524190191388e-01  2.6012629229211193e-01  
q[123]: 1.4584109326403105e-03  5.1015998533566331e-01  7.1203089956842291e-01  5.5329565863315244e-01  1.1205604495425893e-01  
q[124]: 8.4238023374896929e-04  4.9627091481032143e-01  9.0794988011007927e-01  7.7817152542546109e-01  7.5208744255260296e-01  
q[125]: 4.1857142960848915e-04  6.1002499548553513e-01  8.3020739037007463e-01  8.0557505599911061e-01  7.7375627642473810e-01  
q[126]: 7.2345812896842010e-04  4.6167570008603370e-01  9.8007706785762583e-01  3.5639756617953877e-01  2.5542534974205938e-01  
q[127]: 1.6614566877070401e-03  5.3858563045674956e-01  9.5583259039862389e-01  4.1074264637778596e-01  1.1641735245038032e-01  
q[128]: 5.6546703118002194e-04  5.1449186320319751e-01  9.4492239404459655e-01  5.7532555717488254e-01  5.8161276852397130e-03  
q[129]: 1.9243819233271790e-03  6.3759400865938076e-01  9.6655482058252307e-01  6.9327089158746591e-01  3.7165073035792628e-01  
q[130]: 6.8176551292694720e-04  5.9386086408891325e-01  9.7658070740572289e-01  6.2745985125916481e-01  5.8722821561690941e-01  
q[131]: 1.6896773806854624e-03  6.1939915580343308e-01  8.4778202333535013e-01  7.6847159106403229e-01  1.5717888538822647e-01  
q[132]: 1.4132388707082985e-03  3.5002940506662383e-01  9.5546680577477361e-01  7.9833921311922296e-01  6.4944676883320362e-01  
q[133]: 5.5215327312695638e-04  5.9081782845961084e-01  9.6443887417883023e-01  9.2774022008889301e-01  9.0116804145190618e-02  
q[134]: 5.3187654787310867e-04  5.1925616440563760e-01  9.1059314777667588e-01  9.0398087113522196e-01  6.4312722465632988e-01  
q[135]: 3.3322444670248692e-04  6.2138102247992355e-01  9.8969385138171428e-01  9.5645839082473294e-01  8.2206992984882776e-01  
q[136]: 3.6206365224303376e-04  8.3689440024815998e-01  2.3474769685473626e-01  6.3175103643504260e-02  4.3510073357442731e-02  
q[137]: 4.4237322289444842e-04  7.8997494824770909e-01  2.0199041939420448e-01  1.7649274613500929e-01  3.1563618381649734e-02  
q[138]: 5.3787517929745649e-04  8.3910242225823173e-01  2.3254034507508103e-01  1.9686527455280020e-01  1.5311424131945472e-01  
q[139]: 1.4815182154201106e-03  8.9264690252228462e-01  5.3102021459703375e-01  2.6985262362951212e-01  1.2860440081619107e-01  
q[140]: 3.5752147603936707e-04  9.0925988500542210e-01  4.1730629966028904e-01  3.8157096722938000e-01  2.0512147050653164e-02  
q[141]: 7.4722927834541505e-04  8.1532086148738936e-01  4.7692157103621408e-01  4.6135302903875436e-01  3.1453052893235239e-01  
q[142]: 2.8214772471965517e-04  7.2581775900446577e-01  6.8666617725516432e-01  4.6262547759789482e-02  1.0785699925131077e-04  
q[143]: 1.0453035303323078e-03  7.7598157499918219e-01  5.4408811447154060e-01  1.7797055634279865e-01  2.4166036332918996e-02  
q[144]: 1.2545326175563696e-03  7.6872691194543863e-01  7.9207865159506907e-01  3.8270192448930984e-01  2.9913210793897239e-02  
q[145]: 1.5556186092313105e-03  9.0966737957530641e-01  7.1921774257571114e-01  5.7711729878428797e-01  1.3026252194874821e-01  
q[146]: 7.4319338306953460e-04  8.0427923787548450e-01  5.7360577714845684e-01  5.6443061615579737e-01  1.3449317088206023e-01  
q[147]: 1.8071181319957487e-03  7.6570106497303547e-01  7.3202709655494091e-01  5.7634960949779412e-01  2.7793294930354556e-01  
q[148]: 4.5539052565401767e-04  7.4953877926120716e-01  5.5715347835774165e-01  5.2229230077381594e-01  5.1032608865729079e-01  
q[149]: 1.7545262893648400e-03  8.5833842943519900e-01  8.7324251685310894e-01  3.0992654292716620e-01  1.4262495060380112e-01  
q[150]: 2.9085852957917729e-04  8.3305282900568967e-01  9.7005863151442551e-01  1.7352129494627114e-01  1.5469774375491363e-01  
q[151]: 5.3789579635600364e-04  8.1782624228501977e-01  9.6938964187848020e-01  3.6914489657310046e-01  2.5297276652307955e-02  
q[152]: 8.4938788781682402e-04  8.3566753330900678e-01  8.3556311619348000e-01  5.2458829884086744e-01  5.0292658271820234e-01  
q[153]: 1.1735974308179006e-03  7.9123418107721122e-01  8.3600158729390872e-01  6.5048478919946662e-01  2.7770627331933757e-02  
q[154]: 2.1814314201403892e-03  6.7554341384515548e-01  8.4705699507722632e-01  7.3724429568319194e-01  5.3732885553237353e-01  
q[155]: 8.0627871679296733e-04  8.8734146018735227e-01  8.6369966003207510e-01  7.1341190099170304e-01  6.5656611361774553e-01  
q[156]: 3.1798348322260785e-04  8.0615764058706696e-01  8.5437738653766104e-01  8.3859054627975771e-01  3.3978070858124654e-02  
q[157]: 4.9452126185313568e-04  8.6325612943401153e-01  8.2054938169638536e-01  8.1583847017178568e-01  4.7142821219622350e-01  
q[158]: 5.0047627432530891e-04  7.9638120868285289e-01  8.7676950812585330e-01  8.5330962170888081e-01  7.3777870904708243e-01  
q[159]: 3.2483265523764455e-05  9.6144386321839315e-01  9.9139566076202801e-01  3.4105475286273432e-02  1.3888723557439241e-02  
q[160]: 4.3199845619878313e-04  7.2393172890307367e-01  9.9131218773865970e-01  2.1626256023344195e-01  1.0251018065993128e-01  
q[161]: 1.0895277770969095e-03  7.5992253319443470e-01  9.6979533461696854e-01  4.6373051422118294e-01  3.0884947253776379e-01  
q[162]: 5.3909023515681990e-04  8.7430864555699705e-01  9.6568210592005088e-01  4.6606820075175021e-01  4.3429565435223672e-01  
q[163]: 6.2757450137763363e-04  7.2105860959748824e-01  9.8811399362108576e-01  6.2402510686939072e-01  1.1424126301131073e-01  
q[164]: 2.5912480874080117e-04  6.8756244048765436e-01  9.7552806900278055e-01  8.4455219140529414e-01  1.1588994046501584e-02  
q[165]: 1.5672908549350967e-03  7.5805823597740463e-01  8.9945756885655836e-01  8.1838917195026895e-01  3.5875853145555414e-01  
q[166]: 5.0107973892859212e-04  9.2797922435945412e-01  9.8553161704089709e-01  8.1584147064235168e-01  3.9372475909303756e-01  
q[167]: 3.2538646181357105e-04  7.6050062969822907e-01  9.8338851363834823e-01  8.1949489511126228e-01  7.8168690157543363e-01  
q[168]: 4.3597755889314215e-04  6.8561030787865884e-01  9.8860435489624821e-01  9.6059015193780140e-01  3.4459027208299625e-01  
q[169]: 1.6464711395544238e-04  8.7253930266877722e-01  9.6352904553798635e-01  9.2846865722047356e-01  9.0839094470104909e-01  
q[170]: 3.3026292730227176e-04  9.4567484609785124e-01  3.0947001476172659e-01  1.3259931748225148e-01  8.5820928016145364e-03  
q[171]: 8.5104876776603947e-05  9.7950583362503385e-01  9.9499475548192065e-02  6.7518404366167059e-02  3.4979906540350013e-02  
q[172]: 2.3366649714915672e-04  9.8157469522778507e-01  5.0674720476285151e-01  6.1810134565849370e-02  3.3516760191509599e-02  
q[173]: 8.7784518877749335e-04  8.0025753779077846e-01  5.5179152783939300e-01  3.1115788297406133e-01  2.9645845675745819e-01  
q[174]: 6.1392586394571074e-04  9.7696227128682800e-01  3.8093221608495309e-01  3.2522051066702118e-01  1.2733496512878509e-01  
q[175]: 5.0931579763141565e-04  9.5118505115606544e-01  3.7967008560740295e-01  1.9157671159231984e-01  1.5924901556072282e-01  
q[176]: 6.7602325162973819e-04  9.2932415050081474e-01  6.0562654413719319e-01  3.9308598058941396e-01  1.6781508406978396e-02  
q[177]: 1.7592033869531902e-03  8.4943635688129882e-01  5.8376412079191631e-01  4.6551679442825883e-01  3.0631022404053487e-01  
q[178]: 2.3075981127976562e-04  9.6538720847173198e-01  3.9772934194614262e-01  3.6487740628338039e-01  3.3766492949773452e-01  
q[179]: 7.0490106156557986e-04  9.9784440875127622e-01  6.9719287218152015e-01  3.5227280738654582e-01  1.2485603901691809e-01  
q[180]: 9.3342657332227215e-04  8.4864921949982730e-01  6.3290416109353742e-01  1.6104280777985580e-01  1.2797817447695053e-01  
q[181]: 6.3766129064954228e-04  9.8033607214758767e-01  6.4502454081513727e-01  4.9116017858565619e-01  4.3283204709276857e-01  
q[182]: 2.8912360083611682e-04  9.7700799852882281e-01  7.0536118822336824e-01  6.6487182284530777e-01  3.8084542926349628e-02  
q[183]: 5.9202527467133021e-04  9.8060962706009447e-01  6.6838881414213480e-01  6.2282170488909916e-01  2.7488025104856856e-01  
q[184]: 5.9112277803198760e-04  9.2274556731567148e-01  7.0000099517369485e-01  6.7805660317088312e-01  5.5476227964953428e-01  
q[185]: 4.2884965988327603e-04  9.2330429308581230e-01  8.3088145600067154e-01  8.2521241419199587e-02  5.9591924888246876e-02  
q[186]: 5.3294188879672230e-04  9.4490741656560373e-01  7.5607310788048787e-01  1.8289454390679899e-01  2.1699686144350593e-02  
q[187]: 1.6533580505200052e-03  9.1653792839492587e-01  8.2456069282247746e-01  5.0879085565764437e-01  3.3101364293499885e-01  
q[188]: 6.2815174819614509e-04  9.7100540081449294e-01  7.6695258277904332e-01  3.1959909061448355e-01  2.8354343700659734e-01  
q[189]: 6.8213218422970181e-04  9.6653456064411314e-01  9.0065597899117700e-01  5.0660402849230401e-01  4.8451357972194756e-02  
q[190]: 3.4559059709087664e-04  9.7395493974326630e-01  9.2365713284426187e-01  8.0626387732433924e-01  5.0038757393395750e-02  
q[191]: 2.0786940116727416e-03  8.1961656918794457e-01  8.8893935037406036e-01  5.6765905327638577e-01  1.9999769169805540e-01  
q[192]: 9.3434789134338038e-04  9.6114828034185429e-01  8.5135090515626344e-01  7.3520882416104250e-01  4.7448099825528223e-01  
q[193]: 7.0003347054548167e-04  8.8095882024766503e-01  8.4078419286350858e-01  8.1753814700473937e-01  1.9114003639068000e-01  
q[194]: 1.6475355287587040e-04  9.5024057372886539e-01  7.7220050159487741e-01  7.3123799073450479e-01  7.2598393679034801e-01  
q[195]: 3.3742070504185953e-04  9.5664922564801247e-01  9.5392440269783918e-01  2.0695629691249828e-01  4.2616818424152464e-02  
q[196]: 3.0363572117266999e-04  9.8926118625169623e-01  9.4811168109447785e-01  2.8894707958257787e-01  2.2865393884129334e-01  
q[197]: 4.5516517879487024e-04  9.6625960580197334e-01  9.8842348432485849e-01  5.1216156506940491e-01  2.0286793642934475e-01  
q[198]: 1.9254506149550866e-04  9.0525469438726491e-01  9.9480909938099826e-01  6.8436470091912271e-01  2.9382390881529337e-02  
q[199]: 6.4446253666722493e-04  9.7318240003349987e-01  9.1016670057382343e-01  7.2233025627177960e-01  2.2686715226454426e-01  
q[200]: 6.7488458240004664e-04  9.5259457087133048e-01  9.5754624221831630e-01  6.4127520758156342e-01  4.9020309043494587e-01  
q[201]: 7.7708483001283444e-04  8.3178090570629581e-01  9.7495534698405406e-01  8.1390439629639966e-01  1.5722890521715427e-01  
q[202]: 7.6097137490936250e-04  8.1777282586169386e-01  9.7874268464791947e-01  8.0715570444582774e-01  6.3035441073060172e-01  
q[203]: 1.2498273557934051e-04  9.9896917990691914e-01  9.6135585694132841e-01  7.1577824537637291e-01  7.0118886531779478e-01  
q[204]: 5.6921906865963386e-05  9.1328950101138540e-01  9.8004649076875650e-01  9.5914660293281095e-01  1.6260698012171910e-02  
q[205]: 2.1518505195631347e-04  9.2486540801039507e-01  9.7425406689735061e-01  9.4379875726505236e-01  1.6063613519566455e-01  
q[206]: 1.7550888307086993e-04  9.9667410504167508e-01  9.4504432606826205e-01  9.2104966314114134e-01  3.6571500330536522e-01  
q[207]: 4.7309745144492914e-04  8.7282907453208736e-01  9.7327858541983225e-01  9.4034847715843028e-01  6.0172067397959639e-01  
q[208]: 2.4743000648762942e-04  9.8856751650151553e-01  9.5038123607417913e-01  9.0321397322378161e-01  7.7017117739639984e-01  

