deg: 8
dim: 4
nodes: 103
efficiency: 0.961165

q[0]:   1.9245855833698622e-04  1.1335927305497730e-01  7.8967206404833901e-02  4.2946633524846969e-02  2.0646904615896765e-02  
q[1]:   6.3436478882691297e-04  1.8972439069023919e-02  3.3886316495702706e-01  1.5705674750214896e-01  1.4520181056291739e-01  
q[2]:   1.2379791470278026e-03  6.7292506571384261e-02  3.2629774781714721e-01  2.4943614355489893e-01  4.7659234646209976e-02  
q[3]:   1.1377819145456979e-03  5.4064158838631873e-02  6.0696349812467254e-01  2.5283256793213216e-01  4.0369630179480996e-02  
q[4]:   2.6508579469158135e-03  4.8112753919124847e-02  7.1121175349841337e-01  3.4460201465731227e-01  2.1956404583943434e-01  
q[5]:   9.4057097314548970e-04  1.9693714222979906e-02  5.4079226244699052e-01  5.1179790694307192e-01  2.9326325361409833e-01  
q[6]:   5.2173105036699421e-04  5.5859734794379175e-02  5.7577291426948118e-01  5.4793207395437715e-01  5.0335583380245696e-01  
q[7]:   7.2004604317908640e-04  9.0509094847449512e-02  7.0294583897568952e-01  7.2256590209665170e-02  6.8592129973772148e-02  
q[8]:   1.2382131325987642e-03  5.3841555467062603e-02  7.2037621963300225e-01  5.2199378564207399e-01  3.3728520806277841e-02  
q[9]:   1.7666361793334227e-03  4.0391356682307533e-02  8.3040488288164171e-01  6.8007897823229579e-01  5.6715091241801452e-01  
q[10]:  1.0418468491077792e-03  3.5142919826547631e-02  7.4362431131578999e-01  6.9680486900636751e-01  1.4433408877888815e-01  
q[11]:  8.1697371676865292e-04  2.1683516817961979e-02  8.9505615302248598e-01  2.1398103142266112e-01  5.1682115932029295e-02  
q[12]:  4.8497619098837868e-04  7.9048060629102371e-02  9.7662708495138195e-01  2.2693179603238453e-01  1.9052144781751559e-01  
q[13]:  7.0746500051539058e-04  1.2867768318511064e-01  9.5300068622589906e-01  4.1758755061904301e-01  8.2499802996342294e-03  
q[14]:  6.2798624185408328e-04  1.9861965157165925e-02  9.4588604354158889e-01  5.0460041708251024e-01  4.5331615715911949e-01  
q[15]:  9.5645292649621969e-04  4.2528103201056548e-03  9.6009924917583389e-01  6.6062235231053890e-01  1.7655942270760783e-01  
q[16]:  2.0038335042189643e-03  1.5811783468875282e-01  9.6983541594501887e-01  7.1096725420743401e-01  5.1322682784396767e-01  
q[17]:  3.9026912397338679e-04  4.7343514980735218e-02  9.6627679618355766e-01  9.0568057737013730e-01  7.3649708934623276e-02  
q[18]:  8.4527627350048523e-04  5.0244416874847028e-02  9.7224963557822641e-01  9.1038821739957032e-01  4.6524131149158554e-01  
q[19]:  2.4273845305894842e-04  1.2834982306893228e-02  9.7215593956568414e-01  9.4455647548019450e-01  8.5262803299769274e-01  
q[20]:  1.0361268907045221e-03  2.1642571310057349e-01  8.3025181841635309e-01  7.8904612909538607e-01  7.5868611346073189e-01  
q[21]:  1.4417210583125952e-03  1.9100910473372670e-01  4.2698330199453144e-01  9.0016267534461361e-02  2.7285534299628069e-02  
q[22]:  9.3343406696415018e-04  5.0723542023310719e-01  2.3186088315144382e-01  2.1381877393186113e-01  3.8599002959756754e-02  
q[23]:  1.2464081544067238e-03  2.2222287761568313e-01  2.7790319390432733e-01  2.5764394613474489e-01  1.9875610305993077e-01  
q[24]:  4.4989743387499823e-03  2.3246226394321476e-01  5.2703226175580875e-01  3.6643643224179279e-01  1.8333824105102636e-01  
q[25]:  2.0464983779570167e-03  1.8645130672876459e-01  5.8247502052578271e-01  4.2788425868235586e-01  3.9791509213290255e-01  
q[26]:  1.3729739537191520e-03  2.2415049045396707e-01  5.3302325956388408e-01  5.0048691520466193e-01  4.3560794298381667e-02  
q[27]:  2.4171165414623033e-03  2.8490738874667615e-01  8.6486475350647096e-01  2.4044038515316865e-01  1.8120432899078476e-01  
q[28]:  1.9167632462987905e-03  2.9752957928061946e-01  7.5050426047179919e-01  1.7594229595344729e-01  2.1677463273792386e-02  
q[29]:  1.5077066044943790e-03  1.9560773544264809e-01  8.0773867300491997e-01  4.1356536320517712e-01  4.0152172866651159e-01  
q[30]:  4.0596626408577752e-03  2.5355552183840219e-01  8.2126346671676709e-01  4.8032322784020398e-01  9.2913336800112142e-02  
q[31]:  3.9796643188560908e-03  1.3146120207022480e-01  8.0811226078581100e-01  6.5907573765407090e-01  2.9293950008656844e-01  
q[32]:  3.7210572673483953e-04  1.5430138998387818e-01  8.2094019916253125e-01  8.0128075992733727e-01  1.4039530399091641e-02  
q[33]:  1.7288558571174502e-03  1.8455380477398992e-01  8.3096681014632812e-01  8.1434569592400718e-01  5.3562583152030052e-01  
q[34]:  3.2667278806625490e-04  1.7341292496450997e-01  9.5587710212409205e-01  5.4265847385894669e-02  1.8782644859247678e-02  
q[35]:  1.2267322172151626e-03  4.0630717505356295e-01  9.8407734370711875e-01  2.4122708237352741e-01  6.3189049735443981e-02  
q[36]:  2.8075265293378802e-03  1.5846197730149414e-01  9.4793122127517937e-01  4.5260476401081912e-01  2.1744881509179431e-01  
q[37]:  1.8600456395542735e-03  4.4709803789929586e-01  9.7355090516279918e-01  4.7982101860685783e-01  4.2495533285318554e-01  
q[38]:  1.1275651446268091e-03  1.7681068546288695e-01  9.4227492718381456e-01  7.2394442386889246e-01  3.1146189028663080e-02  
q[39]:  3.1051165988377765e-03  4.2817146429154029e-01  9.6195857413799324e-01  7.6861392360521563e-01  3.3411045041883580e-01  
q[40]:  7.0277524836000042e-04  1.9501082701522757e-01  9.6680204519139101e-01  7.7077653897565890e-01  7.5742023926932711e-01  
q[41]:  1.6857682830357505e-03  2.2278052048212610e-01  9.3078242582551074e-01  8.9305259633294876e-01  2.2087561955511759e-01  
q[42]:  1.3266159749035537e-03  4.1533710142564267e-01  2.2501937434723418e-01  9.0935978754301275e-02  3.8200877868111799e-02  
q[43]:  2.3857463857098579e-03  6.1330821930101564e-01  3.6128138176051700e-01  2.5045528921938837e-01  2.1005642892461454e-01  
q[44]:  3.4732182249052942e-03  4.4046571543075619e-01  5.7014187690865303e-01  2.0749146066134164e-01  1.6851210870076389e-01  
q[45]:  2.9799646687789479e-03  4.5217081085427269e-01  5.5462748782957116e-01  3.5286710715187097e-01  3.1463333005223838e-02  
q[46]:  2.0461108889985799e-03  3.5416694492628203e-01  5.8626063131102601e-01  5.4287947151680283e-01  1.8788464895926818e-01  
q[47]:  3.8930883241496414e-03  4.3664463396187342e-01  6.4937039628323412e-01  5.9022195270748534e-01  4.5101332296566649e-01  
q[48]:  6.3565747749424974e-04  5.8881508741183597e-01  5.1542750650360369e-01  5.0701695659148915e-01  4.9257818465140968e-01  
q[49]:  9.3562707014793192e-04  5.4662744145693909e-01  8.5093301579919478e-01  6.8371671681149188e-02  2.9341351504963632e-02  
q[50]:  4.2469682274258944e-03  5.6230477160447589e-01  7.6817065601113632e-01  3.0853032264085384e-01  1.1807707124825305e-01  
q[51]:  2.3082521918377273e-03  5.3109770098919473e-01  8.4209027565879080e-01  6.4206484451515777e-01  6.0477962310850542e-01  
q[52]:  6.0882243713312129e-03  4.3852623188604489e-01  8.2968041847337470e-01  5.5564813552321390e-01  3.8315390621790640e-01  
q[53]:  2.8669129036532712e-03  4.6830477847707658e-01  8.0854102377504189e-01  7.0866090902386736e-01  5.5046470572822859e-02  
q[54]:  1.0199127838143732e-03  6.4782213027152280e-01  9.5615152835512662e-01  1.8163385994522235e-01  1.5663464303410110e-01  
q[55]:  1.8515723639328525e-03  5.1270672728139721e-01  9.7694589534258236e-01  5.3759652697142368e-01  9.1435991064032870e-02  
q[56]:  3.8158364175079000e-04  4.8588791009184035e-01  9.7356914938122263e-01  9.4743504799201128e-01  2.9184543499138578e-02  
q[57]:  1.2917214526793112e-03  3.4669925631275866e-01  9.6992286840165043e-01  7.8666313750338912e-01  1.5498273660442263e-01  
q[58]:  8.7643466707000941e-04  5.7578149265056910e-01  9.7659475917916594e-01  9.5947231037880465e-01  4.8960565670528422e-01  
q[59]:  1.9048536100593420e-03  3.5574904947016944e-01  9.6232351966496654e-01  8.9584697521993095e-01  7.0889881811488287e-01  
q[60]:  2.0695242224560807e-04  5.4295038433103349e-01  9.9449183266374008e-01  9.7223047305059129e-01  9.5178475444098765e-01  
q[61]:  6.9955679970805352e-04  8.6888187458556632e-01  2.9570018267009435e-01  6.1552780819023357e-02  3.9599762756265429e-02  
q[62]:  2.4289432994457432e-03  7.1627147998577967e-01  4.4200850166629035e-01  2.3002198352460276e-01  5.4147872796057844e-02  
q[63]:  1.0583399858018951e-03  9.3705046301003692e-01  3.8027307793485904e-01  3.3429674219463423e-01  2.7095346073226789e-01  
q[64]:  2.1208330821258395e-03  7.0340406953450318e-01  4.5763899460553797e-01  4.3721350656891650e-01  1.9508490251693231e-01  
q[65]:  1.4581601043682185e-03  7.0567330126932415e-01  5.7708459833426917e-01  7.0947297438685331e-02  3.1144663157460627e-02  
q[66]:  1.2064115043060135e-03  7.8656439543621459e-01  5.1702122367918668e-01  4.7160582898402642e-01  2.5145014805841345e-02  
q[67]:  4.4368241513210735e-03  8.1155259603637064e-01  6.2250067559780931e-01  4.2306753940633424e-01  2.3965123130092761e-01  
q[68]:  2.1616972402054651e-03  7.8336530819626415e-01  6.6136601015197571e-01  4.6152781502689844e-01  4.3211341351407040e-01  
q[69]:  3.0747902804471173e-03  7.9136153116295649e-01  8.0254978298629920e-01  3.0753723271805289e-01  2.6157964948222162e-01  
q[70]:  1.7651028892751960e-03  6.6792240163863670e-01  8.6039073419892798e-01  4.3516560407256238e-01  1.4099398914179960e-02  
q[71]:  4.9238826942645140e-03  6.6236999748807857e-01  7.6624463802825127e-01  5.9459216409118198e-01  1.7599168428006595e-01  
q[72]:  8.8740633953238960e-04  7.8958022070346146e-01  7.7821168161365428e-01  7.6688081410674158e-01  6.4500907750446382e-02  
q[73]:  1.9281825869128524e-03  4.8994659875184499e-01  7.7838655268470625e-01  7.6058025522245609e-01  2.7307052073830718e-01  
q[74]:  3.7953423189316083e-03  7.2305660995216481e-01  8.7882694253972171e-01  7.8952391340993255e-01  4.7633134703571817e-01  
q[75]:  1.3887084431649392e-03  6.9663734941777833e-01  8.5198431966501964e-01  8.2216230612553165e-01  7.4712598248217066e-01  
q[76]:  1.5438826578745044e-04  8.8410968595695283e-01  9.8576338756330428e-01  5.0028889320251228e-02  1.7111755763964356e-02  
q[77]:  1.7245389069219387e-03  8.3151473336475257e-01  9.2379358803174372e-01  2.4179585221031083e-01  4.1483762785908436e-02  
q[78]:  3.3637470587245606e-03  7.2105698025961151e-01  9.5408905831423718e-01  4.8975634794920098e-01  2.6355845782642240e-01  
q[79]:  8.6922164119785099e-04  7.1155965337126825e-01  9.6964091649912665e-01  7.5572079948728377e-01  2.5809106306548788e-02  
q[80]:  1.2165121717109197e-03  7.4475073234338007e-01  9.6729891210541408e-01  9.2017763804181740e-01  1.8343738579445459e-01  
q[81]:  1.6975393962736507e-03  7.2415429771675854e-01  9.7029379832021478e-01  7.6064139638978701e-01  6.7231377069383469e-01  
q[82]:  3.5467600204886206e-04  8.0307040604289837e-01  9.8039938323120954e-02  7.6246287305632751e-02  6.0853174240043613e-02  
q[83]:  9.4115395249186502e-04  9.4430624882148295e-01  2.7687758963880388e-01  2.0378512189534462e-01  4.5059749257927849e-02  
q[84]:  1.7137384468022916e-03  9.2043194414208074e-01  6.3469165021527585e-01  2.4134977767432222e-01  3.6125711867075458e-02  
q[85]:  1.0455428862058726e-03  9.8309442651650980e-01  5.2816548459926627e-01  2.1738511915482756e-01  1.7763198856235887e-01  
q[86]:  1.4416403443657691e-03  9.8085915184663419e-01  6.1489052343532857e-01  5.2964823347381518e-01  1.3079937616688372e-01  
q[87]:  1.7339607152023449e-03  9.0118191287993687e-01  6.9508576699369429e-01  6.5983882591413434e-01  4.6420124294613568e-01  
q[88]:  8.8246926202611064e-04  9.5194165813175768e-01  7.9788745691326601e-01  1.1279417269250867e-01  6.8942736619225314e-02  
q[89]:  2.0791242007652598e-03  9.4846366455112963e-01  8.4351607949304119e-01  4.4790196921792985e-01  1.6360792090495821e-01  
q[90]:  1.1896091565888861e-03  9.0570737014430980e-01  7.6787823916421227e-01  5.5486907917790795e-01  1.5335153302881826e-02  
q[91]:  2.0222989598809868e-03  9.7577282786626596e-01  8.5494266464863000e-01  6.1673356303247417e-01  4.6069402113894742e-01  
q[92]:  1.1794250457599028e-03  9.1880847611398264e-01  8.1749430375058996e-01  7.8589196746241907e-01  2.8106844769886796e-01  
q[93]:  6.2460970955290540e-04  9.3992608153519464e-01  7.0550414681670603e-01  6.3934690177203513e-01  6.1494878216670057e-01  
q[94]:  6.1671371771024168e-04  9.7039106172494971e-01  9.8111091882925183e-01  3.1387044291994637e-01  2.2456190471309312e-01  
q[95]:  4.0752481135106656e-04  9.8637862349105110e-01  9.9107648874608179e-01  5.1669246860262641e-01  5.0385087046274951e-02  
q[96]:  9.2985531787178450e-04  8.9992323128349716e-01  9.3912033362484149e-01  5.2411086926006889e-01  5.0140028231573674e-01  
q[97]:  2.6365249025820329e-03  8.7314368559742261e-01  9.2891871200967091e-01  7.0323305822441251e-01  1.6825060779330600e-01  
q[98]:  1.1401861748861401e-03  8.6605550264884068e-01  9.9310433848482338e-01  7.4735135505923800e-01  4.5223208831563100e-01  
q[99]:  4.8045736405197698e-04  9.6490662649235470e-01  9.3134549839567060e-01  8.6589611182217019e-01  4.2428818095524075e-02  
q[100]: 5.4024951918001617e-04  9.8437943778456527e-01  9.6652112442311233e-01  8.9988675336246082e-01  3.8047752026455045e-01  
q[101]: 6.6525478676910830e-04  9.1831458973255431e-01  9.6122400537154962e-01  9.3177873729025873e-01  7.2737389606041702e-01  
q[102]: 4.0343233882854173e-04  9.4720394440626299e-01  9.4120738283319583e-01  8.4851107879253063e-01  8.2642477855746876e-01  

