deg: 9
dim: 4
nodes: 145
efficiency: 0.986207

q[0]:   4.0089896496633742e-04  6.3117498714087672e-02  1.5795737190428974e-01  1.0245535099717745e-01  4.6254876465426864e-02  
q[1]:   4.3460881906279259e-04  1.2144284495128453e-01  2.6917354223946216e-01  2.4781233552413398e-01  2.0941730127717642e-01  
q[2]:   3.9575295249934483e-04  6.2341937025393632e-02  4.2620925972902995e-01  1.1034010874697103e-01  1.0443167323156054e-01  
q[3]:   4.7070855245164782e-04  6.5440382598282243e-03  4.6429582042814332e-01  1.9575775707540655e-01  3.2233882380741305e-02  
q[4]:   1.9599524320626136e-03  1.6721713311691569e-01  4.6740957613818390e-01  3.1991658397069223e-01  1.1159978652197244e-01  
q[5]:   8.8750961692493353e-04  2.5985995577633803e-02  4.9130297203864726e-01  4.4814226023920817e-01  1.8259711266137496e-01  
q[6]:   7.7439971978309559e-04  3.3259419484378883e-02  4.5302090792110106e-01  2.9614646475032019e-01  2.4115665069575135e-01  
q[7]:   3.3976692767006118e-04  7.3543441783658875e-02  3.6261124202158612e-01  3.0823893934583391e-01  9.5548677887177177e-03  
q[8]:   6.2367954656204056e-04  9.5341025144629429e-02  6.5299120067242555e-01  7.1673294637624591e-02  4.0207545176531807e-02  
q[9]:   7.0904338487937340e-04  7.0484868870304890e-02  6.8414201567383048e-01  2.3811201052597405e-01  2.2985642093053441e-02  
q[10]:  2.9261344997403532e-03  2.0998207170320055e-01  6.0957827751934890e-01  2.8575274731486311e-01  1.7334740936675744e-01  
q[11]:  5.0255701256059421e-04  1.3450684961578249e-01  5.7581917950358597e-01  5.5806204683266236e-01  4.9787990870792539e-02  
q[12]:  2.7960795484832514e-03  1.4725096657009146e-01  7.3825514118221458e-01  5.1204439218565789e-01  1.9374662332004008e-01  
q[13]:  6.7434091519722893e-04  8.4452530738443582e-02  5.4412504681618612e-01  5.1192049935369122e-01  4.6108600121848720e-01  
q[14]:  2.7194871324815497e-04  4.9435355360701698e-02  9.0586795266316023e-01  7.0235776249194429e-02  3.3381200299914211e-02  
q[15]:  1.2000023256185366e-03  3.1005146579131903e-02  8.4208772938721432e-01  5.0710692269738900e-01  1.1094758898754545e-01  
q[16]:  9.9181034260234025e-04  7.3548987671296404e-02  7.6481545150081354e-01  4.1868601526944532e-01  3.9064919732515185e-01  
q[17]:  8.8542906245846079e-04  3.5524130909181925e-02  7.3833474747034011e-01  6.1546813458784255e-01  4.7319443087401380e-02  
q[18]:  1.9020147294345733e-03  4.5233818194120243e-02  7.5171844226731621e-01  6.2417587346530923e-01  4.3585451632182692e-01  
q[19]:  1.3019752881237726e-03  6.8148712446190141e-02  8.2426675638776770e-01  7.8131353647241364e-01  2.5380616962730662e-01  
q[20]:  1.4276996952279808e-03  2.1436027686210418e-01  7.0895126429651434e-01  6.9438432800059835e-01  4.2902360474109491e-01  
q[21]:  2.0631000445947440e-04  1.0715672102667625e-02  8.0309072504693790e-01  7.3975627411130096e-01  7.2900758939609611e-01  
q[22]:  4.4527108535180371e-04  3.8380623904348973e-02  9.5658232471066607e-01  2.7798385905216710e-01  4.0499716122757060e-02  
q[23]:  4.9058373850277711e-04  4.5212869520397582e-02  9.5793443532361156e-01  2.7364261163533043e-01  2.2245936017329632e-01  
q[24]:  1.0153395134256515e-03  1.7156471154239804e-02  7.7579325803984023e-01  3.0122007710383514e-01  1.9660886468579308e-01  
q[25]:  4.6381917613121489e-04  8.3313918773812223e-02  9.5609015235152517e-01  5.3923957002344280e-01  2.5560854112228509e-02  
q[26]:  1.6847432358854555e-03  7.6675396512461469e-02  9.4836692802159051e-01  5.8120682104132171e-01  3.1930286222489151e-01  
q[27]:  4.5822967197085986e-04  1.3297883069401900e-01  9.4435245234047926e-01  7.5427713854559575e-01  1.0256189394948037e-02  
q[28]:  4.8152439110439588e-04  5.1137207600298912e-02  9.9504231187888481e-01  7.5601110968930318e-01  1.8220903811951025e-01  
q[29]:  6.3150346750328831e-04  2.6423437249421922e-02  9.5637479512024004e-01  6.7450524385106703e-01  6.0461199229764528e-01  
q[30]:  3.5787222119266425e-04  3.8192787949838387e-02  9.5219136348726052e-01  9.0629414915648787e-01  8.0409228897744239e-02  
q[31]:  5.6354298502371905e-04  2.2462258573315953e-02  9.6436272130838363e-01  8.8037693167035735e-01  4.3844291343065817e-01  
q[32]:  5.5361214392706264e-04  5.2383998659174161e-02  9.1097920354908390e-01  8.8631674101073998e-01  6.9967783552115825e-01  
q[33]:  3.7245770568701628e-04  1.2100816753227069e-01  9.7591997603276548e-01  9.1794345258943266e-01  8.7088250708832549e-01  
q[34]:  7.1100266210183546e-04  2.8365593827045416e-01  2.4869390238945940e-01  2.3262591894502460e-01  5.8916974786213987e-02  
q[35]:  6.7246146127848000e-04  1.9246552416424140e-01  2.8635564542751235e-01  7.1428041652744939e-02  2.4751994921478684e-02  
q[36]:  1.8557279592550399e-03  3.2916995676694433e-01  4.6595508756075432e-01  4.2731896621068172e-01  2.7153512170818039e-01  
q[37]:  1.1930200313435338e-03  3.6831963521373912e-01  5.0932733158200405e-01  8.8793756758730566e-02  2.7536717520353415e-02  
q[38]:  1.5881323417217101e-03  2.4160795238275795e-01  6.0292450284921184e-01  3.9874415005263331e-01  2.5579822995665736e-02  
q[39]:  1.7148194450942141e-03  2.4259867230514653e-01  6.1382008374343244e-01  4.4516884179287852e-01  4.1436875759292735e-01  
q[40]:  1.9388206818523397e-03  3.1487280823954894e-01  6.5813279995780050e-01  6.1759276098590510e-01  1.5752684537862105e-01  
q[41]:  1.7647258238937674e-03  2.0386233267698864e-01  8.3347100848280831e-01  2.1509062340276849e-01  5.4162361435386427e-02  
q[42]:  8.7383581030279318e-04  2.2345511763735093e-01  8.0536443873786556e-01  1.8813674704015690e-01  1.8292796808447467e-01  
q[43]:  1.4477718158342812e-03  2.8462316008199906e-01  8.2776265825470630e-01  4.3261160386719943e-01  2.0870568999812499e-02  
q[44]:  2.4657575526006669e-03  2.6412625421916369e-01  8.6973458712108187e-01  5.5973688784061004e-01  4.1693076068606227e-01  
q[45]:  2.2198131565592241e-03  2.4372434525505296e-01  8.8225258824440811e-01  7.3237294783507312e-01  3.6346002010432676e-01  
q[46]:  1.2134448020038615e-03  1.9969287723170831e-01  8.5420675823476511e-01  6.9695250737708980e-01  6.5852652060511829e-01  
q[47]:  4.6854717922469941e-04  2.0091057042455993e-01  8.1991868913186339e-01  8.0788516614015393e-01  3.3656966140306596e-02  
q[48]:  2.3875394053610903e-03  2.4903656067421684e-01  9.1934253767441165e-01  7.5589204169961299e-01  1.4123194082331456e-01  
q[49]:  6.7067047453003641e-04  2.3978826998550926e-01  7.5833030782717670e-01  7.4111381457176773e-01  6.7324106677101148e-01  
q[50]:  3.7499793426350072e-04  4.3098243850008078e-01  9.0895833371805224e-01  8.9370576521718914e-01  8.6714162926302785e-01  
q[51]:  2.9794701703360495e-04  2.3960520829755017e-01  9.7352649815486625e-01  8.8882139812387601e-02  6.2449478022661695e-02  
q[52]:  8.6912842651951170e-04  1.6278587310472070e-01  9.6867693693541901e-01  3.4975005303691253e-01  1.8839945392917676e-01  
q[53]:  1.7768860091369415e-03  2.9212608235160809e-01  9.6867171777248706e-01  4.8752409521426138e-01  1.1489708143706792e-01  
q[54]:  9.4674710205445490e-04  2.0366675578926338e-01  9.5911422744738817e-01  4.6582875539114788e-01  4.3653694631806017e-01  
q[55]:  1.3298751928077579e-03  1.8971557736642930e-01  9.7405172903454496e-01  8.3067346869275871e-01  6.0517095781821506e-01  
q[56]:  6.8771524578591775e-04  2.2948839541689231e-01  9.7554845666615631e-01  9.4726704862123989e-01  2.7169376948021839e-01  
q[57]:  6.4426249275565718e-04  2.6792549334324711e-01  9.5001829240405622e-01  9.4240325825701776e-01  5.4950230961430713e-01  
q[58]:  3.4355671825765579e-04  4.6018281747359036e-01  9.1409274322765660e-02  5.1879915965563989e-02  3.4343385659211974e-02  
q[59]:  1.3868330355731942e-03  4.7210545499639234e-01  3.3927288941947653e-01  1.9656899017299820e-01  2.8204773202779636e-02  
q[60]:  1.3463733582819073e-03  3.6326965867512223e-01  3.1841300313717369e-01  1.9720106259522380e-01  1.6711589568759147e-01  
q[61]:  1.2426207234832955e-03  6.3842311970715360e-01  4.0839591091767924e-01  3.8363122181279302e-01  1.2413676052655456e-01  
q[62]:  9.2394618417874336e-04  5.0122641928583356e-01  4.9821122116836664e-01  4.5362938044775081e-01  2.5189094279478835e-02  
q[63]:  2.8280090072786757e-03  5.3769019784221950e-01  6.3350379958424274e-01  2.5190070507058393e-01  5.0546453000020607e-02  
q[64]:  1.7851051469244576e-03  5.0181737809702953e-01  5.8316080893105404e-01  2.0270834098702006e-01  1.8620196912388309e-01  
q[65]:  3.2306343538983464e-03  5.1564178990918719e-01  6.7725856099985493e-01  5.4579054700717256e-01  1.8615261777905162e-01  
q[66]:  3.9773006768580536e-03  4.9110539325416025e-01  6.6362555804051682e-01  4.9691373170585446e-01  3.3983151791152794e-01  
q[67]:  1.0925096269230718e-03  5.3910338141174918e-01  6.2352910578289522e-01  5.7871903118913659e-01  5.4743002690873488e-01  
q[68]:  1.1400154059512248e-03  4.8080808932275360e-01  8.0952104665714186e-01  7.6676388523856651e-02  3.3679456588832056e-02  
q[69]:  3.9736902812268823e-03  5.3667558665206716e-01  8.4519134960172060e-01  4.9512379940868612e-01  1.5078104232435940e-01  
q[70]:  2.1846033717835183e-03  5.4293270214757638e-01  8.3750216725147952e-01  4.7246976513033628e-01  4.3956931313493469e-01  
q[71]:  1.8136329186029033e-03  4.4652752612764995e-01  8.0202978989793894e-01  6.6683032036245304e-01  3.4973624216895892e-02  
q[72]:  2.5422906489199685e-03  4.3862077488955742e-01  8.5543252030100836e-01  7.5933812913930265e-01  6.0979579851362453e-01  
q[73]:  1.3851747493578493e-03  5.3168005526770823e-01  8.7662618878569976e-01  8.5478312618235996e-01  1.6216888229880502e-01  
q[74]:  2.6105500052679954e-03  5.6807733415384554e-01  8.4994198314409442e-01  8.0560071009161505e-01  4.1007164732121293e-01  
q[75]:  4.2330965371218098e-04  3.4810187895834960e-01  9.8295407460045914e-01  1.6350300496341233e-01  2.6555371253653277e-02  
q[76]:  1.1229582762616913e-03  5.0674145259117453e-01  9.5943305831053427e-01  2.4077189745617075e-01  2.0081814029095546e-01  
q[77]:  3.1347437438307242e-03  3.8606564016830391e-01  8.4749724865029730e-01  3.4661383651111544e-01  2.1060223330924771e-01  
q[78]:  3.7953024155105996e-04  5.2981303750421993e-01  9.7728262479424621e-01  3.9173097246794403e-01  1.2609652995192104e-03  
q[79]:  1.3220654318704165e-03  4.7723413396689190e-01  9.9569291710029584e-01  5.8235794149039755e-01  4.1734090669369539e-01  
q[80]:  2.2536830071981876e-03  4.4555564333053610e-01  9.6461260530190496e-01  7.5609984394264629e-01  3.3170151090128769e-01  
q[81]:  7.5847806104332614e-04  4.1712518157895945e-01  9.7616037390448152e-01  7.5185103914802365e-01  7.2639772239477118e-01  
q[82]:  3.4203104205050752e-04  3.6638364783456934e-01  9.8271479408687745e-01  9.3716804331965509e-01  3.5064054757240219e-02  
q[83]:  5.6345055239533028e-04  4.9249061611938649e-01  9.8256723746891994e-01  9.5443655560419327e-01  7.7990323762789859e-01  
q[84]:  4.2506434918286883e-04  7.8739658577311888e-01  1.8398807516347906e-01  1.4386447823314188e-01  1.0429033847474170e-02  
q[85]:  5.5665296998689206e-04  7.5401297580414040e-01  2.2534142713685351e-01  2.1659453555886499e-01  1.6247544771591896e-01  
q[86]:  6.6176344991566104e-04  7.2945095718413477e-01  2.8755210869914577e-01  5.1025818422348088e-02  3.5315281838814751e-02  
q[87]:  2.4951312831244681e-03  6.8244277745729076e-01  3.9379981428127497e-01  2.3839416232213884e-01  1.3754781486168186e-01  
q[88]:  5.2230916273870878e-04  5.3590673084560347e-01  3.8689738619823122e-01  3.5779191664372662e-01  3.3929024951683684e-01  
q[89]:  8.3042824707018020e-04  7.8743255797288980e-01  5.9623008786932419e-01  6.3743093522355104e-02  3.1161668097538016e-02  
q[90]:  1.9016785557694046e-03  7.6277287344740152e-01  6.7537657814179286e-01  2.7261508436647375e-01  1.5373219155136375e-01  
q[91]:  2.3704101992690161e-03  7.6821775761043698e-01  5.8934616713645471e-01  4.0270448078581261e-01  5.1502099963417487e-02  
q[92]:  1.5851052842705455e-03  7.7586623084474970e-01  6.1255662185933235e-01  4.0454789396703528e-01  3.7257509678009881e-01  
q[93]:  7.0793887986960260e-04  7.4098182015056901e-01  6.8728296720360627e-01  6.5502421075295292e-01  2.6670155633026972e-02  
q[94]:  1.0845874393715809e-03  8.1662700096571283e-01  6.6174984972354256e-01  6.5210363795575343e-01  2.1251053878100840e-01  
q[95]:  2.0238472442806713e-03  7.4980070771557050e-01  5.9469802709589048e-01  5.5673655678051037e-01  3.8195680511186053e-01  
q[96]:  1.7293525447946406e-03  7.7918052976790031e-01  8.1564763557465925e-01  2.1340305070745430e-01  1.7088242960574382e-01  
q[97]:  3.2153778629590043e-03  7.4078103044989607e-01  8.6341508363642483e-01  5.4909418277087330e-01  3.6778909207176536e-01  
q[98]:  2.5816830993163962e-03  7.9158191815646994e-01  8.6119159056216432e-01  7.2419862394530543e-01  1.6439234901006444e-01  
q[99]:  2.3144245219032839e-03  8.4689821440189084e-01  8.5440180778921404e-01  6.9364328955920573e-01  3.7824427250499343e-01  
q[100]: 1.0337230052240836e-03  7.1273015412706220e-01  8.2604418966879289e-01  6.8455319730018638e-01  6.6931075500333626e-01  
q[101]: 4.9492783110057751e-04  7.3108282736426666e-01  9.1444187749022576e-01  8.6003495093312976e-01  1.7352387333414945e-02  
q[102]: 1.1984513048703667e-03  7.7102615869021107e-01  8.1691183961950387e-01  7.9431291487567912e-01  6.4691619176046822e-01  
q[103]: 4.1271810332791850e-04  7.6814704417148227e-01  9.5444962755802687e-01  6.4390848116260349e-02  3.1909604018448015e-02  
q[104]: 1.5760601454638233e-03  6.8556912842323048e-01  9.6754003898966356e-01  3.2515226784317169e-01  1.3525508352313675e-01  
q[105]: 1.7319914589920655e-03  7.8105281429462514e-01  9.7260677193460976e-01  6.1475397749868455e-01  2.1832518420283981e-01  
q[106]: 8.8562906319277195e-04  7.7363742269154290e-01  9.6470722853076341e-01  4.6060846857710352e-01  4.3157332137944948e-01  
q[107]: 1.1257766021247719e-03  5.4976801760491734e-01  9.7907923641141892e-01  7.0335285863073194e-01  5.1779928953596892e-02  
q[108]: 1.7553388271837208e-03  7.0016154068370406e-01  9.6055037215100436e-01  7.7518696568813772e-01  6.1857182127288268e-01  
q[109]: 6.7356669679028097e-04  6.8042721064274514e-01  9.9419402549046154e-01  9.1181044188887894e-01  1.6547001644352943e-01  
q[110]: 8.5173110825639354e-04  6.6150889645211008e-01  9.9139548191550875e-01  9.2154751976004778e-01  4.5109605897351124e-01  
q[111]: 4.1432287333817750e-04  7.7317682736650206e-01  9.6873405900746912e-01  9.1004754840127211e-01  8.7577028794292144e-01  
q[112]: 3.2433628068838735e-04  9.4994961049675375e-01  1.5610307162608689e-01  8.9016206096434208e-02  5.5814965215901152e-02  
q[113]: 6.4424170256595630e-04  9.7930965709356510e-01  5.0541233892609605e-01  1.4777573562166174e-01  1.1030748108119413e-01  
q[114]: 8.4943303180011964e-04  9.2593893408338579e-01  4.1761970325770104e-01  1.6796652441896007e-01  2.2288821783836659e-02  
q[115]: 5.5590795669080103e-04  8.9196186605360639e-01  3.8944671250602952e-01  2.5845142205928157e-01  2.5043411686913147e-01  
q[116]: 8.9634449677176032e-04  9.6707170461520764e-01  4.0008466514097951e-01  3.3744815722471838e-01  1.6915341180423488e-01  
q[117]: 5.8788874566113392e-04  9.4049537959307028e-01  4.9970903411950651e-01  4.6506257150517410e-01  4.1291331647282675e-01  
q[118]: 6.1870360619671421e-04  9.2956158285834634e-01  4.2301020130900563e-01  3.8200506032446407e-01  3.7324511085183608e-02  
q[119]: 6.5234783502950003e-04  9.0319818106762662e-01  7.1287025849725894e-01  2.2180234807880597e-01  7.4289474470334363e-03  
q[120]: 1.9597328033320242e-03  8.8960054600915262e-01  6.2075266522575268e-01  3.7585857835262854e-01  2.2130488360952522e-01  
q[121]: 4.1415011957025068e-04  9.7785397147304265e-01  7.2153605781458707e-01  5.2097686267155896e-01  1.5214699140103356e-02  
q[122]: 1.4491989904761651e-03  9.1486548470614049e-01  6.5882277788316401e-01  5.3269994074204774e-01  1.8996372856585481e-01  
q[123]: 3.9496841965163922e-04  9.7164574001223647e-01  8.0844395024589522e-01  8.7642796879627644e-02  4.2995904490408000e-02  
q[124]: 1.1192316450513871e-03  6.4789484960443444e-01  8.8092950248150337e-01  2.4116110712402475e-01  2.0030782373408242e-02  
q[125]: 1.2485738069991333e-03  9.8830962396422017e-01  7.9970716999860236e-01  4.4804747708813214e-01  1.4348736628868677e-01  
q[126]: 8.3586793155649428e-04  9.6315083991121109e-01  7.8479628219293907e-01  3.6733432872478650e-01  3.3793573756648748e-01  
q[127]: 1.6442769687888890e-03  7.6351121855481685e-01  8.4803514289088899e-01  5.3025676170756397e-01  3.2133094133663338e-02  
q[128]: 1.4192851575453177e-03  9.5061699556376789e-01  7.6924714093395741e-01  6.1636758695397498e-01  5.2551982918547391e-01  
q[129]: 6.2374891945450009e-04  9.6595103381850922e-01  7.6846700893202691e-01  7.2149442324838631e-01  7.7575480095123245e-02  
q[130]: 6.5744048532275531e-04  9.9434872423861442e-01  7.6688402231293273e-01  7.2463130678224486e-01  4.1603794082030360e-01  
q[131]: 2.4125014507579327e-04  9.1868212597977228e-01  7.5698551499786337e-01  7.3804593644985561e-01  7.2392183643391261e-01  
q[132]: 3.8854043479516541e-04  9.4438403539054816e-01  9.6744047585511361e-01  2.0584447247546442e-01  4.1934793754171341e-02  
q[133]: 3.0846728540250099e-04  9.4353818541098544e-01  9.6765668345601530e-01  2.0799687438261283e-01  1.8331615954482833e-01  
q[134]: 1.1998139451352119e-03  8.7795903477093418e-01  8.3253979614003548e-01  2.8617730588603840e-01  9.3252716992564516e-02  
q[135]: 8.5315473240820479e-04  9.2047605730237081e-01  9.6095739617216858e-01  4.8744083129761195e-01  5.1635539198466793e-02  
q[136]: 1.2372973057131142e-03  9.4458065402576541e-01  9.5104069302460348e-01  4.5595271528332204e-01  3.0019788497881944e-01  
q[137]: 5.0935995085426059e-04  9.2534578495986564e-01  9.5516679342729849e-01  7.8001149249853907e-01  3.2451229870015544e-02  
q[138]: 6.7877604114649677e-04  9.7173431380762454e-01  9.5976603269475336e-01  7.8143164126544717e-01  2.1148723805832478e-01  
q[139]: 7.4315215998643389e-04  9.2613620280265851e-01  9.5424849074271190e-01  6.8467940675505778e-01  6.4018598349663125e-01  
q[140]: 2.0085442669974442e-04  9.2797015750180545e-01  9.6030448448859795e-01  9.5016394746766797e-01  7.8633079442151574e-02  
q[141]: 7.1787570125738569e-04  9.1100231372806884e-01  9.3637382545040415e-01  9.1432061107135232e-01  3.2670140526795338e-01  
q[142]: 6.6588080996522118e-04  9.6419280394675344e-01  9.7602261729383866e-01  7.7353942353780225e-01  4.8137048245252162e-01  
q[143]: 7.5995112826966033e-04  8.8641643110781176e-01  9.5437524307909460e-01  9.1839854873526949e-01  6.3567250447171919e-01  
q[144]: 2.8475294739770720e-04  9.7588705433330902e-01  9.4671546857556166e-01  8.9658080923547956e-01  8.1752202880337155e-01  

