deg: 13
dim: 4
nodes: 482
efficiency: 0.987552

q[0]:   4.5133234537630185e-05  2.5917506794853464e-02  1.3769358200921847e-01  1.2008218889741931e-01  9.4737997825874928e-02  
q[1]:   1.1534270266959632e-04  3.9872986574208846e-02  2.1214922381822324e-01  1.8426404112842698e-01  3.0462349486852024e-02  
q[2]:   2.5722878302461368e-05  1.1774785480224237e-02  1.3311877488881979e-01  3.2165531731611199e-02  1.5570423027808110e-02  
q[3]:   7.5788403258661855e-05  3.2241923757246674e-02  2.8880278281394428e-01  1.1417341498271219e-01  5.3662218943352560e-03  
q[4]:   1.0910686693334574e-04  2.0825109197212888e-01  1.8931363661629788e-01  7.7272147580606881e-02  7.1359591566145811e-02  
q[5]:   2.2465275694739817e-04  1.2845487387664489e-01  3.6804419003899036e-01  3.5943684649022789e-01  1.1154197696666628e-01  
q[6]:   1.6165219166662051e-04  1.7303307736441995e-02  3.3610013812277495e-01  2.8645410246215486e-01  1.6022938359557265e-01  
q[7]:   1.9008680669918009e-04  3.7353953138527476e-02  3.0723717107250620e-01  1.5572194841523931e-01  1.2547526713334536e-01  
q[8]:   2.1671912729744584e-04  5.6565011652134640e-03  4.7285899434448114e-01  2.1456079790348978e-01  7.5592314274990829e-02  
q[9]:   4.7389838859194724e-04  6.9094344889014767e-02  4.7597163608153320e-01  3.2907663854906499e-01  2.1814495031946124e-01  
q[10]:  1.3145937978620027e-04  1.7548527982431790e-02  4.3446861508249129e-01  3.7766114670737194e-01  3.5239037192819561e-01  
q[11]:  1.7390497471562549e-04  3.8325935860702785e-02  4.3935480071879601e-01  3.1868033782348781e-01  1.7471624710532319e-02  
q[12]:  7.1172888050165213e-05  4.8387714866250854e-02  4.3792663479779803e-01  4.2785252236969218e-01  2.2713544788591458e-02  
q[13]:  3.1294043227931032e-04  4.9538413199277022e-02  5.4969595539792915e-01  5.1351775238288133e-01  2.8268579248096914e-01  
q[14]:  6.1878900950044759e-05  2.8657959321430074e-02  5.6291556805559206e-01  3.7195700793081231e-02  5.7074954453101324e-03  
q[15]:  1.1450840070703812e-04  1.2615892545265107e-02  5.1145364139363103e-01  1.1973574318004329e-01  1.0365338072127808e-01  
q[16]:  1.3919863758934302e-04  1.4047414046551545e-02  6.9461333721736551e-01  2.3830785770665922e-01  2.1345581161403497e-02  
q[17]:  2.9208161082424879e-04  8.9026187644617616e-02  5.2822766800434462e-01  1.4843046189262138e-01  2.3918959051198379e-02  
q[18]:  6.9676089470451462e-04  1.0311622730574532e-01  5.9562647359078003e-01  2.9372642316582204e-01  1.6270568872418600e-01  
q[19]:  2.8851974081800763e-04  3.1387904955619980e-02  6.9211815898513818e-01  4.5454959794173005e-01  3.1774208895292082e-02  
q[20]:  2.5462789088829104e-04  1.6090905447024777e-02  6.1053607916815333e-01  3.5532183170815990e-01  3.1353639835770664e-01  
q[21]:  1.5273586570903281e-04  1.3592687842324023e-04  5.0349920704132445e-01  4.4906252862811419e-01  1.1707199582816963e-01  
q[22]:  4.1259605732757513e-04  1.6977390423445992e-02  7.1107453015115241e-01  5.7190136304890116e-01  2.7046240584395631e-01  
q[23]:  4.0712717359472005e-04  3.5060398612520714e-02  6.6612871413101504e-01  5.3500464877397669e-01  4.0884566213101936e-01  
q[24]:  3.9695893544809002e-04  1.4570421098285213e-01  5.9099800656289492e-01  4.6913460229320642e-01  4.4840065146036356e-01  
q[25]:  9.9086640782124471e-05  2.1154656079554603e-02  6.7778734065626811e-01  6.1413544109826534e-01  1.2550818550936536e-02  
q[26]:  5.0257535168703616e-04  1.6693464820339315e-01  6.9594673615067060e-01  6.6883973434986488e-01  4.1730369448707932e-01  
q[27]:  8.9657872770201514e-05  6.3500359093438360e-02  6.1503908411302488e-01  5.9913989192814676e-01  5.8054336270620988e-01  
q[28]:  7.5748499381145696e-05  2.8150554879349216e-02  7.8656422349360233e-01  5.8240092220713503e-02  2.2874349367524763e-02  
q[29]:  2.1251229086752382e-04  1.7331404620504080e-02  8.0897444587708334e-01  2.0473061782851859e-01  8.7215929468091632e-02  
q[30]:  4.4886165555847057e-04  2.8710918137601935e-02  7.5178372073747968e-01  3.9124275876645942e-01  1.3269824303022001e-01  
q[31]:  4.0543730295817962e-04  2.9144219306348407e-02  7.5704305369501645e-01  3.5212754672659458e-01  2.5819193203356949e-01  
q[32]:  1.9909972782099206e-04  8.0842735338390884e-02  7.0568248402073697e-01  2.2182957314776663e-01  2.1700226367940637e-01  
q[33]:  2.6900643602655445e-04  6.0437316045480376e-03  8.9160376751068104e-01  5.9925917089098135e-01  4.0971456221545149e-01  
q[34]:  6.0033206095849007e-04  9.4674198322333369e-02  7.2349203096858861e-01  5.9353448441409207e-01  9.6190785289665751e-02  
q[35]:  1.6105114328276526e-04  1.3642965770192075e-02  7.5635586576870872e-01  6.5358617095531957e-01  6.2508387157333789e-01  
q[36]:  1.9319479627242952e-04  3.2944515206461925e-02  7.1697485481586398e-01  6.9788268833601053e-01  1.4285988032089000e-01  
q[37]:  6.0587081685834951e-04  1.2071293626489206e-01  7.8085871011735908e-01  7.0943969725475498e-01  2.6227977050400664e-01  
q[38]:  2.2085744682548701e-04  2.3082846600936787e-02  8.0968851933537278e-01  7.8549127211379555e-01  4.0622022997754326e-01  
q[39]:  9.6683497288465461e-05  1.5436518023148252e-02  6.6369070622251047e-01  6.5683026073385131e-01  5.1515537681476853e-01  
q[40]:  1.1987622742268380e-04  2.4458846232908414e-02  8.5412685295905977e-01  1.5424429133744075e-01  1.3901441019452812e-01  
q[41]:  2.2248550805297021e-04  1.3074345002224758e-01  7.7891348753462741e-01  1.5120288921247019e-01  8.8191904297414709e-03  
q[42]:  4.6720355181107965e-04  5.2447639975011902e-02  9.1644702914406917e-01  3.7530981072132535e-01  2.3170728804587359e-01  
q[43]:  1.8632546171905092e-04  5.5895877408633152e-02  8.4724660295035237e-01  3.8146597001290194e-01  1.0125973756798166e-02  
q[44]:  4.0881952370640717e-04  3.2584201170330153e-02  8.8901266660443523e-01  6.8210574596290141e-01  2.4125452489747368e-01  
q[45]:  8.6135925430222608e-05  1.9311800980089295e-02  9.9369842729301949e-01  5.4512134865860273e-01  4.5197564761635078e-01  
q[46]:  1.7470541763457605e-04  1.8090913961562240e-02  8.8484952233596603e-01  4.4525192324718821e-01  4.2021216791063803e-01  
q[47]:  2.1067521201548678e-04  3.7409108969666725e-02  8.8366489860643616e-01  6.3925531190735674e-01  2.4012803195611492e-02  
q[48]:  1.8044689034979236e-04  2.8359260689514044e-03  8.5965590875501674e-01  7.4404613735860392e-01  1.2165524016492395e-01  
q[49]:  1.2606755874652206e-04  4.8685670436144669e-02  8.4303229039812022e-01  8.1271606339334812e-01  3.6060975609207457e-02  
q[50]:  1.7294562144389825e-04  3.6614042155438481e-02  9.0538957530911168e-01  8.7035848583598863e-01  2.8245873117892684e-01  
q[51]:  5.6713134429425480e-04  5.3124051508826917e-02  8.4665094340971436e-01  7.3270237058552923e-01  5.2212130449278848e-01  
q[52]:  1.5112815341606972e-04  3.6913129618686792e-02  8.5988953196451567e-01  8.3964630829724984e-01  6.9994423365691272e-01  
q[53]:  8.5130273209258961e-05  5.2682752103428050e-02  8.7146137575359561e-01  8.4956379566000539e-01  8.2346314282056976e-01  
q[54]:  4.8146655474022461e-05  3.2556881176910475e-02  9.6007984089875642e-01  5.4379533115086504e-02  2.7518189213759866e-02  
q[55]:  1.3357049747371135e-04  3.8911135896713023e-02  9.2915957896460122e-01  1.8520889601338311e-01  1.9829716051754147e-02  
q[56]:  8.6073911301797493e-05  8.1077474392262285e-03  9.7818990754617785e-01  2.3210980432542144e-01  1.3694915829326987e-01  
q[57]:  5.0229995773467233e-05  9.4327562038103632e-03  9.8469462662895646e-01  3.7471038735265921e-01  2.7294862769057397e-02  
q[58]:  2.3288412069388771e-04  9.1787567003257978e-02  9.8280427690731609e-01  3.6354613135103520e-01  1.1580166240553678e-01  
q[59]:  2.3643597650699046e-04  4.9759169429574111e-02  9.8024315282450125e-01  5.2542508777957786e-01  2.6985028241305953e-01  
q[60]:  1.1435116262190160e-04  4.6701277896068448e-02  9.7244703826821866e-01  3.2197578303547958e-01  2.9766312722966876e-01  
q[61]:  2.0161232913242178e-04  9.9695817332962370e-04  9.3011506920901443e-01  5.0778212839391246e-01  1.1765074084792014e-01  
q[62]:  1.1095057502359028e-04  4.2745287995354847e-02  9.8380297018119733e-01  6.4412310814464069e-01  4.3401317051334501e-02  
q[63]:  1.7742388530689825e-04  4.9230405987370128e-02  9.8137765208155103e-01  7.8136884650991101e-01  1.4374256078153574e-01  
q[64]:  2.0888145330051484e-04  4.1422664606011593e-02  9.7714076956001950e-01  7.3617129085236899e-01  4.7010108638668718e-01  
q[65]:  1.0135309562859507e-04  3.7033502464449870e-02  9.7157645026588946e-01  6.8775268160132808e-01  6.6418055737449566e-01  
q[66]:  6.6699804403159838e-05  3.1312784536224499e-02  9.7355278534358569e-01  8.5008140201577342e-01  2.2579098813410713e-02  
q[67]:  1.2037584364119712e-04  1.1633421578003888e-02  9.8124324028841237e-01  8.4629045840219186e-01  3.8222589408503599e-01  
q[68]:  6.1423471100593909e-04  1.0709248774886149e-01  9.1854054084316561e-01  8.0754585043580740e-01  4.0963792160406765e-01  
q[69]:  1.0956057439119842e-04  4.7330127664028672e-04  9.6014243694460533e-01  8.3951272493384421e-01  7.2027664273771497e-01  
q[70]:  7.9186227946442426e-05  5.7680817415773467e-02  9.4173779434590477e-01  8.1927137584764576e-01  8.0981188814093108e-01  
q[71]:  2.4329027415581771e-05  1.1612092097821153e-02  9.5841398874617545e-01  9.4802067790808697e-01  4.0746133734684276e-02  
q[72]:  8.0462750443877168e-05  2.3277323624817485e-02  9.7570056077770606e-01  9.4312877892716196e-01  2.2179132947077290e-01  
q[73]:  1.2405792049674207e-04  2.2023954294000895e-02  9.6082613136024375e-01  9.3265941531957719e-01  5.9049897279192964e-01  
q[74]:  2.4886286868720792e-04  1.1149828422776080e-01  9.8101505887441853e-01  8.8721365884264958e-01  6.3808754773938314e-01  
q[75]:  2.6253357006786439e-05  2.4943029001655084e-02  9.8317095955448297e-01  9.5595893391514930e-01  9.2022040374316938e-01  
q[76]:  6.0416797652193908e-05  1.2762289768371149e-01  7.2095617690270133e-02  4.9348670273526150e-02  1.6363294173618922e-02  
q[77]:  2.7517389707618637e-04  2.0830574586963979e-01  2.4168699050244144e-01  2.2084027182064847e-01  1.3643711879422302e-01  
q[78]:  2.7011057178636852e-04  1.2608346447219898e-01  2.3611010202337615e-01  1.3766869369088422e-01  6.3650250262565600e-02  
q[79]:  1.5711443469391758e-04  2.1445551249792352e-01  3.1712091396240499e-01  2.8485968395506245e-01  1.0317979541173566e-02  
q[80]:  1.3410588473487226e-04  1.1832123813366947e-01  2.6354284016130758e-01  2.2888414735878063e-01  2.1700756111007136e-01  
q[81]:  1.8411222772921073e-04  8.9096007722020074e-02  3.3104084609556644e-01  5.2410374400060480e-02  2.8335802854650479e-02  
q[82]:  3.8343724867234523e-04  2.4074636782504397e-01  3.8930292960823509e-01  1.3684899693529837e-01  3.0231336665270132e-02  
q[83]:  3.4502659738618605e-04  1.4120333094237489e-01  5.6642532187871220e-01  2.8787386677426019e-01  1.2600143296786000e-02  
q[84]:  2.9804124154496781e-04  1.2730246488694444e-01  4.5293172716293739e-01  2.5104862546878881e-01  2.3924407689389571e-01  
q[85]:  5.2281657460743526e-04  1.2177028409149558e-01  4.0356827786965854e-01  2.7831970574857823e-01  7.1392356893624692e-02  
q[86]:  1.0053549470139369e-04  6.6253100778766491e-02  3.8074189810853215e-01  3.7901713504818269e-01  2.8752294291630548e-01  
q[87]:  1.7003692811884836e-04  2.4186518192704032e-01  4.4566521241452334e-01  4.3411259146460041e-01  4.1091810353193020e-01  
q[88]:  6.4016355345349193e-04  2.0905272874577788e-01  4.9272471805557388e-01  1.6722528750855059e-01  1.2873032874409604e-01  
q[89]:  8.8357559334026337e-04  2.0183934347611399e-01  7.1769141625859678e-01  2.8832938836186961e-01  6.4368122591861532e-02  
q[90]:  5.4896317106585470e-04  6.9723641142739115e-02  6.1920003998597328e-01  4.2708274595616613e-01  1.2646433841688970e-01  
q[91]:  9.2799998765715418e-04  3.0131618923223030e-01  6.2390554108582696e-01  3.8498305421478590e-01  2.2576972779164273e-01  
q[92]:  2.8131274213012643e-04  1.1087925992037476e-01  5.6345008375870076e-01  5.2019670960391218e-01  6.4375946153517813e-02  
q[93]:  3.7143883261641270e-04  2.2020500064112422e-01  5.5583641009736329e-01  4.5381137003259669e-01  1.8477329337720973e-02  
q[94]:  4.1821580942742346e-04  1.8283580725194046e-01  4.9278945944472752e-01  4.0893068223974766e-01  1.7888868435057750e-01  
q[95]:  1.2791062987603345e-04  1.6510797736791669e-01  6.7576865234360339e-01  6.6980789536046570e-01  2.7441051767738280e-02  
q[96]:  2.1939594189445411e-04  1.0615427156388058e-01  6.1966769788159448e-01  6.1018296504869518e-01  2.3485563099747053e-01  
q[97]:  2.5260556894318085e-04  1.0960260975495227e-01  5.7437889665131614e-01  5.3280388777413956e-01  4.3918915833104316e-01  
q[98]:  1.4826324913650322e-04  1.8086884083042687e-01  6.9227759886370732e-01  5.0535675284685375e-02  4.8000041937983531e-02  
q[99]:  4.9183886937092299e-04  9.1387670729586701e-02  6.6781277743628453e-01  1.4991202258006781e-01  8.8924185831734850e-02  
q[100]: 8.6485312612994390e-04  2.3046963794645020e-01  7.9294922026797199e-01  2.9359149666695511e-01  1.7813258424689438e-01  
q[101]: 5.6973885103224671e-04  2.3722283915395453e-01  7.7751850027228009e-01  4.4722659772647910e-01  2.6165479786760548e-02  
q[102]: 8.0464905835869846e-04  1.1133062805542680e-01  8.2405787925825824e-01  5.2015033357939544e-01  2.5536202402503527e-01  
q[103]: 5.5151148596102140e-04  1.4579185410340462e-01  9.4759094247534748e-01  5.4143325774957762e-01  4.4439951240091735e-01  
q[104]: 5.2542855629008429e-04  2.1546836954227983e-01  7.0490988023220724e-01  3.4943281931014675e-01  3.0052202526241700e-01  
q[105]: 2.9642873173560370e-04  2.1133025356590027e-01  7.5157539858011635e-01  6.0033137721116592e-01  9.8397864300642599e-03  
q[106]: 7.7373073696195601e-04  1.4319311857776787e-01  7.9190772160105094e-01  5.1348904863157940e-01  4.0402617140324820e-01  
q[107]: 2.4335879984620391e-04  1.0003159496931506e-01  7.4335505500747645e-01  4.6986203478318272e-01  4.6269710774568018e-01  
q[108]: 8.4286812197048404e-04  2.5005164289079401e-01  8.2214460214297025e-01  6.7678802099376723e-01  3.3613746834474317e-01  
q[109]: 9.9130837350576992e-04  3.3764028295470622e-01  7.2468932432110855e-01  6.4853800080184443e-01  4.0212858049809119e-01  
q[110]: 4.7727983231005708e-04  1.5304314693418733e-01  7.4401227565435857e-01  6.8201528291787139e-01  5.7908780808111116e-01  
q[111]: 1.7310516712270427e-04  1.8682443298337570e-01  7.5937928192044224e-01  7.3900811772740993e-01  7.0929222781906875e-01  
q[112]: 1.2925321349018570e-04  1.4752679286474696e-01  8.6335438107731310e-01  4.8136630940939083e-02  2.1260083176608050e-02  
q[113]: 4.3494689834296850e-04  1.5497747286182756e-01  9.0752005182235518e-01  1.7906372993433278e-01  9.6730788084192665e-02  
q[114]: 4.4694726405288611e-04  9.5280791552695074e-02  8.8917315159733157e-01  3.2729522695902907e-01  6.8006246849740520e-02  
q[115]: 4.7783432587419737e-04  1.4452650999150604e-01  8.7299550761170153e-01  3.0172450836667147e-01  2.6612392904952792e-01  
q[116]: 7.6779514948365261e-04  1.2194107890970683e-01  8.6064391371462745e-01  5.5130640343466786e-01  9.8434977532553966e-02  
q[117]: 4.5320998011883580e-04  1.3092906445180430e-01  9.1071773462262917e-01  5.9185193725052998e-01  3.3144034166380498e-01  
q[118]: 5.3531915544800541e-04  2.2795230512327164e-01  9.4346182429663761e-01  7.1084168689727778e-01  8.3022355831025865e-02  
q[119]: 1.9180672628914754e-04  1.8270074351165144e-01  9.1084710904279997e-01  9.0576601526978939e-01  3.9832122200673287e-01  
q[120]: 4.2603962587346408e-04  6.5952413766033793e-02  8.6553160045795297e-01  6.3285832417006715e-01  5.7773030680531490e-01  
q[121]: 2.8072775028019912e-04  1.3692010452821585e-01  8.7596711079959455e-01  7.6895074808851704e-01  2.7038353728389745e-02  
q[122]: 5.5480854743104272e-04  1.6287942886899762e-01  8.8615029613766982e-01  7.5907587025788248e-01  1.7048596823873358e-01  
q[123]: 4.5172049342363660e-04  1.6069755516115816e-01  9.0721026404209482e-01  8.1568239921668151e-01  7.3558165316022539e-01  
q[124]: 2.3856325246175215e-04  2.3691637163032625e-01  8.3961171404579404e-01  7.0951747051046610e-01  7.0285747593973147e-01  
q[125]: 2.4870622223065051e-04  1.2818314255206401e-01  8.7911129196063431e-01  8.6486709864365785e-01  1.5121621993027767e-01  
q[126]: 4.3597482197156779e-04  1.7917034170214943e-01  8.6858572443684579e-01  8.4700130496324111e-01  5.8002648356072362e-01  
q[127]: 1.0534627271275238e-04  1.1388425307691075e-01  9.7457713416126945e-01  1.4364445310343157e-01  1.2862074821384908e-01  
q[128]: 7.6789527506919344e-05  1.1478716357189199e-01  9.9137962877351826e-01  1.4654141085515862e-01  2.8791356839688111e-02  
q[129]: 1.6170142282973955e-04  2.2016526338654949e-01  9.8012102251920585e-01  3.0526519259281937e-01  1.8045495401488990e-02  
q[130]: 3.2851082789963384e-04  2.0469064433174389e-01  9.8609107202145552e-01  3.5542298081134571e-01  2.5835122279927147e-01  
q[131]: 1.8937566918418548e-04  1.2645691567094255e-01  9.5763769215200245e-01  4.9699841355927243e-01  1.5310901835671032e-02  
q[132]: 3.8097569022676645e-04  1.9669519984413800e-01  9.8348523672414911e-01  5.3624581986844055e-01  1.0744980893891097e-01  
q[133]: 3.1896315644904167e-04  8.4445632794769659e-02  9.7979828785925227e-01  6.6881466783856658e-01  2.3223494387258681e-01  
q[134]: 1.1279992697913569e-04  1.4562170320231910e-01  9.7999771745540065e-01  4.9893606234799648e-01  4.8951119221188016e-01  
q[135]: 1.1747545971019397e-04  2.0661613079356989e-01  9.8167803135748100e-01  7.4085480298041673e-01  1.0905829367128739e-02  
q[136]: 8.2113144596588923e-04  2.5897372769263111e-01  9.0335537694403623e-01  7.1184992502795397e-01  5.0408337576143469e-01  
q[137]: 3.0911226619043228e-04  1.1573439695355334e-01  9.7705992036581857e-01  7.4129568228367759e-01  6.0806031052641174e-01  
q[138]: 1.7066559892541178e-04  8.5269008392655513e-02  9.6846318324883585e-01  8.8423648921306086e-01  1.0781802503572165e-01  
q[139]: 1.4434012990712148e-04  2.8995351807577441e-01  9.8534900956193461e-01  9.6956411397432241e-01  2.3555179945882615e-01  
q[140]: 2.8954729751826873e-04  2.8757846408638565e-01  9.8817433397731946e-01  8.9585623646324863e-01  5.0137067685004810e-01  
q[141]: 7.9420264517987208e-05  1.3889957170628406e-01  9.9626355931602317e-01  8.7921343936244545e-01  8.3626247608729576e-01  
q[142]: 5.0058711484124458e-05  1.7817436284620231e-01  9.7379699932948394e-01  9.3621507088324518e-01  4.9026107235752864e-03  
q[143]: 1.3424955138128793e-04  1.0191877734110921e-01  9.8464589239803002e-01  9.6071834363849207e-01  4.2164560197106199e-01  
q[144]: 1.0807122550995196e-04  8.9037829293990650e-02  9.7652011277951722e-01  9.5839909164734238e-01  8.0647149854109068e-01  
q[145]: 8.7407890993715181e-05  2.2591680707301307e-01  9.6412914845140718e-01  9.4231646004822145e-01  9.2180554643238899e-01  
q[146]: 1.1712537357893562e-04  3.6348238100861602e-01  1.1226525187866197e-01  8.8398059253021882e-02  7.3581558134169153e-02  
q[147]: 1.2418438137972308e-04  3.5197653594224720e-01  1.5549988288335603e-01  1.4672408339283782e-01  2.7458357061367889e-02  
q[148]: 9.1307920138062367e-05  2.9917155934954787e-01  1.6774740152059670e-01  2.9057740714084491e-02  8.7266677813788978e-03  
q[149]: 1.6546190178862597e-04  2.5148764974714388e-01  2.3131892841817159e-01  1.3477426427498898e-01  9.7616979280654645e-03  
q[150]: 3.1519031855305879e-04  4.2206232568236407e-01  3.1771030218186380e-01  9.6580453781578188e-02  8.1486971976867592e-02  
q[151]: 5.9513682324775568e-04  3.0250898949435950e-01  3.8404748788784954e-01  2.1389207178898573e-01  1.1469004794817414e-01  
q[152]: 6.6203399389265527e-04  2.1527106217981440e-01  4.6757927393963378e-01  3.9598666170814428e-01  2.9110459229148367e-01  
q[153]: 5.3121003989522249e-04  3.4015855807595602e-01  3.4268749274035548e-01  2.4841854867730742e-01  2.1556723615068496e-01  
q[154]: 3.9104640889385306e-04  4.0489726078983368e-01  4.2571934578009235e-01  2.3473229016166866e-01  1.2724587377727525e-02  
q[155]: 1.6820350568884764e-04  3.9999632295678916e-01  5.1300233137359696e-01  4.8989166495715436e-01  1.1271600295141486e-02  
q[156]: 5.1940114082512224e-04  3.4783013156383380e-01  3.9361133606422988e-01  3.3782893956008797e-01  7.1919950240424357e-02  
q[157]: 4.2564063437985493e-04  3.4539520039413230e-01  4.8086134765151006e-01  4.7048727441197025e-01  2.7264984032149625e-01  
q[158]: 4.2013698767849145e-04  3.6451351195723669e-01  5.9139744088287083e-01  5.7121145603302736e-01  4.7116150941112400e-01  
q[159]: 1.5116607862863135e-04  2.5426766726575084e-01  4.6685891810523616e-01  3.5244871744777459e-02  2.3678967218511059e-02  
q[160]: 3.4557147152013931e-04  3.9962892546805595e-01  5.0561684644345295e-01  1.1448601890099024e-01  2.1268039939658225e-02  
q[161]: 4.6812972443925627e-04  3.4372452930036940e-01  6.3442837436041699e-01  2.8004739556915692e-01  2.6351301953721679e-01  
q[162]: 1.0321315452796634e-03  3.0028089939904862e-01  5.9099477228686925e-01  3.5698692916726377e-01  8.0484870190343727e-02  
q[163]: 8.3303365634553918e-04  1.7058067150475256e-01  6.8832070867038742e-01  5.0647012304408157e-01  3.1109007248351084e-01  
q[164]: 7.8583470542848517e-04  3.6301330078332827e-01  5.7902272098057062e-01  3.9930705546530687e-01  3.4844238630887037e-01  
q[165]: 3.5637895091271778e-04  3.3844027249449649e-01  5.5358242904640742e-01  5.4277994157656240e-01  1.1216719812316553e-01  
q[166]: 7.8893724536436237e-04  2.3697159272829815e-01  6.1157663593185629e-01  5.3091609744251655e-01  1.7646650233366978e-01  
q[167]: 2.7082827199521756e-04  3.6476933717757276e-01  6.6164314586998363e-01  5.9224556488224045e-01  5.7995515584980395e-01  
q[168]: 3.0244516281097475e-04  2.7769240558042835e-01  6.4144088407078848e-01  8.9060087828190346e-02  1.9169566645319044e-02  
q[169]: 3.3303231926162753e-04  4.0369773018848287e-01  7.2744688084629427e-01  2.4716673892949939e-01  7.8000654227395692e-03  
q[170]: 4.9157277336545101e-04  1.9388778378045782e-01  8.7352210529018737e-01  3.9992388926923894e-01  1.4675379148822851e-01  
q[171]: 6.2979589255675501e-04  3.6478343908584110e-01  7.5055609890365893e-01  1.7590188708020307e-01  1.4168032601139621e-01  
q[172]: 1.3120834237700908e-03  3.0689462768890763e-01  7.7059418160966286e-01  5.5034013546451066e-01  1.6547576175668341e-01  
q[173]: 9.1103223552959939e-04  3.0530409975494499e-01  7.5594061577186888e-01  5.8545440712399810e-01  5.0732485987631815e-01  
q[174]: 6.6431197818123914e-04  2.9224256060968995e-01  7.5701803612431517e-01  7.0728458877584655e-01  9.0519579970029143e-02  
q[175]: 5.0382393127043916e-04  3.0478087812506377e-01  7.8098337167335585e-01  7.6506386719218744e-01  2.6242039656585775e-01  
q[176]: 3.2158402970307754e-04  4.7700007306790043e-01  7.7772525941313730e-01  7.7357580929999725e-01  4.5052513470537403e-01  
q[177]: 2.3911440804030092e-04  3.5019637998420838e-01  7.7321542923265529e-01  7.6769566567460445e-01  6.4820797128295271e-01  
q[178]: 2.4660297158966962e-04  3.0077176824403384e-01  8.8035575522869658e-01  1.3435298375840990e-01  1.1932677135354307e-01  
q[179]: 1.4680694534526548e-04  3.1815490259801615e-01  9.1960603251185202e-01  1.1175707174352380e-01  5.3918021981564888e-03  
q[180]: 3.2927851427473024e-04  3.4301249839115572e-01  9.1354448640650399e-01  2.6711626593796839e-01  7.7876534677069217e-02  
q[181]: 3.6364044794876758e-04  3.1531670134306372e-01  8.9614065678470101e-01  3.0799954303911226e-01  1.7718941692032128e-02  
q[182]: 8.4702008482807054e-04  3.0435415012460637e-01  9.2976768289561673e-01  4.6533949793299617e-01  2.1751762661596255e-01  
q[183]: 6.7678453024538345e-04  3.8335856048780403e-01  9.2277181553676357e-01  4.8981342505063896e-01  6.6627299600552470e-02  
q[184]: 8.5702037028639953e-04  2.9672666150459387e-01  9.4057023145921015e-01  6.5593394440707620e-01  2.4110832573091714e-01  
q[185]: 8.4734325556473286e-04  3.4156685798223652e-01  9.0083017268953658e-01  4.9669121863585564e-01  3.8379403000235102e-01  
q[186]: 4.1795182059223377e-04  2.9415503664064613e-01  8.5510032619225884e-01  4.2449921771336691e-01  4.0822928700618022e-01  
q[187]: 2.7740870571928643e-04  3.5289966169147924e-01  9.0000122557020001e-01  5.9094167222700211e-01  7.3649752658360105e-03  
q[188]: 1.0719173366087536e-03  4.8485022059538940e-01  8.2774052058656844e-01  5.9978005932827760e-01  3.9507813121801788e-01  
q[189]: 2.1367723214870166e-04  2.4071086866755823e-01  9.2611941515497886e-01  6.2003134637930912e-01  6.1118025335569737e-01  
q[190]: 7.2454137522222264e-04  4.7288618545861721e-01  9.1264965194111825e-01  7.4419900909987946e-01  1.9343423834044229e-01  
q[191]: 9.1072314724320401e-05  2.7485420989650383e-01  8.7122282614810853e-01  8.5819821014660946e-01  1.3330728047039614e-02  
q[192]: 3.1201117008801350e-04  3.1573743607666527e-01  9.1869461348427528e-01  8.4777052951440290e-01  9.3961121899924227e-02  
q[193]: 5.8440222101127702e-04  3.3249761233815656e-01  9.2153629289437988e-01  8.5738855215529142e-01  2.7637287995406873e-01  
q[194]: 5.1260635382919379e-04  3.3016436232949581e-01  9.2216856120036705e-01  8.2965044034001900e-01  6.1375936009355780e-01  
q[195]: 2.0257582042006639e-04  3.1010275500294004e-01  9.2825210029442706e-01  9.1390472244762666e-01  8.0444491391490458e-01  
q[196]: 6.1690147049116387e-05  2.6199973371439200e-01  9.8121082117200686e-01  4.4989147527388411e-02  2.1429835475677714e-02  
q[197]: 2.5870330000966576e-04  2.8378000598391678e-01  9.7789682261062671e-01  2.3285446650143499e-01  1.0203999303669464e-01  
q[198]: 4.2726577336606587e-04  4.3177245893715754e-01  9.8160136481636351e-01  3.9596329593850493e-01  1.4059700067494135e-01  
q[199]: 2.3023268978035613e-04  3.3579498762749349e-01  9.6438668000075567e-01  2.9687386522358133e-01  2.8323419452735460e-01  
q[200]: 3.0927961631067137e-04  2.7269490995702722e-01  9.9271867085680232e-01  5.6568101714294439e-01  3.5544622497865758e-01  
q[201]: 3.2944398335081978e-04  4.1380306914850284e-01  9.8969173070972283e-01  7.1754026103368584e-01  1.2395202022613686e-01  
q[202]: 4.1762570636964911e-04  2.3014941409201359e-01  9.8079535183558553e-01  7.3906465882004457e-01  4.1777066143216729e-01  
q[203]: 5.3329443015498555e-04  3.3904629464343322e-01  9.3130036210257472e-01  7.1603824723897669e-01  6.3576838165230343e-01  
q[204]: 1.1773305284444028e-04  2.6454947794198874e-01  9.9673502009634840e-01  7.3033169472924386e-01  6.8700498141971111e-01  
q[205]: 3.9089570292100373e-04  1.8799397590269520e-01  9.8124053385555776e-01  8.6085218375967887e-01  2.6850751688329927e-01  
q[206]: 7.2015138495390245e-04  4.0864247054466701e-01  9.0941826288409244e-01  8.6134396213312814e-01  4.5628021759461551e-01  
q[207]: 2.2554300328112565e-04  3.4052583447963125e-01  9.8832177685500111e-01  9.1133412187663787e-01  7.7722954455553450e-01  
q[208]: 1.6836337683504119e-04  3.1899125828111158e-01  9.9061144634816745e-01  8.7302611795506524e-01  6.0874508437413662e-02  
q[209]: 7.1822260908843282e-05  1.5320773044243075e-01  9.8412190157275325e-01  9.6606787172068087e-01  8.9277148074373758e-02  
q[210]: 1.3813380092181791e-04  2.6148770793565995e-01  9.7853783194050425e-01  9.6876114324751361e-01  6.4193305461148942e-01  
q[211]: 4.8667348886884891e-05  5.6696726380689344e-01  5.5164604663366194e-02  2.5539478068027487e-02  5.9841604723817237e-03  
q[212]: 3.9146737310583133e-04  5.2659772392267656e-01  2.0357497918667411e-01  1.1425704867041571e-01  3.6337963172522324e-02  
q[213]: 5.2672461086266623e-04  4.5630969232444635e-01  3.0825417632386137e-01  2.6603114603971584e-01  1.2471144971481991e-01  
q[214]: 1.6456148154964068e-04  5.5869809787444236e-01  3.3859883541205871e-01  3.3297178902003544e-01  3.6849561044159658e-02  
q[215]: 1.0630780614363191e-04  4.8777211333557996e-01  2.5269457345584007e-01  2.5178316348397672e-01  2.2876538397768698e-01  
q[216]: 1.7644611534410764e-04  5.2804206080488614e-01  3.1603818890244956e-01  3.8230731402424376e-02  7.1393390877051346e-03  
q[217]: 6.5416263121796030e-04  5.2231398143409724e-01  4.1078507268043751e-01  2.1658457354930072e-01  1.0186407498466858e-01  
q[218]: 2.3022020918070499e-04  5.8116388863792290e-01  4.3108575955265888e-01  2.0894497750460603e-01  2.0619950972114459e-01  
q[219]: 1.1327823606230463e-03  4.7957385878689102e-01  5.3742130506934938e-01  4.3061825644897661e-01  2.0300467524944552e-01  
q[220]: 2.2610172268313792e-04  4.7096375034830290e-01  4.4532672884941465e-01  3.7679873588326546e-01  3.7062535322750617e-01  
q[221]: 3.6194707876865723e-04  4.8416436525532908e-01  5.5861203554770666e-01  1.0549925194595633e-01  9.4985277822843689e-02  
q[222]: 4.6614030382748973e-04  5.8917249279274519e-01  5.9994927644668328e-01  2.1793884236017244e-01  1.6764232252622135e-02  
q[223]: 1.0190617205117151e-03  4.2432485521981789e-01  6.1813093008944320e-01  2.2942460312269761e-01  1.0060538809967529e-01  
q[224]: 7.5069011545817041e-04  6.1512233000415173e-01  6.6094426023185215e-01  2.5525088649368249e-01  1.8344442038009431e-01  
q[225]: 1.1656418192707652e-03  6.2488618288556275e-01  7.1349897259966155e-01  4.6668870831168391e-01  2.3716914384887910e-01  
q[226]: 8.2829055202225579e-04  5.5243958688135286e-01  5.3746536034421222e-01  3.0266363786170136e-01  2.3306017000478513e-01  
q[227]: 8.0994189979207419e-04  4.7014409544362734e-01  5.9991880985992574e-01  4.6905170755178122e-01  5.4207570816049114e-02  
q[228]: 8.2745752002875831e-04  5.1108173722930594e-01  6.2917202808801820e-01  5.1031675823708611e-01  3.5176615962304975e-01  
q[229]: 2.9812056181656443e-04  4.8203017280702037e-01  7.4067977393800799e-01  6.9428302887993920e-01  1.3354690167108683e-02  
q[230]: 5.2952848906191849e-04  5.1891949775984958e-01  6.3474866738580482e-01  6.1330357604962760e-01  2.6335273482458321e-01  
q[231]: 1.7598609559551847e-04  4.8144417338025275e-01  7.4039519594000847e-01  3.4971354504081890e-02  9.6991639183111236e-03  
q[232]: 3.5615306245902553e-04  3.2175977513942727e-01  8.1534091171822731e-01  1.5040320910539029e-01  4.6880298722793430e-02  
q[233]: 5.4419647628799130e-04  5.3864617176836593e-01  8.0397352113703591e-01  3.9788745257984437e-01  3.8564596745692743e-02  
q[234]: 1.1549192524415548e-03  4.1526769263325286e-01  7.8420753748810723e-01  4.2021611627243660e-01  2.3998829495637911e-01  
q[235]: 9.3369795070572784e-04  5.3259047407519611e-01  8.0092380705167276e-01  4.3145536873866602e-01  3.6098933459367943e-01  
q[236]: 8.8820196641484065e-04  4.2264089275942368e-01  8.1005485607584238e-01  6.4104684259620370e-01  6.9826029013483185e-02  
q[237]: 9.5917581360747853e-04  4.7502765115589163e-01  7.9381208184260987e-01  4.5266661496066968e-01  1.3413612390599727e-01  
q[238]: 4.7026140127061675e-04  4.7538863970245726e-01  7.7058768600768257e-01  5.2545366445275909e-01  5.0900761734434108e-01  
q[239]: 6.4572408213891467e-04  5.7224669275491247e-01  7.9443900829173275e-01  7.1039701761513663e-01  4.9637479852388117e-01  
q[240]: 7.5003693956271836e-04  4.7209750375257536e-01  8.1677911651296242e-01  7.3711144932057882e-01  6.3534172698274405e-01  
q[241]: 2.4803731608803210e-04  5.6602287910285254e-01  7.5583774968180417e-01  7.5358401553730270e-01  1.0311176803289993e-01  
q[242]: 1.0466596621666903e-03  5.1182675736783478e-01  7.4553849558809060e-01  6.5116632596968349e-01  2.1666553170046138e-01  
q[243]: 1.6603078401154973e-04  4.3762426924091585e-01  8.5735767751257586e-01  8.3180856108061640e-01  8.1712421895013743e-01  
q[244]: 1.3591250198490405e-04  4.5280651642424419e-01  9.0454011481865482e-01  4.5207297579520994e-02  3.2090301285278018e-02  
q[245]: 8.1216302178950680e-04  5.3052470192241108e-01  8.3957956353775998e-01  2.9833494968292379e-01  9.5843529751069967e-02  
q[246]: 9.4619344602025948e-04  4.8588519518093043e-01  9.2126770964629967e-01  3.1186328949228304e-01  2.2332981383525002e-01  
q[247]: 2.5500387799174703e-04  5.2720288578049546e-01  8.4503568270923513e-01  2.6304493265562323e-01  2.5600681859060259e-01  
q[248]: 7.9456737807736579e-04  5.2357473726139458e-01  9.4940089599339583e-01  6.3126242892100726e-01  3.9477096219617641e-01  
q[249]: 2.1087717805607788e-04  7.1744476528048695e-01  9.3236398653974317e-01  9.2856537555002649e-01  5.0869966629416408e-01  
q[250]: 8.5432334746244894e-04  4.7183238020372820e-01  8.9166860714461171e-01  7.0847480545627961e-01  3.3907950767827055e-01  
q[251]: 2.6660621618714031e-04  4.5744263357325493e-01  9.2365300942464035e-01  8.0604561735852009e-01  1.2829812306677195e-02  
q[252]: 5.6324974629891474e-04  5.7857614545070868e-01  8.4361740721660883e-01  7.9425852063509084e-01  1.9552411221537383e-01  
q[253]: 2.0583827895063469e-04  4.0540930825584559e-01  9.1929361861401182e-01  9.0220801213901225e-01  9.3498342963001330e-02  
q[254]: 4.3940022713393688e-04  5.4714187027906924e-01  9.1519134884264919e-01  8.8530645825440146e-01  6.6215122652314029e-01  
q[255]: 1.4058278527741882e-04  4.2294161162952781e-01  9.9075724264319875e-01  1.5324444601450821e-01  1.1954137866219100e-01  
q[256]: 1.1758734713483409e-04  4.9151401445102244e-01  9.8346954748592619e-01  1.5409111789727206e-01  1.8868336710855204e-02  
q[257]: 3.0815934503854051e-04  5.7548675295881979e-01  9.7839765538594314e-01  3.2790834150584275e-01  3.6092817357095866e-02  
q[258]: 3.4082452187134951e-04  5.6780974109287030e-01  9.9731550567802096e-01  5.8918895272557492e-01  2.2645112465654382e-01  
q[259]: 4.0752222225869605e-04  5.9656352444770899e-01  9.8293229331187693e-01  4.4342551751535414e-01  2.9814630116897284e-01  
q[260]: 1.7229710404957583e-04  4.4278857057753929e-01  9.9109098846969634e-01  5.2843745328770497e-01  2.0190310224430508e-02  
q[261]: 9.2046097183126770e-04  5.9651075887814542e-01  9.2182106018034682e-01  5.4867905527432626e-01  1.4477119919442866e-01  
q[262]: 3.6709934128578090e-04  4.3518048679735610e-01  9.8234019960487129e-01  5.1591919073302361e-01  4.7151507347562882e-01  
q[263]: 2.0886940100517417e-04  6.0951111565197535e-01  9.8303897417317287e-01  7.1008082693445818e-01  2.9834402824166193e-02  
q[264]: 3.3473821582724633e-04  4.5837640214894121e-01  9.9143718160849059e-01  7.8713613921351100e-01  3.1558408374346769e-01  
q[265]: 3.6236661996028670e-04  4.5102357504720203e-01  9.8837832546534998e-01  7.1075802522052145e-01  5.5776886259624747e-01  
q[266]: 3.1037628952350989e-04  5.2055179445495781e-01  9.8668115751053043e-01  8.9723570547264875e-01  1.7535429349168541e-01  
q[267]: 4.0070471788162257e-04  5.3560097350227653e-01  9.8192602378545490e-01  8.4218090535842050e-01  5.9479147406530974e-01  
q[268]: 1.0179550622346518e-04  3.7643366837376135e-01  9.7287073121919154e-01  8.2733515443499306e-01  8.1944100622522975e-01  
q[269]: 8.9931754791610537e-05  5.0092357280388378e-01  9.8115418061676152e-01  9.6157613699301603e-01  3.6486376899631169e-02  
q[270]: 2.2577664791073305e-04  5.0180907157340338e-01  9.8702640594059410e-01  9.6085457346140091e-01  4.4017713273169951e-01  
q[271]: 1.2268102740382341e-04  5.5421805237411537e-01  9.8554864049574253e-01  9.6882892673793553e-01  7.1704577298419769e-01  
q[272]: 3.6491171220999415e-05  5.0355888243071689e-01  9.9882839353966868e-01  9.8997568993425111e-01  9.0773282899053209e-01  
q[273]: 5.0157699883413493e-05  7.9420922188452725e-01  8.8360973761610118e-02  8.1571611828734625e-02  5.9842996241695076e-02  
q[274]: 1.5652378509041867e-04  7.8359375284196175e-01  1.7369414943805728e-01  4.1254953301818005e-02  2.6043819570669369e-02  
q[275]: 1.2499644862181802e-04  7.2271466639882898e-01  1.8782137118297049e-01  1.6115383248096146e-01  1.1616607045394030e-02  
q[276]: 3.3471286662319300e-04  6.4005821363237403e-01  2.1978916382840186e-01  1.4668640689710724e-01  1.2492700132977383e-01  
q[277]: 4.7790977797709913e-04  5.8845657002736040e-01  3.9342374505638211e-01  3.6687284621719390e-01  2.8311828071073764e-01  
q[278]: 4.0595913338890583e-04  7.1758855459195758e-01  3.6623107563720902e-01  1.3739401326770095e-01  2.1502881087733346e-02  
q[279]: 4.7675915587362764e-04  7.2779276395450465e-01  3.8963133149469631e-01  1.2315730404918794e-01  8.6921051192849624e-02  
q[280]: 3.2414175358821398e-04  7.7590705218845402e-01  4.1595733496680659e-01  3.1132351954664833e-01  2.8896580669944150e-01  
q[281]: 3.8782921925054406e-04  5.9174147936345067e-01  3.6652947165737260e-01  2.7676761380894938e-01  1.9722766062754932e-02  
q[282]: 1.7952997837933127e-04  6.8995229954874970e-01  5.5878363620347626e-01  5.3454057726048898e-01  2.0897054966524907e-02  
q[283]: 4.2032062706495407e-04  6.8371495074138489e-01  4.2529475360763114e-01  4.1047305457564875e-01  1.5661752293818332e-01  
q[284]: 1.6759121754811340e-04  6.6142116239897253e-01  5.4231493467655001e-01  3.3768104024306161e-02  1.3751380702903659e-02  
q[285]: 3.6102733504726200e-04  6.6192253600212614e-01  5.6099844096498830e-01  1.1686587290459660e-01  5.2086033458578145e-02  
q[286]: 3.0569272314125059e-04  8.3905506570195321e-01  5.5951484118106920e-01  2.1067302074099556e-01  2.0094203544194514e-01  
q[287]: 1.0731584973124855e-03  6.4833839749922562e-01  5.5808408816816557e-01  3.2251639266512533e-01  9.3788496880378186e-02  
q[288]: 4.1827870859595124e-04  5.0485740425579073e-01  6.6717765920854966e-01  4.1763286279968698e-01  1.0633543555729683e-02  
q[289]: 3.2661604188330922e-04  6.4176454866795896e-01  6.1967389225275449e-01  4.0382128835964970e-01  3.9837446884875777e-01  
q[290]: 6.4430276510565681e-04  6.1913656628384917e-01  5.8939792964725612e-01  5.4140422355818740e-01  9.7798924107675961e-02  
q[291]: 5.9175389025439850e-04  6.8550145902102722e-01  6.8116713634386317e-01  5.4717218942449664e-01  1.8147398720768992e-01  
q[292]: 7.8029225855866886e-04  6.1420142388049315e-01  5.9338330847946941e-01  5.2253698666994963e-01  4.4603468140637315e-01  
q[293]: 3.4346540547997468e-04  6.7885717200403939e-01  6.3289928101593251e-01  6.2178096955187079e-01  4.2278512085771175e-01  
q[294]: 1.7421299047391773e-04  5.5074637152504791e-01  6.3415379664913785e-01  6.1963283553264603e-01  5.9833698162688120e-01  
q[295]: 4.2222550857946183e-04  6.8786082684830374e-01  7.8304296369146453e-01  1.1009899229366905e-01  8.7133915191650840e-02  
q[296]: 5.1460653176934581e-04  5.4612854626073404e-01  7.7414519847321872e-01  1.4850685630293517e-01  5.0599099305863551e-02  
q[297]: 8.9235497171526569e-04  7.4709327253162416e-01  7.4248547707894963e-01  3.1156662642124433e-01  8.8043758836604286e-02  
q[298]: 6.0880206070260459e-04  8.1329692346619709e-01  7.2982144577154795e-01  3.5903220980966910e-01  2.2834631952053244e-01  
q[299]: 4.2347919553780523e-04  6.6586412629555169e-01  7.3683423990332475e-01  2.8258862443757354e-01  2.6307860842201447e-01  
q[300]: 9.9975717471928981e-04  7.1156960677270120e-01  7.4164474253635426e-01  4.9206374215712051e-01  8.0587993143371756e-02  
q[301]: 8.3426514614436023e-04  7.5115741122204249e-01  7.7755487961784153e-01  6.0302829398425828e-01  3.0941162725063120e-01  
q[302]: 1.2332637296159745e-03  7.4687817111789301e-01  7.1792100647606794e-01  5.0415939874000182e-01  4.0796217927244610e-01  
q[303]: 3.2112240346646468e-04  6.8624649369303592e-01  7.5256699338596078e-01  6.3827210581121741e-01  2.8778440371427964e-02  
q[304]: 5.1313098444813368e-04  6.6484362878800529e-01  7.9169850555555010e-01  6.7792968331630465e-01  6.5127120771503777e-01  
q[305]: 2.1951083364536212e-04  7.7540677763812760e-01  8.3024149916106138e-01  8.2473128539828422e-01  2.9984339799791909e-01  
q[306]: 9.5471743151274687e-04  6.9008305025643646e-01  8.3259014015852328e-01  7.7274408531465988e-01  3.8572753096616264e-01  
q[307]: 3.0409278266646744e-04  6.9375632523277286e-01  7.7568173213919589e-01  7.5903336623054185e-01  6.0156302386712757e-01  
q[308]: 2.3872931985881914e-04  6.5790929931017494e-01  9.3812793479778900e-01  1.5663929807850269e-01  1.3842722875227459e-01  
q[309]: 1.7833445752086496e-04  7.3592160752128355e-01  8.8822356988143281e-01  8.4219126310766529e-02  1.1082770368456079e-02  
q[310]: 3.5630540495334512e-04  5.5692056296780812e-01  9.3666829127014684e-01  1.6013295067947431e-01  6.8991136178133933e-02  
q[311]: 3.2975585627087098e-04  6.5329164646268334e-01  8.7340311267352833e-01  2.2733770226837605e-01  1.2483977034619577e-02  
q[312]: 4.0140896840214744e-04  6.8765243822299105e-01  9.1354024192384009e-01  4.5687296938792249e-01  1.5334639117457588e-02  
q[313]: 8.7706775754891665e-04  7.1466791351775738e-01  8.8391108612185076e-01  6.7343017211551515e-01  2.1412477310136996e-01  
q[314]: 3.6158972919087874e-04  7.4068082324029472e-01  9.7588532080540524e-01  5.7573241106663009e-01  4.5580626223273846e-01  
q[315]: 3.2369992385718546e-04  6.4300094531826890e-01  9.2690307521145687e-01  4.4448543724161060e-01  4.3054451178486980e-01  
q[316]: 5.1041308148647689e-04  5.8402338615696969e-01  9.0920064020735281e-01  6.6558341543640853e-01  5.4787148638584020e-02  
q[317]: 9.8045024877505037e-04  6.8614267354415648e-01  8.8728584638184138e-01  6.7242022663733925e-01  5.3601559878822846e-01  
q[318]: 5.2724842504036718e-04  5.4508961622701957e-01  9.0629826567673122e-01  6.3440489150616597e-01  5.9565796572309959e-01  
q[319]: 3.3992495086058582e-04  6.6432685562971872e-01  9.7731075589023242e-01  8.3925378317873189e-01  7.4346115785953781e-01  
q[320]: 2.0724325349748068e-04  6.8915217785135985e-01  8.7675113426911722e-01  8.5358667574037539e-01  2.8757202516259836e-02  
q[321]: 5.5971525744942952e-04  6.6745355776327597e-01  9.1276750158394115e-01  8.1700918935508160e-01  9.6485384754006517e-02  
q[322]: 2.5211142432785097e-04  5.7184926509976330e-01  9.3191491430771078e-01  9.2366757136848654e-01  2.5984882214302230e-01  
q[323]: 5.5949896436054841e-04  7.5353814179373624e-01  9.2222214564408711e-01  8.2227247233062140e-01  6.0756944476474228e-01  
q[324]: 2.2229237943399864e-04  6.7067194782874573e-01  9.0991815021499978e-01  8.9121592892291546e-01  8.1753779686493444e-01  
q[325]: 3.1317085659251994e-04  5.0634329196413608e-01  9.3763704072281751e-01  8.4100533706530345e-01  8.0013538146483842e-01  
q[326]: 7.0008557626334767e-05  6.7155844258785258e-01  9.8194337424593414e-01  4.6624130919214558e-02  2.2700111918258131e-02  
q[327]: 2.3994198692367982e-04  7.3836215774214387e-01  9.9090324878251679e-01  2.6485506388681573e-01  1.4453589521193144e-01  
q[328]: 6.0985480506390276e-04  7.4779764730318488e-01  9.4441168926853092e-01  3.3977704298201594e-01  1.1400917151525375e-01  
q[329]: 1.1246881892713284e-03  6.9216597587118378e-01  9.0977398643349783e-01  5.1789642339415454e-01  2.6620054476691096e-01  
q[330]: 1.5470142157794216e-04  6.8873662817675851e-01  9.9382231047477521e-01  3.1919460800896915e-01  2.9290008717247706e-01  
q[331]: 4.0281976760599136e-04  7.3745152318903573e-01  9.7412448259061080e-01  7.4706783902827567e-01  1.3972843887937003e-01  
q[332]: 1.5734385475569423e-04  6.2983296435708502e-01  9.8433598755960716e-01  6.9001619144163673e-01  6.7608618431152856e-01  
q[333]: 8.1982587643491256e-05  6.6524430154033976e-01  9.8968057683680122e-01  8.7654267930481988e-01  1.6757442885612057e-02  
q[334]: 4.4824801452888953e-04  7.1611657521038830e-01  9.7374240988080429e-01  8.8579112079881728e-01  3.1752711082229279e-01  
q[335]: 6.8014629966443071e-04  6.4478108343125851e-01  9.5918837560567827e-01  8.1370560622621169e-01  4.2965850054387172e-01  
q[336]: 1.5183578513315756e-04  7.3743471724857657e-01  9.8223794999958802e-01  9.6222175213374750e-01  1.3589156756342632e-01  
q[337]: 2.1993436340740296e-04  7.9194651779418768e-01  9.8980367202207764e-01  9.4096165084219063e-01  5.9911490542064039e-01  
q[338]: 4.5611021936935606e-05  5.5858438207426209e-01  9.9136293026411415e-01  9.5310845870622030e-01  9.3478111414842080e-01  
q[339]: 4.0276364589408447e-05  9.1365187645682977e-01  8.8791424064971897e-02  6.1812003500891416e-02  8.0681532207118409e-03  
q[340]: 1.7420038057678133e-04  7.2256065620236187e-01  1.9506556714188858e-01  1.8637281056552213e-01  9.3480025290119034e-02  
q[341]: 4.0119310332614456e-04  8.7337640797209870e-01  2.7244815722801441e-01  1.8420877442596914e-01  8.0722758597753574e-02  
q[342]: 1.7836969115941540e-04  8.7486865660975544e-01  3.6941253875722468e-01  3.4217692260948690e-01  1.8965429623488444e-02  
q[343]: 1.2040389502647742e-04  8.6540710691925338e-01  2.5117932518529323e-01  2.2499883565207512e-01  2.1293685757253861e-01  
q[344]: 1.2950315124768524e-04  8.8398567343052437e-01  3.8156745018290206e-01  3.7220051329257528e-02  3.0045585875118592e-02  
q[345]: 4.6549296728967947e-04  9.3223837789609465e-01  4.5788955667180159e-01  2.0220865440759489e-01  7.9980248453033961e-02  
q[346]: 4.5224908592379087e-04  8.2615170586033004e-01  5.5394264871404730e-01  2.8426094947499408e-01  1.9539940624093342e-02  
q[347]: 2.1880445042146183e-04  9.5478636531755379e-01  4.9484728899113894e-01  3.3468733151464719e-01  3.0841821112191553e-01  
q[348]: 6.8275893668244081e-04  7.6083546368814803e-01  4.1941912572730572e-01  3.2346492250842929e-01  8.7596284122041151e-02  
q[349]: 1.2182632349829234e-04  9.1290053820559625e-01  3.0918263162460313e-01  2.9433802923094970e-01  9.2931510182570107e-02  
q[350]: 8.3362427848550098e-04  7.8490003814957865e-01  5.8763085245977886e-01  5.3359424621342755e-01  2.9616721631981457e-01  
q[351]: 7.5748134841372577e-04  7.3400412288779826e-01  4.1559150747196005e-01  3.0367900258535679e-01  2.0341876620088697e-01  
q[352]: 1.6561394787113594e-04  7.6839823279656827e-01  4.5825643298371532e-01  4.4092072959724804e-01  4.2256870744704139e-01  
q[353]: 4.3674601804696589e-04  8.1723213953692075e-01  5.7966973923966925e-01  1.7316431886035361e-01  8.9832307886012472e-02  
q[354]: 5.6738657019797956e-04  9.1389965843607035e-01  6.4838807616941174e-01  3.3922826984561238e-01  1.2151265496091747e-01  
q[355]: 5.9831031700447216e-04  8.8356913052952291e-01  5.7566896131874468e-01  4.6603539951260897e-01  9.0903566930306517e-02  
q[356]: 6.7294337872710974e-04  8.3528653530386732e-01  5.5121073563229417e-01  3.1139085576902631e-01  2.2938195995454636e-01  
q[357]: 2.8334365078864663e-04  7.6936208353555835e-01  5.5030961477293150e-01  4.3191475000205115e-01  6.4737925267462594e-03  
q[358]: 3.7301644537545716e-04  8.4499967852119529e-01  6.3237183950674025e-01  5.2436722028702276e-01  5.0401715863936092e-01  
q[359]: 1.2193104759972572e-04  8.6177575043871113e-01  7.1005254497207881e-01  6.9926959732274740e-01  2.1617026348845787e-02  
q[360]: 4.1126280928937219e-04  8.2052084662717928e-01  6.7579254795647214e-01  6.6038163495982627e-01  2.2321872455253139e-01  
q[361]: 3.0005959689365368e-04  8.5368837791501706e-01  7.4268579190418527e-01  6.9385041299186201e-01  6.0254438141976341e-01  
q[362]: 9.1690201198900813e-05  8.7284858169677459e-01  6.9771617406642150e-01  3.3663968682905665e-02  1.7911403301285402e-02  
q[363]: 2.2753771307709971e-04  8.5686620974673056e-01  6.6487580634726029e-01  1.1912696661589714e-01  1.0448561433003717e-01  
q[364]: 3.8919612229664727e-04  7.9353263052588041e-01  7.0373592144593278e-01  1.3894039720387169e-01  1.5016422434700418e-02  
q[365]: 9.4465006094513577e-04  7.3280933166611018e-01  8.3792384554472243e-01  3.0194107248763641e-01  1.9137931746649445e-01  
q[366]: 4.1137298423644746e-04  8.5012487359495759e-01  7.8114866160750041e-01  3.6808644671387192e-01  1.7174035972170033e-02  
q[367]: 5.6314584616160002e-04  7.5768454451076828e-01  9.1308709437961855e-01  4.8762348806347589e-01  4.0556971879042281e-01  
q[368]: 4.0345830991984444e-04  8.3770466544958788e-01  7.8107741156183030e-01  4.2200466934513908e-01  4.0274545714430959e-01  
q[369]: 2.8410668973795876e-04  7.0944573915496945e-01  8.1139054374435515e-01  5.8086874378667153e-01  8.2765167670785476e-03  
q[370]: 6.5799236526445230e-04  8.4436410231466452e-01  7.7038964358546091e-01  6.8520970194083763e-01  4.7761672618334816e-01  
q[371]: 5.8255619416953854e-04  7.8679095877307215e-01  7.5992180334242077e-01  6.9203791053372765e-01  9.8160528417266787e-02  
q[372]: 1.7388158120632270e-04  7.4685700808902844e-01  7.6026524161601927e-01  7.4476625070272051e-01  7.1096035793509049e-01  
q[373]: 6.1152858544885711e-05  8.3942431452340882e-01  8.7277509070001424e-01  2.5493448577116651e-02  2.0980524765015794e-02  
q[374]: 4.0806229614805508e-04  8.6951026853762425e-01  8.9320962062802134e-01  1.6543239325199302e-01  9.2986052548550510e-02  
q[375]: 3.4603440259964449e-04  8.4614358751827590e-01  9.0299721133117250e-01  2.7495483413931510e-01  2.5235198880946386e-01  
q[376]: 6.6095902790197546e-04  8.8039379704795018e-01  8.8660107372071850e-01  6.0173382143385712e-01  7.7886689750835861e-02  
q[377]: 4.0748503479730986e-04  9.1182299201999983e-01  9.3030461653086449e-01  8.6862953387886477e-01  4.6637060383194467e-01  
q[378]: 8.0755173872819244e-04  8.8106363119693953e-01  8.9730294542461420e-01  7.0091761466992308e-01  4.1158260852604006e-01  
q[379]: 2.3527275900026606e-04  8.6055262995702753e-01  8.8129872726383729e-01  7.6050014452449100e-01  1.6376285309086882e-02  
q[380]: 5.6548989084170614e-04  8.5932621062577674e-01  8.9704848590469766e-01  8.2211359914693261e-01  2.4732273855599127e-01  
q[381]: 4.4977396014612547e-04  8.8575588316287368e-01  8.9282515723677180e-01  7.9859579158143768e-01  7.1406717207998671e-01  
q[382]: 1.5704523090629205e-04  7.8380031771388003e-01  9.1853433562047682e-01  7.8017642921038544e-01  7.7152033498924644e-01  
q[383]: 2.5234577359975176e-04  8.8619091716308662e-01  8.8943567375275800e-01  8.7158420290204430e-01  1.2719913645430989e-01  
q[384]: 2.1638479470664218e-04  8.7186636175193877e-01  8.8203353417245245e-01  8.7177510519078205e-01  6.4152667843463429e-01  
q[385]: 7.9505135352608819e-05  8.7468411059527429e-01  9.8097496943946016e-01  1.2340141680192050e-01  1.0874736852768142e-01  
q[386]: 1.1922744050206240e-04  8.2722499262205895e-01  9.8555218179974302e-01  1.5734341560997567e-01  2.8744850401403461e-02  
q[387]: 9.2745828874402119e-05  8.4963862387774403e-01  9.7324858967631422e-01  3.0803926251358488e-01  5.0220139608193465e-03  
q[388]: 4.3398421534700645e-04  8.9347654655386388e-01  9.7735482005910557e-01  4.8123791426284562e-01  2.4084482936519863e-01  
q[389]: 3.3028965307904575e-04  9.0321271379201407e-01  9.6346623590375990e-01  3.7431430600793525e-01  2.8630364542577480e-01  
q[390]: 4.6458998251862243e-05  9.0922689849223104e-01  9.8689489827590426e-01  5.0516417362095356e-01  2.3262385323356630e-03  
q[391]: 4.1624117431136951e-04  7.8023391064958714e-01  9.8245096421427569e-01  5.2764527506990155e-01  8.1820900070192090e-02  
q[392]: 4.3915316158668708e-04  8.2966478383077991e-01  9.7729791112334519e-01  7.1832385163497692e-01  2.6811602540225377e-01  
q[393]: 1.3343468529230086e-04  8.7746781566637788e-01  9.8096594071967835e-01  5.0843235460263347e-01  4.9425128617889913e-01  
q[394]: 1.7176157101526866e-04  8.5248093351684684e-01  9.6046269783257454e-01  6.7639108874357079e-01  1.4285065868030042e-02  
q[395]: 3.9149365057650437e-04  8.0481472747270033e-01  9.8652469877314275e-01  7.0081954375892119e-01  4.2304384931464573e-01  
q[396]: 2.6409380197580225e-04  8.1768850415784755e-01  9.8083822136793497e-01  7.0606786157398360e-01  6.1775582513878402e-01  
q[397]: 2.1154217221216746e-04  8.5131474870735435e-01  9.7640777893559250e-01  8.5968951186464149e-01  6.9374470495968468e-02  
q[398]: 2.2458250787630454e-04  9.1500653088199402e-01  9.8419293207844871e-01  8.2273624009555923e-01  5.9049481230020684e-01  
q[399]: 7.1588171631570128e-05  8.4681621465522217e-01  9.9368028673839792e-01  8.7557475384979233e-01  8.5269088111619840e-01  
q[400]: 3.9733344961966375e-05  8.1633118557170004e-01  9.6580984162894123e-01  9.4174078657598204e-01  6.0105611472268819e-03  
q[401]: 1.4828798490261756e-04  8.6703550180982003e-01  9.8241081651225648e-01  9.6283564425500479e-01  3.3160317680914903e-01  
q[402]: 1.7474402819528230e-04  8.0518052569298360e-01  9.7635495034901432e-01  9.4476395726919016e-01  8.1551750425175751e-01  
q[403]: 5.2253617425460926e-05  7.7064931671825476e-01  9.4787410824576390e-01  9.2913704336598080e-01  9.2082462572956270e-01  
q[404]: 4.6348822036327989e-05  9.5881307488179479e-01  1.0779115993241661e-01  6.1212300092467031e-02  4.6232315476004364e-02  
q[405]: 6.6967744238550410e-05  9.8409575823232520e-01  2.2372461913384520e-01  1.9818492090523093e-01  3.3144440207913434e-02  
q[406]: 8.1958934131676745e-05  9.8680541326294147e-01  2.5615107993688085e-01  6.4866679964521515e-02  1.9766793084412117e-02  
q[407]: 1.3182229759324711e-04  8.7322584885278931e-01  2.5842078064819346e-01  1.3660235574885510e-01  8.7477644315713515e-03  
q[408]: 7.8663064170943301e-05  9.8309261310717189e-01  2.2176263213035308e-01  1.9385834429397722e-01  1.4200432464334192e-01  
q[409]: 1.7596373851143607e-04  9.1502047940965558e-01  4.8187260562837309e-01  9.8033460721187612e-02  7.3510311527646820e-03  
q[410]: 2.6180275643800175e-04  9.3367991532649219e-01  3.1735836700400760e-01  1.5946014380254386e-01  1.3759359603202895e-01  
q[411]: 2.7289535958765777e-04  9.9147132460414999e-01  4.4777241188099021e-01  3.2988660672440456e-01  1.7388328046770846e-01  
q[412]: 9.8433588610620122e-05  9.8591294014113873e-01  4.2860573072928737e-01  3.9231452335014749e-01  3.6403626052141597e-01  
q[413]: 2.2829710597311280e-04  9.7099708028028797e-01  4.2610821608355320e-01  2.8093589496837984e-01  2.5260333308449033e-02  
q[414]: 8.7111807292016873e-05  9.8731280541636901e-01  5.3536550802270733e-01  5.0219087538002338e-01  2.5724404879917791e-02  
q[415]: 2.7313485651996635e-04  9.5631546082562691e-01  4.9237397924603754e-01  4.6049405477780458e-01  1.4524345028940983e-01  
q[416]: 3.2362230424892133e-04  8.9388453333964613e-01  3.8072819781752709e-01  3.5914822894190634e-01  2.4274694910213873e-01  
q[417]: 9.5986507807485527e-05  9.7723920067816128e-01  5.9692216409058974e-01  6.2165580827085370e-02  3.2292591009132031e-02  
q[418]: 1.4922300981323901e-04  9.9290014035097485e-01  5.1781482908771059e-01  1.5643475576712967e-01  1.2463318924013413e-01  
q[419]: 1.8596703481574590e-04  9.8875849650330183e-01  6.4470306672724342e-01  2.4040226658776723e-01  2.8608843558492931e-02  
q[420]: 7.9674608147290436e-04  8.8119561545235481e-01  6.0902277558872775e-01  4.3994424226563966e-01  2.1200735490385228e-01  
q[421]: 3.2703829146117587e-04  9.4377505309036069e-01  6.9021214997416735e-01  4.5389488383966037e-01  2.9994390488478028e-02  
q[422]: 2.4594092459102402e-04  9.5847155740003664e-01  6.6782153369719399e-01  3.9293752656628100e-01  3.6707354019447913e-01  
q[423]: 1.4390425290416940e-04  8.4757731797037339e-01  5.4723521214347526e-01  5.3995056998751678e-01  7.7094812348698957e-02  
q[424]: 2.0654657163485455e-04  9.9383598079152813e-01  6.7960787956483493e-01  5.0412008222956362e-01  1.2418692163631828e-01  
q[425]: 5.2876629153852061e-04  9.2993321585905719e-01  5.7828818661989312e-01  4.8712209321595157e-01  3.7456262680771457e-01  
q[426]: 2.3699781664678963e-04  9.3897481852795750e-01  7.0827966134684750e-01  6.0998762001965312e-01  2.4208972849717934e-02  
q[427]: 1.3742363206146663e-04  9.7976430732625719e-01  5.7636704848446096e-01  5.6321032428515894e-01  3.1976355053594552e-01  
q[428]: 1.5030601135582026e-04  8.6529932182334868e-01  5.5867379597019129e-01  5.5697579807581521e-01  4.6162777155967072e-01  
q[429]: 9.1490768130113301e-05  9.4717292527512209e-01  6.3951625241981735e-01  6.1386583407054185e-01  5.9814056687686090e-01  
q[430]: 1.0744686608566986e-04  9.6828390809378273e-01  8.1321882320288863e-01  8.3558788374016688e-02  1.8184543688574386e-02  
q[431]: 4.7926877358289060e-04  9.3586567008996047e-01  7.4078531538084202e-01  2.0332586981172077e-01  9.4562031283326201e-02  
q[432]: 1.6327614842563285e-04  9.5644031624612402e-01  8.2204109186341234e-01  2.5336421439088669e-01  2.0345013338879548e-02  
q[433]: 3.5050339573006357e-04  9.8191434786386633e-01  8.0266411944828109e-01  4.6259682403583091e-01  1.3960553901894571e-01  
q[434]: 3.3716066878025392e-04  9.7839840153884849e-01  6.8329939854486033e-01  3.5541605490820621e-01  2.4800948642820797e-01  
q[435]: 3.2638405685521063e-04  9.4704962923511327e-01  7.7383111513512448e-01  2.5011382748344613e-01  2.2083717114013179e-01  
q[436]: 7.4446706470741874e-04  9.1502697264972865e-01  8.5747382583515708e-01  4.8197945916520024e-01  3.4277234388638406e-01  
q[437]: 4.1055528261335844e-04  9.8240353866971375e-01  7.5082934407869295e-01  5.7247142714332777e-01  3.6804883884457384e-01  
q[438]: 6.0198754938829441e-04  8.6577804643581613e-01  7.9255882042803849e-01  6.3213462963293898e-01  1.4802480153221501e-01  
q[439]: 5.5282267369756888e-04  9.4892676015990807e-01  7.3990584093382528e-01  6.5710878054571065e-01  2.7066798978903883e-01  
q[440]: 3.9949878863227681e-04  9.3644400783860282e-01  8.0643155657281240e-01  6.1783840117290301e-01  5.3164285833696445e-01  
q[441]: 1.2989219253861943e-04  9.8732720445532629e-01  7.7560646228736130e-01  6.2256185945370801e-01  6.0267133299095821e-01  
q[442]: 2.0814531305178907e-04  9.7323394154336496e-01  7.3319643933724621e-01  7.0691874321671877e-01  1.3358655485704155e-01  
q[443]: 2.9862013441892232e-04  9.3261589119311816e-01  7.7555410500534816e-01  7.5779106281037178e-01  4.4494412323121557e-01  
q[444]: 1.5127815452623236e-04  9.8608322687284300e-01  7.0851929494835686e-01  6.7435777740291747e-01  5.5815219932900961e-01  
q[445]: 6.6692896883266376e-05  9.8945245648407176e-01  8.6062525710567639e-01  1.0955349901674338e-01  1.0234476481686862e-01  
q[446]: 2.5535287835785805e-04  8.8945010406829039e-01  9.0352149597478282e-01  2.3722027725394967e-01  4.2750400086407410e-02  
q[447]: 7.6827865223353254e-04  8.8058647879139940e-01  8.3601877409538083e-01  5.2124912762212505e-01  2.2876551210662865e-01  
q[448]: 2.9726231313913069e-04  9.8909124518231173e-01  8.9401495673464193e-01  3.3855333623323358e-01  1.7723185858557272e-01  
q[449]: 5.5923900721357599e-04  8.7602320650800591e-01  8.8377397462665164e-01  4.0592596311737561e-01  9.9589570468480118e-02  
q[450]: 3.5149968995869360e-04  9.7554666251772737e-01  9.0059739653197213e-01  7.2670511714907160e-01  2.7646809530166488e-01  
q[451]: 8.4123571372668167e-05  9.7080697193117660e-01  9.9673889750362243e-01  5.4265117889656855e-01  4.4217914787793311e-01  
q[452]: 1.7740165849574420e-04  9.8726444884124842e-01  8.9623798366665663e-01  4.5655297267848316e-01  4.2693348596821262e-01  
q[453]: 9.9859086565602241e-05  9.8351803259382709e-01  8.5456021683754957e-01  5.6648042045019631e-01  1.0043684512815619e-02  
q[454]: 3.1860245786838407e-04  8.4561786747507139e-01  8.7582227997701156e-01  6.0348057332048466e-01  5.8698112720440954e-01  
q[455]: 1.9703083310761876e-04  9.9647580260191415e-01  8.9661664141314712e-01  8.1558926967065759e-01  5.8391571914827278e-01  
q[456]: 7.3346275219577338e-05  9.7409902759659495e-01  8.5781628305142943e-01  8.2834903846259744e-01  2.4404883531448013e-02  
q[457]: 2.7063386808523975e-04  9.7874261610958690e-01  8.8327637413475557e-01  7.4798412639425371e-01  9.4570366314763565e-02  
q[458]: 1.2389932129576458e-04  9.8576854862225893e-01  8.8624484652195179e-01  8.6877573473394487e-01  3.2488742511624036e-01  
q[459]: 8.9833684840044366e-05  9.6347329375705448e-01  8.6173969046478982e-01  8.5025200355605668e-01  7.7545349159115751e-01  
q[460]: 6.7078274094629626e-05  9.1860594793075068e-01  8.3760590700633508e-01  7.9885508688749640e-01  7.9710730429268128e-01  
q[461]: 5.1273559669501256e-05  9.5364147754364081e-01  9.6676746483740517e-01  5.4500734130530248e-02  2.1752217960131652e-02  
q[462]: 5.7480160250470769e-05  9.8306695262162347e-01  9.5353751557714017e-01  1.8006095390906005e-01  1.8774183615667926e-02  
q[463]: 1.1093137419624582e-04  9.7241495137386114e-01  9.7611481860905613e-01  2.1865701325747822e-01  1.3069428602662353e-01  
q[464]: 1.7899725146625162e-04  9.7576234902658754e-01  9.2964048846044489e-01  4.3922345158418730e-01  3.5611034078091131e-02  
q[465]: 1.1868081294319507e-04  9.5932006494496003e-01  9.9302479826108159e-01  3.6366181207477560e-01  8.2811958411909567e-02  
q[466]: 5.1344582388564019e-05  9.7658673988461309e-01  9.7608736020487807e-01  2.8314433378913645e-01  2.6985533431235592e-01  
q[467]: 3.2081849287011338e-04  9.6314235956395045e-01  9.6302826073687653e-01  6.0593335529816972e-01  1.8860608179594726e-01  
q[468]: 1.1116512564180960e-04  9.7040848076392461e-01  9.8708053515423466e-01  6.8254278828626225e-01  6.8867514865721874e-02  
q[469]: 2.2235702162048249e-04  9.2803031726482244e-01  9.7895659201517837e-01  8.3397005025155846e-01  1.8229356986309705e-01  
q[470]: 2.0237005639436550e-04  9.9187930104227018e-01  9.6093460332775638e-01  6.3606146311876388e-01  3.9509772867187415e-01  
q[471]: 3.0999102750326770e-04  9.4902163319131838e-01  9.2985608130119146e-01  6.6695832907781138e-01  5.4905203740537267e-01  
q[472]: 1.2086258449742951e-04  9.5886766854268812e-01  9.6907906993451920e-01  7.0662887874310554e-01  6.7999844926426090e-01  
q[473]: 4.0815842555720120e-05  9.8251622679461625e-01  9.7515570391926976e-01  8.3214900114929335e-01  1.3485644317970788e-02  
q[474]: 1.3563532029160790e-04  9.6964806499869727e-01  9.9339492410432551e-01  8.6261574119510820e-01  4.0217532507402659e-01  
q[475]: 8.8647171306142726e-05  9.6576802238889270e-01  9.8602418970437111e-01  8.6729476814330975e-01  7.3566406572888465e-01  
q[476]: 5.4006275119097579e-05  9.9237143858071597e-01  9.4321455462336523e-01  8.4157658762459198e-01  8.1363944480401240e-01  
q[477]: 5.7424925375100614e-05  9.4805245198972876e-01  9.7549084517802598e-01  9.5010721759204775e-01  4.7629090031353703e-02  
q[478]: 7.9284045570102049e-05  9.8367312016285779e-01  9.7464102243071249e-01  9.3674514988048185e-01  1.9069923878535638e-01  
q[479]: 4.5801641714765714e-05  9.7240699415583653e-01  9.8019361341254008e-01  9.7058443945996953e-01  5.3362554259314132e-01  
q[480]: 7.8896486747916209e-05  9.5928343120321513e-01  9.7333076918959394e-01  9.5385409396208065e-01  7.3928437403349101e-01  
q[481]: 4.5876905748437290e-05  9.4762338971569426e-01  9.7728408340223194e-01  9.5581805679927645e-01  9.1662406587442746e-01  

