deg: 5
dim: 5
nodes: 46
efficiency: 0.913043

q[0]:  6.8359080925518701e-05  3.8738437568813572e-01  1.8747624932958531e-01  1.7343875662968752e-01  9.7878289009498146e-02  6.2681713103076644e-02  
q[1]:  7.1793932408311783e-05  4.0379159753156230e-01  3.4236035641127782e-01  3.1632343947070429e-01  3.0244807683201858e-01  9.8086424266869018e-02  
q[2]:  5.5882466781402801e-05  4.2239007644384158e-01  3.4930752047862912e-01  1.1492467892547314e-01  1.1263821049528285e-01  5.4787982155567870e-02  
q[3]:  1.0030640746844740e-04  3.7477126193373733e-01  3.7467635385010706e-01  2.8443462020351590e-01  1.3772043080669721e-01  8.0820007608222222e-02  
q[4]:  2.1962845971058913e-04  7.6121345054849643e-01  2.5893834171330382e-01  1.8866866103579463e-01  1.2572899451880670e-01  6.1160965093460973e-02  
q[5]:  1.3925644298029075e-04  5.8899291852696922e-01  4.0352724464508094e-01  3.3665713527674401e-01  1.0674961943787414e-01  3.0771247232563404e-02  
q[6]:  1.1374367874695081e-04  5.7913028336999450e-01  3.7930468992060495e-01  2.0244112787837817e-01  2.0033203737317265e-01  1.8517959699469777e-01  
q[7]:  6.2818803405487861e-04  8.1322968350320990e-01  6.0529351247867980e-01  4.1368431392731381e-01  2.3963780842064281e-01  1.7478135993168645e-01  
q[8]:  2.2709837356197336e-04  6.5417280076090289e-01  4.5625504628206903e-01  2.9498722392644366e-01  2.2573049613901519e-01  6.0127250699762427e-03  
q[9]:  1.6983651784991256e-04  6.7439836556471600e-01  5.3708695385240623e-01  5.2933510063447786e-01  3.2105347670174184e-01  2.7900457257093231e-01  
q[10]: 8.8603418418320193e-05  7.3252248890991267e-01  6.8147443643361016e-01  5.9921321514384474e-01  5.8802906884150397e-01  6.3673765022373499e-02  
q[11]: 2.5241128629838221e-04  7.6898867108060520e-01  5.0163526339175102e-01  4.8938634710360462e-01  4.2660079314018923e-01  1.6848892764399265e-01  
q[12]: 1.6031733377376347e-04  7.6891274318082503e-01  7.0503718047875741e-01  1.8713145400112627e-01  1.4365708899932136e-01  7.4714090486112578e-02  
q[13]: 1.2189551519949947e-04  6.8312417086814725e-01  5.5558220226480337e-01  2.3025089361398784e-01  2.4701904623303201e-02  6.9516132159626581e-03  
q[14]: 1.3681113391071685e-04  7.2485657140617743e-01  7.2009361248568082e-01  4.6251456091805399e-01  2.9504370596730484e-01  2.7325628668237045e-01  
q[15]: 1.8936702198087024e-04  6.9993684908161802e-01  6.9151459656066050e-01  4.0765932218602685e-01  2.9688735182609233e-01  7.3735501790000241e-02  
q[16]: 2.8060018867080472e-04  8.2226420005546552e-01  7.0087566882442087e-01  4.8148916468694714e-01  4.7587536008824421e-01  2.5170180816132609e-01  
q[17]: 2.6740636728063031e-04  7.3716633255556419e-01  6.7886519722287542e-01  6.0819337763160208e-01  1.4818798215721732e-01  7.1016636589412527e-02  
q[18]: 1.2464061434105139e-04  6.9259461553015489e-01  6.2947103899793866e-01  6.0722915457717386e-01  3.8678108331244576e-01  2.0769897294787669e-02  
q[19]: 3.3001648604306184e-04  7.4350750445679215e-01  7.0284702938098043e-01  6.2132082779131848e-01  4.7568223533056103e-01  2.2171587126875550e-01  
q[20]: 1.4221960281134971e-04  6.4264864754386064e-01  5.9129657825567072e-01  5.3189191146645554e-01  4.9452538048616879e-01  4.2500523407175894e-01  
q[21]: 1.6525296404974529e-04  9.7129917168985569e-01  3.2841433960049304e-01  2.5001441146487435e-01  1.6711054226168229e-01  8.3957604801550095e-02  
q[22]: 7.7398574823773914e-05  9.2494805605831565e-01  5.0897023135333008e-01  4.6293887716352983e-01  4.4227093594293687e-01  1.8514237517435521e-02  
q[23]: 1.1671465742550933e-04  8.8118103069902887e-01  4.8208046759060674e-01  4.4590212383948225e-01  6.7936507566277268e-02  4.1775834969994069e-02  
q[24]: 1.0798594260854385e-04  8.9480176563343805e-01  4.9289079791872215e-01  9.7171021353721909e-02  6.9416797310887221e-02  3.3986062445725732e-02  
q[25]: 1.5853099802287760e-04  9.7078770783477375e-01  6.6477037830215047e-01  3.8066463622129565e-01  7.9242019063109737e-02  3.2344933126479139e-02  
q[26]: 1.5462305458469275e-04  9.7261144917275422e-01  6.7260475620976701e-01  3.7153152595753020e-01  3.1760728629302476e-01  2.8032667997900290e-01  
q[27]: 3.4550665852814221e-04  9.4048544041394078e-01  6.6580253040871273e-01  3.8679027994926041e-01  3.2055880167928835e-01  6.9390560425426587e-02  
q[28]: 3.2622976763734554e-04  9.3275253944254932e-01  6.5194327735535806e-01  6.0095952297327482e-01  3.1535197399911641e-01  5.3844839969127346e-02  
q[29]: 1.8314988910953458e-04  9.6460856461881883e-01  6.7957246502102131e-01  6.3644051568431392e-01  3.3512697402416514e-01  2.8953767682066567e-01  
q[30]: 2.5087033816437350e-04  9.4514766544375783e-01  8.6321364797201383e-01  7.8567566000919475e-01  6.9482188782596099e-01  8.1999915477787816e-02  
q[31]: 2.0885467750923496e-04  9.8708130666492355e-01  7.1565193059653986e-01  6.4425675256435821e-01  5.7903851288071417e-01  2.9195755555149894e-01  
q[32]: 1.5603949962948884e-04  8.9259670274848557e-01  5.0953933077414437e-01  4.6433075308403099e-01  4.2817104739898176e-01  3.8312649347825595e-01  
q[33]: 1.9356220391940696e-04  9.5966908731315614e-01  8.7831584919174055e-01  2.4833514586587532e-01  1.5834773239440769e-01  7.8583180777268988e-02  
q[34]: 1.0879405521558245e-04  9.1299081956076145e-01  8.8783330534676241e-01  4.9849747866264865e-01  8.8731971337477192e-02  4.8793574797324775e-02  
q[35]: 3.4009488345022805e-04  9.2633284045643660e-01  8.5980939271817525e-01  6.0066256813215069e-01  3.2118521864568339e-01  4.7378284282776857e-02  
q[36]: 2.4878598458708792e-04  9.6700218618481937e-01  8.9353528324615150e-01  6.2769749373050665e-01  3.3391496313411334e-01  2.6811613656291255e-01  
q[37]: 8.1378998487035463e-05  9.3360709677667408e-01  8.8766972123223598e-01  4.7130349963977369e-01  4.4670536810832862e-01  2.7055231896304831e-02  
q[38]: 1.6320993500334535e-04  9.8106068657089074e-01  9.5603245621543942e-01  6.6640005818226333e-01  5.8495692351244333e-01  2.8533899035639809e-01  
q[39]: 1.2078119153492499e-04  9.1942631150976295e-01  8.7189203536577864e-01  4.7531953368685220e-01  4.3857820331396596e-01  3.9704993628004465e-01  
q[40]: 1.7823259921688727e-04  9.5587712219889798e-01  8.6818073693239983e-01  7.9155792694105209e-01  1.4903305155919266e-01  7.5829190372732308e-02  
q[41]: 5.9062314414107751e-05  9.5433652911867672e-01  9.4064729762621657e-01  9.0709294903328086e-01  4.4839832429319787e-01  4.6030527529782622e-02  
q[42]: 2.8990782192771204e-04  9.3855732514911860e-01  8.7562765671414955e-01  8.2677958694847009e-01  5.3083441215391036e-01  2.8666955911313868e-01  
q[43]: 7.1069418074905661e-05  9.0538807954984402e-01  8.9342573541087567e-01  8.5128291144555557e-01  4.2399219900546836e-01  4.0852809427440950e-01  
q[44]: 7.5966930000212254e-05  9.1711212501500494e-01  8.8715280415753750e-01  8.6729091743408926e-01  8.4026641577820682e-01  4.2433242328444420e-01  
q[45]: 2.6294761219190690e-04  9.3378810452164152e-01  8.5442698364723046e-01  7.7548702076588838e-01  6.9314999137550981e-01  6.1610018725197724e-01  

