deg: 10
dim: 5
nodes: 526
efficiency: 0.952471

q[0]:   1.9441137788614672e-06  2.3637929617071132e-01  7.6987422294814839e-02  5.7349741736348089e-02  3.9152791750961487e-02  9.4850404618265789e-03  
q[1]:   2.5273078112091367e-06  2.0493215421469690e-01  1.7840159629775343e-01  6.8782226264487170e-02  4.5351274189767268e-02  3.2139170527981376e-02  
q[2]:   1.4200861459043252e-06  2.1201464715566579e-01  1.7154002304626084e-01  1.5609872758571383e-01  1.4464141014431747e-01  1.3547064112091700e-01  
q[3]:   3.6640580243926900e-06  2.1219283531299638e-01  1.7949262592721607e-01  1.5770749745440449e-01  5.5289348763421231e-02  3.4342068738296580e-02  
q[4]:   9.3211295485614726e-07  1.2811106555377996e-01  1.1088566464487724e-01  9.4534015350695763e-02  8.4582031726566281e-02  2.1682678642528992e-02  
q[5]:   4.6934118367015542e-06  4.9433804182516911e-01  1.0200233992727632e-01  6.5255658803229796e-02  3.6566245957987881e-02  1.7521303235502592e-02  
q[6]:   6.0526448935915741e-06  3.8376157418050205e-01  2.3411290567474211e-01  1.7397734407479959e-01  3.0706663169441969e-02  2.7413148607412320e-02  
q[7]:   5.9113729133706008e-06  3.4773746575438469e-01  1.8529578685813472e-01  1.7124358806311316e-01  1.1922743429008727e-01  1.0088425157026241e-01  
q[8]:   8.2004170848756457e-06  3.7321983750938476e-01  2.1932954264643015e-01  7.5597471697314886e-02  4.8753052531329048e-02  2.5668571006878482e-02  
q[9]:   1.2125566362938354e-05  3.7016991432864971e-01  2.7620216123688895e-01  1.8390619656016244e-01  1.6334269235520790e-01  1.2743015997143819e-01  
q[10]:  8.9968136381237639e-06  3.1552208078354638e-01  2.3386974591280188e-01  1.7890018291470908e-01  1.2077515727768968e-01  1.5035652770772571e-02  
q[11]:  4.3155881272758037e-06  4.7634896095121326e-01  3.1909001989107166e-01  3.1423486660744493e-01  2.7219772173668250e-01  7.3298056442248245e-03  
q[12]:  1.2825487031007702e-05  4.1269723158423721e-01  3.1223184350054839e-01  3.0345034840384832e-01  1.5077963427054172e-01  6.1976515646639946e-02  
q[13]:  7.4312821685492560e-06  3.6372677168767975e-01  2.4953256628530859e-01  2.3221615562583359e-01  2.1889837661725764e-01  7.3311556343925915e-02  
q[14]:  3.9817960811877544e-06  3.8751229160212119e-01  3.5452721972223011e-01  3.2845551009248636e-01  4.0676089912109199e-02  1.2683234771949933e-02  
q[15]:  6.9380077034266175e-06  4.8419404864792021e-01  4.7197604816457195e-01  4.5795928062459562e-01  1.6569003228316911e-01  1.2435956428685113e-01  
q[16]:  3.5369588954022833e-06  3.7671752179302864e-01  3.5634097458857894e-01  3.4823971257009290e-01  2.5939881459858749e-01  2.4084418539624577e-01  
q[17]:  6.8714163095606542e-06  4.2491431478085306e-01  3.9260481373492512e-01  8.3150532937702373e-02  5.9421274328284500e-02  3.0155122098529698e-02  
q[18]:  9.0883953319961957e-06  3.6242444074513713e-01  3.4124577004584189e-01  1.9124674085947832e-01  6.4641338504798973e-02  1.7748240738684397e-02  
q[19]:  7.3920242934867386e-06  4.0095897970706945e-01  3.8939456958933205e-01  2.2166535832302994e-01  1.8031163447644891e-01  1.6175879112437197e-01  
q[20]:  1.1892891472464530e-05  3.8534596610391647e-01  3.5842198859585678e-01  2.8705144287739542e-01  1.3923307870924514e-01  1.1270804697402784e-01  
q[21]:  7.9492221132261062e-06  3.5119663326936901e-01  3.2473441771909695e-01  1.8269321447244813e-01  1.6710644969607674e-01  3.3853976966640671e-02  
q[22]:  1.1365807201041796e-05  3.3665756017849102e-01  3.1969787064721678e-01  2.8112259233746079e-01  2.4042576413008157e-01  1.3169734585223364e-01  
q[23]:  4.8705267048087628e-06  4.5349720444113223e-01  4.2582248142278945e-01  3.8000928956394242e-01  3.7675533681701207e-01  3.3829658440719873e-01  
q[24]:  4.9882100698382941e-06  3.4492666538008526e-01  3.3633282963221262e-01  3.1674195883844608e-01  1.9133137405322895e-01  2.6008538210126341e-02  
q[25]:  2.3021750647406760e-06  3.5364949257189598e-01  3.3146663685402344e-01  3.0766781307104329e-01  2.9589976404344698e-01  1.8450067751903668e-02  
q[26]:  8.7038778734368703e-06  6.1105905543705885e-01  3.0269657933685690e-01  6.3586308466193731e-02  4.1830384791301418e-02  1.2264034383234897e-02  
q[27]:  2.4938727933712454e-05  6.1873077841997792e-01  3.1317381369615538e-01  1.9308112375037698e-01  6.3399828177919323e-02  2.4341528318449712e-02  
q[28]:  1.3522155020755527e-05  5.4885606634952611e-01  2.6933796933793225e-01  1.5162147643124957e-01  1.1581589487839589e-01  1.0327538302184239e-01  
q[29]:  3.5721558413707108e-06  5.5927034113674401e-01  1.8373247586303434e-01  1.8204129107017994e-01  1.5787105168093613e-01  1.6634323778090675e-02  
q[30]:  1.0150872777072317e-05  4.8831445051770789e-01  1.9799226066328215e-01  1.7056628318704994e-01  1.5140549708434634e-01  9.8777372912604966e-02  
q[31]:  7.4342124996669864e-06  4.6867999801155519e-01  2.2496348627345769e-01  2.0250201045315350e-01  6.4096276605883629e-02  3.5407202545102421e-03  
q[32]:  8.4463860966697232e-06  5.6985534353336942e-01  2.5388557518531923e-01  2.4471266986546306e-01  1.0039284295628685e-01  8.6392719952749386e-02  
q[33]:  1.9522626339739748e-05  5.0712387591318431e-01  2.6846377345640088e-01  1.8049104676375083e-01  1.5522155195422013e-01  2.7798105704910932e-02  
q[34]:  3.3143293157174728e-05  5.8629599035588897e-01  3.6003539454259775e-01  3.3012144388500908e-01  2.2424028670963550e-01  9.9815407632184494e-02  
q[35]:  1.5787146801834567e-05  7.0557181996959095e-01  3.6897937102934220e-01  3.3893151327490495e-01  2.2717531246490894e-01  1.4872807982189594e-02  
q[36]:  7.0630090718719962e-06  5.4248262328457364e-01  3.4747590932482875e-01  3.2280100343060858e-01  3.0380333437693091e-01  2.9008786770892053e-01  
q[37]:  1.4916136148986119e-05  5.0996324944379556e-01  4.0250203709910404e-01  1.6974582347083342e-01  4.8233376692100323e-02  2.6895872869367135e-02  
q[38]:  1.7535677300634744e-05  5.7796015746104645e-01  4.4869696093415534e-01  1.7530585217764794e-01  1.5683818482444237e-01  1.2807459908610783e-01  
q[39]:  1.6969060068593342e-05  5.3027347164044636e-01  4.1372535637705021e-01  1.8451402454798896e-01  1.5886700778696702e-01  2.8429628195771519e-02  
q[40]:  4.8321018759580207e-05  5.4829278636260437e-01  4.4548494803106203e-01  3.1505634903081664e-01  2.4431418396509447e-01  1.1271624671080750e-01  
q[41]:  1.0202049244739185e-05  5.4773669391610569e-01  4.4755290806757325e-01  3.1466851118521671e-01  2.8751635729741953e-01  2.6724979271654281e-01  
q[42]:  1.6373879025373104e-05  5.3157682373641113e-01  4.2911242554099072e-01  3.2332535884909352e-01  9.0652978813761734e-02  1.2633956071766685e-02  
q[43]:  1.1523138227152997e-05  5.8995896537888515e-01  4.9662020983222943e-01  4.8885402354115715e-01  1.8446287441335635e-01  2.0484580771589381e-02  
q[44]:  3.2569098190956491e-05  5.3652577742805130e-01  3.9860066120215049e-01  2.9201900066947950e-01  1.4294499418491149e-01  1.0449205443854021e-01  
q[45]:  1.5818061291516492e-05  5.1117131492637824e-01  4.0493652732310292e-01  3.8762194374503472e-01  3.5770447379043130e-01  2.4281207814141156e-01  
q[46]:  7.5514208578145856e-06  6.0832493311005986e-01  4.7349296397566915e-01  7.3606467561714670e-02  5.2560962659950333e-02  2.7490326298771607e-02  
q[47]:  1.5945526175985396e-05  6.2235756240760476e-01  5.0190996650618880e-01  2.2969831010251410e-01  1.2112526869974111e-01  2.5933931944336834e-03  
q[48]:  1.4813884525339375e-05  5.6968915623831307e-01  5.1311381243284193e-01  2.6359586085134795e-01  1.4431317106734812e-01  1.3686932074198599e-01  
q[49]:  2.2931552599935396e-05  5.3201012179499341e-01  4.3610581163502743e-01  3.6668748720260891e-01  2.4205577690680480e-01  2.1468387801186969e-02  
q[50]:  9.8672178693657019e-06  5.5402317338743612e-01  4.6869968839756548e-01  3.6136597212964761e-01  3.4495217412220230e-01  1.3130437016895338e-02  
q[51]:  1.6174726950960059e-05  6.0203886853907995e-01  4.5956845566995880e-01  3.7167557895184972e-01  3.6997561724818040e-01  1.2569056956649044e-01  
q[52]:  3.0936192206277976e-05  5.5163800035339483e-01  5.2401514681496275e-01  4.3249433802625803e-01  2.3275877183984933e-01  8.4552266967277273e-02  
q[53]:  5.5044557909557610e-06  5.7024414303216364e-01  4.0753607906027040e-01  3.8328743856531955e-01  3.4883156018020993e-02  1.8139578650779944e-02  
q[54]:  7.1816369369516688e-06  5.3852882294705418e-01  4.2310332177381493e-01  4.1011574533990541e-01  1.1504540821124429e-01  1.0701551982022202e-01  
q[55]:  2.1469688499298068e-05  6.2965462532916805e-01  4.6441424034013179e-01  4.4565070532046380e-01  3.7320322088796049e-01  9.2629535917580122e-02  
q[56]:  2.4157918021302330e-05  5.2988424888230889e-01  4.2672489309211126e-01  3.8858505596756249e-01  2.6885877200046499e-01  2.4124311399091092e-01  
q[57]:  8.8186089876404393e-06  5.8651535310298997e-01  5.5319298847769949e-01  5.3283599513986213e-01  3.9158025820592862e-01  1.7734336560049697e-02  
q[58]:  3.7365888760348844e-06  6.2592669949444102e-01  5.6149005932024454e-01  5.5303926621289179e-01  5.2848189001984425e-01  5.0564323120298826e-01  
q[59]:  4.6617218356032080e-06  5.8062308456289280e-01  5.7052298927265965e-01  1.7104817496819880e-01  3.4363870789350770e-02  1.5061034953489580e-02  
q[60]:  5.4310932182673898e-06  6.0911562190691271e-01  5.9166785803206257e-01  1.5675845927865770e-01  1.2518766049531807e-01  1.1115532414126181e-01  
q[61]:  1.0219963693625874e-05  5.9939599798973942e-01  5.7789865185479916e-01  1.9905833812824883e-01  1.7356865043752989e-01  2.2749562730412128e-02  
q[62]:  1.3495363770119339e-05  5.3615168033581218e-01  5.1014818011546925e-01  2.9241053119324151e-01  2.8497631158423775e-01  1.7177590812446544e-01  
q[63]:  7.6562865131970474e-06  5.3322295252569307e-01  5.1328378723928791e-01  3.5903274295764076e-01  4.6275590437172061e-02  4.1702558135631805e-02  
q[64]:  9.3638002173755120e-06  5.0997156042789893e-01  5.0105068532529051e-01  3.4669448809763431e-01  2.5782386274631131e-01  1.7127832713107936e-02  
q[65]:  2.6380539342403649e-05  5.6111483690152930e-01  5.4264769234694754e-01  2.8810221768982242e-01  1.7566697747403881e-01  8.3921345271088979e-02  
q[66]:  2.0389367675792797e-05  6.2147423813950586e-01  5.3354010933376272e-01  4.4664468335091545e-01  9.8827650110258680e-02  5.9985168967404238e-02  
q[67]:  7.4714853058482373e-06  5.3515381680191820e-01  5.2380099084652865e-01  4.6997639415908377e-01  1.3768459489801993e-01  2.0664969477943829e-02  
q[68]:  2.3604819876457703e-05  6.1902252373981348e-01  5.9843774621464796e-01  4.9649573800723895e-01  2.5268345131802428e-01  2.1812376473941272e-01  
q[69]:  1.5740506484000256e-05  5.6561417242471146e-01  5.4615197715469832e-01  4.2245682038093735e-01  3.9243411256366739e-01  1.0266794856335937e-01  
q[70]:  2.4916090542267900e-05  5.8212168452182012e-01  5.6931402014646182e-01  4.7162062905639351e-01  3.8601414209140128e-01  2.5980289542593243e-01  
q[71]:  2.7692130932975297e-06  5.3304852270335379e-01  5.2777802498271364e-01  5.1503284276812578e-01  5.0731390769656104e-01  2.7678288269959778e-01  
q[72]:  7.1652540512966776e-06  5.8392808238660721e-01  5.6747180638683092e-01  4.6482235436132036e-01  3.8777485073469942e-01  3.8405416699431516e-01  
q[73]:  6.5312733401296451e-06  6.4356271128212872e-01  6.1391998923583491e-01  5.8512515577804936e-01  5.4564863915576974e-02  2.7340762552929075e-02  
q[74]:  1.2388767519786608e-05  6.0981343099647978e-01  5.8617707889037840e-01  5.5428820281463498e-01  3.9690692492205437e-01  1.1582024299300435e-01  
q[75]:  1.8064319009162661e-05  5.5716048606411861e-01  5.1294833909811433e-01  5.0525736659029408e-01  3.4554824507916521e-01  1.8491332583010225e-01  
q[76]:  1.5674510285272207e-05  5.2140183565492182e-01  4.8304350667304841e-01  4.5714590521691228e-01  4.1696516858262966e-01  9.8574975899922535e-02  
q[77]:  1.7975716837321537e-05  6.3000639154959781e-01  5.7092731049255419e-01  5.0217082093911591e-01  4.8170307984644395e-01  2.7884551714465444e-01  
q[78]:  7.3735590860334316e-06  5.9471187551045168e-01  5.7773286397230006e-01  5.6660054192679488e-01  4.6987260291932642e-01  4.0014512058892865e-01  
q[79]:  2.9139723121820934e-06  6.2009188540210725e-01  6.1359745628475071e-01  5.7166581627774826e-01  5.4120633527019435e-01  1.1207815100779171e-02  
q[80]:  8.8614544583267857e-06  7.1182263592597461e-01  1.8644548527833935e-01  8.3688336045615333e-02  6.1115735184258092e-02  4.6036437944114703e-02  
q[81]:  2.4122781909348745e-06  7.5011483940113566e-01  8.7206721800729095e-02  8.0079272704096996e-02  6.9455729444728997e-02  1.9726168539389664e-02  
q[82]:  1.0119063654497325e-05  7.1098875498542569e-01  1.9191547802459258e-01  1.6423669906440022e-01  5.2405267313580098e-02  2.4451516949948814e-02  
q[83]:  1.3507655776044344e-05  7.3739425432021588e-01  2.7104438785635687e-01  1.5954224053607852e-01  1.3059491473504753e-01  5.6794876885667448e-03  
q[84]:  2.4354486785281390e-05  7.2894512667268785e-01  2.9301619079810276e-01  2.6896000100355100e-01  1.9230795784284602e-01  8.0684778579061603e-02  
q[85]:  4.8966397269588160e-06  6.9060859595329027e-01  2.0290410804588910e-01  1.9888116542727063e-01  1.7270563466292263e-01  1.5985116466492391e-01  
q[86]:  1.4956510604361934e-05  7.1597222914006386e-01  2.7987070214652349e-01  2.1535346255774476e-01  2.0870570317541073e-01  1.0416862305302550e-01  
q[87]:  9.2585777070143592e-06  8.0336080734525406e-01  3.6667756475119306e-01  1.4089582864333394e-01  3.0299538221863202e-02  5.7349253576925189e-03  
q[88]:  3.9110707562400784e-05  7.2341655027469054e-01  4.3384421114361316e-01  1.9829820353953390e-01  1.6751986196817756e-01  7.7470923534760441e-02  
q[89]:  1.1318167846451779e-05  7.7303578850741672e-01  4.3224060853866236e-01  1.5364512653879234e-01  1.3276390367222318e-01  1.2760959947061312e-01  
q[90]:  4.5628601843771587e-05  7.5223087306543834e-01  4.4791960966980737e-01  3.1934813728673306e-01  1.9124643224541238e-01  9.8059422862554702e-02  
q[91]:  2.4354449957128849e-05  7.0837626884915750e-01  3.9031911770824401e-01  2.9734124162132747e-01  2.5255485355925006e-01  2.3082405406649381e-01  
q[92]:  2.6039297026279582e-05  6.5713259116441491e-01  4.5388010167656268e-01  3.1496603980689708e-01  2.9903859848339059e-01  2.0913310256155437e-01  
q[93]:  2.2346456927655739e-05  7.1102279039377669e-01  4.2414639503821194e-01  3.3283270365660211e-01  1.4414165120900496e-01  1.3346197002266319e-01  
q[94]:  1.5726591895497193e-05  6.9639502730907377e-01  4.2953235291513930e-01  3.6877771929607495e-01  3.5075222720203930e-01  2.7555748562807330e-02  
q[95]:  5.2957931695842802e-06  6.7566596503015919e-01  3.9735353366779513e-01  3.9313634678591225e-01  3.9313173867206558e-01  1.1650461932255106e-01  
q[96]:  1.6274892456597373e-05  7.3250762531379154e-01  3.8521224081869787e-01  3.4868025730798824e-01  5.6391326332540501e-02  3.1890740597262872e-02  
q[97]:  1.3501429909542276e-05  7.1494056451052468e-01  4.2386953034083241e-01  4.1176023728175987e-01  1.3887409249375651e-01  2.2567610662627993e-02  
q[98]:  2.1049193852347146e-05  6.8681799084693729e-01  4.1816330830754234e-01  3.9282468568598344e-01  3.6577255563617372e-01  2.4725015865368577e-01  
q[99]:  1.1080504543442813e-05  8.3111424097287900e-01  5.2438569258826617e-01  7.5408773662408168e-02  4.5974109167739495e-02  1.8211882700742862e-02  
q[100]: 2.8028522612974425e-05  7.2834056123176294e-01  4.9288468345900477e-01  2.0715580195464309e-01  6.7923818724177340e-02  5.0898926919797201e-02  
q[101]: 1.7847207309628049e-05  7.3452508172602193e-01  5.2067818642589847e-01  2.7286495582830150e-01  2.4543129205091324e-01  1.2386225027233445e-02  
q[102]: 1.5914725880255250e-05  7.0988560888257268e-01  5.2056413376217758e-01  3.6717779660007466e-01  3.3592764297581887e-02  1.3217589377291851e-02  
q[103]: 3.8630137581224490e-05  6.9899933174361040e-01  4.8085875043977122e-01  3.5667613965878858e-01  1.9877377295356488e-01  2.1404446309086018e-02  
q[104]: 3.6256547499441142e-05  8.3943619032897177e-01  6.1357003411912026e-01  4.9722303456393885e-01  4.7400200633215428e-01  3.0941561538974538e-01  
q[105]: 2.4937925308934335e-05  7.7729918419156585e-01  6.4194343268707632e-01  5.5854569896367445e-01  1.5576457813737729e-01  8.2689334539502186e-03  
q[106]: 3.6375077505293006e-05  7.5357196871034815e-01  6.4234978502595919e-01  5.1844784394773602e-01  4.4349683506587573e-01  2.7497685930605583e-02  
q[107]: 4.3134224263506871e-05  7.6820832068561828e-01  4.9381344851039238e-01  3.6237152516402577e-01  3.1765524957783126e-01  8.7448168763574960e-02  
q[108]: 7.5778259469441177e-05  7.8830531767074186e-01  6.0994351189531737e-01  4.6130117024086581e-01  3.4028595229289776e-01  2.3541837138819910e-01  
q[109]: 1.1688979040202922e-05  7.8755593584396810e-01  5.1765868605242826e-01  4.9240026905207501e-01  4.7055438494673546e-01  4.4123184657170611e-01  
q[110]: 5.3228662926719080e-05  7.0119553695440540e-01  5.3242204002955917e-01  4.9541736753609350e-01  2.1180192011226240e-01  1.1266644261525965e-01  
q[111]: 2.6498595932651312e-05  7.3716792116001162e-01  5.7770446506042361e-01  5.5465854886777510e-01  3.7379746515827345e-01  3.3111589765533161e-02  
q[112]: 2.8154022275883319e-05  7.1391505067803385e-01  4.4442899721796819e-01  4.2646182063764754e-01  2.8803580369958498e-01  2.4735028433020928e-01  
q[113]: 3.7434900278353285e-05  7.3315145364825884e-01  5.8063805853947170e-01  5.4075522268839560e-01  4.5006762695001895e-01  2.3098460932865281e-01  
q[114]: 1.1000266684702895e-05  7.2263296281002198e-01  6.0341098661577175e-01  1.3114837830270329e-01  4.3291247480764447e-02  1.9452182661829680e-02  
q[115]: 3.4390279068488039e-05  8.3514631446263454e-01  5.9864724162314720e-01  2.5728576379674434e-01  1.3428736939825309e-01  1.2665725352854710e-02  
q[116]: 1.2793418595420480e-05  7.6546794644821892e-01  6.2319828646839492e-01  1.4824124785782000e-01  1.4050164365419937e-01  3.1938910894403753e-02  
q[117]: 1.0288078142792420e-05  8.0134428069266572e-01  6.5624304908300501e-01  1.4487606015144402e-01  1.1753690179719466e-01  1.1559058460394100e-01  
q[118]: 1.1110418326675068e-05  7.1355451496144728e-01  6.3612564273606120e-01  3.0477425762803889e-01  3.1979783539941999e-02  1.7608921843117697e-02  
q[119]: 5.4366965872611168e-05  7.3660171530676011e-01  6.1431050196979875e-01  2.7718947427304480e-01  1.9843310691901442e-01  1.1842550860250831e-01  
q[120]: 2.5526139409614223e-05  7.1985686415270767e-01  6.2536091004159988e-01  3.3723372252347855e-01  3.2134329771607922e-01  8.0222857057717881e-02  
q[121]: 2.3221862494201490e-05  8.0874412257306827e-01  6.6622148838121908e-01  3.3892837984845348e-01  3.3173873322129704e-01  2.1591619566196926e-01  
q[122]: 6.4245235527919046e-05  7.4950809652592665e-01  6.4170234086133837e-01  3.9255577921480750e-01  1.6593771226907775e-01  6.9702647494742809e-02  
q[123]: 2.5588096363500383e-05  7.1804601552758163e-01  5.7614702967467779e-01  3.9110731635589019e-01  2.1818370137429291e-01  2.0840422497467115e-01  
q[124]: 5.5101443140282234e-05  7.2969813386661564e-01  6.4371872516270934e-01  4.7306101118060828e-01  3.5663616484302363e-01  1.1257620210507024e-01  
q[125]: 1.4222729925564012e-05  7.4791567934526426e-01  5.8416486108405019e-01  3.3676332073601134e-01  2.8253706317649419e-01  2.7648514378128253e-01  
q[126]: 3.1653102883609791e-05  7.7382665609797974e-01  6.5619867914236862e-01  5.2775363572775036e-01  1.4192794613825138e-01  1.2360927147867984e-01  
q[127]: 3.5927304732118733e-05  7.6644764582989322e-01  6.5995388051539372e-01  5.5386481509610519e-01  2.8200627310354109e-01  7.0490707919300108e-02  
q[128]: 1.7918636640023387e-05  7.9618916935481998e-01  6.7906518947437888e-01  5.8166946730695102e-01  3.8002662824299133e-01  3.6495747570120168e-01  
q[129]: 2.9819823675709188e-05  6.6626870796578719e-01  5.8526030427932363e-01  4.5628186331330017e-01  3.9838814850022192e-01  3.3657322892901909e-01  
q[130]: 1.8085965576825605e-05  7.3695403575406837e-01  6.1613931781049558e-01  5.8819381566554574e-01  4.7500658225481346e-01  4.5259818739528551e-01  
q[131]: 1.6745360254283920e-05  7.9295298941601078e-01  7.4242852103196244e-01  6.3820168592332194e-01  6.2614908125272972e-01  9.4398274096360951e-02  
q[132]: 2.9937788392044053e-05  7.8248482520865825e-01  7.1866066888804703e-01  5.4951182803998710e-01  5.2765827859487946e-01  3.3271456417248441e-01  
q[133]: 2.0351258044622534e-05  7.6290638869342620e-01  6.4122357846689670e-01  6.1810673548777073e-01  5.9169436227773664e-01  4.5599806597220893e-01  
q[134]: 1.6261988782752737e-05  7.5426352342840808e-01  6.2922026662282349e-01  5.1179549229299715e-01  4.9802330332629080e-01  4.6988617000990140e-01  
q[135]: 1.2140548226990723e-05  7.7276368078558644e-01  6.1807957757035503e-01  5.9772365667951155e-01  6.4535520060187049e-02  2.6721992539286359e-02  
q[136]: 1.1741167773598684e-05  7.0606319794190375e-01  6.6352866771204944e-01  6.5511570753620429e-01  2.0071573349971392e-01  9.0942664055864528e-02  
q[137]: 1.8537975551326203e-05  6.9757320476795681e-01  6.0885761480819522e-01  5.8872160809933005e-01  2.8060896226372861e-01  2.5298703668428013e-01  
q[138]: 3.3700009554277175e-05  7.7193849665340386e-01  6.8806054524961968e-01  6.5729440232949665e-01  3.9408764245035155e-01  1.1927094886673217e-01  
q[139]: 3.0287930505426234e-05  7.4407253342760993e-01  6.3127812494807900e-01  6.0734009054627414e-01  4.5501895612662241e-01  3.1778220434394167e-01  
q[140]: 4.2127731894218854e-05  7.7253143566044269e-01  6.6938342418671815e-01  6.0009557328292440e-01  5.3092182372499774e-01  1.6224152769929368e-01  
q[141]: 1.5933211682215764e-05  7.3723690208212067e-01  7.1498254973142961e-01  6.9911014966743878e-01  6.1460685764639800e-01  3.1520367513053094e-01  
q[142]: 1.0627475180672486e-05  6.9433977521786894e-01  5.9288193694084834e-01  5.7484942999715882e-01  5.5074522763335743e-01  3.6821179901839279e-02  
q[143]: 9.6978399873878149e-06  7.4256442854758420e-01  6.4750325538103604e-01  6.4038772595306936e-01  6.2815782998586134e-01  2.4014698109230520e-01  
q[144]: 3.6318537268548028e-06  6.9848928196121796e-01  6.6894777760147606e-01  6.1428061059126189e-02  4.1096725092439744e-02  1.4101060969740656e-02  
q[145]: 2.2510373465593218e-05  7.5385584683484252e-01  7.2175638837696998e-01  2.4136334271807547e-01  1.2804303917381060e-01  3.0478560849201163e-02  
q[146]: 1.6028772422735507e-05  7.7699038529938391e-01  7.4369616056726795e-01  2.5266531867432729e-01  1.2165580674998284e-01  1.0712218391055441e-01  
q[147]: 1.5177208105558348e-05  6.6134174946507607e-01  6.3845331502346370e-01  4.0327903690494965e-01  1.2183418215755233e-01  6.9599340130961944e-03  
q[148]: 2.6544631009891296e-05  7.2249344880026134e-01  7.0310617515868823e-01  4.2496475861195732e-01  3.1004913288049002e-01  2.6860341501593349e-01  
q[149]: 1.5228265963768238e-05  7.2271433017792674e-01  6.9373177153113053e-01  2.2411275226769312e-01  2.0387379289816035e-01  1.2458740573891150e-01  
q[150]: 7.6818716050211389e-06  6.7317887992720449e-01  6.4150305685249975e-01  3.3068033769995425e-01  3.1849854071992806e-01  3.0180575083802513e-01  
q[151]: 2.3644656091454734e-05  7.0795762872621915e-01  6.8440689021938750e-01  4.1408731841694363e-01  1.4015811581158477e-01  1.0602113271879687e-01  
q[152]: 2.1827786857412475e-05  7.7664701743834164e-01  7.7484273542565851e-01  4.8684585968251382e-01  2.9415262034155454e-01  1.1081288663655740e-01  
q[153]: 2.5880148528696157e-05  7.0946557961844336e-01  6.6548056457924076e-01  3.9611126254096590e-01  2.8670076882549916e-01  2.4215806348317794e-02  
q[154]: 2.9443087774504610e-05  7.5213764672037275e-01  7.1529941290708099e-01  4.3422186819681952e-01  3.7483537255429006e-01  2.5552137131162628e-01  
q[155]: 6.5560748799617160e-06  6.8568268018042677e-01  6.6499695681446591e-01  4.2800006504240845e-01  4.2021803895476390e-01  2.5499071516789318e-02  
q[156]: 2.2094174893904096e-05  7.4441926790122170e-01  7.2759056082805118e-01  4.3861470471715802e-01  3.9906075146067593e-01  1.4605981607659355e-01  
q[157]: 5.5561249884821994e-06  6.9228652081182263e-01  6.8423018025126070e-01  5.2833345345958860e-01  5.2506447164393732e-01  4.5507112673377381e-01  
q[158]: 1.0523271489935070e-05  7.5980173233071047e-01  7.2952182762269435e-01  5.6915916524994059e-01  4.4990476813860529e-02  1.3294715934686136e-02  
q[159]: 1.4511578796945951e-05  8.1382608073966956e-01  7.8388867288982211e-01  6.4159481653391659e-01  3.0859768447215896e-01  2.9529909931945258e-01  
q[160]: 2.3635774433157803e-05  7.3750530513015611e-01  7.0353995210830622e-01  5.9338351408263157e-01  3.2610731824061379e-01  1.5924337919573494e-02  
q[161]: 3.2374870576788934e-05  7.6044048334920278e-01  7.4525811947920917e-01  6.3973014641785819e-01  4.6536242541968470e-01  1.8681450757391141e-01  
q[162]: 5.2342220501216977e-05  7.4414645567796600e-01  6.7311867045959950e-01  5.5639317730346560e-01  3.4354803186138494e-01  2.3591837558384501e-01  
q[163]: 1.6559781361834343e-05  7.4073776636885169e-01  7.3189262817985989e-01  6.1478365056155060e-01  5.0442055104251127e-01  5.2587031177600829e-02  
q[164]: 2.1461993747439033e-05  8.1199046455451718e-01  7.7907782760657007e-01  6.3869697197714204e-01  5.1365778461843603e-01  4.8462943869362546e-01  
q[165]: 1.5885876268527124e-05  7.5897691024681180e-01  7.4704644788032304e-01  6.3146547680305365e-01  6.0465496950028441e-01  2.4431499646266761e-01  
q[166]: 8.0431217227247179e-06  7.1120610667908124e-01  6.8837614780761758e-01  6.5561806225625041e-01  6.3024363920517246e-01  5.0110064413698430e-01  
q[167]: 6.3699551555230454e-06  7.8234053946203086e-01  7.5523459948368898e-01  7.1876903834044092e-01  1.4905905349779025e-01  4.4555688727413887e-03  
q[168]: 7.6873179821788394e-06  7.1958185016497778e-01  7.0177607860531876e-01  6.5800807142156070e-01  1.5759889015488143e-01  1.4798677004958202e-01  
q[169]: 7.3557704768856195e-06  6.8426055891370230e-01  6.7808764914641628e-01  6.6068760407772320e-01  3.2426839529357354e-01  4.5089160164079968e-02  
q[170]: 3.4986261540933083e-05  7.4598094516076496e-01  7.2372861912294539e-01  6.0967696708802877e-01  2.0047872911592585e-01  8.7636683755883488e-02  
q[171]: 2.0345415674758339e-05  7.4138781239745510e-01  7.2115549203790541e-01  6.9842849199640678e-01  3.7428391573855341e-01  2.4108795771851738e-01  
q[172]: 1.5562105641519124e-05  7.8000134198395832e-01  7.5290503999381264e-01  7.3845323250333683e-01  5.8999755206793203e-01  1.2078591587211855e-01  
q[173]: 6.1248658257846138e-06  6.9476148292517703e-01  6.8244274142828831e-01  6.6325046328939408e-01  4.2430700426649648e-01  4.0664660696151667e-01  
q[174]: 4.7462782134233439e-06  7.1346350102221445e-01  7.0379276891270393e-01  6.8344208533033690e-01  6.5977526190525382e-01  1.2840013088791924e-01  
q[175]: 5.6144296545418734e-06  7.5988561114008590e-01  7.3941301729226883e-01  6.9724002792093165e-01  6.6149370988929745e-01  6.4152646170607286e-01  
q[176]: 5.1987386316666682e-06  8.8757188497757000e-01  1.5341518363383391e-01  7.6534334078064231e-02  4.0795257085214538e-02  1.6558521393702431e-02  
q[177]: 4.8525025456510794e-06  8.8560727574910147e-01  1.7665294785574950e-01  1.4881725136451884e-01  1.3058529897015664e-01  1.0631407722664718e-01  
q[178]: 3.2966337364741478e-06  8.9533578351449239e-01  1.7770439073750777e-01  1.6841440777314642e-01  4.3364755402199820e-02  2.6788960559029334e-02  
q[179]: 9.9044587510299568e-06  8.7220303817407074e-01  3.2403324005376727e-01  7.8276233344221860e-02  5.6645926020465004e-02  3.0454819921030728e-02  
q[180]: 8.5734110012812560e-06  8.4682257518457882e-01  3.4516598322784042e-01  2.2704532408352793e-01  3.1168326818283527e-02  1.1708399729197233e-02  
q[181]: 2.7796363576503484e-05  8.3300108602225897e-01  3.2013270777925185e-01  2.2668819355468955e-01  1.3584638258406970e-01  1.1027889717374097e-01  
q[182]: 1.2558764335221330e-05  9.1421062722107205e-01  2.7295372117914901e-01  1.9426777155222058e-01  1.6699556765284287e-01  3.8292129840394762e-02  
q[183]: 1.3411548289675866e-05  8.7987705343487244e-01  3.8504108273704046e-01  2.1121435490278220e-01  2.0449105095694331e-01  1.2909288196251303e-01  
q[184]: 1.6841609921998547e-05  8.6222492546517193e-01  3.1228567504953392e-01  2.7917726164635603e-01  1.4771310717143771e-01  1.7773996056744967e-02  
q[185]: 7.7597542539687658e-06  8.2986014643335537e-01  3.1192112256346727e-01  2.9802614024545915e-01  2.8342650058816621e-01  3.4529973052186802e-02  
q[186]: 1.0260580054772696e-05  8.5694824461771568e-01  3.6466077956345855e-01  2.9084273633135882e-01  2.8003175258752094e-01  2.5306614864216892e-01  
q[187]: 1.0434636866712885e-05  8.9835460134461198e-01  4.0447823930536003e-01  3.8420769645709779e-01  6.3440365503651674e-02  2.8157474621022145e-02  
q[188]: 1.0028948130367752e-05  8.6158379519967698e-01  3.3695852140488808e-01  3.2899655012435242e-01  1.6876602428648216e-01  1.4958936396780756e-01  
q[189]: 1.2744951868466454e-05  9.0989728570961970e-01  2.8741255994388515e-01  2.6962640964853490e-01  2.2795445723235250e-01  1.1717506209449871e-01  
q[190]: 1.3690472114904868e-05  8.6491252290256626e-01  4.9206755338076918e-01  1.8200830987153735e-01  1.6809615531699809e-01  2.7697829629077676e-02  
q[191]: 4.2860681017478975e-05  8.8738783493017792e-01  5.2259435963159917e-01  2.5526665185341701e-01  1.5312423113051254e-01  1.2219188287092740e-01  
q[192]: 4.0141942532370532e-05  8.5287198974098610e-01  5.1578359228403103e-01  3.9222679186117898e-01  1.3906924917073060e-01  2.7326147096953298e-02  
q[193]: 3.5306630906787646e-05  8.9526757245534183e-01  4.3487596831769543e-01  2.5578998109114875e-01  1.5922343092934310e-01  3.3891459737130619e-02  
q[194]: 2.2765470804530943e-05  9.4457718348313380e-01  5.2387472530443668e-01  3.9544814487506619e-01  2.8065378334317531e-01  2.5739725778086364e-01  
q[195]: 1.3972675453730297e-05  8.9616931970719016e-01  4.7838862447362018e-01  3.6168148463730332e-01  3.3965887521246840e-01  1.8736202038327911e-02  
q[196]: 2.6604810180808090e-05  8.9060761135448518e-01  4.7521340769403858e-01  3.6749377875035916e-01  3.5059419533332226e-01  1.3852662583020722e-01  
q[197]: 2.6840337484888540e-05  8.7396138276575941e-01  5.6794538832618358e-01  3.6638284604361027e-01  3.4721306629888632e-01  3.0691329439743759e-01  
q[198]: 2.1533882473435657e-05  8.9296727294661271e-01  5.0901667879628620e-01  3.8772739957128072e-01  1.1534408415962771e-01  1.0649408949081111e-01  
q[199]: 4.3069424941045402e-05  9.6362486295927263e-01  4.9313397719925539e-01  3.9804655175794013e-01  2.5496021056176776e-01  1.0526920198055502e-01  
q[200]: 3.5185626203395442e-05  8.6454555638708630e-01  4.8551137514996412e-01  4.6395559809889803e-01  2.2339923677135307e-01  1.2102343689109438e-01  
q[201]: 4.5572704707810684e-05  8.7225704349348732e-01  4.9291783703013198e-01  4.1725786796212394e-01  3.0364293708544809e-01  1.9659411547655201e-01  
q[202]: 7.3425672817356100e-06  9.0930533121345747e-01  5.9470666437030273e-01  5.6214645263800767e-01  4.5821293160566788e-02  2.7087668208758169e-02  
q[203]: 2.3301886961020048e-05  9.0556350472729141e-01  4.9156976751255327e-01  4.6200136776585160e-01  3.3998323662250390e-01  4.2042066606843211e-02  
q[204]: 3.7876698919887271e-05  8.4239876106330769e-01  5.2567249571239549e-01  4.9775610529554132e-01  4.3075187837831325e-01  1.4127295259935557e-01  
q[205]: 9.8571991046629265e-06  8.8981743227537302e-01  4.4279835238969556e-01  4.2139546218512008e-01  3.5730051406967211e-01  3.4082621032382349e-01  
q[206]: 1.4682203974436501e-05  8.5448481218435957e-01  4.1898428571519486e-01  4.0725889845187113e-01  3.7599007279024232e-01  2.5550216520407509e-01  
q[207]: 3.1656052676640713e-06  9.7390919917136187e-01  6.9145556317532364e-01  6.5151247687983874e-02  5.3821459185414443e-02  3.0362759251941648e-02  
q[208]: 1.4050058034245518e-05  9.3732477041733386e-01  6.3989756324654723e-01  1.5017918686990586e-01  5.7863653275274811e-02  3.9025885135878062e-02  
q[209]: 2.6053301479430443e-05  9.2387052210028064e-01  6.6113639082520748e-01  3.5098370857265587e-01  3.2737551717953617e-01  4.3665240180569311e-02  
q[210]: 1.8223784425573584e-05  9.0855153995681548e-01  6.4325959875287220e-01  1.9579885582407797e-01  1.8723523755467480e-01  1.1782152213556082e-01  
q[211]: 6.0501384606390568e-05  9.0941988889336667e-01  6.4027705140738822e-01  3.6894666363282441e-01  3.1348436829789367e-01  1.6127538604815878e-01  
q[212]: 1.5998553991245031e-05  8.9743142758637306e-01  6.1090069883221321e-01  2.9502609624417142e-01  3.7124345614165319e-02  2.0821660239121263e-02  
q[213]: 3.2907167180593942e-05  8.6521839848506987e-01  5.8068468227226722e-01  4.4193894088977509e-01  3.3433318859992134e-01  2.8303186258548250e-02  
q[214]: 3.2222853282051533e-05  8.4691058857066759e-01  6.2012072551594677e-01  4.3492393062358325e-01  1.2896335586306956e-01  7.5760989014905522e-02  
q[215]: 3.6931440207734423e-05  8.3604147352828007e-01  6.7933956389365535e-01  4.9786510748393953e-01  4.7956599381285459e-01  1.5876164628000844e-01  
q[216]: 1.4666302981737113e-05  8.9005512798456521e-01  6.2844338403767674e-01  4.9718573293942397e-01  4.9691413099216701e-02  1.8382979122561118e-02  
q[217]: 1.9845915512609151e-05  8.7757215562014212e-01  5.7718017949633627e-01  5.4893992330647712e-01  2.5004724876549889e-01  2.0203074846622319e-02  
q[218]: 8.4180935168279251e-05  8.8906959992588031e-01  6.7680616374390989e-01  5.5008433563318426e-01  3.4562014492622556e-01  1.1689505218410462e-01  
q[219]: 1.0796126914705665e-05  8.7330489318965521e-01  6.7346687633079361e-01  5.2533768212924470e-01  5.2191402712460466e-01  2.9650057883429448e-02  
q[220]: 3.2932698453434360e-05  9.2553496722556639e-01  6.7972746756271785e-01  5.7113607236497832e-01  4.8907370401638350e-01  3.6693065720999352e-01  
q[221]: 2.4726886854415094e-05  8.6617681794727086e-01  6.2023126153614216e-01  5.0817403131262839e-01  4.0611153422416296e-01  3.8789053980758409e-01  
q[222]: 1.1283150959634565e-05  9.3302465344304375e-01  6.2947663802083875e-01  5.8047375589807282e-01  5.7493348274401401e-01  4.9865795792330825e-01  
q[223]: 8.5253105027909853e-06  9.1217506368732826e-01  6.6059705425002158e-01  6.5135352776981759e-01  1.4505646896396782e-01  1.8970868196271549e-02  
q[224]: 1.4201184431379232e-05  8.1550882325625929e-01  5.6567921989026659e-01  5.4601136086290170e-01  1.5663730802684531e-01  1.4535856924219803e-01  
q[225]: 4.0371999686376645e-05  8.9532208293459481e-01  6.8339324715175298e-01  6.2727986571002958e-01  2.0022534512810472e-01  1.0250049966200583e-01  
q[226]: 2.4119217756112638e-05  8.2809817957712328e-01  5.7786735871344286e-01  5.6670640324861810e-01  3.7768286215312841e-01  1.4374015296850512e-01  
q[227]: 4.4789385025162958e-05  8.7454250641257947e-01  7.1374856599209058e-01  6.8546163175680297e-01  3.8573452551040432e-01  2.7524283865014787e-01  
q[228]: 5.7855235470055747e-05  9.0023992608827785e-01  6.8478487704139868e-01  5.2110532537992904e-01  2.6205361272930522e-01  2.1407933755725900e-01  
q[229]: 2.6131363201937412e-05  8.9595867716436217e-01  7.2394977991343035e-01  6.8411770343544398e-01  4.4283553272060278e-01  3.3341553725367852e-02  
q[230]: 2.2242640877943730e-05  8.7846561377769539e-01  5.9219523066515878e-01  5.5511877320919034e-01  3.2070723978369836e-01  3.0082424197177632e-01  
q[231]: 1.0589985732723189e-05  8.2783412603582540e-01  5.4604346682210281e-01  5.2892428357857946e-01  4.7308301921504259e-01  1.3827533607699234e-02  
q[232]: 1.5137967541012260e-05  8.8298185434918697e-01  6.3887452783457988e-01  6.0021086690402303e-01  5.9269072092744379e-01  1.1464312215161956e-01  
q[233]: 3.0617039086153309e-05  8.9990092065693328e-01  6.3312623505159493e-01  6.1389376551561370e-01  5.0572711674441151e-01  3.7413156715430035e-01  
q[234]: 5.3047545669689943e-05  9.2284198037953447e-01  7.5353545251275988e-01  6.5146189044602698e-01  5.3758373379685354e-01  2.2606167252661913e-01  
q[235]: 1.0980498357236978e-05  8.6429656566909940e-01  6.0937121864199628e-01  5.7794537750888553e-01  5.7551311370054370e-01  3.0957232218135067e-01  
q[236]: 8.9087728527754192e-06  8.9307011393674585e-01  7.8022685446164519e-01  8.4860096270741370e-02  5.4352572836035236e-02  2.4456711718317849e-02  
q[237]: 1.2653973559757661e-05  8.7993895031366465e-01  7.6392474113605457e-01  2.2700493240647390e-01  4.0602032048829020e-02  8.5670820157635000e-03  
q[238]: 3.8996446066526053e-05  9.0213244653203783e-01  7.4937513268008638e-01  2.6419847876100583e-01  1.6118488360070293e-01  9.3243167018918480e-02  
q[239]: 1.8151975210760052e-05  8.7044275265373339e-01  7.6201147896373633e-01  2.4646086919349885e-01  2.0044759626972938e-01  2.6077956898523845e-02  
q[240]: 2.0198512772367819e-05  8.7489477086058531e-01  7.5130972520177497e-01  3.6140098789927466e-01  1.1305691297956487e-01  1.0957471618521342e-01  
q[241]: 6.1675096420539977e-05  8.7352488159645825e-01  7.4982774253411055e-01  4.2563510656110637e-01  3.2392018218845159e-01  6.9957798016649420e-02  
q[242]: 3.3305557972130861e-05  8.7113536996190588e-01  7.0440394866182388e-01  3.6745819194047624e-01  2.4633906653659032e-01  2.1711199880922716e-01  
q[243]: 2.2293390199194592e-05  9.0766614799217837e-01  8.3538704430248278e-01  2.8582237086710049e-01  2.6137352521608181e-01  1.5127223780952520e-01  
q[244]: 1.6793441453515521e-05  8.8889275080559860e-01  8.0374044677885159e-01  5.2089997724351467e-01  5.4352625906762271e-02  3.5758680396212141e-02  
q[245]: 3.2228277963948093e-05  8.7555724260133483e-01  7.5025140728768525e-01  4.5688687006780748e-01  1.2806444346723930e-01  1.7867386387154970e-02  
q[246]: 3.0667068795830933e-05  8.7736068307340720e-01  7.4339748519637883e-01  5.4220729423963776e-01  3.1512795022642892e-01  1.1550239267518482e-02  
q[247]: 4.0158504315085092e-05  8.7968562890856883e-01  8.2519664123243397e-01  5.5560525190193033e-01  2.5690427283494044e-01  1.9894195550632618e-01  
q[248]: 5.7769373283959639e-05  8.8504712010562148e-01  8.1570421099627743e-01  5.1660738428251540e-01  3.7679778372475919e-01  2.0773167258622502e-01  
q[249]: 9.6627277397035784e-06  8.5603792486093799e-01  7.5334646251042636e-01  4.3325122846360486e-01  4.0787746529172331e-01  2.3849275257011638e-03  
q[250]: 3.4755443403942186e-05  9.0365565951801008e-01  8.1821743101480104e-01  5.4055767922982112e-01  4.2413548887740538e-01  3.8127754091660582e-01  
q[251]: 1.9857859119033306e-05  9.2523077702088252e-01  8.3008035006972425e-01  4.2465515126331849e-01  4.1303842716547295e-01  1.1919369190679087e-01  
q[252]: 2.4278704941165487e-05  9.0288967344325999e-01  8.0772449263459822e-01  5.6185510628978486e-01  5.3345990776037377e-01  4.5613110687731245e-01  
q[253]: 1.9081252648400467e-05  9.4799279673368375e-01  8.3603442123721350e-01  6.2806464213421676e-01  1.6918794779609500e-01  1.4119421626959824e-01  
q[254]: 8.2315106534092942e-06  8.3871921217049805e-01  7.6653429912780091e-01  7.5171412721287989e-01  3.4858441481636004e-01  9.6979129878481916e-03  
q[255]: 3.4953620241322524e-05  9.0125369926590804e-01  8.2556966003494181e-01  6.9929508716298916e-01  1.6725543646123295e-01  5.0349753064662287e-02  
q[256]: 1.4310975508238107e-05  9.1641856144649669e-01  8.2636454809782989e-01  6.4978196502937380e-01  5.5320714835633344e-01  2.0130913331511173e-02  
q[257]: 5.1048288815731798e-05  9.0762353564652554e-01  8.2045821007884590e-01  6.7289371425439370e-01  3.2404847507344470e-01  1.4671826795122972e-01  
q[258]: 3.4732904990680979e-05  9.4031731622330073e-01  8.3566046851540243e-01  6.9913380642050782e-01  4.7145220526085729e-01  4.3386097278285640e-01  
q[259]: 4.3734045543453749e-06  8.4767178365243567e-01  8.2168173520432330e-01  7.0181599206719392e-01  6.7645934879699543e-01  2.3048176525508474e-03  
q[260]: 5.4414510801873182e-05  9.2945187457456846e-01  8.4466487251460820e-01  7.3529340356747908e-01  5.2500901595590199e-01  3.5204908202417412e-01  
q[261]: 1.2345838163494923e-05  9.0200751176104976e-01  7.1100193469933903e-01  6.9708868628752518e-01  5.8111031331746288e-01  5.4671732504139536e-01  
q[262]: 2.9151488878350558e-05  9.3807301615951566e-01  8.0788375709885085e-01  6.4152832141086402e-01  5.8077437794954367e-01  1.0309403827296014e-01  
q[263]: 3.8837145273177739e-05  8.6420822119688778e-01  8.1957171138902818e-01  6.8312428921949653e-01  5.7302421214203347e-01  3.2877534185301305e-01  
q[264]: 1.1086058588550486e-05  9.0919167120570188e-01  8.3497344861837464e-01  7.2627578423759165e-01  7.1868213209662857e-01  5.4661603257474645e-01  
q[265]: 1.0872135605354340e-05  9.3326670971478343e-01  7.4709868061501983e-01  6.0837087093982045e-01  5.7264522424197362e-01  5.6662306969676512e-01  
q[266]: 1.1246855244718434e-05  8.6972113148194929e-01  7.6438345033637878e-01  6.8070860007248857e-01  5.3325714944203073e-02  4.0164729656071457e-02  
q[267]: 5.4551922102736291e-06  9.3278183286487548e-01  8.5429090460403545e-01  8.2986843675330224e-01  1.1101249346117596e-01  8.8594581394235445e-03  
q[268]: 1.3718723040753721e-05  8.5062527592807291e-01  7.6363994526702472e-01  7.5204433956492567e-01  1.8952460301749874e-01  1.5078093485741845e-01  
q[269]: 8.6850285391858061e-06  8.8145907792207612e-01  8.6966758007500622e-01  8.4569037849236639e-01  2.0900824506079646e-01  8.4610492659602216e-02  
q[270]: 2.3276516488247948e-05  8.7393725080994888e-01  7.6272174201247800e-01  7.4776665536178777e-01  2.7671389165467736e-01  7.5312719161929914e-02  
q[271]: 3.2891777898426589e-05  9.0578429897766310e-01  8.4500827716735361e-01  7.4367695972152925e-01  5.1926790812356749e-01  9.6877624905130313e-02  
q[272]: 3.2001211253179731e-05  8.9246562669457474e-01  7.9961611679669309e-01  7.8330201401849586e-01  5.4733810507121716e-01  2.3863311332845091e-01  
q[273]: 1.4916360814264379e-05  8.8085735664083475e-01  7.8362736294553981e-01  7.5618588849214730e-01  4.1428708852914847e-01  3.9678399131095238e-01  
q[274]: 1.0793903779217863e-05  8.1558770062946817e-01  7.6790013401525969e-01  7.4013476153449032e-01  5.9787300301972857e-01  1.4069242855384464e-02  
q[275]: 2.5379305791147285e-05  8.7876325494545349e-01  7.4585907869489176e-01  7.2962967517655164e-01  6.4582469788899766e-01  1.1550818508361363e-01  
q[276]: 1.9935176007105237e-05  8.9136254211243138e-01  7.4812460663563585e-01  7.3499523144148471e-01  6.6329639536121632e-01  3.7422097340597704e-01  
q[277]: 3.4541926644861951e-05  8.8183222296277386e-01  7.7825237577335771e-01  6.8828164882966003e-01  6.1213285753812963e-01  5.1415352077839360e-01  
q[278]: 6.0127725291306684e-06  8.8875541320256712e-01  7.6295683797961711e-01  7.2620220799828472e-01  7.0328622768471072e-01  1.5528327683084998e-02  
q[279]: 1.4017821826460845e-05  8.8159441162429886e-01  7.8278028984784964e-01  7.1440221404134663e-01  7.0080507414595572e-01  3.0270556920489833e-01  
q[280]: 6.4578443693052933e-06  8.8604186629730142e-01  7.7068937928419878e-01  7.4945120827955281e-01  7.2887291260382836e-01  7.0074148335862496e-01  
q[281]: 3.7337426529719297e-06  8.7090121632091133e-01  8.5716239429225949e-01  1.4727976843852175e-01  3.7975464665962688e-02  2.8715204185832975e-02  
q[282]: 4.6462439767831742e-06  8.6783811511902409e-01  8.5328200577267987e-01  1.4485974058050827e-01  1.2222276304595582e-01  2.9426788629969714e-02  
q[283]: 5.0242635555885324e-06  8.5928261338131984e-01  8.3103595249288764e-01  1.5572334543374258e-01  1.4081530500851264e-01  1.1923854324276817e-01  
q[284]: 8.9883706381095889e-06  8.3773133497975727e-01  8.2638915702239213e-01  3.7687369759600015e-01  5.7402097687804444e-02  2.2702053720335718e-02  
q[285]: 2.5000606242338510e-05  8.9399502702606615e-01  8.5568603715066316e-01  4.3691790524439345e-01  1.7238299509888616e-01  8.2061875178192689e-02  
q[286]: 2.5172024780990779e-05  8.9621925979926464e-01  8.7516331680349202e-01  3.7571288009912496e-01  2.4384927001612053e-01  1.6470286552905644e-01  
q[287]: 2.0527111979740922e-05  8.6844238880079105e-01  8.3516766170826240e-01  4.2866108523660235e-01  2.3806444181250577e-01  1.7167219687035169e-02  
q[288]: 1.3556350293338792e-05  8.6948666148957399e-01  8.4146728972389495e-01  3.5440785231085742e-01  3.0809121429646763e-01  2.8790843022473939e-01  
q[289]: 9.1909933227537626e-06  8.2879377254802733e-01  8.0384294685888347e-01  3.0330049504442436e-01  2.7932758561485954e-01  2.2296290952120618e-02  
q[290]: 1.2754867017342658e-05  8.6114980299074040e-01  8.5477352674151208e-01  3.7638798575851490e-01  3.3286852626672675e-01  1.2455451945968514e-01  
q[291]: 8.4450084338875110e-06  8.7407760982022498e-01  8.6121140769515192e-01  4.6991604025092554e-01  4.6355184753514100e-01  3.5634188562169594e-01  
q[292]: 1.4400128244754010e-05  8.3981325366605064e-01  7.1117639216301021e-01  3.5204594710280240e-01  3.3282428287453780e-01  3.0466781180614910e-01  
q[293]: 1.2138137873827938e-05  8.8746010786646601e-01  8.6906471872946522e-01  6.0893962338714991e-01  1.5748845169222850e-01  1.5871469030081749e-02  
q[294]: 8.9745656841840374e-06  8.5522406711972854e-01  8.4965693329437941e-01  5.9290581361125938e-01  1.2472281637519057e-01  1.0533045434942252e-01  
q[295]: 3.1851303550049250e-05  8.6537362892869008e-01  8.3902463764930779e-01  6.3089245209967193e-01  3.2428594592834126e-01  6.1920956803584816e-02  
q[296]: 1.0234833854706181e-05  8.6513786084346722e-01  8.3972539936343771e-01  5.1415693049925326e-01  2.9617039165311781e-01  2.9327980940759196e-01  
q[297]: 1.1699172058330265e-05  8.5715311763629287e-01  8.4698769242954808e-01  5.5047276317312555e-01  4.5196410930936087e-01  2.2291003707693487e-02  
q[298]: 1.6843099590166440e-05  8.8572568374996385e-01  8.5637815952349883e-01  5.7670606355691079e-01  5.5586699589538169e-01  8.3276887350344289e-02  
q[299]: 1.5656836610840301e-05  9.0305516043102818e-01  8.7589828117389623e-01  5.8176604140750077e-01  5.6456362331913379e-01  2.7357793623337645e-01  
q[300]: 1.2596632774358872e-05  8.5469783817980116e-01  8.5400615459042850e-01  6.8900308628218199e-01  6.3377513665402840e-01  4.8601835115503955e-01  
q[301]: 8.0382124669546981e-06  8.4890664879129651e-01  8.2251972445028931e-01  5.8053164534043977e-01  5.4485784817040073e-01  5.3381093528713808e-01  
q[302]: 1.0880656415684448e-05  8.7627495741856576e-01  8.5947300117957781e-01  7.5300480045371176e-01  1.7063764682234506e-01  1.3646931359531578e-01  
q[303]: 6.7520022891381283e-06  8.9502471397610628e-01  8.9237834716755915e-01  8.0002997976915136e-01  2.8821084470982389e-01  1.9175221801346443e-02  
q[304]: 1.8946084613222385e-05  9.0320483539025409e-01  7.9466994995762841e-01  7.0265456431797191e-01  2.4182873982855721e-01  2.1715124457017518e-01  
q[305]: 1.4995208907722372e-05  9.1955523007642503e-01  8.9420085688339790e-01  7.5954147099442082e-01  5.3078483485113503e-01  2.2808580842809494e-02  
q[306]: 2.3612420887993854e-05  8.5097296313350423e-01  8.4114173777139656e-01  6.5976379238039251e-01  4.0092827558583521e-01  2.7238450193765329e-01  
q[307]: 1.1823163840077942e-05  8.8897473814374406e-01  8.8106428058593045e-01  7.8911581358783867e-01  4.9489264325088439e-01  4.5262549582872902e-01  
q[308]: 3.8051937085581317e-05  9.0120177725944417e-01  8.6641455109819732e-01  6.6334965229615239e-01  5.5309752414784008e-01  1.5081832169121728e-01  
q[309]: 1.8669561248264921e-05  8.9226862366022608e-01  8.5571466316235745e-01  8.2279040678917836e-01  7.2893389425061494e-01  4.4731979018240359e-01  
q[310]: 2.1735896311747575e-05  7.8331095310356125e-01  7.6243598891696662e-01  7.0530822069305199e-01  5.6131221014448651e-01  4.4493338718063735e-01  
q[311]: 6.7269423445576003e-06  8.4081462250124128e-01  8.1859633744940297e-01  7.7958890354989119e-01  7.7231766349998521e-01  4.8199394679497726e-01  
q[312]: 6.6320516122804626e-06  8.8146288755035773e-01  8.6239081306573406e-01  8.4864604043966152e-01  8.0371443210864979e-01  6.8664019979267710e-01  
q[313]: 6.1689700109438403e-06  9.0119281273706453e-01  8.6946993917977533e-01  7.6216761718117276e-01  7.5147804436976273e-01  7.0549924981053458e-01  
q[314]: 3.6429603361014269e-06  8.5995939095539409e-01  8.3761876065760266e-01  8.1325425163854914e-01  5.3990356389152248e-02  3.2284113393803930e-02  
q[315]: 2.1336458651950610e-05  8.7639114754616720e-01  8.5887559789673618e-01  8.1837871667835449e-01  4.2156300301226374e-01  1.2023445198452699e-01  
q[316]: 3.1041874151880299e-05  8.8379705029904332e-01  8.4414727866511607e-01  7.7373977366148405e-01  3.5536015862789555e-01  2.4430390233149765e-01  
q[317]: 6.1306519079344753e-06  8.7030016844148339e-01  8.6084096729548409e-01  8.4500665599758995e-01  3.5811887659898989e-01  3.2242065361172512e-01  
q[318]: 7.7575876804556167e-06  8.7872185412325321e-01  8.6217127846156305e-01  8.3883498224985331e-01  5.3588182496213976e-01  3.5374578038334152e-02  
q[319]: 2.0560723618164612e-05  9.1804651975086160e-01  8.8249712424952931e-01  8.2912836450918515e-01  6.9129945554096894e-01  2.1554277379987605e-01  
q[320]: 1.1396151623713392e-05  8.7655770706821901e-01  8.7241718936368973e-01  8.4797113573370830e-01  5.9200845146575221e-01  3.2028572387284510e-01  
q[321]: 1.6018100732710630e-05  8.7137637479517405e-01  8.2148436873425179e-01  8.1279647708256808e-01  6.0414921264623167e-01  5.0334789767628163e-01  
q[322]: 1.2190243977419234e-05  9.0195413069709229e-01  8.8703230803997424e-01  8.0487742927357664e-01  7.2702200118869365e-01  8.4975009094299503e-02  
q[323]: 6.9364876550472384e-06  9.2927670054705969e-01  8.6748023266261454e-01  8.3502151261639379e-01  8.2293327127308680e-01  1.3688686262951225e-01  
q[324]: 9.4600262664991712e-06  8.9403637728374219e-01  8.7674138929996936e-01  8.5104087122941074e-01  8.1501943771528473e-01  2.7204649222902183e-01  
q[325]: 6.2648687929999328e-06  8.7583642772433268e-01  8.4561266660068979e-01  8.2160748322710009e-01  6.6933889193741436e-01  6.5673674116781477e-01  
q[326]: 2.8156001997341817e-06  8.5828524808018547e-01  8.3973584107692989e-01  8.3288492428316130e-01  8.0088686329213465e-01  4.2008521549220960e-02  
q[327]: 3.0447456695011401e-06  9.8370153111736547e-01  2.2047827877956847e-01  7.9175732853595054e-02  5.2901763481484891e-02  2.2497421750099486e-02  
q[328]: 6.0157805220708970e-07  9.7693607990086651e-01  7.7222503922836500e-02  6.6173659768376691e-02  5.1132254414868988e-02  4.9312132321804272e-02  
q[329]: 1.8734121319369478e-06  9.5854029096682436e-01  1.5450527233609065e-01  1.4130134237260172e-01  1.1311606471087904e-01  6.2068517817554913e-03  
q[330]: 2.5493689313632278e-06  9.9012723640930778e-01  2.1668534193177019e-01  1.7971597221603425e-01  5.9490281513435564e-02  2.2239473409898819e-02  
q[331]: 3.3175924048535875e-06  9.7729809280637225e-01  4.5501638701932845e-01  6.7653685213866263e-02  5.6734940254744376e-02  2.9419525993410463e-02  
q[332]: 1.4381360877681689e-05  9.5688941632684321e-01  3.3745309211209551e-01  2.3698309774623735e-01  6.9892179084472469e-02  4.0636942753431562e-02  
q[333]: 6.6937663875328620e-06  9.6718647880150088e-01  3.9267466733435508e-01  1.8659412190691985e-01  1.6938695146010632e-01  1.9142071359136585e-02  
q[334]: 4.3859712999515612e-06  9.9638250709677734e-01  2.7263022394269293e-01  2.2625822264867171e-01  2.0924965444584631e-01  9.5628207453164166e-02  
q[335]: 1.1074967039746917e-05  9.6554086329853506e-01  3.3280447776169864e-01  1.8969934049707551e-01  1.5747136774131235e-01  1.3776095214610876e-01  
q[336]: 6.8335434521891776e-06  9.7291551030563039e-01  3.5300835694871868e-01  3.4802194138172515e-01  1.8450316224540697e-01  4.6227868064798866e-02  
q[337]: 5.1173280568838783e-06  9.7474318720731890e-01  3.8307816455616650e-01  3.5009041820609377e-01  3.1197795483816881e-01  1.2341799079119200e-02  
q[338]: 1.7673653053615101e-06  9.7327566298102453e-01  3.2554505724664484e-01  3.0179761770519770e-01  2.9563850413927573e-01  2.8261840844857494e-01  
q[339]: 1.2186053979394812e-06  9.9382967726301852e-01  3.8591597531714383e-01  3.7425383416981639e-01  3.4456587967357066e-02  2.8139627221431960e-02  
q[340]: 8.8340078692701570e-06  9.7657489233614669e-01  3.0693233476735582e-01  2.7775165884985059e-01  1.8034460895992904e-01  1.4968623490986308e-01  
q[341]: 1.2374423637085961e-05  9.6985264435503704e-01  4.4167010702700082e-01  1.6242309422394446e-01  5.3462028034842748e-02  2.8910263916367779e-02  
q[342]: 1.3590584472971139e-05  9.7002666778249436e-01  6.0848612084858367e-01  1.8784906416283703e-01  1.3631244079314958e-01  1.6333632243116316e-02  
q[343]: 1.7519557312720640e-05  9.8376849709746317e-01  5.1107837931252076e-01  2.5724196545969769e-01  2.2553022374675138e-01  1.1681788587317460e-01  
q[344]: 7.4812796461798377e-06  9.6332794926034138e-01  5.4999190278728627e-01  1.9404681624384368e-01  1.7348900131500858e-01  1.6648019244665141e-01  
q[345]: 9.8496399980665159e-06  9.7075735066551605e-01  4.8721735715022318e-01  4.2590490362752448e-01  1.1940861360900916e-01  7.6474843105550847e-03  
q[346]: 7.2397693040758528e-06  9.9372865123724063e-01  4.1102962486059691e-01  2.8087663436256072e-01  1.6998777945276750e-01  1.4508505672285925e-02  
q[347]: 1.4051869610388935e-05  9.9507119888272233e-01  5.4247017246038320e-01  3.4562159442953455e-01  1.8629250017701160e-01  1.5173586951223750e-01  
q[348]: 3.4002287627803903e-05  9.3375578056078301e-01  6.6538011698336219e-01  3.7347698654248729e-01  1.9526661087582578e-01  8.1302480747921235e-02  
q[349]: 8.7048694683239597e-06  9.8528120368167060e-01  5.2473978575679303e-01  3.9473771524158413e-01  3.7785179171311473e-01  6.7001042594741086e-02  
q[350]: 2.4610960784555607e-05  9.7387561574225734e-01  5.1756083110574258e-01  4.1549486403545455e-01  3.7998349952133137e-01  2.4850475537395039e-01  
q[351]: 6.7628930670284099e-06  9.8483570001585841e-01  5.6232790662153287e-01  4.1705493181866449e-01  3.9952663195015142e-01  3.7827566224984471e-01  
q[352]: 1.6443354806544752e-05  9.7435533463465884e-01  4.9581675471961822e-01  4.5789148300507881e-01  1.7466639005026824e-01  1.4272104369444372e-01  
q[353]: 9.5658419291944041e-06  9.8227914792362014e-01  5.9420747564663401e-01  5.8289124722749330e-01  2.1409369274249584e-01  6.2510086719760341e-02  
q[354]: 4.1622442890196763e-06  9.5804639855057327e-01  5.8822435689132047e-01  5.7108758992088404e-01  5.5509214901062476e-01  2.8561363514627840e-02  
q[355]: 1.3351448982270333e-05  9.7505591834335059e-01  5.3861320325312612e-01  5.3287102455830970e-01  3.8621608252083917e-01  2.1541289254490548e-01  
q[356]: 8.8591744944198165e-06  9.6318590767053225e-01  4.6621030994545071e-01  4.5061397989146562e-01  4.3029725476728053e-01  1.2999707666550422e-01  
q[357]: 5.3805478868653914e-06  9.7456723457374217e-01  4.4479167319284535e-01  4.2744837405162256e-01  4.0669095264847244e-01  3.0810153285165487e-01  
q[358]: 4.4815816945412315e-06  9.9273125840663723e-01  6.6567885695805062e-01  6.2636817050043314e-01  6.4373774384937188e-02  2.6865395009224247e-02  
q[359]: 8.3644651457597439e-06  9.7724034549445105e-01  5.7411892746565163e-01  5.4016132998102262e-01  3.4965979300504374e-01  1.2682116435309899e-02  
q[360]: 5.6354427730068206e-06  9.9334190168461689e-01  4.8398438323750298e-01  4.4643447568131794e-01  3.6297229210932686e-01  9.5746191464449695e-02  
q[361]: 1.0613930394461594e-05  9.8075763862624143e-01  5.1630519461704694e-01  4.8101875286904910e-01  3.6201129076459504e-01  3.2915134360895615e-01  
q[362]: 2.6425188992199403e-06  9.9590399658588080e-01  7.1924913041984451e-01  2.1366791873407973e-01  2.5296994756403519e-02  9.9077922690770891e-03  
q[363]: 8.3585083365204893e-06  9.5856391001900010e-01  7.9120689959904456e-01  2.5502027327317944e-01  2.2460967062399170e-01  2.1711496115185014e-01  
q[364]: 1.8815040605695982e-05  9.7498903100485246e-01  7.0364161682435866e-01  3.9183111056773534e-01  1.3300700456151002e-01  1.1347945424184992e-01  
q[365]: 1.9114499752432952e-05  9.7522071565026192e-01  6.2561150710215185e-01  3.4844665843644229e-01  1.1494789429956888e-01  1.8544357096085037e-02  
q[366]: 1.1979159224030531e-05  9.9554618828801844e-01  7.1290075027735345e-01  2.4592224027933948e-01  1.6154601167105095e-01  1.1897954478564562e-01  
q[367]: 4.3518868789565940e-06  9.9609273809256149e-01  6.5671791955426628e-01  3.6660967961508700e-01  3.4376083581758432e-01  1.8946904608881023e-02  
q[368]: 7.5487322615869670e-06  9.9090052130377770e-01  7.4171800281522637e-01  2.8502161033801460e-01  2.7419305305970282e-01  1.1372564100087956e-01  
q[369]: 1.7567525435888050e-05  9.7936593492863289e-01  6.9739704736303021e-01  4.0085285466372950e-01  3.7190098282508471e-01  2.9936321632209600e-01  
q[370]: 7.9490063635303688e-06  9.7980560661191285e-01  5.4645689509090767e-01  3.8965462647709576e-01  4.0776162112426496e-02  2.4431259140844902e-02  
q[371]: 1.6368695371371402e-05  9.6194378715478923e-01  6.3217927475015923e-01  4.4500367908155808e-01  3.0454641395576287e-01  4.8032007880509618e-03  
q[372]: 3.0884606065980318e-05  9.7753301240259305e-01  6.5582765993965264e-01  5.3199077470196199e-01  1.9279900039369247e-01  9.9634509118166834e-02  
q[373]: 2.7314261725600532e-05  9.8557108044209063e-01  6.8947911204363033e-01  4.1292226134403298e-01  2.9473866957296102e-01  8.0740351754733763e-02  
q[374]: 4.6999614109883953e-05  9.8023408966131076e-01  7.5979032589096196e-01  5.3239783976370347e-01  3.7053956938376548e-01  2.4582755139206292e-01  
q[375]: 1.6383892081576455e-05  9.6614748947270990e-01  7.1555778554916660e-01  4.3163979910226641e-01  3.2546707401536823e-01  3.1416132190735907e-01  
q[376]: 1.6614390695481074e-05  9.7341387522450118e-01  7.2106446924207745e-01  5.0761593675605410e-01  5.0281706079100119e-01  2.1756055882267381e-01  
q[377]: 1.9586872421584677e-05  9.7508713505731837e-01  7.7805350289272590e-01  6.1781832428348238e-01  5.9326896974072607e-01  4.4175165148755879e-01  
q[378]: 9.5485551856599919e-06  9.6458697282301531e-01  7.8335905243047887e-01  6.4857450193305266e-01  8.5985073634134560e-02  9.3615081311910209e-03  
q[379]: 9.5949666052591145e-06  9.7558559092778541e-01  7.5633458732472336e-01  6.2400018389347589e-01  1.0650593298644104e-01  1.0060514423678217e-01  
q[380]: 2.6398927604512513e-05  9.6367044985880002e-01  7.1314989360306225e-01  5.8730527679675015e-01  2.2556503455023497e-01  2.4965197550089822e-02  
q[381]: 2.1118990621130688e-05  9.1664074604552148e-01  7.3946460904226174e-01  6.5862704690462870e-01  5.4805222725186642e-01  3.5942650327709595e-02  
q[382]: 1.6991876762857703e-05  9.9535097816482676e-01  7.0789935011860305e-01  6.1464910542900575e-01  3.8714064760065448e-01  7.6784789418777449e-02  
q[383]: 7.8106192903111759e-06  9.8111592434206285e-01  6.8999132973561139e-01  5.9288970742673774e-01  5.4912173081534543e-01  1.3442096464571651e-02  
q[384]: 3.5032300647251011e-05  9.6616011545440605e-01  6.6975070476263487e-01  5.4745739908223567e-01  4.8206975387560252e-01  1.1236468256499352e-01  
q[385]: 1.6994322327122147e-05  9.9166901931942542e-01  7.1979705934128246e-01  6.1490170693925328e-01  5.2376802256898147e-01  2.7325904813542157e-01  
q[386]: 1.6662112986904349e-05  9.8977593748210879e-01  7.3818419887226849e-01  6.3415986888517395e-01  5.1435523606797218e-01  4.6706343878586654e-01  
q[387]: 6.7619241688992237e-06  9.9244101243145633e-01  6.9296152650672105e-01  6.7786150185246030e-01  6.2180557211909548e-01  4.9847372801379447e-01  
q[388]: 3.9394037694179391e-06  9.7123590156327655e-01  6.2675391928376323e-01  6.0391819558513327e-01  5.6684616735045334e-01  5.5717924558954091e-01  
q[389]: 7.0481856619592039e-06  9.9099103279739664e-01  8.2011593479262568e-01  7.8254969213961134e-01  1.8466691740696470e-01  3.2554666614761966e-02  
q[390]: 1.0904629380109428e-05  9.6251645605440994e-01  6.7512650651840833e-01  6.5625534684434617e-01  1.7425214789410665e-01  1.4760069024274636e-01  
q[391]: 2.6258037863562497e-05  9.5852204372869898e-01  7.0923209572689672e-01  6.8801833154002234e-01  4.1541053855807192e-01  1.2001470215935707e-01  
q[392]: 1.5890442849816095e-05  9.7805060473126282e-01  7.8029758083774869e-01  7.6151944243752501e-01  3.4211381897377624e-01  2.1283180690560524e-01  
q[393]: 1.4856239320787163e-05  9.8260218612772965e-01  7.2611175936038241e-01  6.2023532156757133e-01  3.0610234238168510e-01  2.9286381969512137e-01  
q[394]: 3.9373836119252257e-06  9.8871621299958046e-01  7.8441614452970398e-01  7.7095663216222254e-01  3.6355359311453000e-01  8.0374483749368758e-03  
q[395]: 9.4728570674577016e-06  9.8007748041116682e-01  6.8121002135478703e-01  6.6878199713577535e-01  5.6401041490632298e-01  6.9624022391570270e-02  
q[396]: 3.5314454120890395e-05  9.7448302912038098e-01  6.9666245564190432e-01  6.3305765046656159e-01  4.0093685716452215e-01  2.6345141680864964e-01  
q[397]: 7.7556856612349387e-06  9.7115264842900606e-01  6.5890164915853056e-01  6.5503174455966795e-01  3.9004744608331271e-01  3.5461315447547814e-01  
q[398]: 5.2036304675330100e-06  9.9116205749292907e-01  7.5086608381789466e-01  7.0128356398008052e-01  6.9702684955821714e-01  1.5163559147161426e-01  
q[399]: 1.8059373248955721e-05  9.6412635570833649e-01  6.9645435540526668e-01  6.7567040967690761e-01  5.8829089169194160e-01  2.2493684726525917e-01  
q[400]: 1.1848581887847545e-05  9.7299136574382838e-01  6.5252097859420755e-01  6.1863092053854563e-01  6.0063449189135654e-01  3.1940109698900276e-01  
q[401]: 3.5218229150541442e-06  9.9012662826217146e-01  8.5755735703225167e-01  1.2913296906395869e-01  5.3322539105326375e-02  1.3307471618781107e-02  
q[402]: 1.0126543087172223e-05  9.6369187386369859e-01  8.7466228975522298e-01  2.2208957325569711e-01  1.0366560713826253e-01  9.1708356081242920e-02  
q[403]: 1.9976185972702990e-05  9.7411887455242063e-01  8.1715231681916123e-01  3.2848129828389833e-01  1.6715315598067554e-01  2.3525271169544070e-02  
q[404]: 9.0176026021889669e-06  9.5931325407109402e-01  7.8449646879761870e-01  1.9689783568841823e-01  1.7382622600998104e-01  1.8541412629944375e-02  
q[405]: 4.0473556922340286e-06  9.8571132219564639e-01  8.7053666124965356e-01  1.5469421920282048e-01  1.4673094330890535e-01  1.0508427514446109e-01  
q[406]: 9.4027932468021176e-06  9.7263632525618737e-01  8.6297844446828309e-01  3.5721878501704035e-01  6.1307322482547097e-02  2.6650326413520498e-02  
q[407]: 1.2505125728238962e-05  9.8965204087928971e-01  8.6725874006558390e-01  4.1717536793368026e-01  1.7045351781368076e-01  1.3087608965521397e-01  
q[408]: 1.8798060843448276e-05  9.8787208395038484e-01  8.7790557682386927e-01  3.5353049898959826e-01  2.7362264007956461e-01  1.1293485550779613e-01  
q[409]: 1.4906450562617507e-05  9.6897008386016692e-01  8.2947291950286306e-01  4.6774183002616332e-01  3.6659150531836343e-01  9.0723769013914494e-03  
q[410]: 1.6940170364311976e-05  9.6805112617572109e-01  8.4386008343378549e-01  3.9681678768705181e-01  2.9441164103240014e-01  2.4506960166145184e-01  
q[411]: 4.2955687063916661e-06  9.8494049270554507e-01  8.7180406874265737e-01  3.7335531862143445e-01  3.6236419347782967e-01  2.9536050183745281e-02  
q[412]: 1.4168893590147309e-05  9.7900180361039235e-01  8.6197718852159289e-01  4.2981002489405457e-01  4.0708213570902513e-01  2.9724868773622609e-01  
q[413]: 1.0986601017604054e-05  9.8149996669427608e-01  8.0326240378998426e-01  5.0321485572416214e-01  5.7573525664170275e-02  2.4086074654198035e-02  
q[414]: 1.6734513860208730e-05  9.8223056884687721e-01  8.5056909618365584e-01  5.5841097628859382e-01  2.2819094757866487e-01  2.1444007407266021e-02  
q[415]: 4.0909846336156604e-05  9.5468874925627401e-01  8.2705136833906012e-01  5.0802669545094381e-01  2.3131411299518490e-01  1.0693737266484038e-01  
q[416]: 1.3721323756727260e-05  9.7870368485845971e-01  8.6539894878692480e-01  5.7773456475126106e-01  2.9837966670295751e-01  2.8748726585562190e-01  
q[417]: 2.4713061868221035e-05  9.8520227490592049e-01  9.2038387010139699e-01  6.0880859995924774e-01  4.0776086415153950e-01  2.7157403437782751e-01  
q[418]: 1.0502813974478844e-05  9.8082315393436015e-01  8.2951889274998081e-01  5.8720841495477072e-01  5.6471084844912434e-01  4.3738134656977928e-02  
q[419]: 3.3341371133448977e-05  9.7424978457113354e-01  8.4798284843309213e-01  6.1029397996215762e-01  4.1124063269911376e-01  8.5144337041447249e-02  
q[420]: 1.9705521546689871e-05  9.9671715201114386e-01  9.1485245423502892e-01  7.4998549294878636e-01  6.2070702932337096e-01  2.7441856136078263e-01  
q[421]: 4.2195639235756957e-05  9.4160323707244109e-01  8.3300766603172027e-01  5.4758880243893771e-01  4.9223978036876159e-01  2.8723039334579364e-01  
q[422]: 9.6556296240271180e-06  9.9478017484634240e-01  8.8417428742665449e-01  6.1989881478310982e-01  5.3243308229360642e-01  5.0255075480964506e-01  
q[423]: 1.7645246280145408e-05  9.9389953397631925e-01  8.6338692653657234e-01  5.3620182524675164e-01  4.7379815709639334e-01  1.4702091989670557e-01  
q[424]: 4.3764801099050362e-06  9.6675863609691615e-01  8.1322356160507203e-01  4.6509305870352002e-01  4.6390374528494427e-01  4.4904702086049358e-01  
q[425]: 2.8106581601740931e-06  9.8187348401793384e-01  8.8340421765787736e-01  7.6981895691028535e-01  2.5303826761545592e-02  1.3042380041062191e-02  
q[426]: 1.8629940973963662e-05  9.9237165076306888e-01  8.5028652284232620e-01  6.7342495237896827e-01  2.2753680570383061e-01  1.1586082536468002e-01  
q[427]: 2.2275305210531368e-05  9.4841329359580617e-01  8.4657505158741297e-01  7.5340583621694968e-01  3.3120394362969457e-01  2.0240705114540136e-02  
q[428]: 1.9791140981920793e-05  9.9247954530340310e-01  8.8809954421197479e-01  7.6792767139795204e-01  3.7996759969641730e-01  2.8682670267180876e-01  
q[429]: 1.2325696522443913e-05  9.9637454127045266e-01  8.5925399365518107e-01  7.3294104175004737e-01  5.2551588720518005e-01  2.5996290082176299e-02  
q[430]: 3.0779039846430766e-05  9.7948468158146129e-01  8.7450467862917691e-01  7.6892363722410761e-01  4.6293834804791195e-01  1.7087940469115628e-01  
q[431]: 5.7832557756623683e-06  9.7945813988201469e-01  8.8240528854446787e-01  7.8056654247592172e-01  7.5155158874815187e-01  3.2395177306756479e-02  
q[432]: 2.0693655685616418e-05  9.8775395580570757e-01  9.2948469207388673e-01  7.6445098108127829e-01  6.4950157037394407e-01  5.0775730811297293e-01  
q[433]: 7.5712815245134647e-06  9.7582928898220545e-01  8.0858888522670103e-01  7.7651549788310670e-01  5.8842922364128791e-01  5.7173437224172441e-01  
q[434]: 1.3357823681233440e-05  9.7118670628696946e-01  8.7570125665904219e-01  7.3339358227474216e-01  7.1873283952466138e-01  2.0878823169970642e-01  
q[435]: 2.2705353117429950e-05  9.4799784352201777e-01  8.3742168500539771e-01  7.3206694219337864e-01  6.9616699733541187e-01  3.6063203669127836e-01  
q[436]: 7.3845630480212844e-06  9.4383770217213037e-01  8.0255456373523482e-01  7.9236896695566938e-01  7.7579682822554941e-01  5.8911082380254010e-01  
q[437]: 4.4707227722878060e-06  9.9141739058633127e-01  8.3977591875420043e-01  7.2149327595524682e-01  7.1120413172415986e-01  6.5350069046051684e-01  
q[438]: 2.2535552947447657e-06  9.6085088302600608e-01  8.1370935122638854e-01  8.0999230520239429e-01  4.9545938931239562e-02  3.4767835540158373e-02  
q[439]: 4.1927462598545689e-06  9.8150649623104125e-01  9.5643079180458812e-01  8.9519974254753953e-01  1.8341747997610583e-01  2.3476904898869250e-02  
q[440]: 1.3790604298172886e-05  9.7463943294414346e-01  8.6215867440590876e-01  8.2174365105561198e-01  1.6898076028027897e-01  1.1545983060840148e-01  
q[441]: 3.6548619623188205e-06  9.8098778453063606e-01  9.5469898065258696e-01  9.4167823677943652e-01  2.4668947325493945e-01  1.1948364392377588e-01  
q[442]: 1.5273740879551591e-05  9.7931651527969332e-01  8.7019988030507711e-01  8.3586063142469902e-01  3.5165384472456857e-01  1.0558977935015534e-01  
q[443]: 7.7044523950295114e-06  9.7430863301248516e-01  8.5237412483263642e-01  8.2437153054447709e-01  3.1453280019236074e-01  3.0048511929822092e-01  
q[444]: 1.4970942734914314e-05  9.6843251013230158e-01  8.7739990414683711e-01  8.6219119261581501e-01  5.7459208294942921e-01  8.4501741621249349e-02  
q[445]: 9.7556728719486218e-06  9.8799722024184788e-01  8.3769999554949748e-01  8.1911682331968028e-01  6.1355231542446076e-01  2.6637906925064408e-01  
q[446]: 1.9095660611622479e-05  9.8080580517513094e-01  8.4065996668835419e-01  8.1513208891780076e-01  6.3535227443521258e-01  4.4104737138308631e-01  
q[447]: 1.0217903202295812e-05  9.8095690648314215e-01  8.7173720453033476e-01  8.4918089295821586e-01  5.2992064088136370e-01  4.6088295150995323e-01  
q[448]: 4.4106120961810097e-06  9.6241730187587160e-01  7.9326275308279182e-01  7.7753536450846705e-01  6.1077179596838749e-01  2.8494651583452807e-03  
q[449]: 1.7605961798485857e-05  9.8666644871006726e-01  8.7316132293091520e-01  8.2216202950073480e-01  7.1226412194910571e-01  1.4090397697281648e-01  
q[450]: 9.9252635701639554e-06  9.7876438614744032e-01  9.4416974026116685e-01  9.1878295774491414e-01  7.8865929427707615e-01  3.3764725313235994e-01  
q[451]: 1.4603847070960313e-05  9.6542555189273904e-01  8.6714483092305017e-01  8.2379964916859472e-01  7.3589284010811429e-01  6.3328335423218629e-01  
q[452]: 3.2385055828660524e-06  9.8055385074245882e-01  8.3902739441106633e-01  8.2590675041820505e-01  7.9431908587011746e-01  4.0634181249302841e-02  
q[453]: 7.7430826909735366e-06  9.6751636805767327e-01  8.4333269620070894e-01  8.3539518983442107e-01  8.0397765386300402e-01  2.9680659789559877e-01  
q[454]: 8.4910158895394880e-06  9.9711039239739430e-01  8.7046604053344601e-01  8.1794294949771529e-01  7.8310318969885218e-01  4.8078376384355748e-01  
q[455]: 2.4206186000673403e-06  9.9136401499828386e-01  8.5786240999659358e-01  8.3833801382732231e-01  8.0520483959619016e-01  7.7379038181633630e-01  
q[456]: 7.4064119860068358e-07  9.6862898081185989e-01  9.4280373212343016e-01  3.9468546823225668e-02  2.6599740023534449e-02  1.6739554516753907e-02  
q[457]: 2.4148441926145130e-06  9.8836101183058089e-01  9.6713691199461782e-01  2.0334085017437384e-01  6.1828431002081810e-02  2.1675124015613060e-02  
q[458]: 1.2211977961554056e-05  9.2844979256526372e-01  9.0050024385405103e-01  2.6880599089112972e-01  1.3544399039714269e-01  2.8483693715281918e-02  
q[459]: 5.4234299569844084e-06  9.7617816790695489e-01  9.4187979797771493e-01  1.9774516653972699e-01  1.7190017080300166e-01  3.1760848098972637e-02  
q[460]: 5.4053917277419857e-06  9.7206479781237753e-01  9.5707750139610037e-01  2.1786906421067839e-01  1.7051947656993263e-01  1.3566846557125184e-01  
q[461]: 3.7393717443044399e-06  9.6695076226215848e-01  9.4245202739480038e-01  3.6132190320857666e-01  4.5295445104313249e-02  3.0793161089232076e-02  
q[462]: 6.1661462880850247e-06  9.5259328303735891e-01  9.3917340219624479e-01  4.1942622111738359e-01  1.6197518739977212e-01  1.5379932693526058e-01  
q[463]: 9.7584546679497152e-06  9.7756261857527160e-01  9.5241660652272708e-01  4.9337918968351618e-01  1.4648121474613363e-01  2.4853105292797547e-02  
q[464]: 9.2538202431498732e-06  9.9166832162737750e-01  9.7141973189599562e-01  4.1954597986413078e-01  2.3628753947848069e-01  1.3240329089480093e-01  
q[465]: 7.9795652370853875e-06  9.8000598128473138e-01  9.5031840402427847e-01  4.0928927955647348e-01  2.6854985137062398e-01  2.2631159289943512e-02  
q[466]: 8.7765525127829317e-06  9.8082211789324025e-01  9.4234731199518584e-01  4.3586603255905049e-01  3.2637894300919978e-01  3.0718611640712457e-01  
q[467]: 7.6081255632838455e-06  9.6244782349033009e-01  9.4066022029716412e-01  4.1425589162783794e-01  3.8089686866680039e-01  3.1017813659742818e-02  
q[468]: 7.8121477634130750e-06  9.7797035632985407e-01  9.6086725191642364e-01  3.9035465233757688e-01  3.6553546270971421e-01  1.6872177353748319e-01  
q[469]: 8.9416614301056643e-06  9.8101158035863456e-01  9.6241177713009529e-01  5.2916641096028783e-01  4.7164011653870913e-01  3.5912978158360359e-01  
q[470]: 2.8238547303973356e-06  9.7653612869164297e-01  9.4497388207122990e-01  3.5780130923547188e-01  3.5465419778138157e-01  3.2191244346128289e-01  
q[471]: 3.5591051264113189e-06  9.6755171930368344e-01  9.4126740917898466e-01  6.0501719776467866e-01  3.3555431095886358e-02  1.2475461667247414e-02  
q[472]: 9.4956504285868987e-06  9.8616468222600340e-01  9.4418768694985844e-01  7.2605627724206923e-01  1.5954910350825566e-01  2.7227015805198700e-02  
q[473]: 1.0348162143078938e-05  9.8267107433209422e-01  9.4736495524777009e-01  6.0669329617613199e-01  1.4288439550115409e-01  1.1377306074606720e-01  
q[474]: 1.1096698612426425e-05  9.7039452955322458e-01  9.4697754009755131e-01  6.6022683443742280e-01  3.6578395216574117e-01  1.7750859490560537e-02  
q[475]: 1.3563653840074270e-05  9.4786834844746293e-01  9.4120057465369478e-01  6.6216956984296715e-01  2.4650840994989875e-01  1.2496017764662572e-01  
q[476]: 1.1196907579151887e-05  9.7650076744605330e-01  9.6026112505705374e-01  6.4224655496145899e-01  3.4189791586898105e-01  2.9196138254801329e-01  
q[477]: 1.5217999190598645e-05  9.8714176466064729e-01  9.5801077487997932e-01  6.6650946840683978e-01  3.5809886090665027e-01  1.2626137046716118e-01  
q[478]: 1.0894433052008477e-05  9.8207805071381948e-01  9.5349633385861876e-01  6.5268950744420484e-01  5.3971471654464065e-01  4.0455032042831185e-02  
q[479]: 2.7354387246482838e-05  9.5346583995182155e-01  9.2663281808887443e-01  5.3495860742807710e-01  3.9260073632288023e-01  1.1134003864868845e-01  
q[480]: 1.0090753298967566e-05  9.7519995249893565e-01  9.7042329330704347e-01  6.5337614108270337e-01  5.4998061200355786e-01  2.6772876827696424e-01  
q[481]: 1.4458917640345705e-05  9.2296633538323125e-01  9.1935914082337022e-01  6.1262135535050499e-01  4.8796628261206854e-01  3.7338954421771814e-01  
q[482]: 7.1582274585270296e-06  9.6559008684156855e-01  9.5513567097727492e-01  6.9266979121832983e-01  5.2348284250802180e-01  5.0159289493993076e-01  
q[483]: 3.0437684850039509e-06  9.6705936005579152e-01  9.3910820794925087e-01  6.3592434962382816e-01  6.2178158579695886e-01  1.3239697231157107e-02  
q[484]: 5.9872192549933407e-06  9.9136169779261407e-01  9.6709473373027599e-01  6.1817499650681496e-01  5.9748727761109388e-01  1.5058042362341117e-01  
q[485]: 8.1617277836012949e-06  9.8729128741096706e-01  9.3950991055315947e-01  6.5887880818068900e-01  6.4590563003744328e-01  3.7890843086426906e-01  
q[486]: 7.4365167121674393e-06  9.7620162624676943e-01  9.4891407329440525e-01  6.9040508829007552e-01  6.6940203939071052e-01  5.8141941166562228e-01  
q[487]: 3.3837029456360992e-06  9.6490327367845152e-01  9.4104000086089379e-01  5.8235057794727196e-01  5.5014518364049414e-01  5.4241140114953645e-01  
q[488]: 4.3093567837382521e-06  9.3414291436578578e-01  9.2561926251747217e-01  7.8755353527363414e-01  6.2765869438192290e-02  2.2935041051142638e-02  
q[489]: 6.6224154071529530e-06  9.8438926300753626e-01  9.5078304180723527e-01  8.0554621203629451e-01  1.2846401671524185e-01  1.0165752524613116e-01  
q[490]: 9.8739034498619210e-06  9.8560178856297009e-01  9.5698682453402950e-01  8.3112071099970442e-01  3.6817890025173117e-01  4.3644760810510622e-02  
q[491]: 1.1756470918877436e-05  9.6581159770514857e-01  9.3979409849785889e-01  7.8937230244592793e-01  3.1639941282671502e-01  2.9778767105554532e-01  
q[492]: 6.5996933045382530e-06  9.9521373036360805e-01  9.8128516228045293e-01  8.6767030852053040e-01  6.2634745426993743e-01  9.8777195112240618e-02  
q[493]: 2.0038841931813987e-05  9.5003979830325203e-01  9.3911235990754083e-01  7.8757425254685109e-01  5.1832961147618928e-01  1.9385159682201561e-01  
q[494]: 1.3248403472359978e-05  9.7757786869972707e-01  9.6371398845473155e-01  8.1236566089762063e-01  5.0741257963563491e-01  3.5902919182250093e-01  
q[495]: 5.8096200688143889e-06  9.9101292735920976e-01  9.5193113799511286e-01  8.3710098163154656e-01  5.6665127829801232e-01  5.4536427929954379e-01  
q[496]: 3.4261210273780349e-06  9.7791284678541035e-01  9.5277362737188032e-01  8.2308488491848597e-01  7.2423424853683771e-01  9.8386772875588297e-03  
q[497]: 6.5872490342350525e-06  9.9329634876737083e-01  9.7356335392341320e-01  8.1374303227697675e-01  7.2441663423814839e-01  1.4882929027985034e-01  
q[498]: 1.0688803928534733e-05  9.6792374513993484e-01  9.6029025207313023e-01  8.3645124818491734e-01  7.0736756037593185e-01  3.9134809828502654e-01  
q[499]: 8.2310929918639037e-06  9.5514522925105361e-01  9.5081088612413944e-01  8.4812712071554253e-01  7.3270722307587721e-01  6.5547971957478723e-01  
q[500]: 6.1446768769491489e-06  9.5152015950181146e-01  8.9231484732094524e-01  7.9147386159803024e-01  6.9173741568622438e-01  6.8757186879138654e-01  
q[501]: 4.5224901124554700e-06  9.6506598518111808e-01  9.4687374751355480e-01  8.1152801204584490e-01  7.9706998457766332e-01  8.3430773888215251e-02  
q[502]: 1.0981506278490150e-05  9.3280223166974419e-01  9.2059304207836556e-01  7.6797552888387499e-01  7.3855669099443955e-01  2.7417129452943356e-01  
q[503]: 8.9366822434453915e-06  9.6556811432873046e-01  9.4817567204465192e-01  8.2175101853248023e-01  7.9559885866638247e-01  5.2996370150170924e-01  
q[504]: 3.1000326948669825e-06  9.8688306011608895e-01  9.5884883408773425e-01  9.1831689044924647e-01  9.0269958427153729e-01  7.5782684906999898e-01  
q[505]: 2.3512938158057976e-06  9.8606808799123002e-01  9.5739592705718846e-01  8.2959129243109098e-01  7.9751958765807929e-01  7.7778290955613083e-01  
q[506]: 1.1836404154444451e-06  9.8795947595699063e-01  9.6992984052928233e-01  9.4491652717667174e-01  6.4139097241368737e-02  3.1006886299351919e-02  
q[507]: 3.4179042841597591e-06  9.5693186766968030e-01  9.3367141090336403e-01  9.0708578013182228e-01  1.7998730102509056e-01  1.6954608222731751e-01  
q[508]: 3.6132558974985994e-06  9.6403558254856758e-01  9.3107974068905541e-01  9.2544096950592658e-01  3.3671048749414340e-01  2.2892236044214847e-02  
q[509]: 1.5636089920742819e-05  9.7309292925572799e-01  9.5666316554890096e-01  8.4994084685046001e-01  3.1349873423870667e-01  1.6384486221083722e-01  
q[510]: 5.4905990817681572e-06  9.8016523156645396e-01  9.6626598017959409e-01  9.4169420291532380e-01  4.9363956264568104e-01  1.2650702981582568e-01  
q[511]: 1.3261890500299013e-05  9.5276041815969859e-01  9.0524424706513384e-01  8.9562867789413270e-01  4.3193790874404481e-01  2.6955068249074376e-01  
q[512]: 4.4180377694745349e-06  9.8906727821783058e-01  9.6999055228490993e-01  9.3769545019200040e-01  3.8715837554308646e-01  3.3302071034684205e-01  
q[513]: 3.4757094740114814e-06  9.8271913124077159e-01  9.5564668812847053e-01  9.1757615335849718e-01  5.6808598820763900e-01  9.5048407644737955e-03  
q[514]: 4.6744970761765554e-06  9.5908357954079770e-01  9.5236854106770086e-01  9.4072764643701723e-01  7.3582907383508478e-01  1.5526913071060855e-01  
q[515]: 1.0771046947210226e-05  9.8791022762375369e-01  9.5603820598241485e-01  9.2150720952090681e-01  6.0508208779796779e-01  3.0107611646232812e-01  
q[516]: 1.0651567858720172e-05  9.6874274617699430e-01  9.5206926493533806e-01  9.1740212450768188e-01  6.3520346662593219e-01  4.9801553712332364e-01  
q[517]: 3.1497831864488492e-06  9.6533143296812751e-01  9.4290853265152397e-01  9.2123174888933745e-01  5.6076841517253029e-01  5.4826720945908436e-01  
q[518]: 6.7596085051780729e-06  9.6633664803464137e-01  9.3183380659590853e-01  9.0752846805450893e-01  7.7867873890600148e-01  3.4952556059160526e-02  
q[519]: 2.1419166057559195e-06  9.9283608421657288e-01  9.7259617729381087e-01  9.5611017229095363e-01  9.1626619914378860e-01  1.5908062617735705e-01  
q[520]: 2.9151289885073888e-06  9.9897496117472584e-01  9.7945577525188887e-01  9.1136729095637403e-01  8.8889266709469783e-01  3.4960025847640297e-01  
q[521]: 7.2162812680378862e-06  9.7575905622997461e-01  9.5214978178541032e-01  9.3167977704892069e-01  8.2417087363157626e-01  5.7656253698105775e-01  
q[522]: 3.2007566279972083e-06  9.8749506950380672e-01  9.5607271182770737e-01  9.4098440295510888e-01  7.9178648205074986e-01  7.4662000665803885e-01  
q[523]: 5.0738314125778182e-07  9.7934623616097627e-01  9.6919487149139782e-01  9.3816392190779674e-01  9.2971828757297348e-01  1.1717103882556380e-02  
q[524]: 2.6526897428517927e-06  9.6223384142422830e-01  9.3630287322872152e-01  9.2657536458018686e-01  9.1427673821038735e-01  5.1872816390439336e-01  
q[525]: 9.1717526167628278e-07  9.5645983198266471e-01  9.4320457110487832e-01  9.3050452276087003e-01  9.0523733989210231e-01  8.8810968359872300e-01  

