deg: 9
dim: 5
nodes: 378
efficiency: 0.883598

q[0]:   8.4255662175061633e-04  4.3418928136692729e-02  1.4523975629998651e-01  4.6821156783748118e-02  1.0858134428991566e-01  9.0456059511265263e-01  
q[1]:   4.4757000317323979e-05  2.4017735741370294e-01  2.6601604048838534e-01  3.1716919878335581e-01  3.6395882462592499e-01  2.6552152471784674e-01  
q[2]:   1.5127683036117586e-03  5.3405138491104467e-02  2.5300640941947211e-01  9.2128885081486867e-02  5.1844440030105554e-01  7.3564962916186527e-01  
q[3]:   1.1062017049182661e-03  5.3632104640500063e-02  9.0339187657939871e-02  1.2274759556550192e-01  8.1073239939126229e-01  4.0699654005590995e-02  
q[4]:   1.4215552872461588e-03  1.5502528177632752e-01  3.1773282815719305e-02  8.9370180863392906e-02  9.5161464197490087e-01  6.9186929122607888e-01  
q[5]:   1.3308326243481044e-03  2.8154614574472697e-02  1.0705546289091249e-01  2.9458771907397546e-01  7.9196202609901026e-02  7.8441214765929954e-02  
q[6]:   1.7125892003126949e-03  6.3335044790407816e-02  4.4893860148509941e-02  1.6670049876572351e-01  5.4664142786282766e-01  8.7524496187695910e-01  
q[7]:   2.7111825506708010e-03  2.7266240075166242e-02  6.5892759033595330e-02  3.4341562456595998e-01  7.3091552217034372e-01  3.9891769290079249e-01  
q[8]:   7.5822137258368293e-06  2.9759404172437315e-01  3.2340208208035093e-01  5.4345610587190851e-01  4.2926888112239142e-01  5.9158992728120230e-01  
q[9]:   2.8228719647036341e-03  3.7270439922573652e-02  6.8049943174609676e-02  6.5009526813004082e-01  2.6038557098134618e-01  3.2893164917626649e-01  
q[10]:  1.4440233597660386e-03  8.4572539480760281e-02  4.0337936570459219e-02  7.8726773479871037e-01  5.9012593548242809e-01  3.1582163992837642e-02  
q[11]:  1.4311811275542273e-03  3.9345364554581173e-02  8.4102624600366022e-02  8.4224674754691142e-01  9.5947489410317011e-01  4.0940419461209987e-01  
q[12]:  1.3917121192153895e-03  4.8560188689594420e-02  8.3284623311100814e-02  7.5590091805984860e-01  2.2667105119266482e-02  7.5559429083732610e-01  
q[13]:  1.0216212691585174e-03  4.4300670060003308e-02  1.1269861053251785e-01  9.5440390715350121e-01  2.8426374292655870e-01  9.0329310382221317e-01  
q[14]:  3.3255309323966687e-03  2.4441512110988061e-02  2.7725631482608754e-01  8.5148160653500837e-01  4.7743161509547682e-01  4.6560610598271224e-01  
q[15]:  1.8516955275111402e-03  6.5060588654938148e-02  1.8072109591789780e-02  6.8872176843248034e-01  6.8075241679175424e-01  8.4307785345498643e-01  
q[16]:  2.1558355205444483e-03  6.6759301695524936e-02  3.6055635094512867e-01  6.1058768840147944e-02  7.2689145082390355e-02  3.0778947409843133e-01  
q[17]:  1.6408623610708632e-03  2.5135717659386443e-02  3.2387603811192200e-01  1.6820350148221183e-02  8.1591825746970692e-01  4.1005851613696404e-01  
q[18]:  5.2591741704845528e-03  2.6094359885904510e-02  2.6397947669223887e-01  3.2994396953604110e-01  2.4196455815025397e-01  6.8911725961574677e-01  
q[19]:  4.1092933487127602e-05  2.3765123390954709e-01  3.5222885024240458e-01  3.2519566431262648e-01  6.0602515068277174e-01  1.9361116063917716e-01  
q[20]:  5.0357270428247882e-03  1.0715966769425299e-01  2.7664409874071694e-01  5.3102393025349748e-01  8.3752485392514353e-01  5.4384811690135249e-01  
q[21]:  1.1084923137526684e-03  2.9005668329859017e-02  1.6005496900105182e-01  4.8173288907147394e-01  9.5326555113786571e-01  9.5641732856518236e-01  
q[22]:  2.0859611057451538e-04  1.5411613885576572e-01  3.0093107960485982e-01  5.4285020761500224e-01  2.3319632862991840e-01  4.1061061995447568e-01  
q[23]:  5.0516913577370827e-03  1.3719757750214923e-01  3.1446834166266352e-01  7.7049550727963390e-01  8.0991431700314831e-01  6.9826120189643948e-01  
q[24]:  6.1270249223876697e-03  1.8977265653743938e-01  3.7244853009709494e-01  7.8045150456887435e-01  1.9454689747509785e-01  7.5373047457095621e-01  
q[25]:  1.6575345450131013e-03  6.0805716671006330e-02  3.1831366703112374e-01  9.4228666102882885e-01  2.8545980201883836e-01  1.2554726499011915e-01  
q[26]:  1.1557132100636607e-03  3.6153876932140831e-02  3.0801328169563602e-01  9.5476297077357231e-01  7.7896922866798901e-01  9.1450961153148158e-01  
q[27]:  1.5351882333315763e-03  6.5189691002019767e-02  2.5274268450094123e-01  9.7708979039538091e-01  8.0751426736277720e-01  1.2058113053891303e-01  
q[28]:  9.3936234104642071e-04  2.3612462072901483e-01  5.7535231526528041e-01  1.7049964268880774e-01  2.7481823239009828e-01  5.2814351722590391e-01  
q[29]:  3.5545937487780144e-03  2.9369267958757127e-02  4.3860797699930665e-01  2.0793704076006037e-01  5.4018341979214923e-01  1.3886660607845139e-01  
q[30]:  2.2348965358200733e-03  3.0096212134181448e-02  4.9675019604422704e-01  2.3766712788649411e-01  9.6817719971234695e-01  7.0208063457121839e-01  
q[31]:  1.9084478418978368e-03  2.5682911662029551e-01  4.7068187332700817e-01  2.7209812281906043e-01  1.9094374650236587e-01  1.9730313473822078e-01  
q[32]:  5.4955465637499868e-04  2.2195027164573755e-01  4.9466932215280474e-01  2.2942264106695340e-01  4.8575452215924542e-01  6.9208723819687901e-01  
q[33]:  4.7216457381709937e-04  2.4951694688730169e-01  5.7981686409150002e-01  2.5731656558503785e-01  5.7166410546240021e-01  6.8689357716483213e-01  
q[34]:  2.4216011614527177e-03  4.2663380982186229e-02  5.7687698971730372e-01  4.9925077221605668e-01  6.1921287520352593e-02  9.1775352445026015e-01  
q[35]:  2.7886260263297147e-03  4.5232470772943678e-02  4.9058727267704411e-01  6.0947269723143971e-01  3.3643890649254077e-01  3.6963787171941730e-02  
q[36]:  7.8975802438775843e-03  1.3674301324953328e-01  4.9836591136635094e-01  4.8742823623874626e-01  5.3645232445282109e-01  4.7996547226232211e-01  
q[37]:  2.4463445851552082e-03  3.0437426791384784e-02  5.3490426108822231e-01  4.1868053409860917e-01  5.8106091481175282e-01  9.6471638787667524e-01  
q[38]:  1.7645894030897085e-03  3.6898564593022563e-02  3.9083826138394534e-01  5.6165213826384630e-01  9.4801611103558248e-01  5.2498954037967005e-02  
q[39]:  2.1678750392325921e-03  1.7198382892675612e-01  4.9333091925525785e-01  7.5794049537733976e-01  3.0398577965360057e-01  2.8487941130089828e-01  
q[40]:  1.5132062510689384e-03  3.2333288871766050e-02  4.5031997466893287e-01  8.3143709877377237e-01  2.7605470035884878e-02  2.4356940375269451e-01  
q[41]:  3.5835025279353215e-03  3.2605770611856828e-02  5.6534517967384845e-01  7.6909047768177652e-01  5.6194026759631832e-01  7.7889413391306572e-01  
q[42]:  3.4730090791177375e-03  2.5382112517498157e-01  4.7073761658878577e-01  9.7636246431970108e-01  7.5479631482068499e-01  4.5295951977932253e-01  
q[43]:  1.4163465448523314e-03  7.4577718565456627e-02  7.2577471531652493e-01  3.6125799554352793e-02  1.7960454398504541e-01  9.3228256736978732e-01  
q[44]:  9.4120168119664848e-04  5.3062924537574684e-02  7.6577390992377070e-01  4.1962469551384329e-02  1.4615241748075916e-01  6.3797833614319649e-02  
q[45]:  3.1700588849107769e-03  6.2995550946807727e-02  6.6746637106394180e-01  1.3334987748283797e-01  7.3954331865545986e-01  8.1700255553019707e-01  
q[46]:  3.0714679448350978e-03  1.1495981221567368e-01  6.6050762696737897e-01  3.3642600916846982e-01  8.9817729471318652e-01  2.5054593811550330e-01  
q[47]:  5.9906234392584131e-03  5.4505914945560743e-02  7.2516301351480006e-01  2.8485016542188596e-01  2.5816498562101725e-01  3.3255350504810521e-01  
q[48]:  2.5371567665051231e-05  2.4221520250759676e-01  6.6661743909840165e-01  4.9430183763572416e-01  7.3204940037453270e-01  5.6025171050731326e-01  
q[49]:  1.4739405898587597e-03  4.6049235430337489e-02  8.1999969128114136e-01  6.0672858116163630e-01  2.5028873064670932e-02  1.2169201814213984e-01  
q[50]:  4.7920180013178160e-03  1.3811054934766290e-01  6.4796915962142465e-01  5.9764975902164774e-01  1.2606933580543225e-01  4.9117343990998136e-01  
q[51]:  4.8656332360787194e-03  1.6249076211020161e-01  7.7120863146932794e-01  6.6600213872748637e-01  4.0550495410588405e-01  8.5042190223466507e-01  
q[52]:  4.3421361504444519e-03  3.6209566674301918e-02  6.8756348973357551e-01  6.8544558306036785e-01  8.0469757034125156e-01  2.7889148656198837e-01  
q[53]:  1.8106913864523910e-03  3.3450159543450014e-02  6.3733796274924193e-01  9.5994873978425876e-01  1.2189733656917644e-01  6.1909164531740846e-01  
q[54]:  1.5729264258039460e-03  3.3977900521119264e-02  7.2291262793517908e-01  9.2132879033832349e-01  9.5316319600948218e-01  6.6639666653400154e-01  
q[55]:  1.2694412393185479e-03  7.3374990105780719e-02  9.7493185069394606e-01  3.9917286759164361e-01  3.3186949772800839e-01  3.5797725850369715e-02  
q[56]:  5.0517908741494596e-04  2.2964136843634267e-01  7.5332422631883633e-01  2.5235863920835810e-01  5.2187377230773235e-01  3.4840860540074070e-01  
q[57]:  1.8437444593429214e-03  2.7857449150146527e-02  8.0985194822052819e-01  4.2615948131286330e-02  4.8949099550568836e-01  5.3242127189779886e-01  
q[58]:  1.0291852377241869e-03  5.2203665017817973e-02  8.5665578331853787e-01  7.3271903356457668e-02  7.4578615276756921e-01  6.0077683480234269e-02  
q[59]:  1.3462538247582814e-03  3.1442055134442669e-02  9.5625864417456907e-01  2.2217989750575270e-01  9.4121381079755284e-01  2.9917535893866426e-01  
q[60]:  1.2343423137020034e-03  3.6967062567637626e-02  9.2326299059459060e-01  1.9261508284077103e-01  2.7753249990681482e-02  6.3018550968528031e-01  
q[61]:  1.2074569386082484e-03  3.8058841368826993e-02  9.6951817757753622e-01  1.9423466224658684e-01  4.8846847182339587e-01  9.3294428795931206e-01  
q[62]:  5.0385610675091654e-03  7.3861129602173309e-02  8.7706075871563682e-01  4.4241023603131685e-01  6.9388943037187589e-01  5.9665225142466960e-01  
q[63]:  2.9116859689301471e-05  3.1505412483900846e-01  6.8559749471206388e-01  4.3539954208997778e-01  3.0144658729189683e-01  6.7909433969857158e-01  
q[64]:  1.2034567785430640e-04  2.9558843029060439e-01  6.6988924844412190e-01  5.0017499235120488e-01  6.0074517585270304e-01  4.1905702253838961e-01  
q[65]:  2.8178435297363043e-03  3.1977191511320620e-02  9.4966434910701747e-01  6.5650822059655733e-01  2.4692259670650166e-01  6.0501066605299325e-01  
q[66]:  1.8368578978801048e-03  1.6140158212578123e-02  9.2719919359954317e-01  8.2018806156910273e-01  5.8816409378801782e-01  1.4180624747789711e-01  
q[67]:  6.8183241887429284e-05  2.5882186355002462e-01  6.9103615826998299e-01  5.9741550370376251e-01  6.1239295171021113e-01  5.3565255625359354e-01  
q[68]:  2.4169755855310592e-04  3.5873642541297973e-01  6.8834788155354931e-01  6.7576274055277730e-01  6.7942788868794946e-01  4.7663620465984063e-01  
q[69]:  1.6591925313187688e-03  4.8801705183460310e-02  9.2660680330174416e-01  6.4861651501978790e-01  9.0483205389510879e-01  9.0375623708834996e-01  
q[70]:  1.5126107214034252e-03  1.5310903785502275e-01  9.8126993549215913e-01  9.2210174292905467e-01  9.6451553231871032e-02  3.0473354633095201e-01  
q[71]:  1.1867493884613958e-03  3.7379689562698465e-02  8.6073767364005083e-01  9.1497085718010307e-01  2.6119675741673454e-01  9.5840748000053622e-01  
q[72]:  2.7369505458520122e-03  9.0860737700523081e-02  7.2170980581827893e-01  9.5070569012740724e-01  4.9540735193337460e-01  3.4450660974677483e-01  
q[73]:  1.3409799351930745e-04  2.4744043034839683e-01  7.5775172225527343e-01  6.8261953154912358e-01  6.4126048413797931e-01  7.3507175508534306e-01  
q[74]:  9.2660201057006392e-04  1.1144188161171879e-01  8.3002597018026647e-01  9.6318266798736385e-01  9.2987733780813264e-01  8.1665470780616145e-02  
q[75]:  2.3038546674713643e-03  1.1622737940351531e-01  4.9281923123726694e-02  4.1954538849131549e-02  3.3503004472443287e-01  3.4152505711274656e-01  
q[76]:  2.3567239420637432e-03  2.5429231442633510e-01  3.9433991560049335e-02  2.4787158685203875e-01  3.2848121863016533e-01  8.0107705536391530e-02  
q[77]:  3.2342243888330178e-03  2.8902084802187616e-01  2.6175271801524375e-01  9.1362198772720282e-02  6.3639370110595195e-01  2.3022106797842423e-01  
q[78]:  4.3585400718940993e-03  2.5942874387156639e-01  1.3108415574520377e-01  2.2142916561441828e-01  5.3373081055064564e-01  5.2068459065005890e-01  
q[79]:  3.2125220194357588e-03  2.0016752939351820e-01  1.7801779160353462e-01  2.2007362750885306e-01  9.6494163229063246e-01  2.6522358067577140e-01  
q[80]:  2.2811816035772496e-03  2.1017917639107428e-01  3.3298724350697410e-02  1.9159465439397172e-01  4.9746463976534414e-02  5.7787117002029775e-01  
q[81]:  3.3839993960138601e-05  3.3399845192058342e-01  2.3584873759656272e-01  4.0080528798444398e-01  6.6299357963428451e-01  5.3430360568825652e-01  
q[82]:  5.5762164876678117e-03  2.6428033176586407e-01  2.2212725643208558e-01  2.7728839095948138e-01  7.9794878473117681e-01  8.0680094956214243e-01  
q[83]:  1.8199646776428527e-03  1.9112020460936305e-01  5.3639828237041706e-02  4.0383012912103183e-01  1.4957277096666524e-01  9.7007165978326515e-01  
q[84]:  6.3851147348756680e-03  1.6228010639422130e-01  1.9075337925448993e-01  4.8990797338642528e-01  5.6591958323363689e-01  1.6822540796947491e-01  
q[85]:  4.7987415575736145e-03  2.3290000639212582e-01  1.8911734098359875e-01  4.3505143163705140e-01  5.4569820082107534e-01  8.5559556265970482e-01  
q[86]:  1.5599975850305878e-03  2.3687195985786197e-01  2.6050359611465197e-02  5.4348603219606562e-01  9.4294291379159367e-01  1.0827331748315706e-01  
q[87]:  5.4654923257160190e-03  2.7730530049661212e-01  3.7047317779092641e-02  5.7839154477011079e-01  3.0210322397266165e-01  6.2836299963313136e-01  
q[88]:  4.5807195898463944e-03  3.2449156470749124e-01  1.4895153340556869e-01  8.1334420487352466e-01  3.3220763908020134e-01  2.7967005957499014e-01  
q[89]:  5.1967395647178742e-05  3.4112713113984333e-01  2.8866536150375993e-01  7.1961143023633201e-01  6.9618201654861211e-01  4.9339230920463767e-01  
q[90]:  2.7956839636876425e-03  3.3724416183764300e-01  3.2744995560302470e-02  5.5803228503245927e-01  8.8295271749942306e-01  6.7808597858727360e-01  
q[91]:  1.0211731419430092e-03  1.4096029912029098e-01  2.6509951388221421e-02  9.5301810270694132e-01  1.0178308237843409e-01  2.0208997230723327e-01  
q[92]:  2.0670737192468040e-03  3.2617164081495614e-01  2.6995544827215771e-02  9.0077446889523471e-01  7.7055171021682023e-01  2.5228034225897361e-01  
q[93]:  2.9416243095368921e-03  1.8504606234851403e-01  6.4338808234581366e-02  9.6124160911756373e-01  5.4810847310563215e-01  6.0633776948650897e-01  
q[94]:  1.6013546214943318e-03  2.7972864962231436e-01  2.5658826832618770e-01  2.2991737116487548e-01  2.9533195137533486e-01  4.9265601768837103e-01  
q[95]:  2.4345113167990192e-03  3.3288899348793682e-01  3.1005601500154284e-01  2.1075776014266964e-01  3.1205271647217973e-02  9.1523246070089936e-01  
q[96]:  2.0347724553495972e-03  1.9820823911813842e-01  2.8954116997886403e-01  4.5019888095624051e-02  3.2811966466095471e-01  2.8050149816337216e-02  
q[97]:  5.7665681878058973e-03  2.0915177381176758e-01  4.6472930554718539e-01  5.9482826024050833e-02  3.9031294359965851e-01  6.6167936544524653e-01  
q[98]:  1.5434210562535607e-03  1.4598267357784317e-01  2.7224012059620528e-01  3.2874064516501912e-02  8.1341770451435280e-01  9.7307747989832760e-01  
q[99]:  6.6829927876955246e-06  3.7289534616689579e-01  3.9095700460559080e-01  3.4719561396614357e-01  6.8229356126058116e-01  5.2968728283845812e-01  
q[100]: 3.7023310565773076e-03  2.3274763911890886e-01  3.0112570306181230e-01  4.5174490439429299e-01  2.0304798956018486e-01  1.7361486210497942e-01  
q[101]: 2.0014976152711527e-03  2.3488004049347741e-01  2.0502779279157501e-01  7.8998956228701767e-01  8.2400401799333611e-02  1.4005247206628527e-02  
q[102]: 4.7881590601658343e-03  1.9844500980001303e-01  2.6796416333378992e-01  4.9443128270447795e-01  3.6406045280453242e-02  3.8190959776771832e-01  
q[103]: 3.0579528282748034e-03  1.4575522318282097e-01  2.4286383034911885e-01  7.0901958510682506e-01  3.3920222948688034e-01  9.7433143107178433e-01  
q[104]: 5.3193824530664317e-03  2.6801124147716365e-01  2.4955856221167935e-01  7.0683248667243781e-01  7.7892480602188130e-01  1.8811421490665714e-01  
q[105]: 2.6611180737894295e-03  2.5275610932640358e-01  2.2416072404194021e-01  9.6992572950531097e-01  1.1483371551160537e-01  5.4271960353712811e-01  
q[106]: 3.4913980037620920e-04  4.4575708519851898e-01  4.2147779796146084e-01  6.7765749353389704e-01  5.2720216932364616e-01  4.4324289497826258e-01  
q[107]: 4.1420932949546014e-05  3.4893947763915839e-01  4.1339577284511009e-01  6.8090750436357972e-01  4.8282054911494970e-01  7.2080610971510817e-01  
q[108]: 1.3509119374528113e-03  2.4448355563160845e-01  1.0037873216622206e-01  9.4674169218829418e-01  9.6088654458558498e-01  8.4899227505521446e-01  
q[109]: 4.8294394470810758e-03  2.4067893285148756e-01  5.4679760360106511e-01  1.5524275103317178e-01  6.1847925997100817e-01  2.2196815768931288e-01  
q[110]: 1.3656933284011839e-03  1.9079237850773573e-01  5.6846600428900629e-01  2.9144990061044432e-02  9.8021974835351788e-01  1.0580418089592053e-01  
q[111]: 6.5010153864962306e-03  3.0844982062640791e-01  4.9738402967747730e-01  2.1388724318086497e-01  8.4636056199115772e-01  4.9051394496291878e-01  
q[112]: 3.5910041388031739e-03  2.8951072550343043e-01  5.6172100312837225e-01  2.8588014249548338e-01  6.7037906138570205e-02  4.4482897796619125e-02  
q[113]: 2.8160461410373424e-03  1.7381842437342698e-01  5.5444374057232249e-01  1.4513562950442643e-01  3.3215654487149505e-02  6.5957034653905500e-01  
q[114]: 3.8285294381189433e-03  2.7159747038246196e-01  4.2641628732414033e-01  1.6337730789322313e-01  3.5457940162918028e-01  9.7005270479498085e-01  
q[115]: 4.7831315383921619e-03  2.6955572598717187e-01  5.8375347050510829e-01  8.3171213522969811e-01  6.9656239345774817e-01  3.5833233357051547e-02  
q[116]: 3.3514282191397246e-03  2.5592353940470269e-01  5.1174480512590625e-01  8.5427799484327271e-01  9.8154418019220047e-01  3.2280725352673845e-01  
q[117]: 3.3926887372755983e-03  2.7837468673652521e-01  4.3884280562317035e-01  6.5422912608115225e-01  9.7600941763894167e-01  8.7472975939818898e-01  
q[118]: 2.6582673285997557e-03  3.2417498304454379e-01  4.9028569150027029e-01  7.6670211141831790e-01  1.6069606246512552e-01  5.1598955920055145e-01  
q[119]: 1.1122500975555400e-03  2.2671377050210778e-01  3.9414359894628309e-01  9.4354419871588147e-01  4.0820796494060070e-02  9.7273875256890008e-01  
q[120]: 5.5427413225282223e-03  3.3635448296727677e-01  5.6467947261585516e-01  9.5878410224400623e-01  4.1786758688762660e-01  8.4119487012705751e-01  
q[121]: 1.3575591191090598e-03  2.2226439900075917e-01  9.3237977609870160e-01  1.3987820016036423e-01  4.5953609704174843e-02  1.4833447090193594e-01  
q[122]: 8.5157169249791282e-04  3.9638674367891874e-01  5.2208298402715714e-01  2.6186264561336670e-01  4.6603227213245324e-01  5.9079536617382034e-01  
q[123]: 4.1965050872391626e-03  2.6651504616730437e-01  7.8273954017140490e-01  4.4490827028054986e-02  8.0376151890918568e-01  4.4518989494223959e-01  
q[124]: 8.1283260470771425e-03  2.5091783384615030e-01  7.9703633367079163e-01  2.8223659293514308e-01  2.7190308763770116e-01  8.0804689345366387e-01  
q[125]: 3.3372831332393496e-03  1.8006535937996299e-01  7.7055438642645546e-01  3.0032221035825607e-01  7.3355901391726996e-01  3.5186378696077436e-02  
q[126]: 3.9314654340148183e-03  2.5526433967781686e-01  7.7673566404181293e-01  5.1765624953656353e-01  9.7735011602489108e-01  5.8394239664506120e-01  
q[127]: 2.6308601833106879e-03  2.3128671639344561e-01  7.5205164196299823e-01  2.7265276937869576e-01  8.9131498972550960e-01  9.7900595667084467e-01  
q[128]: 4.0716219281329725e-03  2.6706257191351557e-01  6.9074181085691333e-01  5.6456090573366269e-01  7.6760244679240863e-01  8.1312246923892229e-01  
q[129]: 9.5369736600118074e-05  3.2503788890722579e-01  6.1991589713083295e-01  7.1926475938620005e-01  6.5227706532984131e-01  6.2944415958780497e-01  
q[130]: 3.5833160313417003e-04  2.7877136709037009e-01  6.5261690182249699e-01  7.5203514117398595e-01  2.0386685855569869e-01  5.4319904393373530e-01  
q[131]: 1.3395493711459503e-03  1.4660945667490344e-01  7.8314634135197281e-01  9.6992123392969665e-01  2.0632445679760361e-01  2.4498597618909740e-02  
q[132]: 3.2412096815611696e-03  2.5561401039772180e-01  5.4083975471515866e-01  8.5963880619067390e-01  5.3087613726750971e-01  2.6797832098554542e-01  
q[133]: 2.2225242046402379e-03  1.9321983870190007e-01  6.3182064115059611e-01  8.9735681018670255e-01  8.2794333903768391e-01  9.7905388788101022e-01  
q[134]: 2.2171502978469838e-03  1.6805426480357880e-01  9.6813515686853391e-01  6.7297848940605878e-02  4.1854048517749692e-01  2.8955033696097426e-01  
q[135]: 1.5719052490469725e-03  2.9325451919536849e-01  9.5164514935682387e-01  2.1531143424524037e-02  1.5314337333434411e-01  6.7820146747174392e-01  
q[136]: 1.0616295747543413e-03  1.4121059883853496e-01  9.0886854525298899e-01  3.3477627631283764e-02  9.5045391356228659e-01  8.3629718261433694e-01  
q[137]: 2.5915416497212865e-03  2.8121987707025686e-01  9.5576624964029844e-01  3.7269111335397836e-01  1.6208697773738234e-01  2.9247482952542281e-01  
q[138]: 1.1915517662596442e-04  2.6470969835698432e-01  7.5479404990666321e-01  4.0537233931651362e-01  4.8637337770522970e-01  4.4549743102778000e-01  
q[139]: 3.4316273006300864e-03  2.6735074673732795e-01  9.7832222682964831e-01  2.3016750408766301e-01  7.0123434878744206e-01  6.7862480301295502e-01  
q[140]: 1.6102783153261093e-03  2.1033467234463984e-01  9.6675644831911633e-01  4.2760287649186779e-01  1.0804078148301353e-01  9.5621278671305432e-01  
q[141]: 2.7647888387911878e-03  2.8881165361346139e-01  7.9405217172519149e-01  5.3838785444787363e-01  4.5119594409387115e-01  7.3907915449679035e-02  
q[142]: 5.3273215049251020e-03  2.6042852814122458e-01  9.3734432045227012e-01  4.7834216937125384e-01  5.7733884373373479e-01  2.4722349041971342e-01  
q[143]: 1.5284015253626021e-03  2.1062994394696627e-01  8.0209504459009673e-01  4.9075954024626428e-01  5.0795646909207248e-01  7.7682391120898631e-01  
q[144]: 1.3031645029189872e-03  2.1116943558103940e-01  9.3409509475277896e-01  6.1417595480651987e-01  9.4656166019557586e-01  3.2272345734608944e-02  
q[145]: 5.5942149173306933e-03  2.5753548722162284e-01  7.8043061655936696e-01  7.3741727039783966e-01  2.3149934899781055e-01  1.8284358773030762e-01  
q[146]: 5.4977555961538749e-06  3.6201988783856948e-01  7.6477225214128242e-01  5.8968396867279604e-01  3.1778558394579026e-01  4.5103865505532120e-01  
q[147]: 2.8144141477017604e-03  2.2408742513063939e-01  9.7571226085002616e-01  8.0861592685497008e-01  9.0077864617311088e-01  4.0684928021153899e-01  
q[148]: 2.4915239962811013e-03  2.2564279551285418e-01  8.7339840356593912e-01  8.2462969307605960e-01  2.3636419420050025e-02  8.1138514742937651e-01  
q[149]: 5.5678206288350268e-03  2.6912246074173146e-01  8.3428248532297689e-01  8.4345571159465615e-01  4.2042015624752860e-01  4.6953387957816611e-01  
q[150]: 8.2865463152245519e-05  3.2072594403366006e-01  7.2507564536253488e-01  7.5476258491128556e-01  4.9073753364824085e-01  6.9647769438739804e-01  
q[151]: 2.1526903546093901e-03  2.7456053231257510e-01  9.4756192316254739e-01  8.1250934645512551e-01  6.1918770060546990e-01  9.4972017287706512e-01  
q[152]: 2.0606540829024769e-03  1.3851478630890082e-01  9.4682553012748205e-01  9.7811927480391581e-01  6.6822005617469871e-01  6.9827801598712069e-01  
q[153]: 2.7935333297419425e-03  4.5961410204787323e-01  1.6394525286546563e-01  1.3926468188483988e-02  1.5589044926770224e-01  7.8435007824681358e-01  
q[154]: 1.5990723296073848e-03  4.6043519598776084e-01  4.6141932931184078e-02  2.4088004635128096e-02  8.0839656906383339e-01  1.2563522662890483e-01  
q[155]: 3.4164459074937330e-04  4.9106788968019455e-01  4.3233661409923763e-01  2.5581564515757022e-01  4.1038080494734142e-01  5.3459883589092594e-01  
q[156]: 3.2238674198544100e-03  4.2616323141298645e-01  1.3106702286187427e-01  3.1030900830000870e-02  6.8134447866571068e-01  6.3935707858610169e-01  
q[157]: 2.9875555118946046e-03  4.8458987183522595e-01  2.9313196670811423e-02  5.5983930417935901e-01  8.7615242696932494e-02  1.5666357662825839e-01  
q[158]: 2.9103415979513676e-03  5.0092470733793637e-01  2.2634351049936702e-01  2.5072453112783710e-01  2.3424196571739211e-01  5.2128332792676457e-01  
q[159]: 2.4860848249612325e-03  5.1464935537405943e-01  2.4287682349769357e-02  1.0443805265493508e-01  4.4876714445556104e-01  9.2623292982040439e-01  
q[160]: 3.7695593833877695e-03  4.9561041017348628e-01  1.5282930743396464e-01  5.1315475789468379e-01  4.9121805758887566e-01  2.8402223292037568e-02  
q[161]: 5.6060574833556994e-03  5.1534374109824743e-01  1.7681681106244778e-02  3.2870981124578380e-01  6.7756084913713477e-01  3.3717851378577585e-01  
q[162]: 1.8457870362579296e-03  5.6054646278629772e-01  7.5108758802839376e-02  9.4442914847678039e-01  4.1566771799522012e-01  4.6223687279900130e-02  
q[163]: 6.8274275886449458e-03  4.8749768038369989e-01  1.6409773800471478e-01  7.7647381155102702e-01  5.7947284134831278e-01  4.7594297299573118e-01  
q[164]: 2.3119269519119036e-03  4.6662526051012415e-01  1.3504155694325687e-01  7.7251611288116684e-01  9.0972001076905296e-01  4.7372060105484504e-01  
q[165]: 2.4023944843429433e-03  5.1463733397065792e-01  1.0734151356169511e-01  8.3487597562284932e-01  3.5251693810704865e-02  4.8337954611638212e-01  
q[166]: 2.0674240827969546e-03  5.0418713452955133e-01  2.0026453409801467e-02  9.1055337798760427e-01  1.6848176322050945e-01  8.9212493317872121e-01  
q[167]: 9.4868012949389578e-04  4.8132543022700863e-01  2.8188885727938451e-01  7.6212984934538719e-01  5.5008154747746807e-01  4.5051754828487023e-01  
q[168]: 4.9126324583661438e-03  4.4610769614091339e-01  2.2912846558689051e-01  7.9033033765695648e-01  4.4846589086138811e-01  7.9301218544980301e-01  
q[169]: 2.3506993529423558e-03  3.9713036062068374e-01  7.7800377948614469e-02  8.0115032089854132e-01  7.1803666380786846e-01  9.8483144701106229e-01  
q[170]: 1.5019630374066815e-03  4.9038056237612193e-01  1.1470064771512739e-01  4.9713746492671219e-02  2.0370146329382541e-02  1.1228751992470891e-01  
q[171]: 2.9181535413949689e-03  5.5176718752247556e-01  2.6742922652377588e-01  5.8471639827782459e-02  9.0691436371230416e-01  4.4014460686318363e-01  
q[172]: 5.6589593653391260e-03  5.3280646686712441e-01  1.6253215457869288e-01  3.9788600300222104e-01  2.2368138499327647e-01  7.7707960629682971e-01  
q[173]: 9.5921935161305295e-03  5.1616985958167405e-01  2.3912619241710403e-01  1.8614890635451428e-01  2.1858885000763234e-01  3.1532935787655575e-01  
q[174]: 4.6062200506158486e-03  4.5558725620223334e-01  3.2317906241747008e-01  2.6634193619532426e-01  8.2765724800636198e-01  1.4821590613111228e-02  
q[175]: 4.6055237355162176e-03  5.7635657397213325e-01  1.8647070171469765e-01  4.9313530951156276e-01  9.7877156591647119e-01  5.2236870523969869e-01  
q[176]: 2.0276548145092203e-03  5.0226235381931805e-01  7.0636295598555957e-02  2.8347099336655762e-01  9.1722552392920709e-01  9.6620716312630595e-01  
q[177]: 7.2127234351718203e-05  5.2377947358893040e-01  2.8959951017096208e-01  5.0735232412710196e-01  2.7168061797166865e-01  4.9016710700928351e-01  
q[178]: 3.6049460496152897e-03  5.6776882828397235e-01  2.7407081160778679e-01  8.5185681342567676e-01  7.4691855674929153e-01  7.5956433888042640e-01  
q[179]: 2.7496259553522980e-03  5.0390043246178773e-01  1.9455730661073484e-01  6.8005478485072168e-01  2.4442047877970347e-02  8.5942837607848233e-01  
q[180]: 4.1383129687402979e-03  4.8339443833827012e-01  3.5381196307677432e-01  9.7381426900456702e-01  3.8618356350134037e-01  1.4624402510057627e-01  
q[181]: 2.1074666678216497e-03  5.9662091552174401e-01  2.4935156824710406e-01  9.7478748031153284e-01  5.7116767588664275e-01  9.3534856073620132e-01  
q[182]: 1.6367560734400113e-03  4.6696218189005284e-01  1.9066687027739623e-01  9.0357941422758836e-01  9.6543212067788375e-01  4.0317000924068300e-02  
q[183]: 3.2873475658696271e-03  4.4077108387163311e-01  6.3673318844877191e-01  2.4238118369165097e-02  9.5581579160938665e-02  3.6978098982943647e-01  
q[184]: 2.6029973337701748e-03  5.1978598307220381e-01  4.3741783610738483e-01  6.8386681011484637e-02  9.8949331890484182e-01  8.3263377093096236e-01  
q[185]: 5.3691312637538851e-03  5.0083862855613981e-01  5.5940065867917899e-01  2.6291046034108201e-01  8.0471450921029675e-01  8.0168985997425379e-01  
q[186]: 8.9766741679676056e-03  4.8066621140592697e-01  5.2374043274115534e-01  4.8246999439277582e-01  1.2304553450263135e-01  7.7844592002311597e-01  
q[187]: 6.4324698758825303e-03  5.3326931677078748e-01  5.7649668710943858e-01  4.8786482282264132e-01  3.6212039803768320e-01  6.6402001308829436e-02  
q[188]: 4.5167811607305101e-05  4.9564271603771831e-01  5.6505507642039521e-01  4.6835696346885786e-01  7.0991503846293602e-01  2.7120186080389841e-01  
q[189]: 1.7135582737375477e-02  5.0017280268756992e-01  5.0009957923163717e-01  4.9965211148418137e-01  4.9999083801733041e-01  5.0021561635321299e-01  
q[190]: 6.4327153771683871e-03  4.6673686173053436e-01  4.2350173448579453e-01  5.1213339884648834e-01  6.3788332732056918e-01  9.3359396935822492e-01  
q[191]: 8.9766066256082109e-03  5.1930966495610209e-01  4.7626957843200768e-01  5.1752447012616520e-01  8.7695543197725923e-01  2.2155624241887617e-01  
q[192]: 4.5376464965672159e-05  5.2988885498124472e-01  4.4650098861255716e-01  5.4390772959787614e-01  2.8761660003436529e-01  7.2534419822103202e-01  
q[193]: 5.3699614721074342e-03  4.9920988446540548e-01  4.4060059809987923e-01  7.3704308109075067e-01  1.9530857367064314e-01  1.9830953479412816e-01  
q[194]: 2.6032826401653068e-03  4.8021195918483939e-01  5.6257873983859397e-01  9.3160972633508232e-01  1.0511908660828632e-02  1.6736848407650631e-01  
q[195]: 3.2872934711553918e-03  5.5922280517421286e-01  3.6327056957077197e-01  9.7576145335102815e-01  9.0441884940912232e-01  6.3022048329702640e-01  
q[196]: 1.6367070769427402e-03  5.3303971731471533e-01  8.0933480143147696e-01  9.6419006170974778e-02  3.4566460466271945e-02  9.5968397944309947e-01  
q[197]: 2.1069633940803737e-03  4.0338229006834736e-01  7.5065718321189989e-01  2.5203499641932917e-02  4.2882762470169639e-01  6.4640088836379533e-02  
q[198]: 4.1380982298161208e-03  5.1659493035317261e-01  6.4618581575395972e-01  2.6182316157259283e-02  6.1381394486241780e-01  8.5375483642612815e-01  
q[199]: 2.7494657396111835e-03  4.9610368926225729e-01  8.0544503053644578e-01  3.1994255357111401e-01  9.7555916514450147e-01  1.4056822897816856e-01  
q[200]: 3.6043745574436911e-03  4.3224841494361549e-01  7.2594027023248420e-01  1.4813478317245432e-01  2.5309109816998915e-01  2.4041590951421421e-01  
q[201]: 6.7494105796275970e-05  4.8382022444076572e-01  7.0572583165299640e-01  4.7574208989780287e-01  7.2630772484746320e-01  5.1917690504788094e-01  
q[202]: 2.0276201709728417e-03  4.9773522926185670e-01  9.2936399291466398e-01  7.1653085171325925e-01  8.2773014848854728e-02  3.3792451703179294e-02  
q[203]: 4.6053902025161818e-03  4.2365096432329902e-01  8.1353311876419732e-01  5.0685654628673382e-01  2.1225545241688539e-02  4.7762408021080588e-01  
q[204]: 4.6063934952293543e-03  5.4441657859075387e-01  6.7682137813206311e-01  7.3365721835219122e-01  1.7234481858321846e-01  9.8517674714991177e-01  
q[205]: 5.6594973727913996e-03  4.6717649109354148e-01  8.3746670709500093e-01  6.0211131879975277e-01  7.7633211881215525e-01  2.2292522423866032e-01  
q[206]: 9.6015937141012923e-03  4.8377999903455882e-01  7.6082338310938935e-01  8.1381587898908403e-01  7.8134131979079302e-01  6.8459192227388388e-01  
q[207]: 2.9177895248789654e-03  4.4823154496620021e-01  7.3256918787714631e-01  9.4153144602399630e-01  9.3077225314461415e-02  5.5986517820492032e-01  
q[208]: 7.4203996066465633e-04  5.5404137720449154e-01  5.2698337558241870e-01  7.4524437333484050e-01  5.6546094589042473e-01  4.4016829833713988e-01  
q[209]: 1.5025094682402282e-03  5.0962160303473036e-01  8.8528952437604058e-01  9.5027326516432209e-01  9.7961343522841038e-01  8.8769948451580594e-01  
q[210]: 2.3505707906202864e-03  6.0287417877865612e-01  9.2220141056086824e-01  1.9885111820291781e-01  2.8195888546367132e-01  1.5166071562643211e-02  
q[211]: 4.9141240504015386e-03  5.5387111957147661e-01  7.7087862901439796e-01  2.0967865157602536e-01  5.5150651697764164e-01  2.0698429772077501e-01  
q[212]: 8.4666813112602081e-04  5.1114673318775083e-01  7.2781876330028705e-01  2.3428857646043907e-01  4.4970901362149263e-01  5.4684354037603011e-01  
q[213]: 2.0673918704168202e-03  4.9581280896110419e-01  9.7997452661582296e-01  8.9446074507314302e-02  8.3151892284225137e-01  1.0787480755210969e-01  
q[214]: 2.4024437707158316e-03  4.8535807749072302e-01  8.9265457689637795e-01  1.6512915562770694e-01  9.6474919459542863e-01  5.1661634203231888e-01  
q[215]: 2.3126055603270379e-03  5.3338077225827296e-01  8.6495605210343296e-01  2.2750100277289578e-01  9.0304649019635114e-02  5.2630242306122288e-01  
q[216]: 6.8014797681020880e-03  5.1269196947634521e-01  8.3600672207278814e-01  2.2356038082648039e-01  4.2048941324242106e-01  5.2410614496485286e-01  
q[217]: 1.8458804470650020e-03  4.3945833185771638e-01  9.2488837312492100e-01  5.5574184618432838e-02  5.8433236968943036e-01  9.5377463781414729e-01  
q[218]: 3.7696795219587984e-03  5.0439080744902098e-01  8.4716882441897556e-01  4.8684518832454016e-01  5.0878796427582862e-01  9.7159586972097289e-01  
q[219]: 5.6063331370992172e-03  4.8465576122190696e-01  9.8231492930294761e-01  6.7129054825988399e-01  3.2244127130654249e-01  6.6281957090122989e-01  
q[220]: 2.4861676475236559e-03  4.8535075721465443e-01  9.7571160051509254e-01  8.9555951004204237e-01  5.5123186635627897e-01  7.3768632733717698e-02  
q[221]: 2.8903562854076838e-03  4.9981626530800050e-01  7.7389228875394578e-01  7.4944548391555477e-01  7.6598995308660667e-01  4.7878685817491318e-01  
q[222]: 2.9876178598954952e-03  5.1540900908272080e-01  9.7068588250499044e-01  4.4016170275532462e-01  9.1238381506758459e-01  8.4333452115396934e-01  
q[223]: 3.2239288492882873e-03  5.7383129922496834e-01  8.6893166251182019e-01  9.6896987860992934e-01  3.1865302304248494e-01  3.6064695217286458e-01  
q[224]: 1.5989327600594693e-03  5.3956145687837298e-01  9.5386353230799092e-01  9.7591289766470923e-01  1.9159699322568988e-01  8.7436647652888533e-01  
q[225]: 2.7935020085633477e-03  5.4038155530065191e-01  8.3605585947663452e-01  9.8607413282773970e-01  8.4411121261321842e-01  2.1564865343632181e-01  
q[226]: 2.0605935224336631e-03  8.6148562237648707e-01  5.3174289167724723e-02  2.1876480965694931e-02  3.3178204806052403e-01  3.0172664378809044e-01  
q[227]: 2.1529380432660384e-03  7.2544477085656855e-01  5.2441771061534498e-02  1.8749399588443283e-01  3.8081043118513980e-01  5.0285812803203121e-02  
q[228]: 7.0955178887953469e-05  6.7072861978578113e-01  2.7885799479773593e-01  2.3826917569740438e-01  5.2000729647620858e-01  3.0866211490532081e-01  
q[229]: 5.5683355230982988e-03  7.3086833803401940e-01  1.6571738037934025e-01  1.5655632630515212e-01  5.7958808696883313e-01  5.3046299329795321e-01  
q[230]: 2.4915728515716401e-03  7.7435587555205754e-01  1.2660124077888701e-01  1.7536691568884516e-01  9.7636182819647799e-01  1.8861602279560702e-01  
q[231]: 2.8145078594971323e-03  7.7591068429797805e-01  2.4289761061661166e-02  1.9138563440066586e-01  9.9222461070748780e-02  5.9315199457542445e-01  
q[232]: 5.5943167595859733e-03  7.4244491930315182e-01  2.1955686502944191e-01  2.6260768439200993e-01  7.6849700845529445e-01  8.1714835556511634e-01  
q[233]: 1.3031697667257713e-03  7.8883105561816369e-01  6.5903575397658287e-02  3.8582686643080244e-01  5.3438669907354422e-02  9.6772843262987818e-01  
q[234]: 1.5276741445516605e-03  7.8940056673136882e-01  1.9790504681928173e-01  5.0923004329690313e-01  4.9192125689589383e-01  2.2307828704402471e-01  
q[235]: 2.7642686450295175e-03  7.1118853619642164e-01  2.0595402657060363e-01  4.6159827482706839e-01  5.4878306261909637e-01  9.2610104524238213e-01  
q[236]: 1.6101291353966187e-03  7.8966836052271128e-01  3.3239255468945642e-02  5.7239346117734047e-01  8.9196336983753377e-01  4.3784356370008215e-02  
q[237]: 5.3275476731980929e-03  7.3956766502100757e-01  6.2654329319363974e-02  5.2166539785843469e-01  4.2267004429247435e-01  7.5278010748630664e-01  
q[238]: 3.4314703753236309e-03  7.3266160627701404e-01  2.1676352919362579e-02  7.6983351412671730e-01  2.9876499642142085e-01  3.2136762599266283e-01  
q[239]: 6.7865705548615844e-05  7.3528383140072373e-01  2.3592756950396959e-01  5.7368123614768540e-01  5.4036295690445590e-01  5.2127880775629498e-01  
q[240]: 2.5912236804747132e-03  7.1879791399738913e-01  4.4228104246599328e-02  6.2731866377164591e-01  8.3791919616610400e-01  7.0752455895693223e-01  
q[241]: 1.0616424104151435e-03  8.5878800812746570e-01  9.1133930453330361e-02  9.6652099405761027e-01  4.9546528232139016e-02  1.6370714035699957e-01  
q[242]: 1.5719091649567215e-03  7.0674750084891380e-01  4.8358715899381337e-02  9.7847255670701783e-01  8.4685400542300993e-01  3.2179791337532943e-01  
q[243]: 2.2164305083715087e-03  8.3196062151506711e-01  3.1853397702998401e-02  9.3271700415847691e-01  5.8146283959726797e-01  7.1046111989858485e-01  
q[244]: 7.1215440911445549e-06  6.2816299099276063e-01  3.4388586682654187e-01  3.7720028894873031e-01  2.8302492748113978e-01  6.9947069455885491e-01  
q[245]: 2.2225653222132206e-03  8.0677923328664991e-01  3.6817380314750214e-01  1.0264477281045073e-01  1.7205690330962906e-01  2.0948547145737805e-02  
q[246]: 3.2403355766835291e-03  7.4438428963157366e-01  4.5916924261290099e-01  1.4034797897032728e-01  4.6918589554000734e-01  7.3204084803013847e-01  
q[247]: 1.3397505856948991e-03  8.5338641912403290e-01  2.1685567532227928e-01  3.0086989598999553e-02  7.9367569795022608e-01  9.7549490813976458e-01  
q[248]: 6.0225267622324858e-06  6.8126165822190110e-01  4.1503307205087292e-01  2.9137941665894418e-01  7.4727496970555007e-01  3.2057060096239243e-01  
q[249]: 3.5490338533416817e-04  7.2271728988214889e-01  3.4692587257596058e-01  2.4904688303379680e-01  7.9587579187888680e-01  4.5829964592725303e-01  
q[250]: 7.6710447464411284e-05  6.5408697119586479e-01  3.7871644869792731e-01  2.7215027486010540e-01  3.1948588816943263e-01  3.8426741487192478e-01  
q[251]: 4.0691579237871322e-03  7.3300816700911287e-01  3.0917209692234771e-01  4.3544261316744931e-01  2.3239523209584598e-01  1.8679449825120994e-01  
q[252]: 2.6304229628901902e-03  7.6871607553590493e-01  2.4794084628400667e-01  7.2735833883318524e-01  1.0867709057486127e-01  2.0988219022662898e-02  
q[253]: 3.9318333742833726e-03  7.4473665230729758e-01  2.2326887339615414e-01  4.8234970678800965e-01  2.2654524091923044e-02  4.1605345347995581e-01  
q[254]: 3.3374072837667927e-03  8.1993296724230713e-01  2.2945087958168287e-01  6.9967942533789418e-01  2.6644448381517005e-01  9.6481091263154029e-01  
q[255]: 8.1244194608546521e-03  7.4910039836856568e-01  2.0294392719427951e-01  7.1777577322186914e-01  7.2810637567721670e-01  1.9192447072727181e-01  
q[256]: 4.1967659214141393e-03  7.3347819110177004e-01  2.1726414967820709e-01  9.5550918780865124e-01  1.9623982276256552e-01  5.5481036934716932e-01  
q[257]: 5.2714334352205801e-04  6.5539032550881393e-01  4.3469926637530898e-01  7.3278544497393538e-01  4.8880815065010119e-01  3.7690947954416609e-01  
q[258]: 1.3574990493625985e-03  7.7773408889124129e-01  6.7620737691584012e-02  8.6012645604435956e-01  9.5404952248321417e-01  8.5167102331675437e-01  
q[259]: 5.5431087496247188e-03  6.6364587726754565e-01  4.3532573950258535e-01  4.1219498760467897e-02  5.8213007153387764e-01  1.5880523810923264e-01  
q[260]: 1.1122827498488989e-03  7.7328696601119573e-01  6.0585547056645894e-01  5.6456894809648411e-02  9.5917980163283434e-01  2.7265608580980233e-02  
q[261]: 2.6600392164597827e-03  6.7594186531794920e-01  5.0945720114393978e-01  2.3328328888303970e-01  8.3930844240019165e-01  4.8391650649539225e-01  
q[262]: 3.3928821088007916e-03  7.2162709672775815e-01  5.6115048360835229e-01  3.4577364423402118e-01  2.3994965002621264e-02  1.2527076010941046e-01  
q[263]: 3.3512998755640547e-03  7.4407596405676357e-01  4.8825622553048059e-01  1.4572494499476307e-01  1.8452513640363735e-02  6.7719425865831084e-01  
q[264]: 4.7830567839078847e-03  7.3044400951977828e-01  4.1624819787014516e-01  1.6828599592169996e-01  3.0343831007266397e-01  9.6416709958312485e-01  
q[265]: 3.8284868349158650e-03  7.2840130086112065e-01  5.7358902923069377e-01  8.3662467375267879e-01  6.4542094541019579e-01  2.9947447690557679e-02  
q[266]: 2.8155456048837295e-03  8.2618751099252252e-01  4.4555252550695079e-01  8.5486303606807523e-01  9.6679388469884453e-01  3.4042385828966676e-01  
q[267]: 3.5908384027039542e-03  7.1048914484243153e-01  4.3827979254372096e-01  7.1411809750738331e-01  9.3296180948577545e-01  9.5551903813199790e-01  
q[268]: 6.5009882209782410e-03  6.9157948724770757e-01  5.0264462788435538e-01  7.8610146564762418e-01  1.5363791607442653e-01  5.0947765162277958e-01  
q[269]: 1.3656942265703913e-03  8.0920821567702950e-01  4.3153465132644886e-01  9.7085368581516851e-01  1.9777673115278425e-02  8.9419349569562823e-01  
q[270]: 4.8311258449984578e-03  7.5935633698764871e-01  4.5327698078958678e-01  8.4474394932782015e-01  3.8151324026053213e-01  7.7802216450719386e-01  
q[271]: 1.3508519787804661e-03  7.5550828950771620e-01  8.9962524610352046e-01  5.3260237802017205e-02  3.9106918701425609e-02  1.5100962887016312e-01  
q[272]: 5.6513999851803767e-05  6.5563559751398703e-01  5.6485713813630711e-01  3.3135377740430644e-01  4.8654337527622699e-01  3.0251834973223424e-01  
q[273]: 3.7464003116573485e-04  5.5807220218839704e-01  6.2447268732457972e-01  2.8940031313276199e-01  4.7251848142417086e-01  5.6310657262569397e-01  
q[274]: 2.6611009589662003e-03  7.4723328302500769e-01  7.7584655511130896e-01  3.0071413824708348e-02  8.8516710621293881e-01  4.5729284738496201e-01  
q[275]: 5.3193313086504915e-03  7.3198190361861071e-01  7.5045461952616799e-01  2.9316594915343364e-01  2.2107050209725154e-01  8.1188522648013783e-01  
q[276]: 3.0583795155668136e-03  8.5424081075270597e-01  7.5712964474946198e-01  2.9096842162614539e-01  6.6079974684110299e-01  2.5677264550057213e-02  
q[277]: 4.7889978646629043e-03  8.0154971090511540e-01  7.3202663629629794e-01  5.0556471452930352e-01  9.6358509567626438e-01  6.1809375277591116e-01  
q[278]: 2.0011667156091700e-03  7.6512056916239357e-01  7.9497823643063492e-01  2.1000104400792025e-01  9.1760750804594504e-01  9.8600064304358626e-01  
q[279]: 3.6971806986880722e-03  7.6730313200088796e-01  6.9895115990378975e-01  5.4815917015941407e-01  7.9697585939163518e-01  8.2646615805462242e-01  
q[280]: 1.5435032586736818e-03  8.5401614312719909e-01  7.2776008025429451e-01  9.6712300924768213e-01  1.8658173338145884e-01  2.6925164884500360e-02  
q[281]: 5.7656771373807659e-03  7.9085083626535169e-01  5.3527148814729042e-01  9.4052283175209694e-01  6.0967348074085403e-01  3.3830386724900430e-01  
q[282]: 2.0346633932100794e-03  8.0179562676476868e-01  7.1046071530901200e-01  9.5498272815408802e-01  6.7187954642439085e-01  9.7195190760983619e-01  
q[283]: 2.4345140980741595e-03  6.6711283299470137e-01  6.8994159977474834e-01  7.8924134792772838e-01  9.6879575592031897e-01  8.4769011030664407e-02  
q[284]: 1.5973229583269349e-03  7.2042836104617169e-01  7.4326738683701199e-01  7.7005165324757374e-01  7.0429704255268688e-01  5.0706181730214905e-01  
q[285]: 2.9417426735279455e-03  8.1495480662886310e-01  9.3565786971494391e-01  3.8760900439013535e-02  4.5189011149210934e-01  3.9365582461579440e-01  
q[286]: 2.0667129523594878e-03  6.7383191474285764e-01  9.7300968735519389e-01  9.9212395985808235e-02  2.2945652860365034e-01  7.4772578631027342e-01  
q[287]: 1.0211347490934742e-03  8.5904194904631337e-01  9.7349509421690594e-01  4.6987770384275401e-02  8.9821807748631044e-01  7.9790600133780631e-01  
q[288]: 2.7954344366081301e-03  6.6276927280659859e-01  9.6726090056791691e-01  4.4197333988464038e-01  1.1705165554539750e-01  3.2191573782696087e-01  
q[289]: 5.8070201342050628e-05  6.3833589892300613e-01  7.1610677450223204e-01  2.6890675415110488e-01  3.1443882743410817e-01  5.1630749183624625e-01  
q[290]: 4.5790879811535394e-03  6.7553545436583917e-01  8.5105194541907359e-01  1.8663196237313937e-01  6.6781593706826159e-01  7.2035414482621740e-01  
q[291]: 1.5599582924187478e-03  7.6312854158138044e-01  9.7395241012096290e-01  4.5651294937940995e-01  5.7058347591762232e-02  8.9172681510887186e-01  
q[292]: 4.7981526511013109e-03  7.6712812627988147e-01  8.1090145586006446e-01  5.6496337888449744e-01  4.5432798699442350e-01  1.4439402678655316e-01  
q[293]: 5.4657505092479261e-03  7.2269502124351725e-01  9.6295027601279837e-01  4.2160959497864620e-01  6.9789429579940954e-01  3.7163008971165756e-01  
q[294]: 6.3855972512230699e-03  8.3771180774655329e-01  8.0924349263112672e-01  5.1010942526435554e-01  4.3408516200952518e-01  8.3176146084700897e-01  
q[295]: 1.8198237584745637e-03  8.0888297772926598e-01  9.4636329720212187e-01  5.9617199788528275e-01  8.5042967370451084e-01  2.9922958117611677e-02  
q[296]: 5.5764072279456955e-03  7.3570604601532930e-01  7.7788645997161987e-01  7.2269375863429619e-01  2.0206002020277156e-01  1.9319907066052744e-01  
q[297]: 4.1087059844722963e-05  6.6927853745574073e-01  7.3519534502414230e-01  5.8813244454522817e-01  3.3769295157971124e-01  4.6277889273697592e-01  
q[298]: 2.2812205021967426e-03  7.8982433919899220e-01  9.6669978350000751e-01  8.0840346234103966e-01  9.5025189619051031e-01  4.2213191143815726e-01  
q[299]: 3.2125399950085993e-03  7.9983355170329118e-01  8.2198391235672874e-01  7.7992133219603865e-01  3.5059297433866245e-02  7.3477823124260866e-01  
q[300]: 4.3600781182493581e-03  7.4054838157113401e-01  8.6890054617686785e-01  7.7853465313759973e-01  4.6624015263187801e-01  4.7931149892319297e-01  
q[301]: 3.2340707581446633e-03  7.1095109830924708e-01  7.3827482172739545e-01  9.0863575024691967e-01  3.6358253551588515e-01  7.6979552587168709e-01  
q[302]: 2.3565227727234913e-03  7.4571369294105494e-01  9.6057138246959217e-01  7.5212878845720477e-01  6.7151852448561189e-01  9.1989472437217135e-01  
q[303]: 2.3041003410638940e-03  8.8376807440928584e-01  9.5071373632070422e-01  9.5804315920103011e-01  6.6496548833965241e-01  6.5846910536623326e-01  
q[304]: 9.2663199476361114e-04  8.8855554603987397e-01  1.6997512600700709e-01  3.6817492818858488e-02  7.0123812807353164e-02  9.1833332476256646e-01  
q[305]: 1.6546510524612383e-04  7.4416302503339660e-01  2.5014331129960693e-01  3.1078430058409434e-01  3.6483235036881007e-01  2.7804375146045029e-01  
q[306]: 2.7373311416276913e-03  9.0913492095667536e-01  2.7829623758417615e-01  4.9300607413546520e-02  5.0459781346856014e-01  6.5549635879225632e-01  
q[307]: 1.1868372578633280e-03  9.6261881047515085e-01  1.3926484913050011e-01  8.5035004475288598e-02  7.3879745051734125e-01  4.1591465801064584e-02  
q[308]: 1.5126070214390552e-03  8.4689078804333917e-01  1.8730212328299200e-02  7.7897535247003116e-02  9.0354739478994461e-01  6.9526756012765667e-01  
q[309]: 1.6592439744732024e-03  9.5120059293415216e-01  7.3391203722973919e-02  3.5138152114647131e-01  9.5171326707551532e-02  9.6249197975590450e-02  
q[310]: 2.6842097921347323e-04  6.7542258724942583e-01  3.2197810885399614e-01  3.5383446006967062e-01  3.4198155791053741e-01  5.2440425687108871e-01  
q[311]: 1.8368426909635470e-03  9.8385998911629136e-01  7.2799753158715702e-02  1.7981151828874403e-01  4.1183549739096981e-01  8.5819392057224198e-01  
q[312]: 2.8176341743015119e-03  9.6802637236300526e-01  5.0333119587903853e-02  3.4348851152893289e-01  7.5307977291228123e-01  3.9498933307932105e-01  
q[313]: 2.6587439165533784e-05  6.7075358178027500e-01  2.8863300320679897e-01  5.9710065327511086e-01  7.2240951567375289e-01  3.0799389635357605e-01  
q[314]: 1.2182985201865215e-04  7.2554983357844050e-01  2.9179358171097758e-01  5.5918942493644042e-01  4.4633937196211404e-01  5.8392411524220078e-01  
q[315]: 5.0395292177131644e-03  9.2613063538983897e-01  1.2294853809445623e-01  5.5758086322886991e-01  3.0612685602325534e-01  4.0335970153176287e-01  
q[316]: 1.2074677769100131e-03  9.6194220665329777e-01  3.0485043330244162e-02  8.0576612297985128e-01  5.1153292799884520e-01  6.7058509507153266e-02  
q[317]: 1.2343338545739494e-03  9.6303258623221200e-01  7.6736278446802475e-02  8.0738769500957874e-01  9.7224583893861138e-01  3.6981220559735117e-01  
q[318]: 5.7162468493163139e-06  7.1435274620279754e-01  3.3847057043036133e-01  5.1138164558358690e-01  6.3864103623628521e-01  6.1322747433344593e-01  
q[319]: 1.3462153211950564e-03  9.6855862849066132e-01  4.3738303914046067e-02  7.7782064388904515e-01  5.8785747899185024e-02  7.0082119900398432e-01  
q[320]: 1.0292710347655190e-03  9.4779378194222597e-01  1.4334811910962886e-01  9.2672380082700456e-01  2.5421122172654054e-01  9.3992076150107118e-01  
q[321]: 1.8440372565872458e-03  9.7213563593562446e-01  1.9015777035765577e-01  9.5737596634093858e-01  5.1050569195141193e-01  4.6757904607340511e-01  
q[322]: 5.1122943288234573e-04  7.6965809222004344e-01  2.4561831197512826e-01  7.4778638801002140e-01  4.7938871996243920e-01  6.5077469127125398e-01  
q[323]: 1.2695250582334954e-03  9.2662428333309055e-01  2.5074649885031237e-02  6.0082627611408745e-01  6.6813374354924049e-01  9.6420217621072335e-01  
q[324]: 1.5729743934191920e-03  9.6602034273620241e-01  2.7708956143822533e-01  7.8671657306979365e-02  4.6837898427827249e-02  3.3360792227059261e-01  
q[325]: 1.8106613450454437e-03  9.6654945854290175e-01  3.6265984477792551e-01  4.0049140769478228e-02  8.7810157397295108e-01  3.8090163162239493e-01  
q[326]: 4.3417245932316165e-03  9.6379416850594357e-01  3.1243406874814039e-01  3.1455264134827521e-01  1.9529962990794653e-01  7.2111305456477381e-01  
q[327]: 4.8692041892757299e-03  8.3748061113432326e-01  2.2880035201283899e-01  3.3402374509993521e-01  5.9446603149619326e-01  1.4962414534290314e-01  
q[328]: 4.7894738984588878e-03  8.6191604113308540e-01  3.5201801624179108e-01  4.0236919742925970e-01  8.7394185703398841e-01  5.0881760244406316e-01  
q[329]: 1.4739758009131619e-03  9.5394988172234596e-01  1.8000439253557740e-01  3.9326619709372351e-01  9.7497260721316126e-01  8.7830593360174070e-01  
q[330]: 4.6966957666847296e-05  7.5139171039112140e-01  3.3678510156815672e-01  4.9882501341936875e-01  3.1190756362177158e-01  4.2577128223502536e-01  
q[331]: 5.9906123773948517e-03  9.4549285132440197e-01  2.7483563540427897e-01  7.1515630233493910e-01  7.4183910376136775e-01  6.6744812531359243e-01  
q[332]: 3.0716988006868145e-03  8.8504116115771536e-01  3.3948014437837243e-01  6.6357101069545421e-01  1.0182844800611321e-01  7.4944082456404437e-01  
q[333]: 3.1670527098574103e-03  9.3703488243473176e-01  3.3250464826897996e-01  8.6667946380753558e-01  2.6042587867129974e-01  1.8297636100212220e-01  
q[334]: 9.4120563218256105e-04  9.4693676649183944e-01  2.3423447332720709e-01  9.5803751007211091e-01  8.5384952871134501e-01  9.3620188295824669e-01  
q[335]: 1.4162854746381350e-03  9.2542501609312133e-01  2.7423095670663028e-01  9.6387597499226463e-01  8.2039619588647394e-01  6.7715638287092567e-02  
q[336]: 3.4734056652803249e-03  7.4616990796240090e-01  5.2926301334225312e-01  2.3642840526186218e-02  2.4520226127882139e-01  5.4704520512816690e-01  
q[337]: 3.5838435846780891e-03  9.6739171641815580e-01  4.3466773807157971e-01  2.3090866316130315e-01  4.3804516740262534e-01  2.2110191382124475e-01  
q[338]: 1.5132457157433516e-03  9.6766612677646768e-01  5.4968630327642154e-01  1.6855834634240394e-01  9.7239146114380981e-01  7.5642384457848177e-01  
q[339]: 2.1659504997234517e-03  8.2810569894503505e-01  5.0673342770608421e-01  2.4207749921525804e-01  6.9609132221731496e-01  7.1526089109541080e-01  
q[340]: 1.7646775637912442e-03  9.6309890968177370e-01  6.0915949325219332e-01  4.3835084916129102e-01  5.1985443461165931e-02  9.4749961065531907e-01  
q[341]: 2.4457630013789296e-03  9.6957183673469771e-01  4.6509778856546607e-01  5.8132248164662803e-01  4.1893789518904012e-01  3.5268868138210452e-02  
q[342]: 7.9016866657681262e-03  8.6322861084847680e-01  5.0157888386262106e-01  5.1254312134439095e-01  4.6355212310073401e-01  5.2004117938747996e-01  
q[343]: 2.7884995671749653e-03  9.5476860063637770e-01  5.0941460498368918e-01  3.9051906759029054e-01  6.6356091410728690e-01  9.6303773880941168e-01  
q[344]: 2.4218283327585824e-03  9.5733183523520471e-01  4.2312361026037992e-01  5.0074340021588704e-01  9.3807416589809356e-01  8.2249343770294497e-02  
q[345]: 2.5608101918029295e-04  7.7332024961758861e-01  4.1411073075596722e-01  7.4997718673560876e-01  4.0505741267862921e-01  2.9519919862256278e-01  
q[346]: 6.3611329222390176e-04  7.7298097930405418e-01  4.9887129120844620e-01  7.6665915097076720e-01  5.1157502942834188e-01  3.1008358562952787e-01  
q[347]: 1.9098793365492322e-03  7.4315456852097828e-01  5.2939651193514858e-01  7.2777713933139188e-01  8.0909297786200673e-01  8.0274032525272598e-01  
q[348]: 2.2349111831166703e-03  9.6990576536052553e-01  5.0325281668090605e-01  7.6233120476876048e-01  3.1824960428136512e-02  2.9791950102050219e-01  
q[349]: 3.5543363600383823e-03  9.7063557227629804e-01  5.6139211937523992e-01  7.9205802202870867e-01  4.5982534075781473e-01  8.6113258977229212e-01  
q[350]: 9.4043438113148995e-04  7.6373590272994885e-01  4.2494159354140476e-01  8.2966397590107965e-01  7.2542912786739411e-01  4.7155231329794667e-01  
q[351]: 1.5352842952843792e-03  9.3480868216007196e-01  7.4725229901062074e-01  2.2914051842476430e-02  1.9248789269672070e-01  8.7941619133740911e-01  
q[352]: 1.1558193760756352e-03  9.6383884168163303e-01  6.9199111536684899e-01  4.5237737462529237e-02  2.2101775834036436e-01  8.5493685760483565e-02  
q[353]: 1.6571347963361817e-03  9.3919732237938069e-01  6.8170343616920981e-01  5.7698583771825414e-02  7.1454604534608990e-01  8.7446229574763190e-01  
q[354]: 6.1265202029098954e-03  8.1022751754263955e-01  6.2758715553951094e-01  2.1953328563641081e-01  8.0545284166927400e-01  2.4628498318255565e-01  
q[355]: 5.0522826010018212e-03  8.6278749604258553e-01  6.8554856684614895e-01  2.2951738206634156e-01  1.9007805486127677e-01  3.0175996227780560e-01  
q[356]: 2.0956056553013191e-04  8.4578225219250802e-01  6.9906793571800130e-01  4.5839484625706090e-01  7.6645101225041123e-01  5.8882927202926838e-01  
q[357]: 1.1085331987027486e-03  9.7099203822149538e-01  8.3994224537004825e-01  5.1827141367432139e-01  4.6734150042911322e-02  4.3585441172412913e-02  
q[358]: 5.0352910135288620e-03  8.9284936264994752e-01  7.2336498401633298e-01  4.6895281244385839e-01  1.6247741851317413e-01  4.5616806364915063e-01  
q[359]: 4.0876557850511193e-05  7.6961628307086660e-01  6.5395962607904867e-01  6.6899301704090020e-01  4.0518425714833756e-01  8.0636378913942486e-01  
q[360]: 5.2590118464807996e-03  9.7390787416062397e-01  7.3601690619468851e-01  6.7005888154473536e-01  7.5803265032224321e-01  3.1087753782614391e-01  
q[361]: 1.6407389338144169e-03  9.7486822411843099e-01  6.7612857550903149e-01  9.8318366856512474e-01  1.8408216225045967e-01  5.8994350341405877e-01  
q[362]: 2.1559651305129287e-03  9.3323527674280016e-01  6.3944420115688960e-01  9.3894022894234197e-01  9.2730957484555121e-01  6.9220558558573841e-01  
q[363]: 1.8515850683553019e-03  9.3494377544387763e-01  9.8192803158022357e-01  3.1127565629835202e-01  3.1924527652293933e-01  1.5691682501992293e-01  
q[364]: 3.3256313868944144e-03  9.7555683505734292e-01  7.2273793240242523e-01  1.4851603879898767e-01  5.2256945960935131e-01  5.3439404216393804e-01  
q[365]: 1.0214677078862302e-03  9.5570561818044641e-01  8.8730794362494791e-01  4.5589192098079309e-02  7.1574188266276439e-01  9.6703806518766602e-02  
q[366]: 1.3916829516033833e-03  9.5144126571636445e-01  9.1671640858463821e-01  2.4410254000520062e-01  9.7733455470582020e-01  2.4440796724238958e-01  
q[367]: 1.4310702519926550e-03  9.6065553572980555e-01  9.1590228391999085e-01  1.5774743509818753e-01  4.0522642195885507e-02  5.9060058399016491e-01  
q[368]: 1.4441097694790552e-03  9.1542798133795000e-01  9.5965831304905280e-01  2.1273889463456386e-01  4.0987126977033539e-01  9.6841623359444984e-01  
q[369]: 2.8230146341546017e-03  9.6272858134453010e-01  9.3194664577559860e-01  3.4990601592181619e-01  7.3960657951681597e-01  6.7106549314536890e-01  
q[370]: 2.7111792880420631e-03  9.7273347427082035e-01  9.3410725902438341e-01  6.5658683649738570e-01  2.6908600333951099e-01  6.0107869072047859e-01  
q[371]: 1.7123924951706574e-03  9.3667482216981157e-01  9.5511032968203224e-01  8.3331635813885163e-01  4.5335507343965770e-01  1.2475861252051219e-01  
q[372]: 1.3306682396180167e-03  9.7185286515506453e-01  8.9294844624262526e-01  7.0541518257308100e-01  9.2080928841922849e-01  9.2156020514446613e-01  
q[373]: 1.4216319899631607e-03  8.4497244819937978e-01  9.6822205106963999e-01  9.1062898721402796e-01  4.8386465543483727e-02  3.0813290341172339e-01  
q[374]: 1.1061914566867195e-03  9.4636951709785300e-01  9.0965979531861119e-01  8.7725285935516750e-01  1.8926739357571187e-01  9.5930055298920114e-01  
q[375]: 1.5142582250191460e-03  9.4655278313155788e-01  7.4691342447986642e-01  9.0783692411598982e-01  4.8157245330445159e-01  2.6437011681241462e-01  
q[376]: 4.5402499795749048e-05  7.5386715140025207e-01  7.3564652412695619e-01  6.9087242649480984e-01  6.5891794841458140e-01  7.3399089458158873e-01  
q[377]: 8.4261936181564653e-04  9.5657656521443446e-01  8.5475845026003727e-01  9.5317569219226328e-01  8.9141642075622163e-01  9.5443949040052170e-02  

