deg: 7
dim: 5
nodes: 164
efficiency: 0.804878

q[0]:   1.0371511847919415e-02  3.0528046722257798e-02  1.3211894380560779e-01  2.3137771606797081e-01  5.8677199648386857e-01  4.2457758659655459e-01  
q[1]:   4.5013441835876618e-04  2.6922932497068697e-01  2.7091698858996460e-01  3.1506350393120169e-01  6.8998685824890604e-01  2.8531686159692765e-01  
q[2]:   2.8738557752765351e-03  6.8651490929625594e-02  9.1738353738530884e-02  9.2005679855516595e-02  8.6231978739778647e-01  9.2468499644766178e-01  
q[3]:   3.3903854619029535e-03  7.7363053280774433e-02  5.3183681793706798e-02  3.8565282382139449e-01  2.0149023846308881e-01  6.8757649114578046e-02  
q[4]:   7.2266630132416321e-03  6.7461858247492373e-02  2.7313535969215197e-01  4.4775036662567175e-01  5.2156021512164016e-02  5.9483575810791889e-01  
q[5]:   2.3787967411359289e-04  2.2527310439689874e-01  2.5204189633326668e-01  4.8296401803114297e-01  4.9477208361428354e-01  7.1871011995962741e-01  
q[6]:   6.5184391848423391e-04  1.9435150205388782e-01  2.6131021429463874e-01  4.1830820245576228e-01  5.9062042237767542e-01  2.9324270757232490e-01  
q[7]:   5.9246702868958146e-05  2.7171068142644528e-01  2.3932980605411239e-01  4.0097811496482372e-01  7.1797477035180390e-01  6.3650917638101989e-01  
q[8]:   3.9408631826301915e-03  8.0277865546703367e-02  4.1194476978005906e-02  5.8899469787977154e-01  1.4354575973658504e-01  8.6790329248048492e-01  
q[9]:   6.0111261160479346e-03  1.5436554157762980e-01  4.5813654774568190e-02  6.5010576182685020e-01  9.2587020756604077e-01  5.6091366659901887e-01  
q[10]:  4.3369732701841234e-03  3.8154135869023886e-02  2.1598579138417109e-01  8.4668809410393997e-01  1.9085870422872339e-01  1.1333363816857980e-01  
q[11]:  5.1654057082386401e-03  5.6807513894928677e-02  1.0097662897394728e-01  9.2534225780715185e-01  5.7532458147673804e-01  7.8720663890134057e-01  
q[12]:  3.3300687665178139e-03  7.4752150190253608e-02  1.1765983564676212e-01  9.1159884333238794e-01  8.1183652900394476e-01  7.7287018741966501e-02  
q[13]:  3.4137438769035076e-03  9.9086698148183716e-02  2.5229712767697127e-01  6.4968273203687324e-02  1.2036312959048436e-01  8.8850572220086055e-01  
q[14]:  5.4814995935895516e-03  1.4533275067822699e-01  2.8079141492531723e-01  4.7588628954869913e-02  4.3788931689308130e-01  1.2629388714626003e-01  
q[15]:  2.0102652348924916e-04  2.1181792674106775e-01  4.0161852798352654e-01  3.7852080767464297e-01  3.1418745867290293e-01  5.8814168690652491e-01  
q[16]:  7.8878539265866063e-03  4.6486905250468287e-02  4.0588394100702024e-01  4.9490318221475060e-01  9.4887790435020902e-01  2.5787296223406131e-01  
q[17]:  1.6053163442813086e-05  2.7423761870731911e-01  3.9633889289694008e-01  6.1958252503035061e-01  2.5648581662541375e-01  3.3555578991475649e-01  
q[18]:  8.2665534589857429e-03  1.4659582949808300e-01  3.0651831504421029e-01  6.9290547557790771e-01  3.6972510927083041e-01  6.4516924644960683e-01  
q[19]:  4.7832363766315477e-03  5.3045751700455349e-02  3.5411154983716742e-01  7.2025282468780483e-01  8.0694221662965493e-01  9.1473508265880932e-01  
q[20]:  4.1769818546124677e-04  2.1740340881342854e-01  3.7908319383774175e-01  7.6817580189011470e-01  3.0789813286140277e-01  7.4402639658040903e-01  
q[21]:  9.7201594939070844e-03  1.9692336088304918e-01  3.9346436132402668e-01  9.5999935547127935e-01  5.1570315750308082e-01  3.9505598327969077e-01  
q[22]:  5.8548374493648933e-03  4.0427836604025831e-02  7.7351394013058383e-01  1.2282615028560200e-01  1.4186893367992645e-01  4.6694384964787899e-01  
q[23]:  7.0338292630329358e-03  1.1128839896648465e-01  5.2733715811148496e-01  3.0706639648051672e-02  4.4943875193095922e-01  6.8573178166204218e-01  
q[24]:  4.3906919464129198e-03  6.4030180649302257e-02  6.1293939012503618e-01  7.8282659334809254e-02  7.9690820417886765e-01  9.0404830741232248e-02  
q[25]:  3.8760889826370626e-03  9.3108040352592125e-02  6.3079979895831806e-01  2.1267781880540645e-01  5.6704093487434312e-02  5.2182860017944643e-02  
q[26]:  8.6130580195634878e-03  6.6240596022512060e-02  5.6211312358530052e-01  3.7169999345465621e-01  3.9678672907780516e-01  9.6336053308805702e-01  
q[27]:  5.3766557398076797e-03  7.8820833488417313e-02  7.2253112550898657e-01  2.7029757291442097e-01  9.4735373341491025e-01  8.5100205889669545e-01  
q[28]:  1.0095286044189536e-02  6.1535043496113731e-02  5.7898860460883350e-01  6.7737441245730379e-01  3.5189605602005014e-01  3.1220178439151458e-01  
q[29]:  7.1272350869691029e-03  1.1067356182265958e-01  5.0852414671334734e-01  6.5545349365010175e-01  7.1889276514476930e-01  6.3237485888227030e-01  
q[30]:  4.2472278342209294e-03  3.5017876019769745e-02  6.1439462983879856e-01  9.2537610651792312e-01  7.0764621800213257e-02  5.3174699453229746e-01  
q[31]:  3.9105301767062492e-03  1.9070853690470577e-01  6.3261218180878809e-01  7.6763760272178228e-01  5.6969997241395198e-01  7.4477678277887827e-01  
q[32]:  4.3739901043177128e-03  1.0752553409793281e-01  6.1240841877966445e-01  8.0426870096376835e-01  8.0376637030767084e-01  1.8393308481542148e-01  
q[33]:  3.9684545104564069e-03  1.7653528634524321e-01  9.3903136054312075e-01  1.8137635080795295e-01  8.2139084944955587e-02  8.9336621572961261e-01  
q[34]:  4.8939746794253555e-04  2.3063078122088898e-01  7.7538707762439629e-01  2.7940088016760523e-01  4.1192936109791944e-01  3.1262743942754279e-01  
q[35]:  3.6197648139983068e-03  7.0642085867270943e-02  8.9482290614667870e-01  6.7806606096663696e-02  8.4734657869827057e-01  5.0672156818794567e-01  
q[36]:  4.1644380030994260e-05  2.8398467879810496e-01  7.0528829151867611e-01  4.0287768418254311e-01  2.7062090117772736e-01  5.5740661707266337e-01  
q[37]:  9.1129423767639262e-03  5.7808870619545455e-02  9.4804464129083654e-01  4.1699550477087988e-01  5.6215443970677681e-01  6.1616858514214701e-01  
q[38]:  5.8331418691927430e-03  1.7357075776639491e-01  9.6837876246107857e-01  6.8627437121354751e-01  5.2100259146800325e-02  2.6430301717875188e-01  
q[39]:  6.4790246571280879e-03  5.8890460132975858e-02  8.2319048200883582e-01  4.6870997502755068e-01  4.4067142123576547e-01  6.1283019378269722e-02  
q[40]:  2.9061395665953209e-03  2.8428456850659384e-01  7.1787223793192501e-01  6.2238609057025840e-01  6.7830887015830710e-01  7.1600313297917983e-01  
q[41]:  4.2157205806398418e-03  4.4390813334195409e-02  8.7781057563470977e-01  8.5283935128449828e-01  2.4378841243323857e-01  9.0881257489353329e-01  
q[42]:  4.3415568884433743e-03  7.0386139755500080e-02  9.3010080882203050e-01  9.0587586286872313e-01  7.2592543606900273e-01  1.8302443178718683e-01  
q[43]:  4.0841381638680296e-03  6.0869774861380850e-02  7.7629604774786432e-01  9.3797372949816171e-01  9.2421509200267304e-01  7.3149003134537827e-01  
q[44]:  3.8234360859363886e-03  2.4566631748011702e-01  9.7894853633777770e-02  4.4821266455341999e-02  4.4108832655991262e-02  2.8225306871419220e-01  
q[45]:  8.4240739361354060e-03  3.4944231546014498e-01  3.7561162408957439e-02  1.3454788710787102e-01  3.1480229614673272e-01  7.5264579953755884e-01  
q[46]:  4.6873563621940484e-03  2.7451709682516323e-01  4.3496682134743073e-02  1.7420446131743850e-01  8.9975075975161123e-01  8.0497723727465803e-02  
q[47]:  1.0255539471105574e-02  3.8579276696361675e-01  1.1485570414035080e-01  4.6183038483666472e-01  5.0668646617382862e-01  9.6226978373781180e-01  
q[48]:  1.5427331934715659e-04  3.6595894678699065e-01  2.3999731309735692e-01  3.5921656709587735e-01  6.4828146003292331e-01  3.4365037962059231e-01  
q[49]:  5.3062313983699332e-03  4.1079673628046343e-01  6.7779484644603080e-02  4.2467573556702259e-01  8.4952080813266195e-01  7.3243206918125503e-01  
q[50]:  1.2313297858969518e-02  2.9457563033914658e-01  5.3552509524209251e-02  6.4681871865943941e-01  4.0047907161257146e-01  3.2896947775282009e-01  
q[51]:  2.2769594496214755e-04  3.7271422621279138e-01  3.0191568414163633e-01  6.5195591404796649e-01  6.2903074485526889e-01  6.6707974695098005e-01  
q[52]:  4.9811192892618063e-03  3.1651597647857649e-01  4.5192275895844673e-02  9.3499938584029507e-01  7.6115903654870476e-02  4.3249096598690767e-01  
q[53]:  8.5096950242178615e-03  4.5029421762889821e-01  7.6720091744492153e-02  7.7035063092082590e-01  7.0631586508911004e-01  2.2847501344263249e-01  
q[54]:  7.8241094587684148e-03  3.2489813201679874e-01  3.3036339469320780e-01  4.3817481768247950e-02  9.6025075408849714e-01  4.8830371981391119e-01  
q[55]:  3.2347749298926526e-04  3.9702288379672740e-01  4.0273017709588660e-01  2.6939454811256380e-01  5.5756549061644567e-01  7.7795024530852452e-01  
q[56]:  6.0606133771877136e-03  3.5395359290445422e-01  3.3147748172161801e-01  2.7979447688851083e-01  2.2373949180992359e-01  6.4751412025416200e-01  
q[57]:  2.0087781350837521e-02  3.3145497563451554e-01  4.2124005691223260e-01  2.9216876119434365e-01  2.0343091039774969e-01  3.0101242839574593e-01  
q[58]:  2.0463650691361350e-02  2.8754818991891712e-01  3.6424467408964656e-01  3.0193411624752237e-01  7.5986207399483996e-01  7.3519745803690062e-01  
q[59]:  9.5883527125799946e-03  4.0716733104945269e-01  3.3897445391090614e-01  6.9011896195427813e-01  3.2960999466422468e-02  1.2217804682391685e-01  
q[60]:  3.5801600678111271e-03  3.7373574377565671e-01  3.0212174240007983e-01  7.6839684084370330e-01  3.1528716416310343e-01  6.8578819720932160e-01  
q[61]:  1.4368672647380206e-02  2.9973231341771650e-01  3.2277282602638835e-01  5.1716649655972491e-01  6.3059354746773999e-01  3.1814970101503026e-02  
q[62]:  4.4018185812586185e-03  3.5537909484341651e-01  2.1715142044472205e-01  7.7620424501019047e-01  9.6796974757890464e-01  9.6773131175880467e-01  
q[63]:  6.6620768741056744e-03  2.9097490826295819e-01  3.1037476438024192e-01  9.2440853581524651e-01  1.3435817709636635e-01  9.4170852367924207e-01  
q[64]:  9.1557501215696596e-05  3.7552431768125238e-01  3.7956782198357936e-01  8.0741057122139992e-01  5.6967850007499266e-01  3.9591822701475105e-01  
q[65]:  7.4120736565738334e-03  3.9687342283221139e-01  2.9232621973834222e-01  9.7085386545528796e-01  9.5068832256906977e-01  4.8832783815485287e-01  
q[66]:  8.2525154112688022e-03  4.2541456506231018e-01  5.8104858885908717e-01  7.2973669424333962e-02  4.3467660311315087e-01  7.9532448787886612e-01  
q[67]:  2.4633743050207445e-02  3.7142567811489807e-01  7.2675314538998237e-01  2.3081150275412632e-01  7.1261019562265526e-01  3.0604647244460520e-01  
q[68]:  1.0491581217333732e-02  3.1604542951132714e-01  6.6429480848330491e-01  5.8772303096392264e-01  3.3046318946583920e-02  8.3176617793238083e-01  
q[69]:  8.7633317945747247e-03  2.8123382344134007e-01  7.2760108681548230e-01  7.2114999424030291e-01  7.3013710888651517e-01  4.1212467242666534e-01  
q[70]:  3.2600688512002384e-03  3.5971435932510470e-01  6.5567634848189982e-01  7.2190850669756457e-01  3.9735179662638803e-01  2.1672537857209975e-01  
q[71]:  8.7483252982921873e-03  4.0150323763505091e-01  6.3627620029485676e-01  9.3548546225504825e-01  6.5016216011176697e-01  9.3564460989163079e-01  
q[72]:  6.0354115851852059e-03  4.2147060480629217e-01  6.4453982797734288e-01  8.5211245941133251e-01  9.3819172501097536e-01  4.0629602137501560e-02  
q[73]:  6.4026568242272651e-03  3.1527972655547742e-01  9.7392636774272368e-01  5.6230775749336256e-02  3.3885393888251175e-01  1.6721966449224718e-01  
q[74]:  5.4179211796376381e-03  3.0848089837853593e-01  8.7068498990642251e-01  5.1793414597779724e-02  6.7284597727088424e-01  9.4995407322828629e-01  
q[75]:  8.4789172479036445e-03  3.4646726855920412e-01  7.8011866349464265e-01  3.8228604689134210e-01  1.7505699332497010e-01  5.9241036047798545e-01  
q[76]:  6.6113717406023204e-03  3.0559771503879779e-01  7.4196318475290923e-01  3.5760764704005404e-01  2.9579230339665830e-01  3.1239540659119913e-01  
q[77]:  3.3338034756133774e-03  2.2540579022480461e-01  9.6439476204749930e-01  3.3688180625348879e-01  9.5186954396038581e-01  6.7723860043343215e-02  
q[78]:  1.2176559243325006e-02  3.4753117354613156e-01  8.1670569459628739e-01  6.8606278361257667e-01  3.3914124520753269e-01  7.0213389131347226e-01  
q[79]:  8.8718144624717506e-03  3.4260801841518290e-01  8.8711463870372953e-01  6.1842699007273760e-01  9.6006601759627685e-01  4.5461482933390618e-01  
q[80]:  6.0243550600406317e-03  3.0322374424011284e-01  9.6855639267388594e-01  6.6219571947976918e-01  8.0003608037461171e-01  9.4904260406598606e-01  
q[81]:  6.4901611563612507e-03  2.8748241164412897e-01  7.3705472532185767e-01  9.4156642453471384e-01  2.1998094410507779e-01  4.1107670025494501e-02  
q[82]:  8.2687209828228234e-03  3.6968293121500528e-01  9.3003028983317904e-01  9.6002168856181769e-01  3.6821835499203970e-01  5.8089348701446097e-01  
q[83]:  8.2666140924929545e-03  6.3029238527476306e-01  6.9959211143599764e-02  3.9956911681356344e-02  6.3179187946536686e-01  4.1911011646032814e-01  
q[84]:  6.4917803461958939e-03  7.1252352505470895e-01  2.6295938844260114e-01  5.8448544030857315e-02  7.7999831890968374e-01  9.5888624644059539e-01  
q[85]:  6.0238076970605715e-03  6.9679491098130186e-01  3.1439033591961485e-02  3.3781054126451882e-01  1.9997549282970484e-01  5.0955064023163160e-02  
q[86]:  8.8670798245606870e-03  6.5741750991879133e-01  1.1288645281003623e-01  3.8157937143274817e-01  3.9890667833714311e-02  5.4539385203537605e-01  
q[87]:  1.2133722931994138e-02  6.5266101387676023e-01  1.8305688972173961e-01  3.1385190863991425e-01  6.6101796442886418e-01  2.9767326173557751e-01  
q[88]:  3.3346840457826469e-03  7.7455535243157625e-01  3.5606194767544064e-02  6.6308962004238858e-01  4.8144831790208162e-02  9.3225462637029144e-01  
q[89]:  6.6238980791066653e-03  6.9560319973403162e-01  2.5795924639842926e-01  6.4170287099976753e-01  7.0390039681855154e-01  6.8732562455140878e-01  
q[90]:  8.5282652593603979e-03  6.5325216385801466e-01  2.1994445864629028e-01  6.1799018003761663e-01  8.2438549498307745e-01  4.0820373647497682e-01  
q[91]:  5.4189448378565855e-03  6.9150249147055476e-01  1.2932713578310301e-01  9.4820249210957996e-01  3.2714708818748478e-01  5.0062644214893398e-02  
q[92]:  6.4117734977812398e-03  6.8475520992855299e-01  2.6154488969350326e-02  9.4368320034920228e-01  6.6112244756445648e-01  8.3271208980814992e-01  
q[93]:  2.6063959907818452e-05  6.0334208070478401e-01  2.6811714811236498e-01  7.0325085970564838e-01  6.7137959408174097e-01  2.7307861756328555e-01  
q[94]:  6.0322900107471801e-03  5.7854708133533317e-01  3.5548028704793216e-01  1.4786158332955451e-01  6.1791512054470490e-02  9.5940980699707890e-01  
q[95]:  8.7517951729484816e-03  5.9855965830408064e-01  3.6373375896910370e-01  6.4541387738627484e-02  3.4985962682936794e-01  6.4383680722514547e-02  
q[96]:  3.2646860612264082e-03  6.4080045871244784e-01  3.4305212240867300e-01  2.7899645380540966e-01  6.0306311878492735e-01  7.8229106018793648e-01  
q[97]:  8.7459851482072064e-03  7.1844965745449940e-01  2.7198672924566297e-01  2.7875419055310702e-01  2.6968849398800920e-01  5.8733612800453217e-01  
q[98]:  1.0504112927771644e-02  6.8394777241512072e-01  3.3565513809147540e-01  4.1235664641045644e-01  9.6688873383254337e-01  1.6831465141682275e-01  
q[99]:  2.4630928674009785e-02  6.2867690983577951e-01  2.7336710190485342e-01  7.6917167586578916e-01  2.8744371754498410e-01  6.9399731274212650e-01  
q[100]: 8.2582198266522178e-03  5.7476939187329379e-01  4.1915466106514787e-01  9.2696179499503994e-01  5.6533105377253834e-01  2.0460223526067989e-01  
q[101]: 7.4150709251762040e-03  6.0314524079592058e-01  7.0766523318263841e-01  2.9174267117177546e-02  4.9334885033244423e-02  5.1165467501569684e-01  
q[102]: 1.2549154014180800e-04  6.0961052322884479e-01  6.4747276620610084e-01  2.3805748508874994e-01  4.3591989779661688e-01  6.0580602220659041e-01  
q[103]: 6.6596182050070608e-03  7.0903236762862187e-01  6.8957867891503499e-01  7.5592516451686770e-02  8.6569359832687565e-01  5.8257026240218113e-02  
q[104]: 4.3981764625601605e-03  6.4461922968847873e-01  7.8286151984023311e-01  2.2376783987577054e-01  3.1987886259760415e-02  3.2175763727243033e-02  
q[105]: 1.4367537493281689e-02  7.0027731544947125e-01  6.7727823619432370e-01  4.8285061376676019e-01  3.6939473176703924e-01  9.6818065320971047e-01  
q[106]: 3.6693547499138321e-03  6.2939620967577381e-01  6.9537826854295715e-01  2.3153124091789085e-01  6.8398749332265718e-01  3.1207613718228316e-01  
q[107]: 9.5889565125424851e-03  5.9284494851978353e-01  6.6103337544740115e-01  3.0989543158155802e-01  9.6703404826288586e-01  8.7782086024425043e-01  
q[108]: 2.0413694066590566e-02  7.1265562424247197e-01  6.3586197251277299e-01  6.9808321138280316e-01  2.3999861756233651e-01  2.6480952322564366e-01  
q[109]: 2.0121637689305260e-02  6.6850675194219200e-01  5.7888784660471237e-01  7.0778663145105536e-01  7.9647405984290209e-01  6.9882587451938860e-01  
q[110]: 6.0288069598722748e-03  6.4597425706069889e-01  6.6903682077819515e-01  7.2028594997817874e-01  7.7632152007939692e-01  3.5316811200349840e-01  
q[111]: 4.1578121062176704e-04  6.2216587011048385e-01  6.0999165299600422e-01  7.0600226470958871e-01  4.2084010433440550e-01  2.4246622865408018e-01  
q[112]: 7.8280110801527813e-03  6.7511366374787818e-01  6.6963253856371163e-01  9.5615449935085295e-01  3.9789742300729430e-02  5.1170206090353842e-01  
q[113]: 8.5112119880567626e-03  5.4953900717304516e-01  9.2328769198682858e-01  2.2969602274130221e-01  2.9358503844504164e-01  7.7145725192084813e-01  
q[114]: 4.9829609209709573e-03  6.8347172824860769e-01  9.5480036400370816e-01  6.5017269123682858e-02  9.2385314757171122e-01  5.6749418842203758e-01  
q[115]: 2.2090893013312224e-04  6.4083977056541996e-01  7.3330447460463666e-01  4.0046284654140618e-01  3.2815377970105614e-01  3.6801278456354025e-01  
q[116]: 1.2321384849432388e-02  7.0541443960522676e-01  9.4640076500218651e-01  3.5319153089566391e-01  5.9944889087056685e-01  6.7110520702178533e-01  
q[117]: 5.3161299110727929e-03  5.8952067234938033e-01  9.3202793094668945e-01  5.7536636293644905e-01  1.5058557411153531e-01  2.6773506296136790e-01  
q[118]: 1.0264770746273438e-02  6.1424720784474640e-01  8.8514348082644734e-01  5.3819578846208593e-01  4.9332728634467715e-01  3.7803234608971947e-02  
q[119]: 4.6844825196045367e-03  7.2548536733221491e-01  9.5654061064557161e-01  8.2583555468804326e-01  1.0021826211039078e-01  9.1952068883349192e-01  
q[120]: 8.4271094578823348e-03  6.5054511968538309e-01  9.6241837089135540e-01  8.6543810505759833e-01  6.8517908387083071e-01  2.4741785506440050e-01  
q[121]: 3.8204836494357365e-03  7.5436977283367057e-01  9.0213993274192383e-01  9.5523735177177371e-01  9.5592152118895046e-01  7.1780260846718236e-01  
q[122]: 4.0793606132012291e-03  9.3919098391829070e-01  2.2366409018899314e-01  6.1952140904839741e-02  7.5737365989044111e-02  2.6843332592621522e-01  
q[123]: 4.3414739986413989e-03  9.2960795562138443e-01  6.9887765116070213e-02  9.4134049258571259e-02  2.7410128138762363e-01  8.1693712469794899e-01  
q[124]: 4.2158806658042797e-03  9.5561461246839396e-01  1.2222266650866458e-01  1.4713713913310528e-01  7.5619526336372334e-01  9.1194645111589784e-02  
q[125]: 2.8399353371245501e-03  7.1422647282878537e-01  2.8104159817953039e-01  3.7822743123343727e-01  3.1960419931119149e-01  2.8347721408942733e-01  
q[126]: 6.4750507079708638e-03  9.4115708136423015e-01  1.7677130896707069e-01  5.3126786704163265e-01  5.5931858522390632e-01  9.3873858298040014e-01  
q[127]: 5.8291510151504272e-03  8.2650592852442384e-01  3.1618155966739739e-02  3.1367628877731241e-01  9.4794309124330745e-01  7.3567950910014157e-01  
q[128]: 9.1171081332932398e-03  9.4216612724741489e-01  5.1990945203620353e-02  5.8299519140035705e-01  4.3786499468676404e-01  3.8382196314072076e-01  
q[129]: 3.6198329636056171e-03  9.2934990045543642e-01  1.0515163448822359e-01  9.3218298190064974e-01  1.5264365680142414e-01  4.9329287945000388e-01  
q[130]: 4.5534132647212625e-04  7.7261823082902725e-01  2.2951898862963682e-01  7.1823486890735044e-01  5.8185325517083830e-01  6.8814331779364624e-01  
q[131]: 3.9676579291325759e-03  8.2347897064982878e-01  6.0931591667443954e-02  8.1863408238641056e-01  9.1789010197591403e-01  1.0664213020481350e-01  
q[132]: 4.3804172304773570e-03  8.9236111260352757e-01  3.8727629039909317e-01  1.9569348712392992e-01  1.9627117451206685e-01  8.1601920169262077e-01  
q[133]: 3.9922671347168703e-03  8.0840852008667274e-01  3.6727410288791351e-01  2.3381518704936935e-01  4.3044745862717698e-01  2.5619561892767195e-01  
q[134]: 4.2499982201971700e-03  9.6493316458828549e-01  3.8564821395215199e-01  7.4656364710285666e-02  9.2917973959057631e-01  4.6822715247248198e-01  
q[135]: 7.1268622675063013e-03  8.8918689708424992e-01  4.9086499058374433e-01  3.4433268832827940e-01  2.8093725124851887e-01  3.6788075629168976e-01  
q[136]: 1.0083320148668272e-02  9.3856076439739555e-01  4.2123138854448400e-01  3.2257631019442645e-01  6.4813161540870767e-01  6.8783486240289093e-01  
q[137]: 5.3764150160955969e-03  9.2118838760338906e-01  2.7747968355655533e-01  7.2970136746582626e-01  5.2649852896783457e-02  1.4898962077352851e-01  
q[138]: 8.6080060736810106e-03  9.3378111021288501e-01  4.3786048759623220e-01  6.2830420675756127e-01  6.0321437278091761e-01  3.6590359744984868e-02  
q[139]: 3.8776152309993113e-03  9.0683232300457894e-01  3.6919967558475830e-01  7.8732263079075793e-01  9.4328000119618693e-01  9.4782548966741598e-01  
q[140]: 4.3888757465016396e-03  9.3599304559364804e-01  3.8705231001763252e-01  9.2170506651746753e-01  2.0302370293463126e-01  9.0962739152568417e-01  
q[141]: 7.0287433280059987e-03  8.8875659266001805e-01  4.7259013397856092e-01  9.6933070228036011e-01  5.5054751819556647e-01  3.1428780398934375e-01  
q[142]: 5.8563745377881856e-03  9.5957124820027639e-01  2.2652917670248188e-01  8.7714836410253127e-01  8.5811771860547814e-01  5.3307599568475639e-01  
q[143]: 9.7240097328737830e-03  8.0307818441174472e-01  6.0646813386895049e-01  4.0033464426083014e-02  4.8428317049193081e-01  6.0491493882992442e-01  
q[144]: 4.1696988298700285e-04  8.0545548785648102e-01  6.3316631388732980e-01  2.3844924685606605e-01  6.8414392199612239e-01  2.6171397766257415e-01  
q[145]: 4.7933697816016484e-03  9.4688983110778746e-01  6.4588432832951481e-01  2.7978957121602438e-01  1.9317508490103846e-01  8.5421833640817166e-02  
q[146]: 7.2250762566247514e-05  7.8909474402634772e-01  6.3423100591821235e-01  4.5936158027216356e-01  4.5140565636394009e-01  7.8342419390104512e-01  
q[147]: 8.1669854522496300e-03  8.5352911443988977e-01  6.9360457263038611e-01  3.0819308777918936e-01  6.3050464606496470e-01  3.5602523944783360e-01  
q[148]: 7.8899921067159106e-03  9.5350701337714816e-01  5.9416224730093026e-01  5.0505294612580343e-01  5.1138678123171535e-02  7.4211690053705182e-01  
q[149]: 1.5809444023911739e-04  7.8828150669274022e-01  5.9192961035568337e-01  6.4602336276692551e-01  7.1512165784512649e-01  3.6903063011758752e-01  
q[150]: 5.4852190690328016e-03  8.5469929432897829e-01  7.1918160889892091e-01  9.5236336776512731e-01  5.6199453806514099e-01  8.7364986397356992e-01  
q[151]: 3.4155663592523411e-03  9.0088228140705329e-01  7.4770807995989075e-01  9.3500446951060467e-01  8.7960117783052882e-01  1.1151107035879972e-01  
q[152]: 3.3313091586565998e-03  9.2523711798657682e-01  8.8234303882810494e-01  8.8412193250892612e-02  1.8819000542637684e-01  9.2269011015080604e-01  
q[153]: 5.1740120073784047e-03  9.4313670539631678e-01  8.9891822354731699e-01  7.4746460781559790e-02  4.2476248329077232e-01  2.1286209207479662e-01  
q[154]: 4.3352276224974760e-03  9.6183698789950889e-01  7.8402356858900624e-01  1.5327400652741444e-01  8.0917960209401929e-01  8.8667877636489656e-01  
q[155]: 6.0032787666535617e-03  8.4566971574880856e-01  9.5426887262539251e-01  3.4984676733722947e-01  7.4063751412851486e-02  4.3901796749750227e-01  
q[156]: 3.9403291191113850e-03  9.1972137688051947e-01  9.5882690203859722e-01  4.1100105615487892e-01  8.5646961119004117e-01  1.3209856952315080e-01  
q[157]: 6.7693559090027677e-04  8.0833867805972992e-01  7.4748591367829409e-01  6.0911805185333290e-01  3.9554812415209023e-01  6.9103011841092432e-01  
q[158]: 2.6087622203675416e-04  7.9375071708644507e-01  7.2558864790059407e-01  4.9808517130740670e-01  5.2460010929471113e-01  3.0452000647055577e-01  
q[159]: 7.2211460872846538e-03  9.3255475706089219e-01  7.2686787492373139e-01  5.5226543521506144e-01  9.4790811081139670e-01  4.0518059271169421e-01  
q[160]: 3.3924708251809252e-03  9.2265784700176212e-01  9.4677654049300741e-01  6.1433443982217872e-01  7.9846041327918638e-01  9.3119292076373750e-01  
q[161]: 2.8736478756575964e-03  9.3134327490768831e-01  9.0826542373043206e-01  9.0799750522108469e-01  1.3769506603203047e-01  7.5306057196798726e-02  
q[162]: 4.7367725611745774e-04  7.0694856754352797e-01  7.3705470286499997e-01  6.7449007005962891e-01  3.0698796742033396e-01  7.1771915051514301e-01  
q[163]: 1.0355251933580280e-02  9.6953646021898898e-01  8.6792962512638461e-01  7.6867472495733302e-01  4.1320256592336718e-01  5.7531843266396421e-01  

