deg: 8
dim: 5
nodes: 220
efficiency: 0.977273

q[0]:   1.1507812710974761e-03  5.9673207750263683e-02  8.1534300973686914e-04  1.1720284519929165e-02  7.9158377319545370e-01  3.1684658960872319e-01  
q[1]:   1.9182872553062935e-03  5.3055997434258192e-02  1.3807976324358144e-02  4.2775691669365595e-01  2.5939397632960765e-01  6.5772769308040810e-02  
q[2]:   2.1612813027647904e-03  4.6566443054172166e-02  1.6969807807182136e-01  5.3671854314408285e-01  1.6529143819939529e-01  9.5706874881745752e-01  
q[3]:   4.2674267059866784e-03  2.9686678112200555e-02  3.9952905936590849e-01  1.0892183332991627e-01  5.5593379564795520e-01  2.8099549022442422e-01  
q[4]:   1.7251521761541795e-03  7.3185876403801517e-02  9.7295991707533822e-02  2.5376277130363151e-01  7.6643900014576438e-01  9.9233774654955675e-01  
q[5]:   1.0099016598355669e-03  5.9205200075710437e-02  2.7127219909923794e-02  9.6599083943489583e-01  1.4585212410367582e-01  7.6069199381281449e-01  
q[6]:   4.2408968367413213e-03  1.8770640641952035e-02  2.2977549977298525e-01  8.0359722528825350e-01  3.0541259232174661e-01  2.5221736393008432e-01  
q[7]:   5.9791034335924184e-03  5.9209570393590566e-02  1.3124016865392293e-01  5.0774572024751852e-01  6.6582003886547858e-01  3.6393932058905548e-01  
q[8]:   1.7264437852001415e-03  1.7380038534381827e-02  1.9594543541783074e-01  2.3184346185630894e-02  3.8839815997496302e-01  8.7269542523034727e-01  
q[9]:   7.3729952248981377e-03  1.1611031885855010e-01  4.1707124694864128e-01  1.8697396421333318e-01  2.3030095264210801e-01  5.8657550976357598e-01  
q[10]:  1.3521799098246945e-03  5.0592191576383810e-02  2.7646909593176000e-01  1.7751218999917931e-01  9.4460158338048705e-01  2.1536060827104873e-02  
q[11]:  2.2863632091183850e-03  2.2644385358769874e-02  2.2828189331226645e-01  4.6924959447886100e-01  8.7487150316667064e-03  6.3403916178878073e-01  
q[12]:  4.4766013962199390e-03  4.9434823760740848e-02  2.5477319286324229e-01  3.1294697988174452e-01  9.4336463617913846e-01  5.0846393906420406e-01  
q[13]:  1.8622902154648662e-03  1.4147200125907430e-01  2.3274829881125575e-01  7.1147506197105215e-01  1.8862097033748717e-02  4.9748810688921327e-02  
q[14]:  1.8710954280743558e-03  1.7483984768342595e-02  2.3006775652086911e-01  7.8788306282504372e-01  8.0493384169383897e-01  3.6971465712909629e-02  
q[15]:  2.1781443963787375e-03  1.7658414699789484e-02  4.0164395184933249e-01  9.5561541406144146e-01  2.1015966288945412e-01  7.0477812359401526e-01  
q[16]:  2.8732654723244776e-03  1.7788185829900280e-01  2.3510289759571229e-01  9.6340112428996905e-01  9.5721333052672408e-01  4.5501563538384016e-01  
q[17]:  7.7090839192154401e-03  1.4791735280942925e-01  2.0382519207615396e-01  7.7984473665515830e-01  4.6945270607147332e-01  7.1970518661222527e-01  
q[18]:  2.1467278968689335e-03  1.9805060462556163e-02  5.9896974496548815e-02  8.1089428019654752e-01  8.5280843252001071e-01  8.1003471420213835e-01  
q[19]:  1.7250819222418140e-03  1.0085574337041057e-01  4.3579468330758669e-01  3.4343522650106713e-02  9.1533658861774281e-01  8.5934701385597967e-01  
q[20]:  3.0788300772990164e-03  1.5119707055321379e-02  5.3796117664805698e-01  2.5630744524059051e-01  1.2126377875272477e-01  1.0416839700437462e-01  
q[21]:  5.2373404861765956e-03  2.4534604869861354e-01  5.2858786177235595e-01  1.8909060315750750e-01  4.6059063066684131e-01  9.6410953593178894e-01  
q[22]:  1.0432963672954054e-02  2.2778926634844995e-01  3.9219104577847225e-01  2.6806737854469675e-01  6.7829273562220493e-01  1.9043951358430569e-01  
q[23]:  9.6846950941072395e-03  7.8336726563595041e-02  5.9948338497439024e-01  5.3636256413538053e-01  3.9118643436993233e-01  4.3803286740843306e-01  
q[24]:  6.2026013181517596e-03  1.0258799913247432e-01  7.2859076216270791e-01  6.7255116519152780e-01  1.1562662110140016e-01  8.1705476248762432e-01  
q[25]:  4.4018888564024130e-03  1.2156509172106136e-01  4.2799691771427184e-01  5.8114101622140191e-01  9.4983823296880521e-01  9.0104700162040952e-01  
q[26]:  3.1480121304994831e-03  1.4433113655559685e-01  3.5256502201819978e-01  9.7463312585149342e-01  6.6502228623835868e-01  9.3232202437196343e-01  
q[27]:  3.1763297189233717e-03  1.0667264967656317e-01  4.8887299168588483e-01  9.3076382632659904e-01  5.6400794528668985e-01  1.6987128587686093e-01  
q[28]:  5.3080830230784141e-03  1.8452242697083381e-02  6.9984110291216739e-01  2.7851106921515772e-01  7.2783439069942146e-01  8.1697158164569272e-01  
q[29]:  2.3243362067943726e-03  1.9483850671504371e-01  7.0270869800121460e-01  2.5155467661108037e-02  8.2690306536361902e-01  7.3049183557654246e-02  
q[30]:  3.8250384999334777e-03  8.3685840521027927e-02  6.8725537496412170e-01  4.0412130051998618e-01  5.6457541097694142e-01  1.0775838646475086e-02  
q[31]:  5.5742978146930333e-03  1.6065543006850169e-01  7.8970467965357449e-01  7.4909288059846224e-01  5.4550988147455293e-01  1.9395871901613077e-01  
q[32]:  2.4965217054300649e-03  3.5627618651443128e-02  7.5477003418320787e-01  9.1023993987130714e-01  8.4999416038040732e-02  2.2797971812648504e-01  
q[33]:  3.8618352504891794e-03  2.9197893593606312e-02  5.4194098469772889e-01  6.0996404767345991e-01  4.6951741130379604e-01  9.1256970820356587e-01  
q[34]:  2.8396515393711557e-03  2.2740518185628673e-02  5.9801681575984511e-01  9.1808834602491918e-01  8.5825104087071657e-01  5.0705008688912012e-01  
q[35]:  1.6476374413352461e-03  4.5119738148401249e-02  6.8348122094356856e-01  7.8190015172711347e-02  2.9991130771324152e-02  8.0945667884353401e-01  
q[36]:  1.1802037727252814e-03  1.2350764134758105e-01  8.8206481716347973e-01  4.0818592797591424e-02  1.3700768528235699e-01  4.1408371139618677e-02  
q[37]:  7.2322484353695062e-03  1.5551938986870931e-01  9.3941211442973804e-01  3.6615789473226407e-01  5.4982019904927071e-01  7.0656676383680961e-01  
q[38]:  3.3799101287307412e-03  4.5218553929125938e-02  8.7764738719077739e-01  5.6837300607579473e-02  3.5085784479481752e-01  4.6812743221800962e-01  
q[39]:  1.8413545281337938e-03  5.0500568608371592e-02  9.7635569298658786e-01  1.7032272044410110e-01  7.5368764217088835e-01  1.4854689369680252e-01  
q[40]:  3.9868455237445696e-03  6.5612417977587947e-02  9.3477560967781770e-01  4.7533101555831081e-01  1.1860035434062857e-01  4.5199085094277097e-01  
q[41]:  4.1868290648461957e-03  2.7538694028272144e-02  7.9986346173292233e-01  5.5707518446811299e-01  8.5615622307181483e-01  2.3384076257338049e-01  
q[42]:  2.3536929474768887e-03  1.0117533193298268e-01  8.3577344122441966e-01  8.6423855513605941e-01  3.6783516684387219e-01  9.7398365346159288e-01  
q[43]:  2.4732848794262940e-03  1.3080720299752208e-02  9.4137580998840897e-01  8.6302252340847796e-01  6.1176453826171207e-01  6.6604842820203469e-01  
q[44]:  2.8843815763098741e-03  1.0709537927846015e-01  1.1458914422724588e-01  9.8134945948137736e-02  6.9817794523304486e-02  3.2947516316608449e-01  
q[45]:  3.8312066924608137e-03  1.9092848583285224e-01  1.8446330752808490e-01  5.5216206734223644e-02  3.6467243243993003e-01  5.8506031583700387e-02  
q[46]:  1.4835507332639818e-03  2.5852882349831058e-01  1.8783666175969712e-02  1.6467139233297076e-01  9.9445909441611169e-01  7.9992334691384792e-01  
q[47]:  1.7064985795015016e-03  2.7659943526566183e-01  9.9554609218649118e-03  1.0435996939477651e-01  6.5067921785662633e-02  8.5531582090556679e-01  
q[48]:  6.4703810366995591e-03  1.0775638133060375e-01  6.2398715559605702e-02  2.9951222532180399e-01  4.1376892228310780e-01  6.8582293458093613e-01  
q[49]:  4.1770862156489466e-03  2.7115746641376964e-01  5.5862709292480238e-02  3.1683915860457013e-01  8.0247996074897565e-01  1.3532493305539839e-01  
q[50]:  1.6199599747547028e-03  2.0051171986231053e-01  5.3439126983210745e-02  6.3965702258883927e-01  9.6666928559175291e-01  1.1351778128307562e-01  
q[51]:  3.3711712644378354e-03  1.9006976849023360e-01  1.7152651376684130e-02  7.2284819650702026e-01  1.5140064245837931e-01  4.6467096981171246e-01  
q[52]:  4.7001328521517624e-03  4.6006390132254915e-01  1.3483969080858235e-01  9.7080679972072992e-01  5.6574750122028494e-01  6.9876300454865781e-01  
q[53]:  3.0942499796133087e-03  1.6520155856263402e-01  3.8467473032141798e-02  9.5121564098440581e-01  6.5377419542307824e-01  2.1493043867260278e-01  
q[54]:  2.8226657216517130e-03  2.0255037819249866e-01  3.5570854385963435e-01  1.8510391963335282e-01  9.3955220317608126e-02  9.4946514935977455e-01  
q[55]:  8.6291779378486616e-03  2.8537352099163360e-01  1.9913025808845172e-01  1.0552569352017516e-01  7.3963958749686964e-01  6.7386635063911215e-01  
q[56]:  1.0934805631749084e-02  2.9232812475862258e-01  2.3800956303419676e-01  4.0765349779122340e-01  1.6761777060729116e-01  3.0544127095419543e-01  
q[57]:  8.8948650111918739e-03  3.4761210409472837e-01  2.1117761494541801e-01  5.6984966240806390e-01  5.0348214575690931e-01  5.9616637718857383e-02  
q[58]:  9.5858819965563159e-03  3.3997298661402575e-01  1.9919353102418322e-01  4.4768822085184590e-01  7.3877614959367688e-01  8.6719581766997622e-01  
q[59]:  1.2085689758402638e-03  1.9501130522918772e-01  1.0737257425112193e-01  9.6850821707445789e-01  4.6675163735756829e-02  1.4854186203618217e-01  
q[60]:  3.0431057000698657e-03  2.9271042676386727e-01  2.2847638344867600e-02  7.5933666372549691e-01  4.4571333458861184e-01  9.6333588817072324e-01  
q[61]:  3.2610311263848940e-03  4.7447201947173501e-01  1.6526239061740000e-01  8.7327459088223591e-01  9.4521382575670443e-01  9.4380380305902889e-01  
q[62]:  3.1142021772076422e-03  3.1553892722927501e-01  5.5778894752555397e-01  6.3941672303698856e-03  5.0555761126176720e-02  2.9066990022842754e-01  
q[63]:  4.6890063096728819e-03  1.7659725574583782e-01  6.0045206666022655e-01  4.0485286313843211e-02  7.1585664457264697e-01  5.9180378383910770e-01  
q[64]:  1.0479208610019941e-02  3.1674518858560013e-01  4.0128105281056181e-01  4.5221054811749306e-01  3.3124588870972616e-01  8.3801806145029101e-01  
q[65]:  7.4685520001105564e-03  2.3079855431235841e-01  5.3966374061631672e-01  5.5779373619516248e-01  1.6681545087174024e-01  1.5644667442520849e-01  
q[66]:  1.0796946772028465e-02  3.3971231292815579e-01  6.7212559775568415e-01  2.9216993147538128e-01  8.7847231607553122e-01  5.5431067494453923e-01  
q[67]:  6.2538446560612988e-03  2.1591996707749508e-01  5.1012291850574909e-01  6.8280384349256906e-01  9.5471640888272058e-01  1.7540527954796820e-01  
q[68]:  6.1529249305163070e-03  2.4019256782078399e-01  4.8741517284057340e-01  8.1446869826454382e-01  3.0678601074455681e-02  5.2199969220668918e-01  
q[69]:  2.2099460811363528e-03  2.4255014760446819e-01  2.8889731290531501e-01  8.7945811184522682e-01  5.6843317368603721e-02  9.8206866346416166e-01  
q[70]:  3.0422346364523639e-03  2.1678775876570430e-01  4.6336719235742035e-01  9.3017936269370638e-01  3.5059802476605711e-01  3.9733756738755503e-03  
q[71]:  1.2683358022823941e-02  1.8889967367509142e-01  4.3525436662163974e-01  7.0173669280993178e-01  7.1195704820999273e-01  5.7629033800126717e-01  
q[72]:  3.1786264333735353e-03  2.6937720347726507e-01  8.2465276197937787e-01  2.4232432853711183e-02  3.9812250472469046e-01  9.1838454623671772e-01  
q[73]:  2.5799194417563676e-03  1.1385447404815198e-01  7.7615900931323367e-01  1.1288584474774503e-01  9.8785746452963208e-01  3.7961910571654583e-01  
q[74]:  9.5904849275987754e-03  2.9656146727171873e-01  7.1413305017563800e-01  2.4283821210483666e-01  1.8047317704024698e-01  6.8774404630126329e-01  
q[75]:  9.2900338765971452e-03  2.7997138720530090e-01  8.1338315298720976e-01  1.9203648237178952e-01  3.8934456098979509e-01  2.1170751395352563e-01  
q[76]:  4.4481081220116960e-03  2.9965051507211721e-01  8.5370483461107083e-01  4.7779218489809688e-01  7.8347732197362774e-01  9.8090313876800639e-01  
q[77]:  1.3496754385869765e-03  2.8420120333993049e-01  8.0889339300918817e-01  5.5418194199388782e-01  4.2213861651564577e-03  1.1120753400216054e-02  
q[78]:  1.1924484867498549e-03  1.0654295074236131e-01  8.1749196398503965e-01  9.7349552204971945e-01  9.2576793943307145e-01  5.7112721013969761e-02  
q[79]:  4.7259299571546743e-03  2.0170195409509323e-01  7.7735878493088817e-01  9.8729546456357797e-01  3.9147893765449998e-01  5.0565920829315147e-01  
q[80]:  1.1054636868329443e-02  3.4098764762462552e-01  7.2223308261351515e-01  8.3054204395455677e-01  7.6862515255020480e-01  7.6782092369418797e-01  
q[81]:  1.4283922150537661e-03  1.0982804092100069e-01  8.2345862329274977e-01  8.9772275897359632e-01  9.2528336983045356e-01  9.6041835666677033e-01  
q[82]:  2.8435592116586059e-03  2.4138332737025101e-01  8.6814111849698739e-01  2.8323767225316510e-01  3.7573888582111870e-03  2.8153219976162525e-01  
q[83]:  1.3045157062819010e-03  1.0832546877402890e-01  9.5409106331890337e-01  9.2247036694299733e-02  9.0568352522012541e-01  9.0811711622261326e-01  
q[84]:  1.3056614272943916e-03  6.2536777979446609e-02  9.6862532016806602e-01  2.6626870581116507e-01  1.7449089533411735e-01  9.8010476601426355e-01  
q[85]:  7.7638822324567905e-03  3.0641258741784327e-01  8.8759935192893713e-01  4.3414604218290309e-01  7.8519877300156882e-01  3.5466179307844947e-01  
q[86]:  1.5442843775743025e-03  1.9295016544681973e-01  9.6865310602709198e-01  9.5030593885516579e-01  5.3066656679922379e-02  7.9003343780990876e-01  
q[87]:  2.8800282556750972e-03  1.3102308242783947e-01  9.4529810227735811e-01  6.4978853618351107e-01  9.7480415022240285e-01  6.7112015358684540e-01  
q[88]:  2.4471476334273945e-03  7.9706904113388891e-02  9.7459175909907592e-01  7.3860123414486900e-01  3.1038414303396344e-01  7.3586551971814115e-02  
q[89]:  3.1219800492686633e-03  2.5304701533819013e-01  9.8508254491495106e-01  9.1893970636597766e-01  7.3113400531177908e-01  2.8359202952055967e-01  
q[90]:  2.6800082098700226e-03  5.0951922106480063e-01  1.0098036334201281e-01  2.1774364237111890e-01  3.0089918088806882e-02  7.2295195330923212e-02  
q[91]:  5.4399761420790369e-03  6.1619690247645797e-01  1.3770245175422621e-01  2.7603991718086712e-01  2.5862313767173456e-01  9.5349072756467657e-01  
q[92]:  9.9379380956033433e-03  4.9012947509354809e-01  4.8704287589103668e-02  1.8668539384637928e-01  4.1914674561925197e-01  3.8197340343421721e-01  
q[93]:  7.8368606187415018e-03  4.9774224774456211e-01  9.3050940169055685e-02  6.6954826951284141e-01  5.5877672237632037e-01  4.3827427730243190e-01  
q[94]:  3.8339173582532865e-03  6.2733247812822457e-01  1.3134152592587052e-02  4.5499841285756992e-01  7.8259592470531714e-01  8.0310377793686827e-01  
q[95]:  1.6331832512428187e-03  6.4970079500604094e-01  7.4027219443041886e-02  9.7724715163890419e-01  4.3449862386986400e-02  7.6454755198896129e-01  
q[96]:  4.2934563720725735e-03  5.6562670146934546e-01  4.3230594939842701e-02  8.1925658931165168e-01  2.9447163441227880e-01  6.6536223843214296e-02  
q[97]:  3.5303076737461590e-03  3.1440624131978845e-01  3.3980559635428842e-02  7.0103580204980798e-01  9.2103555250741931e-01  5.4022833171400908e-01  
q[98]:  1.6027992426663172e-03  5.6790246959872315e-01  5.0710450134276462e-02  1.7485411424431361e-02  5.9779669762219245e-01  9.6303457047679986e-01  
q[99]:  6.0313257143098228e-03  4.5196234028527005e-01  2.4476341327876408e-01  1.9247390547110055e-02  2.5389121357345418e-01  6.5487039455896112e-01  
q[100]: 3.8832653440545577e-03  4.5862385848336973e-01  2.2632168471417072e-01  4.1453620325687134e-02  9.5027224532747379e-01  2.5144022147518524e-01  
q[101]: 8.1393142481050711e-03  5.7335850758101647e-01  4.0842271388556456e-01  3.1480650625689133e-01  3.1073774876676619e-02  5.5602984738714745e-01  
q[102]: 1.1700598683933253e-02  7.9936705649489614e-01  2.5597166042534425e-01  3.6994891825890214e-01  2.7875412885298384e-01  2.1551975256239639e-01  
q[103]: 7.6729092999857293e-03  5.6673681996540981e-01  1.7612860934681551e-01  5.0405145580342969e-01  9.1822989328885019e-01  4.3451284188571387e-01  
q[104]: 1.0869662903264604e-02  5.6409236393481654e-01  5.7895530937209838e-01  6.9729843885854725e-01  1.6198413303184026e-01  1.6027228564939797e-01  
q[105]: 5.0587632309991607e-03  4.1063614031152840e-01  9.5126088805978656e-02  5.6330185497212837e-01  7.1470685659685299e-02  7.8023418055710059e-01  
q[106]: 8.6548130844636886e-03  3.6570286278265784e-01  2.2994086934228528e-01  8.9801361378796229e-01  2.5804085859014991e-01  4.1561609649911563e-01  
q[107]: 1.1049241636514787e-02  4.8252438351503751e-01  3.6714145748494686e-01  8.2445998919535524e-01  7.8587577264103214e-01  2.2637260115228930e-01  
q[108]: 2.1103790826157748e-03  5.6481160128508834e-01  1.5616129564517928e-01  9.3411632798501554e-01  9.1161679632416004e-01  1.7151302045746709e-02  
q[109]: 8.2685846347304685e-03  4.5470774997067404e-01  5.6831143648397375e-01  9.2643161300074572e-01  2.4362788640083399e-01  8.3966571339852292e-01  
q[110]: 2.6456213296702645e-03  4.8332601257626007e-01  4.3330976580437502e-01  8.4650287344595565e-02  9.1080850166972505e-01  9.8204805855992816e-01  
q[111]: 5.9040027881870098e-03  5.6766613168676483e-01  4.7633822503374773e-01  1.6866746595015575e-01  1.6954681012921280e-01  2.7693261858722184e-02  
q[112]: 5.8316215559334394e-03  4.7655636852239847e-01  5.4910629886873130e-01  2.8919891676187076e-01  9.1250608280237266e-01  9.1811314885559686e-02  
q[113]: 2.3176505756382020e-02  5.5883675416533751e-01  5.1554386017318876e-01  4.5057069435729752e-01  5.2396616910503480e-01  5.1234852377961249e-01  
q[114]: 8.7322040601608315e-03  6.0327181734389845e-01  8.4053108461060000e-01  4.5991014298238730e-01  2.4168135497919432e-01  7.0864706387934029e-01  
q[115]: 5.3082332225986659e-03  5.3029307073523291e-01  5.4250432704241169e-01  4.3263103574607031e-01  9.8764811442721223e-01  7.8632302203359616e-01  
q[116]: 7.6386363053190824e-03  5.7039759419827285e-01  5.7144310484340388e-01  9.6370025534717496e-01  6.0957013565593809e-01  2.4478551414319796e-01  
q[117]: 9.4262938501202837e-03  5.8788767864037261e-01  7.6385535516931558e-01  1.4746073349049887e-01  5.9508759701608827e-01  8.3609741651589042e-01  
q[118]: 2.8707051970226836e-03  5.6929242470084973e-01  7.8746909769017248e-01  4.2176237143118432e-02  6.4258617857012734e-01  3.7662178238419358e-02  
q[119]: 3.4818491628429570e-03  5.4946216227695266e-01  8.8207644581753808e-01  1.5970794543338690e-01  9.4740438383205705e-01  8.1428181680535949e-01  
q[120]: 5.0377696269601428e-03  4.3983103962613013e-01  8.1056345917602268e-01  7.6257153752567175e-01  7.5842410259531967e-01  3.3037048124066902e-02  
q[121]: 4.6875851732196385e-03  4.6286178483143975e-01  7.7428021090310983e-01  4.9013749625479563e-01  3.5470872714683223e-02  9.3981337216875727e-01  
q[122]: 1.1250281119979076e-02  3.5892039691878214e-01  8.1199634629467787e-01  7.3798472783370606e-01  3.5137524554729155e-01  4.5270969174191106e-01  
q[123]: 2.9331366222652487e-03  4.3964058157009789e-01  8.6069775353693201e-01  9.5661890223672608e-01  1.2412558586699650e-01  9.2234844206725952e-02  
q[124]: 9.3843762863231005e-03  6.2023398776159988e-01  5.2567371166937393e-01  7.1015527391702660e-01  5.5654325749433131e-01  9.6980446669165998e-01  
q[125]: 3.0135642900364287e-03  4.7483400488089472e-01  6.4843135172578403e-01  9.6804952239142217e-01  9.6288514683025495e-01  6.6437213367710279e-01  
q[126]: 2.7518769004880482e-03  4.4648475192676845e-01  9.8247037729600595e-01  8.2331393958874857e-02  7.5095573885027841e-02  7.0639622984326567e-01  
q[127]: 3.8407766365794803e-03  4.1375904866941549e-01  9.7222673242596269e-01  2.8370222590717525e-01  2.8711424063332125e-01  1.0302335469618112e-01  
q[128]: 3.8374780348532172e-03  4.3230698690706482e-01  9.7897214152690348e-01  4.7056824606406283e-02  7.2289750349295323e-01  5.0432821760246638e-01  
q[129]: 1.4433110847340707e-03  3.5481390495339249e-01  9.8442066056997479e-01  4.0596909060260289e-01  9.6751903844976372e-01  2.1945945934889688e-02  
q[130]: 5.2774012487048589e-03  4.9346596026557826e-01  9.6228632517031398e-01  7.4706666798570032e-01  1.0885190844086173e-01  4.1373342446816036e-01  
q[131]: 2.9583366526097703e-03  5.3555771541630348e-01  9.1509399536156466e-01  8.7220118983183226e-01  9.7666513969162949e-01  3.6888159780981344e-01  
q[132]: 6.3139502153457356e-03  4.0469647321522689e-01  9.6207795663341833e-01  6.8146254458548983e-01  4.1609447763266572e-01  8.5775162399676186e-01  
q[133]: 1.9121069028050740e-03  5.7967155356897937e-01  9.6364458614746662e-01  9.9199778007454653e-01  7.4362898920450970e-01  9.0707486078121546e-01  
q[134]: 1.9390834155027055e-03  8.3181556087575415e-01  5.6385397465833320e-02  2.0649702192383518e-02  1.5060354715820007e-01  2.4381228633893512e-01  
q[135]: 4.9992885082674578e-03  8.4939020112401498e-01  2.9040329726267933e-01  4.6684850796582057e-02  5.2861330930240658e-01  1.3443738088681881e-01  
q[136]: 2.1342410835905080e-03  8.3989960686499510e-01  1.2348496376938789e-01  1.6664479777878322e-01  9.8576643891887350e-01  8.2932204791406250e-01  
q[137]: 5.3447799549623731e-03  8.4070927096782777e-01  2.6292169065535251e-02  4.1499995649390148e-01  3.6331361687541658e-01  6.9405636641092661e-01  
q[138]: 2.8553330536230629e-03  6.5165568947377406e-01  6.2012862077393399e-02  1.3015127859493944e-01  7.4378804038087809e-01  3.2852478195165034e-02  
q[139]: 1.8527079241022705e-03  8.3874672021519392e-01  4.9952226091569511e-02  4.2598784292661468e-01  9.8732767363994334e-01  1.3418725722750316e-01  
q[140]: 3.8665543101344419e-03  6.6693237758750645e-01  4.4909790975286884e-02  5.9637048588019936e-01  5.2532084826015797e-02  3.2561818407017395e-01  
q[141]: 2.9851880177496543e-03  7.1568428646392346e-01  4.2410817422835666e-02  9.4123177467970398e-01  7.2742951204768735e-01  6.3332247297125788e-01  
q[142]: 4.6935519809413505e-03  8.2338187266498741e-01  3.7981610040295051e-02  7.4284712278855292e-01  7.1770858830132700e-01  2.2146322276786132e-01  
q[143]: 2.6362993740032948e-03  6.8189547220273616e-01  4.7060636879177503e-01  7.2834000548363392e-02  4.3626766638200518e-02  9.3022278612070985e-01  
q[144]: 1.2312792395476365e-02  7.3505942383294953e-01  3.3038469068048304e-01  1.8776125300313831e-01  6.0769012080692508e-01  7.9949677255710638e-01  
q[145]: 6.7564135745699092e-03  6.9222410374603272e-01  2.5556122523006974e-01  2.0433115713042863e-01  8.7726841285750268e-01  4.3663115873656366e-01  
q[146]: 7.1472962602187424e-03  7.7127563355453010e-01  2.5544391300185809e-01  5.3813440763003306e-01  5.9123041501621032e-01  1.2237859801593884e-01  
q[147]: 5.1214818009436107e-03  8.4062084570861062e-01  1.6514634169636758e-01  1.3216367659087858e-01  8.7750331701813830e-02  6.3657278302994968e-01  
q[148]: 3.2791962912150736e-03  8.5904124278871641e-01  1.4381720402751558e-01  5.0181679495132214e-01  8.1924012919936240e-01  9.7860117983867223e-01  
q[149]: 1.1256629621148566e-02  6.3790798231327606e-01  2.5525988011697159e-01  6.9916756671631053e-01  2.1657198427676200e-01  7.7002495897975121e-01  
q[150]: 1.0783090365514388e-02  8.1136391147298315e-01  3.3188815689489110e-01  8.5761097196168112e-01  3.8829869815442797e-01  4.5798754069650238e-01  
q[151]: 2.7585618362413996e-03  6.6874803898504043e-01  2.8765535642207213e-01  9.8651405056213792e-01  9.1396387393447229e-02  1.9443012801423512e-01  
q[152]: 2.7216350426863371e-03  8.1614799930504955e-01  7.1802201000807489e-02  8.8315822632508967e-01  3.3596624037323325e-01  9.5211409623405607e-01  
q[153]: 4.0921249254066826e-03  8.1261651861598028e-01  5.9242388244777622e-01  9.7849103039733673e-04  8.7921135475401568e-01  6.1992979571300966e-01  
q[154]: 5.4196953067473025e-03  8.7259967415711470e-01  6.4437878495082102e-01  7.1774408764897568e-01  2.4903674459506639e-01  2.7185972538263259e-01  
q[155]: 3.9849756522273485e-03  7.9760781510155743e-01  6.2915169709424668e-01  6.7222322760437536e-01  9.9427219191333172e-01  1.9194365707455685e-01  
q[156]: 3.6724714801151790e-03  6.9958875892651640e-01  6.1816688871385572e-01  8.9594636988902465e-01  3.4284223082166436e-03  5.0948909706188461e-01  
q[157]: 2.6114459639030529e-03  8.8601943477837775e-01  2.9096087520695579e-01  6.9997339033119832e-01  2.9804457873840364e-02  9.3308276662785505e-01  
q[158]: 3.1394650523667413e-03  8.6708326070198505e-01  5.3159143309046553e-01  8.7940173098689389e-01  3.7766102765575582e-01  1.3417591349680014e-02  
q[159]: 9.8573218469311160e-03  7.3176400047479484e-01  3.5894335670921107e-01  7.7095694861726149e-01  8.5466437880533830e-01  7.3323723100486071e-01  
q[160]: 2.6727562381734784e-03  8.1807310598605976e-01  6.9420596212322583e-01  1.0832800955040215e-02  2.3879223836368144e-01  8.7011941168410334e-01  
q[161]: 9.8524036261709944e-03  7.1385733823160691e-01  7.6633978333783037e-01  1.1818487579290235e-01  2.1094463162108945e-01  4.1751258407237091e-01  
q[162]: 3.5408486875157770e-03  7.0483669167301299e-01  8.7850072348678432e-01  1.2094673817199209e-01  9.4647619212953860e-01  2.1586015136668107e-01  
q[163]: 8.7768856638105099e-03  6.2084461825558834e-01  7.8930869265198889e-01  5.0093284494013990e-01  4.8203179657007400e-01  9.8100909608149531e-02  
q[164]: 9.4977487022402472e-03  5.2084110724177013e-01  5.2129496541409359e-01  6.9685551752062411e-02  4.9974952570613379e-01  3.1358928677050596e-01  
q[165]: 2.3719949109698149e-03  7.2782560703630694e-01  7.6182794153929612e-01  4.4256572842281972e-01  8.8143606765458937e-01  9.7978578302715991e-01  
q[166]: 1.4923117329525184e-03  8.1987200424030426e-01  9.2098127947315445e-01  5.8411102674379733e-01  6.6310208928591408e-02  6.8401037436550084e-03  
q[167]: 3.9004794026634608e-03  7.6538827345792815e-01  9.0387050607022190e-01  9.7018759781907649e-01  3.2391446354969822e-01  5.4905619124819427e-01  
q[168]: 2.3193488051776352e-03  8.9574055490805504e-01  7.3350427177601152e-01  8.4411223372624777e-01  9.6822504176083857e-01  9.2942357635048622e-01  
q[169]: 4.9023648541556986e-03  7.7748316563925379e-01  8.0917384157091732e-01  3.4162914096811059e-01  3.5354198749982586e-02  2.5720495241944696e-01  
q[170]: 1.1134270118785615e-03  9.1780760894248947e-01  9.3848081358008373e-01  5.0199149352196687e-02  7.5322308934128612e-01  9.7031521390511866e-01  
q[171]: 2.8279057344191751e-03  7.5736172998164841e-01  9.5138277866881293e-01  2.6819317903775147e-01  2.6314404245608974e-01  9.7435460209598235e-01  
q[172]: 5.0934843653516150e-03  6.6402070154545456e-01  9.6839286411705383e-01  4.0518340848202600e-01  6.1092154382235486e-01  3.0438759755266431e-01  
q[173]: 1.1182379984411652e-02  7.0306360460779160e-01  8.3619878597930419e-01  6.4442880861272489e-01  8.1631201630241690e-01  4.5811938495952964e-01  
q[174]: 2.3847223402461712e-03  8.5921316761939870e-01  9.4574191143965802e-01  7.5767105236265608e-01  4.7168673082590755e-02  7.7739536299871004e-01  
q[175]: 2.9274373565060957e-03  7.3609796002654859e-01  9.9920035826262865e-01  6.0456071778324305e-01  8.7704928047761177e-01  8.3460269385049513e-01  
q[176]: 2.1703393824250789e-03  7.2875756309897077e-01  8.0887819566523411e-01  9.2540417588345791e-01  1.3460615045787774e-01  9.7780253756901359e-01  
q[177]: 4.1475724321398408e-03  7.8315710288957152e-01  9.5591954800432788e-01  8.6774997207700377e-01  4.9682423688659000e-01  1.1718995052470728e-01  
q[178]: 1.9873096556841784e-03  8.4342336166691334e-01  3.0352786744558456e-02  3.3539046154651961e-02  7.7826829815617049e-01  5.9511919806536362e-01  
q[179]: 1.6078910740405176e-03  9.7877816960521813e-01  3.1737847440259807e-02  3.5235506240468534e-01  2.7796937457802146e-01  3.2527332054903282e-02  
q[180]: 8.4145313016603727e-04  9.6387681881159037e-01  2.6963881640912030e-02  3.1065179176314117e-01  4.7080146609341532e-02  9.1300809473127642e-01  
q[181]: 5.9612361287222689e-03  9.1866247754070840e-01  1.8139881390829213e-01  5.3370329012820483e-01  5.4335527353478774e-01  5.6804469234575228e-01  
q[182]: 3.8738286555241486e-03  9.7876402885310387e-01  1.0734301252747556e-01  2.1789044280319472e-01  7.5783755208210368e-01  3.5724565963633137e-01  
q[183]: 3.1506395685413947e-03  9.4715674322204779e-01  6.7964420094340769e-02  8.3686209187031690e-01  1.3901583774593107e-01  4.5887834644400738e-01  
q[184]: 1.6749309379024493e-03  9.4179059782363306e-01  1.1611943361226293e-01  9.9420807140540113e-01  4.4475356077459383e-01  1.4702656908626385e-01  
q[185]: 1.4816490016623706e-03  9.9025976334031240e-01  1.5245216070346657e-01  4.6185159402681766e-02  4.3389972269954385e-01  9.2106397959577768e-01  
q[186]: 6.4525756015286926e-03  9.5457454367730277e-01  4.5460939529821542e-01  1.3967973068825637e-01  3.5551832863320654e-01  5.6664558496981232e-01  
q[187]: 7.9964173737134944e-04  9.9838067988814061e-01  3.9032238902255534e-01  5.0965462420956384e-02  9.9004340502981447e-01  5.3755208126156834e-02  
q[188]: 3.0284379484077856e-03  9.9034833167343383e-01  3.3134798485887085e-01  4.5144402031853581e-01  6.9714207860078536e-02  3.6079228088550175e-01  
q[189]: 4.8573796166900230e-03  9.5024277235303856e-01  3.9442026033814093e-01  5.3316357124219560e-01  9.3768700206030986e-01  5.8805589962799087e-01  
q[190]: 2.6934016612662386e-03  8.7649164599530682e-01  2.7452158140071919e-01  7.3782163548404334e-01  3.8946337487611629e-02  5.2549281680643010e-02  
q[191]: 2.6542075818344816e-03  9.8796209136208046e-01  2.9162681187344641e-01  7.6069096993835905e-01  7.9594270597690764e-01  7.9892189287512710e-02  
q[192]: 2.3653129672485543e-03  9.8451474050827026e-01  4.8516275236489459e-01  9.6599629547453980e-01  1.7305494518033737e-01  7.6747817337901003e-01  
q[193]: 2.4404016166769977e-03  8.5551251589126920e-01  1.7991872404946474e-01  9.2665505919177660e-01  9.5924041842921037e-01  3.5995960362550239e-01  
q[194]: 3.5939292060054228e-03  9.8604263659587843e-01  1.9576744131320822e-01  7.1881919595659649e-01  5.5982787882822649e-01  8.2116657106732494e-01  
q[195]: 8.6409745408272452e-04  9.8222215496383913e-01  1.4624111151833753e-02  8.5150128245416645e-01  9.4633474095451064e-01  7.9114037555308681e-01  
q[196]: 2.3284571940952120e-03  9.6306759128998209e-01  4.8530045339795314e-01  1.7335900843859631e-01  8.5695354895037978e-01  9.3070077924565531e-01  
q[197]: 1.7390806962792841e-03  9.4890612101749827e-01  5.0485090452229997e-01  7.2347558303430495e-02  3.5598305327522277e-02  1.4534748190423122e-01  
q[198]: 5.8488011980397476e-03  9.0908611558847574e-01  5.3096676713969260e-01  3.7953150137374136e-01  2.6290359080576858e-01  9.4138980121584015e-01  
q[199]: 1.0862029192622157e-02  8.6870369576638773e-01  6.1281618313742370e-01  2.5713979218370009e-01  7.7833804724993594e-01  2.7800242776442013e-01  
q[200]: 3.8583976666162860e-03  7.6597916611980288e-01  4.3114596632368052e-01  4.3235571877894008e-01  8.1194275622276979e-01  1.4359310715527890e-03  
q[201]: 9.1632907190839080e-03  8.6868257530475923e-01  6.2632183908757932e-01  5.7286946703411745e-01  1.4357094293987954e-01  6.6938533890988172e-01  
q[202]: 2.6290148009309460e-03  8.8220557885956019e-01  3.9374174006932294e-01  9.8675784929451082e-01  6.8956083220169484e-01  9.1712375561267534e-01  
q[203]: 7.9820602919928544e-03  9.2261901024959270e-01  7.3869089681938882e-01  4.4338685468370592e-01  6.8540801970935827e-01  7.9959649916763120e-01  
q[204]: 2.0924509515329128e-03  9.0128899295666598e-01  9.1070651189271301e-01  1.2854610994270582e-01  7.1520471335805924e-01  8.4985510456796864e-02  
q[205]: 3.9535543175083405e-03  9.5400959904066762e-01  7.2763438616605147e-01  2.7768743220362296e-01  3.4014289440596368e-01  4.7944996232124171e-02  
q[206]: 2.1907146771485858e-03  9.5956530632960302e-01  9.0138230559071864e-01  2.5713110609237277e-01  9.7210707072616787e-01  5.9549142553267320e-01  
q[207]: 6.2418664782931217e-03  9.7663715520284056e-01  6.5964738564388614e-01  6.7759464959278770e-01  5.5740882387692570e-01  2.8862484816588901e-01  
q[208]: 8.9609236481520190e-03  7.9607043755155515e-01  7.7701509459869667e-01  8.3976434015701262e-01  5.4112227752578645e-01  6.9771076211045213e-01  
q[209]: 2.0160755245315666e-03  8.4605557741374027e-01  7.5916837833782602e-01  9.6515101288442273e-01  8.8616716637864923e-01  7.9665616452497007e-02  
q[210]: 1.9681255651503335e-03  9.7244432576334039e-01  8.2539528935546347e-01  9.2803499322692506e-01  9.5915092992089709e-02  2.0825658558934010e-01  
q[211]: 3.3589219283167169e-03  9.2343184872491502e-01  5.3924442609144130e-01  9.5156541534362982e-01  7.9857245660993759e-01  4.6549761450845678e-01  
q[212]: 1.7689604693359399e-03  9.8311983961692584e-01  8.6834796626968391e-01  1.6689861363085817e-01  3.0263203150138848e-02  7.7263980212965067e-01  
q[213]: 1.3216167382782383e-03  7.9076744648933817e-01  9.7828857573080552e-01  2.2905479478319932e-02  1.4164850979564508e-01  1.2136176656256098e-01  
q[214]: 5.4150839394302604e-03  8.3330484293097007e-01  9.4851611833552951e-01  2.4486790149002219e-01  5.0714037454229910e-01  6.4425513611760055e-01  
q[215]: 2.1350150779104030e-03  9.7399384360904295e-01  8.7060735059776084e-01  2.9139581709141264e-02  5.0132418713537086e-01  4.3974954821106471e-01  
q[216]: 2.0174281682401635e-03  9.4628800975452121e-01  9.4232894524136734e-01  5.7788757456991224e-01  8.7020391881833348e-01  8.5108666929237672e-02  
q[217]: 3.6441236818148546e-03  9.4869476969674194e-01  9.7175572203944216e-01  4.9707973970298208e-01  2.5366322084429593e-01  3.7758171078953828e-01  
q[218]: 1.8512686988963508e-03  9.7986246150153355e-01  9.4408804079733766e-01  9.0954716320176998e-01  8.2720505539838263e-01  5.2690576562673141e-01  
q[219]: 2.4776543158390482e-03  9.8141666635200675e-01  8.9783999635896772e-01  7.6752758361153650e-01  4.3082984003062391e-01  9.3222022433513463e-01  

