deg: 5
dim: 5
nodes: 53
efficiency: 0.792453

q[0]:  2.4648272112339078e-02  1.3678582792023275e-01  1.2982042835776997e-01  1.3854719798653561e-01  2.2369900887612959e-01  4.3122684928654775e-01  
q[1]:  8.5337022249759014e-03  2.0660409673935692e-01  1.4344599850072390e-01  4.3460972395545067e-01  1.1154627674760394e-01  1.8041636647068787e-01  
q[2]:  2.9519872532290707e-02  8.6030855746358409e-02  1.9139535628196575e-01  4.4922271228675809e-01  8.5143538098429150e-01  2.2510367276194021e-01  
q[3]:  2.5923887378749028e-02  1.3119057362906586e-01  9.0608585302277680e-02  8.2607427109162268e-01  4.7749648634814884e-01  7.5297503484309902e-01  
q[4]:  2.3507484396374092e-02  1.3211346685962613e-01  3.8787102215885072e-01  1.3506691925609762e-01  4.2198042897609167e-01  9.2787737011370930e-01  
q[5]:  1.1949721117855354e-02  4.3576999808842602e-02  6.1838811864198051e-01  3.3778132382171538e-01  1.7729372360027193e-01  8.9022170579575510e-02  
q[6]:  1.7959974766243419e-02  1.2826345108976125e-01  6.4147811777819430e-01  8.2164606391823505e-02  9.3149557163215158e-01  6.1656775516142803e-01  
q[7]:  1.2287265861398999e-02  4.7062419164235370e-02  3.8442900496014853e-01  6.5974117297403900e-01  8.2903674137288674e-01  9.1155776920293030e-01  
q[8]:  1.7890715655249658e-02  1.2720403097140626e-01  3.5990898865249982e-01  9.1612047913634376e-01  6.7342568820288440e-02  3.7817990799839640e-01  
q[9]:  2.3295905156103597e-02  1.3221931586501107e-01  6.1212490375017681e-01  8.6498178211281740e-01  5.7739568300225885e-01  7.0500894784340296e-02  
q[10]: 2.5783070157147304e-02  1.3137499100177674e-01  9.0991310696065864e-01  1.7489513764355991e-01  5.1995941259152334e-01  2.4686075317684084e-01  
q[11]: 2.9464747177395393e-02  8.5957965228346769e-02  8.0824414896720864e-01  5.5075208861564617e-01  1.4721624635006125e-01  7.7424489600658664e-01  
q[12]: 8.4186985968251488e-03  2.0615780324664798e-01  8.5764412545658475e-01  5.5994510997530711e-01  8.8897220838008784e-01  8.2141173331788264e-01  
q[13]: 2.4902524843576360e-02  1.3701667762209921e-01  8.6972292720939981e-01  8.6111831058606414e-01  7.7512968682134231e-01  5.6773196275084614e-01  
q[14]: 2.3957736955651579e-02  4.9881838375046850e-01  3.1023588693886617e-01  1.5411079531158479e-02  6.7800569506674879e-01  6.0766011082949441e-02  
q[15]: 2.6281864760366005e-02  4.9696110662702631e-01  1.9193862110251501e-02  2.0433578949692285e-01  8.3228309127092970e-01  7.5905572445098579e-01  
q[16]: 2.3846480490241014e-02  4.9764660937985045e-01  1.6179585673221739e-01  5.0938302847485462e-01  2.7396049164562449e-02  9.0681342375970853e-01  
q[17]: 2.0374022809682771e-02  4.9774157029630739e-01  1.4816563539284053e-02  7.4644433000179145e-01  3.8335877939292712e-01  5.2775754053364030e-02  
q[18]: 2.3257078593061926e-02  4.9616414257458419e-01  2.2990227712660646e-01  9.7249718330895807e-01  9.3702921076960510e-01  3.7937850370197718e-01  
q[19]: 1.8520759686297950e-02  5.0409374655139050e-01  5.9778309692091069e-01  2.9849789903941615e-01  6.3633154273963821e-02  5.0413442607560179e-02  
q[20]: 1.3709199701099300e-02  4.8961267523040092e-01  6.0854177718870905e-01  2.2197796235602246e-01  7.7922035242439669e-01  5.8914891150327142e-01  
q[21]: 1.8528016514434038e-02  5.1458011101368695e-01  4.0221882902555911e-01  7.0155279881094246e-01  9.3632676471230225e-01  9.4968102262215226e-01  
q[22]: 1.3420750701766059e-02  4.8774002586263054e-01  3.9048037045646472e-01  7.7929734420505659e-01  2.2025595053072206e-01  4.1031018505703448e-01  
q[23]: 1.1396782876177655e-01  4.7797686178547066e-01  4.9946477588158494e-01  5.0112333685956101e-01  4.9951808225463645e-01  4.9983007237301441e-01  
q[24]: 2.3241476435132871e-02  4.9788121115705058e-01  7.7011249859723541e-01  2.7429669785204908e-02  6.2922970042824156e-02  6.2063548921851697e-01  
q[25]: 2.0347508264601594e-02  4.9583431328084271e-01  9.8531976021673207e-01  2.5348905502068958e-01  6.1672757612519724e-01  9.4739075478206181e-01  
q[26]: 2.3816466024077051e-02  4.9660227746079832e-01  8.3831557162861281e-01  4.9073459364045435e-01  9.7271377585192509e-01  9.3140482273098818e-02  
q[27]: 2.6313783144439714e-02  4.9877908449809594e-01  9.8074930986137865e-01  7.9564014910011505e-01  1.6776995123379257e-01  2.4100889605547576e-01  
q[28]: 2.3945485924367516e-02  4.9686627045861403e-01  6.8968310399041577e-01  9.8461663587764914e-01  3.2207242736432773e-01  9.3921205916188588e-01  
q[29]: 2.4150843323490916e-02  8.6464830302708873e-01  1.3000500279901608e-01  1.3683991830787562e-01  2.2114643943975157e-01  4.3302743352522810e-01  
q[30]: 7.4270845523614955e-03  7.9328874882299283e-01  1.2053761866871252e-01  4.3696082368187306e-01  1.0795305206222068e-01  1.7194486240752746e-01  
q[31]: 2.4330699582865061e-03  7.6803115276664768e-01  3.1387672703081076e-01  2.2575124289028195e-01  5.8935334442473108e-01  2.8618593587249069e-01  
q[32]: 1.7368791462568870e-03  7.8649314006719306e-01  1.7413553714776142e-01  3.1157519820347979e-01  6.6429789814063045e-01  6.2968438051820141e-01  
q[33]: 5.1711741491248598e-03  7.1550382056914441e-01  2.9663369005061224e-01  5.6534321134158083e-01  2.8483216013464141e-01  6.9320708338753179e-01  
q[34]: 2.7540321239501463e-02  9.1718606564426264e-01  1.8807966791036362e-01  4.4999134543976171e-01  8.5879131226750527e-01  2.2132650032306164e-01  
q[35]: 2.3580615624032429e-02  8.7372877654685410e-01  8.3497686306300459e-02  8.3172468898303087e-01  4.8272899512899431e-01  7.6001543648045233e-01  
q[36]: 4.0448806004313555e-03  7.3227636036582444e-01  2.6366355382257090e-01  6.6974774644024493e-01  4.5275776357220665e-01  3.0413471505697354e-01  
q[37]: 2.6633624529108862e-03  7.4481605918140659e-01  3.2008511017997504e-01  7.4530897881754699e-01  7.2241645762065543e-01  4.8558460918805585e-01  
q[38]: 2.2180127666076847e-02  8.6807954215877925e-01  3.8662293296341155e-01  1.3047226572221013e-01  4.2076898560984638e-01  9.3470971239489720e-01  
q[39]: 1.2214750068460178e-02  9.5811505501975625e-01  6.0844915459041782e-01  3.4790366202861173e-01  1.7475976332690774e-01  9.2311617072082006e-02  
q[40]: 1.7779494164517452e-02  8.7196660950353966e-01  6.4145289390247595e-01  8.2675973404668798e-02  9.3442261424856243e-01  6.2260954931538881e-01  
q[41]: 1.1900029966003044e-02  9.6175250835375559e-01  3.8917033671514167e-01  6.5396729572355572e-01  8.1825296474138232e-01  9.0653061503711907e-01  
q[42]: 1.7959619736424681e-02  8.7042792382342371e-01  3.5739100898430076e-01  9.1849275782146256e-01  6.7182451696496406e-02  3.8276175797621792e-01  
q[43]: 2.2376292685128241e-02  8.6818883958518678e-01  6.1331564661384586e-01  8.6946987458416269e-01  5.7980799454604204e-01  6.6874030397441497e-02  
q[44]: 2.7486622364876162e-03  7.4182139350508691e-01  6.7950592053962799e-01  2.5553117803696551e-01  2.7950424717625050e-01  5.1420162340572162e-01  
q[45]: 4.4340975048337752e-03  7.2842305818157094e-01  7.3156317587198838e-01  3.3343793615944217e-01  5.4687130235683490e-01  6.9113814621410474e-01  
q[46]: 2.3666889086877363e-02  8.7392224205810543e-01  9.1613794179945973e-01  1.6719243984731763e-01  5.1993067009846827e-01  2.4018800205845361e-01  
q[47]: 2.7542455017965328e-02  9.1720545014602206e-01  8.1239075951284934e-01  5.4987782411532593e-01  1.4242932022495586e-01  7.7936602395829491e-01  
q[48]: 5.2885511528832415e-03  7.1435753658788093e-01  7.0134550121121519e-01  4.2945702323286294e-01  7.1516889484339974e-01  3.0325472928918024e-01  
q[49]: 7.5456169749459007e-03  7.9297610963210996e-01  8.7831510646601219e-01  5.6896712075581268e-01  8.9152914247962667e-01  8.2565378954384450e-01  
q[50]: 1.7703160779961105e-03  7.9516790366395285e-01  8.2055910809290700e-01  6.8283737181274529e-01  3.4329099007501424e-01  3.7227313405291512e-01  
q[51]: 2.2664756591472225e-03  7.6439381442616461e-01  6.9036964839715065e-01  7.7803637878528398e-01  3.9370377743279711e-01  7.2847406725410990e-01  
q[52]: 2.3964090212336364e-02  8.6479814891718632e-01  8.7015737319878128e-01  8.6345334483590441e-01  7.7972515194365488e-01  5.6794552278625809e-01  

