deg: 8
dim: 5
nodes: 223
efficiency: 0.964126

q[0]:   5.3821651265668387e-05  1.1899329108134195e-01  8.0231711259022120e-02  4.6390360283488107e-02  1.4528645799221043e-01  1.2305013854954752e-01  
q[1]:   6.4114472804182215e-05  1.1516171141477513e-01  1.0144926539615701e-01  2.7976863759161710e-02  9.5397810607146627e-01  1.5080545119487612e-01  
q[2]:   5.6157582602834389e-05  1.0226505702966715e-01  6.8098221993847269e-02  5.8325391879436306e-03  9.3300449594339741e-01  7.8101986638169330e-01  
q[3]:   8.7579326547955745e-05  3.9577187099166328e-01  1.0460446845965739e-01  7.9190296975624228e-02  6.0788649074483316e-02  4.0668962864359517e-02  
q[4]:   2.1593677779792507e-04  2.7039739478933661e-01  5.1388048277406395e-02  3.4388183266285443e-03  4.0046010704099455e-01  1.5261679862879168e-01  
q[5]:   1.6384626875094952e-04  2.1988910145957077e-01  1.0562780492952697e-01  7.5994520858569864e-02  6.3326989747822116e-01  1.8492852531429609e-02  
q[6]:   1.6820051695883053e-04  2.3426921189971589e-01  4.7557832842314365e-02  8.5398790429885522e-03  9.2860173069913987e-01  3.5216809842451391e-01  
q[7]:   1.5341364955971968e-04  3.4477498205284035e-01  1.3578786665724196e-01  6.2401214668122908e-02  9.4643636838674394e-01  2.7172505226819622e-02  
q[8]:   3.6012770518380985e-04  4.0413728389201214e-01  1.9571717196782087e-01  5.0738278523332028e-02  3.5113041204763507e-01  3.3697776078387920e-01  
q[9]:   4.2542516867887219e-04  5.5428204440653850e-01  2.8532335649638696e-01  7.2247261914789584e-02  4.6596045662232199e-01  1.9447977234697031e-02  
q[10]:  6.6145452791740392e-04  2.7523644509578377e-01  2.0679687359366608e-01  8.4594391777630326e-02  6.6556542442909594e-01  3.7717782180811432e-01  
q[11]:  2.9836014183207479e-04  3.1109272862189752e-01  2.3387498868601433e-01  1.6867826821317458e-01  2.5119674721054341e-01  2.3226314895063001e-02  
q[12]:  1.6036198690087350e-04  1.8097533884981579e-01  6.9507086175545824e-02  5.6397839455050683e-02  6.8093100438125198e-01  6.3036653437171597e-01  
q[13]:  5.4829019379986081e-04  3.5661075105975043e-01  2.1589692110425887e-01  1.7723511020719054e-01  8.0752938820608011e-01  2.0714892749934169e-01  
q[14]:  1.0603872318820518e-04  2.7556505659759301e-01  2.6484152584524023e-01  2.1536498253492234e-01  8.9611160467170659e-01  6.4713721402438584e-02  
q[15]:  2.2586725149162300e-04  2.1697222426734955e-01  1.7174283759352546e-01  1.4998017388582938e-01  9.1176571710711296e-01  5.1686447079520992e-01  
q[16]:  8.9525589508859297e-05  2.6808780972731577e-01  2.2850671047063428e-01  1.3516065371903857e-01  9.6636776809030012e-01  9.2980957149446530e-01  
q[17]:  1.9492369541645343e-04  2.5747676480273490e-01  2.0669858147358344e-01  1.9287413837684678e-02  2.7817592507173244e-01  9.5216852150504017e-02  
q[18]:  1.6951404102071480e-04  2.7460637747171046e-01  2.6511934094135392e-01  2.2419348650987930e-01  3.8167812988919614e-01  3.1137431274734784e-01  
q[19]:  5.3135255481721721e-05  2.0186145270988090e-01  1.8955312278819650e-01  9.1061502678446826e-03  6.4849602967112596e-01  3.6707572273983115e-02  
q[20]:  8.5216065082634193e-05  6.2543281455072389e-02  4.3735046772225498e-02  3.4640183808637676e-02  5.8118296444257511e-01  2.2379494482177478e-01  
q[21]:  2.1611275759563344e-04  2.6128635615152340e-01  2.4210656632970401e-01  4.4730896901031041e-02  5.9841660249390372e-01  5.2173834450452350e-01  
q[22]:  5.6854508135644507e-04  3.7927091768432208e-01  2.5340957333157754e-01  3.3464898088727109e-02  7.9187605432831620e-01  1.5414459601757494e-01  
q[23]:  2.4999755826834481e-04  3.2568790468138992e-01  3.0566300938515112e-01  8.4539663433182519e-02  9.4077285804857447e-01  4.8066482211759515e-01  
q[24]:  2.8701318572404034e-04  3.4566245140091262e-01  1.8369288271989859e-01  1.3562505284721608e-02  9.2494225057329871e-01  7.1235010201288740e-01  
q[25]:  1.7637016333541848e-04  4.5641017288997604e-01  4.0718942991178753e-01  1.4348595570987263e-01  7.2358430070187843e-02  4.2403421857874830e-02  
q[26]:  3.7876912773805987e-04  3.8578722321784970e-01  3.8182145424029623e-01  2.0784309073700208e-01  6.0479664144757483e-01  1.1655760828907279e-01  
q[27]:  3.1102464732757156e-04  6.0628957275486206e-01  5.9689835126875224e-01  2.0866852617645196e-01  6.5160262544516179e-01  5.6446841284891336e-01  
q[28]:  4.7470544774453661e-04  5.5451304857569372e-01  4.7291008836436138e-01  1.6673083456586169e-01  8.1111639849297734e-01  3.4898759980268541e-02  
q[29]:  4.7010139730650297e-04  4.8499259635165892e-01  3.8072181865594773e-01  2.1109316022874405e-01  9.8806722487223897e-01  2.5629469024456264e-01  
q[30]:  3.7179550427704597e-04  5.1739098899930402e-01  4.9403362494511360e-01  2.0929443305271017e-01  9.2077592754051485e-01  7.2674817309015161e-01  
q[31]:  2.2687634984458417e-04  5.8160522669396564e-01  1.2933444992236132e-01  5.4273562255969326e-02  2.2329769299893437e-01  1.9525589174431906e-02  
q[32]:  3.7561242750995972e-04  5.9310054495287912e-01  8.0918919511608012e-02  3.3214034244072169e-02  5.1719962266312303e-01  3.9031292443527199e-01  
q[33]:  1.7392659723730546e-04  5.2212282743647720e-01  2.5870772173716285e-02  1.1820662755681209e-02  7.1377073071378216e-01  8.4292039247448006e-02  
q[34]:  4.3505245727726110e-04  4.1865337329776670e-01  8.4980233394288562e-02  6.2039330785707190e-02  7.7204677565965707e-01  5.3498590661531242e-01  
q[35]:  4.8279715412563313e-04  5.9459969831195592e-01  1.6905608516651552e-01  3.8596509467738280e-02  9.5287448869957025e-01  4.3251526010163815e-01  
q[36]:  1.7639502480417294e-04  4.4540820686816968e-01  1.2091204037965055e-01  6.3805976021108587e-02  9.4043602862986442e-01  9.0465182325560256e-01  
q[37]:  1.0508548664824153e-03  5.5833602607358668e-01  2.2113760750218506e-01  6.1504729940113176e-02  6.2253133826359841e-01  2.0411848002271066e-01  
q[38]:  4.6753591738506254e-04  5.9166150325866473e-01  2.3673778118227751e-01  1.8049692972543500e-02  7.3159835004959317e-01  6.3092248265199036e-01  
q[39]:  2.6777879806227261e-04  6.5358407113969985e-01  2.7932728251996009e-01  2.5499137938869810e-02  9.0965002647263027e-01  4.7622892869841157e-02  
q[40]:  7.4715686108714713e-04  6.7951426273160398e-01  3.4230683060412909e-01  2.6026098197229475e-01  2.4284964232314277e-01  1.6442186893320709e-01  
q[41]:  5.6518798685065543e-04  4.0231590510862869e-01  2.0725369572245456e-01  1.6150393208879113e-01  3.9568878244350353e-01  2.5807594253561894e-01  
q[42]:  4.5616862754756802e-04  5.4465288210960172e-01  2.1993200017923861e-01  2.0250539448481084e-01  5.1516464426033315e-01  1.1142826728901471e-01  
q[43]:  5.1734793994039519e-04  6.6164241111495992e-01  3.3384824407536362e-01  2.3069509385040685e-01  7.4583521400202124e-01  1.3790950461646984e-02  
q[44]:  1.6829391506587535e-03  5.9707040252884414e-01  3.7569339533605906e-01  2.1641881353096951e-01  7.9272147524598613e-01  4.4206754739467757e-01  
q[45]:  3.9432539884388891e-04  5.6241521698308516e-01  1.7397025907100391e-01  1.3905265056078833e-01  9.4421341970265749e-01  1.8979723637590079e-01  
q[46]:  3.8782824703242051e-04  4.6454398348016956e-01  2.4814424111785219e-01  2.0603894444245796e-01  9.7229879063958002e-01  7.3113586444124368e-01  
q[47]:  2.7980945854293659e-04  5.6222762565356155e-01  3.3995323384276749e-01  1.8869532206713734e-02  1.6453915185827162e-01  7.4333850597152959e-02  
q[48]:  9.2184971052045007e-04  5.7243708234436264e-01  4.3695467692169548e-01  3.8182910903380454e-02  6.4683229001087117e-01  4.3327500386322548e-01  
q[49]:  5.8213039293120736e-04  5.9464376356382231e-01  4.3217714307566651e-01  1.1009840750797499e-01  9.6105478680899514e-01  5.5325056757079405e-01  
q[50]:  1.2238192547997255e-03  5.6068099110338010e-01  4.5251831534245829e-01  1.9529618094976114e-01  4.0064964246672480e-01  1.8535825763421082e-01  
q[51]:  5.4826994629271800e-04  4.8909563917544951e-01  3.4364975030359995e-01  1.4848044006894309e-01  7.6606784743682588e-01  7.3380700955519862e-01  
q[52]:  2.5133294429834638e-04  5.3588536283032062e-01  5.1520786724550371e-01  5.2602686967633205e-02  3.2921033574586378e-01  2.6136863049983161e-01  
q[53]:  4.2560564170222691e-04  5.5370435424246545e-01  5.0397741942072438e-01  5.2569284491548005e-02  4.6242743225038313e-01  6.3520702675597576e-02  
q[54]:  1.7695113321939226e-04  4.7688439038154318e-01  4.6395464163891242e-01  1.3221643149526697e-02  8.4517732292998060e-01  3.3545709509036653e-01  
q[55]:  9.0007177427295926e-05  4.7362980467484195e-01  4.4985413098413041e-01  7.0012741204165424e-02  9.8201389579126441e-01  4.4645428253841823e-02  
q[56]:  1.9673213130016841e-04  5.0234817682174659e-01  4.5094375604097481e-01  2.8932205783862890e-02  9.0052571722205133e-01  8.4377538326455992e-01  
q[57]:  2.5025790916766470e-04  5.5788024768866451e-01  4.6446920158529270e-01  4.2154309086431802e-01  1.1868396332126903e-01  6.5624616403375580e-02  
q[58]:  2.7324530714977515e-04  4.4686787192611011e-01  4.1516823198029656e-01  4.0333847852940125e-01  5.4535946285961778e-01  1.6124550894389528e-01  
q[59]:  2.6913436006206271e-04  5.5602432314208827e-01  4.5681513293524945e-01  4.0803757502672072e-01  9.2331211618507225e-01  5.9517759664185182e-02  
q[60]:  3.2571903849973533e-04  3.9346829643989756e-01  3.4420183094818335e-01  2.9389099987638223e-01  8.2673062154658195e-01  7.3414938131160434e-01  
q[61]:  2.4867862715285694e-04  5.4194778404991895e-01  5.0597302297078184e-01  4.7255940162457277e-01  9.5284769334252262e-01  4.3678285732056354e-01  
q[62]:  5.9026113510149663e-04  6.6991726009744634e-01  6.5237904744011033e-01  1.7338078465299914e-01  7.8036910236696611e-01  3.1016115385849569e-01  
q[63]:  3.4107127350488668e-04  5.5574140449839515e-01  5.2452770614698441e-01  3.3453183621928190e-01  3.3248783353218719e-01  3.0068264756090884e-01  
q[64]:  7.8900663175439226e-04  6.4084056903305109e-01  5.1719092737531847e-01  3.8601786208294286e-01  5.0874002054170975e-01  4.0574062142629277e-02  
q[65]:  7.4055987980695462e-04  5.7138760603705463e-01  4.1254915298705830e-01  3.7637606983270078e-01  5.9072980608316505e-01  4.7731815656364240e-01  
q[66]:  6.5783047478966091e-04  5.6235598460510339e-01  5.2842035428347656e-01  4.0167388648083635e-01  7.4061876085566458e-01  4.7571287156091474e-01  
q[67]:  5.3261298065959499e-04  6.3122212769277508e-01  6.0270477782282461e-01  4.1073497654182700e-01  8.4213158183616899e-01  2.1430673915141088e-01  
q[68]:  1.1768210028661849e-04  9.0936714026028564e-01  1.8225644932808605e-01  9.1182074956321496e-02  6.9919851338983638e-02  1.2697557710393685e-02  
q[69]:  7.0347111609790335e-05  9.6620422019892960e-01  3.8020213636864746e-02  2.2040271123546017e-02  2.9391019458068413e-01  1.5105451717451629e-01  
q[70]:  2.4697408557093479e-04  9.0104744152340033e-01  1.3528049584536000e-01  8.7163211186616102e-02  6.0397213834103758e-01  5.6938858663914049e-01  
q[71]:  5.9097157445338024e-05  9.2824128605301026e-01  2.0992208482001153e-02  7.6407638245650717e-03  9.5694152054373249e-01  2.6085745572757357e-01  
q[72]:  1.1708379071274295e-04  9.7165752643994718e-01  8.5722347948058372e-02  3.8548388026034795e-02  8.7871714472770235e-01  7.4497760355206133e-01  
q[73]:  2.6577714996903255e-04  8.3471762483316148e-01  6.0011683667758421e-02  3.3759931855593610e-02  5.8935100578046529e-01  2.9888612859651875e-01  
q[74]:  1.7474684124174788e-04  7.2055668232097014e-01  9.4980524971716315e-02  3.1908398842340098e-02  1.9313392998362452e-01  1.6015156550955317e-01  
q[75]:  2.5944550420229083e-04  8.5368064582163661e-01  1.2051932599150531e-01  4.6548384342619042e-02  5.3466959388846391e-01  3.4978183169314205e-02  
q[76]:  4.9526127676063100e-04  8.7135120951609069e-01  2.0084386262040921e-01  2.1908067648423533e-02  8.0497747285079557e-01  5.0850850398451319e-01  
q[77]:  1.4955196826630659e-04  7.5604095449879827e-01  1.0801618399201973e-01  1.7869000194581278e-02  8.6626677717524425e-01  8.4075182863077313e-01  
q[78]:  8.3004324835409866e-05  7.7001614754092562e-01  8.2419174133892478e-02  5.8905322696813693e-02  9.5332230564014508e-01  4.0596604192669368e-02  
q[79]:  1.6407199933574215e-04  7.1005480133230359e-01  5.3348139382445647e-02  4.0862027557817697e-02  9.6419092172279652e-01  6.7788347104520141e-01  
q[80]:  4.0870763523630877e-04  7.1397618825937015e-01  4.2037114068625403e-01  1.7390481628584017e-01  1.0979087205605742e-01  4.9901907268429822e-02  
q[81]:  1.0813417352519288e-03  7.5888574960490773e-01  3.0865971114902663e-01  2.0187515073606793e-01  8.4828028085454465e-01  7.1545443687241128e-01  
q[82]:  3.9648390607731029e-04  7.7594094277482251e-01  1.8690344806842549e-01  1.6521329682725830e-01  3.4505086147428282e-01  9.4585045478681240e-02  
q[83]:  2.2357990750475026e-04  6.3599867246032904e-01  1.9429556042216509e-01  1.7834792888089887e-01  5.9924264739043631e-01  5.9139150009254182e-01  
q[84]:  4.4015553265920506e-04  8.5647804223194346e-01  3.2217891566184043e-01  2.9347630384902401e-01  7.9908290673621774e-01  8.2128195899525039e-02  
q[85]:  6.5636392330762987e-04  7.5666970439787529e-01  2.0441267670575161e-01  1.7452764406809512e-01  7.8284456104064282e-01  4.0371162034276487e-01  
q[86]:  5.3959267837926084e-04  8.0116550632310612e-01  2.7841052452853282e-01  1.8184122618888771e-02  3.4015466346429268e-01  1.5303737509213422e-01  
q[87]:  1.1259782003052452e-03  7.8589303428934221e-01  3.5082635750493119e-01  1.1685438698131201e-01  4.9350826256859487e-01  3.9577836664770200e-01  
q[88]:  3.8023260028912926e-04  8.7395386956478771e-01  3.6669026204108068e-01  6.6326657937092096e-02  6.8881446424740989e-01  2.4073854126174934e-02  
q[89]:  6.2324350636365196e-04  7.8343959580093492e-01  1.7739139980288129e-01  5.1853760845305928e-02  8.3588122357850736e-01  1.9458741399974908e-01  
q[90]:  5.1325557854588547e-04  7.6478285503992194e-01  3.7684169545273027e-01  6.7019720333570010e-02  9.7216801638367645e-01  8.0310275359482231e-01  
q[91]:  6.9193067656214897e-04  8.5499448034986492e-01  4.3872257987450397e-01  4.1731145010941884e-01  5.7394325782414068e-01  4.1471608385887720e-01  
q[92]:  5.5382708880736620e-04  7.7181802326665438e-01  5.4815125833508327e-01  6.1516148906411869e-02  3.6091629745040305e-01  3.0870660193850169e-01  
q[93]:  6.3827905668959156e-04  7.9035138034590957e-01  5.4094545641841962e-01  3.5564100429296606e-02  5.4833047869819629e-01  9.8399026360908137e-02  
q[94]:  1.0020190252007883e-03  8.2010346381934474e-01  4.7608336367469434e-01  4.3808587194089407e-02  7.9907167555967940e-01  3.8326812148197642e-01  
q[95]:  2.5132082599026325e-04  8.1781745302180830e-01  5.6389001781352810e-01  1.3093916105743371e-02  8.2513757161722745e-01  7.9203396812117022e-01  
q[96]:  3.9105471887388268e-04  6.4825100794179724e-01  4.6905654246230888e-01  2.8008721910412121e-02  9.4949671219026932e-01  2.3147136556687334e-01  
q[97]:  6.1332661985560020e-04  8.3282573196051823e-01  5.8448653844022003e-01  2.1579163067743476e-01  2.7187558270633266e-01  1.1075565408953552e-02  
q[98]:  6.3985641481550644e-04  7.2765898420585673e-01  5.3387567250952739e-01  2.5441605938784129e-01  5.7477440517063583e-01  5.6415926571114461e-01  
q[99]:  1.4572408747663601e-03  7.8841300871530939e-01  5.9270937126226542e-01  1.9755619075501241e-01  8.0536083661301427e-01  1.4889593920803756e-01  
q[100]: 3.9633633843586414e-04  7.7097483605423933e-01  4.3611306310372799e-01  2.2254467549042156e-01  9.8673405572985318e-01  9.0784395443324950e-02  
q[101]: 2.3021911560803236e-04  6.8535693014161991e-01  5.0375829742440736e-01  1.8220379950991406e-01  9.8965966051621002e-01  9.6049065746323992e-01  
q[102]: 1.3269928181401172e-03  8.2686894612196304e-01  6.4591920816990611e-01  4.4718728831344390e-01  4.3992277040474925e-01  2.6149728604187356e-01  
q[103]: 7.2925238311144112e-04  7.3887582626403592e-01  6.5432930930900657e-01  2.7516173440470831e-01  5.6350926798339884e-01  2.5387968809361733e-01  
q[104]: 1.2099180458882311e-03  7.9959824444568073e-01  5.7736866214344706e-01  4.5395107185241557e-01  8.3359869472333914e-01  2.2805608633817889e-01  
q[105]: 4.2014851250705173e-04  6.9885959385617702e-01  6.1367587237945032e-01  4.5195820816028442e-01  9.8020402869076728e-01  7.9515481122328791e-01  
q[106]: 3.5756992149892243e-04  8.0019785623973927e-01  5.2399614135281825e-01  4.8733220908304509e-01  2.7226214080043126e-01  2.7083080364896320e-02  
q[107]: 3.1118591122894393e-04  8.4244011131519925e-01  6.7557379342458235e-01  6.0756478945016368e-01  2.6764551337555365e-01  2.6477479315969116e-01  
q[108]: 4.1556294896171039e-04  6.3392670135580886e-01  4.3398182540124514e-01  4.2128375208567936e-01  7.3266614688331555e-01  2.3127388520711684e-01  
q[109]: 1.0919187618864095e-04  8.0803790025384103e-01  5.2136349971648377e-01  5.0002025718885357e-01  9.7639368042803532e-01  3.2430318557982833e-02  
q[110]: 4.1059588201755376e-04  7.3295927883602419e-01  4.1458262663708051e-01  3.8929754281595330e-01  9.7289384949183555e-01  4.7412604068105096e-01  
q[111]: 3.0584037043542521e-04  7.2001415917568856e-01  4.7013230090306879e-01  4.3468274447150457e-01  9.0750925485957767e-01  8.7369193404287226e-01  
q[112]: 1.5765639728612443e-04  7.8267181906992700e-01  7.2031404195624404e-01  2.9076535988838088e-02  1.2895500853823508e-01  4.6535342827172692e-02  
q[113]: 2.1892395874913828e-04  7.5981167654945980e-01  7.4840753690290474e-01  2.2973846299459841e-01  2.1937157890449790e-01  2.9393048537039591e-02  
q[114]: 6.0637510245540292e-04  8.2554427605890857e-01  7.2163936691312180e-01  9.5570223563867768e-02  4.1980391745116918e-01  1.9398994883519105e-01  
q[115]: 2.6238490285472284e-04  7.8708676684516832e-01  7.5136556468315674e-01  6.1237173406915542e-02  6.0588876370076583e-01  5.7092746377924186e-01  
q[116]: 1.9374078705048563e-04  7.6430890398586948e-01  6.8916802585765169e-01  1.8035795561320445e-02  8.0030857867157024e-01  2.9693207662604849e-02  
q[117]: 2.5682328885079343e-04  8.1126082410814715e-01  7.8662653990948339e-01  1.6133195166837238e-02  6.8896918544485608e-01  3.0367289728041991e-01  
q[118]: 1.3158732382988775e-03  8.2470309965546595e-01  6.9277162423124561e-01  1.9127272366930315e-01  7.9956013129111869e-01  6.2597573816162710e-01  
q[119]: 3.0040008932051917e-04  7.9614205955439443e-01  7.6805401104291038e-01  1.3429019635086373e-01  9.5825166380144045e-01  2.0606743365597896e-01  
q[120]: 3.6981366625622654e-04  7.4172292948428342e-01  6.7668396809872178e-01  4.9263051426030234e-02  9.4328481407294029e-01  6.7323515548892998e-01  
q[121]: 4.6165794617454705e-04  8.4765542040350406e-01  7.5035684482122500e-01  2.6824446800075674e-01  1.7401277099092918e-01  1.5928724382047604e-01  
q[122]: 2.9336701428470601e-04  8.3374084052588315e-01  8.2225805872135038e-01  4.7842217699084949e-01  5.9059512491863453e-01  6.4300404683272749e-02  
q[123]: 7.4152542496404078e-04  8.0849570114995217e-01  7.4322149499469869e-01  3.8670023244987262e-01  9.5285837877719071e-01  4.5996711849723482e-01  
q[124]: 1.7001727893000264e-04  8.2713629019061141e-01  8.1313233863786682e-01  2.4582651553839741e-01  9.3029832581443761e-01  8.5597862824575888e-01  
q[125]: 3.8251881228793861e-04  7.2930232201498602e-01  6.9642929278416588e-01  4.9290270743604558e-01  2.2580104020821221e-01  5.9577891317809488e-02  
q[126]: 2.8173768068173846e-04  7.9168013980561003e-01  7.5506636912442837e-01  5.0376937777378816e-01  8.5053404969628343e-01  8.2595974776149550e-01  
q[127]: 2.4440434467926878e-04  7.8284308691860904e-01  7.3717168866152027e-01  4.2951759640555415e-01  9.5220506628477675e-01  3.5614141575410235e-02  
q[128]: 2.3338135305216119e-04  7.2386091779911788e-01  7.0692591714949071e-01  6.7012307104023228e-01  3.4517214081330211e-01  1.6402494912994783e-01  
q[129]: 2.8585357670349114e-04  7.3809610064343145e-01  7.0053671282106966e-01  6.3483379576521992e-01  5.9738605807372258e-01  5.5769839688524470e-01  
q[130]: 1.7433763430260756e-04  7.2939248888157660e-01  6.9728630237884448e-01  6.5687547772333277e-01  7.1610275949279090e-01  2.5279875398533214e-02  
q[131]: 6.5213689118102968e-04  8.4594683487650546e-01  8.1539305683235186e-01  6.6353702900310307e-01  7.0002151687593739e-01  3.2865438716550699e-01  
q[132]: 2.7408513141222125e-04  8.3611545699420775e-01  7.8886118195791122e-01  7.2134750792241409e-01  9.5260888534009869e-01  1.8272649797873941e-01  
q[133]: 4.0011781122708384e-04  7.9757248521359758e-01  7.1821006945560850e-01  6.9825412852162116e-01  8.7097223297237791e-01  5.7484086372571563e-01  
q[134]: 4.8906469793386162e-05  6.2107399365059879e-01  6.0471489212787533e-01  5.8784531924409134e-01  9.5495083068037567e-01  9.1241509665218290e-01  
q[135]: 2.7378361077917798e-04  9.5958341607020425e-01  2.9369762040373543e-01  9.2565996867975314e-02  3.0471334546181489e-01  3.0275020932196771e-02  
q[136]: 1.3561029500168352e-04  9.7035292266628015e-01  2.2632332975847949e-01  1.7179359853404373e-02  3.2978151208774292e-01  2.8502477983595836e-01  
q[137]: 1.3678303490766871e-04  9.9095981738391503e-01  1.5619896196587291e-01  7.8255697850356451e-03  7.4233109084572524e-01  2.0353802371656396e-01  
q[138]: 4.5493153593230022e-04  9.3931422272415777e-01  4.0176728365656905e-01  6.3130884324707967e-02  6.9619248633577102e-01  6.3703783928880309e-01  
q[139]: 1.2621741027108843e-04  9.5899437669408527e-01  2.2601669911425912e-01  9.3591121659231211e-02  9.2369603473326911e-01  1.4811996104946641e-02  
q[140]: 2.2440997930832214e-04  9.5254121412123471e-01  2.6661527562359622e-01  7.5420890184069847e-02  9.8332721580601612e-01  5.8913371419478566e-01  
q[141]: 8.0515558012495136e-05  9.6496452573461888e-01  3.1462235219993351e-01  5.5990041889075311e-02  9.7032708849761851e-01  9.4114108435062038e-01  
q[142]: 5.4112736438654597e-04  9.6453732706450457e-01  5.2694565434536578e-01  2.2390153964214823e-01  2.2697364690260105e-01  1.4411810881665787e-01  
q[143]: 5.4513122217483107e-04  9.8782338008908177e-01  4.4442459370740534e-01  1.9722914817883438e-01  7.8341505611443629e-01  2.2939820103019098e-01  
q[144]: 3.6203320867956500e-04  9.2241461725268636e-01  6.1545853299610509e-01  2.7662866170998435e-01  8.6704514714381786e-01  8.5991519679667927e-01  
q[145]: 9.6710903146565079e-04  8.6543722116049127e-01  4.8988212060376118e-01  2.2093265198733256e-01  9.4292246531586232e-01  4.4333830386163492e-01  
q[146]: 4.7593083436021000e-04  9.7243891549252748e-01  4.4374838201457145e-01  2.5433434488287404e-01  8.5988779361282563e-01  7.0995625918141347e-01  
q[147]: 2.1184430050541969e-04  9.7793883582242902e-01  3.1336538917597462e-01  2.8699075366529919e-01  3.1568405359949464e-01  1.3196203991240574e-01  
q[148]: 1.6503458147429369e-03  8.4905202753702558e-01  4.0341799115471938e-01  2.2216419990503686e-01  5.5938800085106599e-01  1.8318444797605360e-01  
q[149]: 2.3148126607679554e-04  9.0532121181241443e-01  2.9117969712367459e-01  2.2624816120198665e-01  2.5131518007449549e-01  2.4710724152324701e-01  
q[150]: 1.3637238421270698e-04  9.8025025981842406e-01  1.5040525077383329e-01  1.3201746389990035e-01  6.9496009558115734e-01  8.6662845123146925e-02  
q[151]: 5.1666872128872500e-04  9.6874754350376457e-01  2.4779414591470914e-01  1.4278670318455566e-01  5.8413506421858674e-01  3.7599549895293993e-01  
q[152]: 3.8082562173243366e-04  9.1234083529657972e-01  2.8076389432488236e-01  1.8433324500221826e-01  9.5946658486647740e-01  2.6116707584883797e-01  
q[153]: 2.3136144166165066e-04  9.5043480138617875e-01  1.9428228779212436e-01  1.7836165247064448e-01  8.9249549261225203e-01  4.9504804699060218e-01  
q[154]: 1.4443838286398326e-04  8.7925492260012550e-01  2.4080509502810343e-01  1.9366577028134255e-01  9.8730827274098898e-01  9.1564332809186100e-01  
q[155]: 1.2728038725869068e-04  9.1557702478046332e-01  4.8665121316807342e-01  4.4072235463303230e-02  6.7727215548930297e-02  5.4643731905477035e-02  
q[156]: 3.6826662800257346e-04  9.7756519230794570e-01  4.7229430210977885e-01  3.4125183874037408e-02  5.2680782687142602e-01  1.8967026421619523e-01  
q[157]: 1.7292241256126509e-04  9.6376320689714823e-01  6.4263991414426769e-01  6.2550985024807562e-02  4.0488568827440641e-01  3.9155550205021739e-01  
q[158]: 2.8998002328342533e-04  9.4721736740220874e-01  5.1426079813207548e-01  7.4231481105824268e-02  8.6309460643052116e-01  9.4394499274114321e-02  
q[159]: 1.4977383488520718e-04  9.3001730320438503e-01  3.8019019984755326e-01  1.4182232835800300e-02  9.8867732959515353e-01  1.9922719948471884e-01  
q[160]: 2.9893240292875369e-04  9.7591725245493754e-01  5.3818441284065210e-01  4.4279886130321848e-02  8.8779866750155367e-01  5.8930962277676613e-01  
q[161]: 1.1859322971932032e-03  8.3926369356147901e-01  6.3191694733236381e-01  4.5478761100489590e-01  8.1776983853209051e-01  6.2402815631180608e-01  
q[162]: 1.3890357665520797e-04  9.0277945728274078e-01  4.8588752618497755e-01  4.2179782261846138e-01  5.6637016353214456e-02  1.6558180439200428e-02  
q[163]: 5.8789189681672733e-04  9.5231412068129806e-01  5.1500711636323404e-01  4.1306940831299999e-01  5.2167340813004093e-01  5.2044802367279382e-02  
q[164]: 5.7553291580098639e-04  9.5646843419803129e-01  5.6340291942520349e-01  4.0418159719860908e-01  5.2884628808312284e-01  4.6956672607669664e-01  
q[165]: 4.8917199143845992e-04  9.6342095421474161e-01  5.0907997954769280e-01  4.6438347055999607e-01  7.8392550149620110e-01  3.8088431397428907e-01  
q[166]: 1.1924484703270026e-04  9.7344612672690967e-01  3.7946562504342718e-01  3.6132125268124626e-01  8.0499985069866442e-01  7.8060099997172849e-01  
q[167]: 1.0381440992741022e-04  9.9122697381089042e-01  4.6728837252302624e-01  4.2252059557412619e-01  9.6479632690725181e-01  1.2525541669352144e-01  
q[168]: 2.9365028590937773e-04  9.3500878207428184e-01  5.1665634318910714e-01  4.4031948011193828e-01  9.8157222691826962e-01  6.9449943419266513e-01  
q[169]: 2.3616387268458305e-04  9.4437356043743370e-01  6.7461338927210035e-01  3.7615001280908673e-02  2.5516642181702381e-01  5.7760999926558240e-02  
q[170]: 2.9682083716284056e-04  9.4849215408559873e-01  7.6417873540237369e-01  2.0522605242612041e-02  6.1897989869172754e-01  4.5468062286841121e-01  
q[171]: 1.6965202002939962e-04  9.7587525966845923e-01  7.6617445020300867e-01  1.3902742523873191e-02  7.7515751174652758e-01  1.0913251987705506e-01  
q[172]: 1.7856242778778767e-04  9.0553658022347561e-01  7.1424038409398760e-01  1.0112393078456190e-01  9.7333821198622750e-01  2.7489545772736740e-02  
q[173]: 3.2550582059894803e-04  9.0786039876713198e-01  7.4080636714100079e-01  3.9261205037630441e-02  9.5442460077823776e-01  4.2697889847623133e-01  
q[174]: 2.0258255622265423e-04  9.7001443541743282e-01  7.2600119418891318e-01  8.0459164318110454e-02  9.5435620865862048e-01  8.4088898494017539e-01  
q[175]: 3.8439747849774319e-04  9.6861470984881248e-01  7.8559705412213243e-01  1.8176083885066913e-01  3.6564029127830511e-01  1.8935505887186696e-01  
q[176]: 2.7659752756008758e-04  9.7705906552065669e-01  6.9671065994129044e-01  1.9589257594029963e-01  5.6859198024345725e-01  1.0214981995126184e-02  
q[177]: 1.0862127498723472e-03  9.4740674251755064e-01  6.4796735135494699e-01  2.0340700878310253e-01  6.3647818445155713e-01  4.1468245002568832e-01  
q[178]: 3.7086461338956754e-04  9.5902797230860415e-01  6.2199635313248991e-01  3.6723753898678335e-01  8.9525155933966871e-01  4.4345781890279427e-02  
q[179]: 3.3917116450101999e-04  9.7923214296534555e-01  7.2802031216699770e-01  1.9545372365909380e-01  9.4724525782902513e-01  2.8869966349850967e-01  
q[180]: 4.0387474779742519e-04  9.5326031205687067e-01  7.3339005152818049e-01  3.1476705646294906e-01  9.6620062714381028e-01  7.1192982327514831e-01  
q[181]: 9.4341338423097510e-04  9.3726832274810312e-01  7.9252139140704880e-01  4.1060473706133649e-01  5.7257563377692289e-01  1.3557426749261556e-01  
q[182]: 3.3169507016757522e-04  9.5485412870630137e-01  8.6810948114376418e-01  4.5072946941696035e-01  9.5976637279356658e-01  1.8790685811095403e-01  
q[183]: 3.9541477816157979e-04  9.6683790520189328e-01  7.2294646204983593e-01  4.9286399958164301e-01  2.1566445113869243e-01  8.0038202927440377e-02  
q[184]: 3.1850613719342955e-04  9.7488944748636641e-01  8.4431893140415470e-01  4.2025036002377869e-01  4.6570146649327238e-01  4.3610264997596221e-01  
q[185]: 4.2585849347549906e-04  9.1746849932425711e-01  7.7991659534233559e-01  5.7891580192603975e-01  7.5469588031528267e-01  3.7468266991881022e-02  
q[186]: 5.6309819219567837e-04  9.9013774762855689e-01  7.5385004923305488e-01  4.9301649907432582e-01  8.0611573644124324e-01  4.1090942547339171e-01  
q[187]: 1.3079601366895350e-04  9.6107866155332877e-01  7.3645325515073767e-01  5.9519814475424071e-01  9.9419589662908736e-01  9.4121973441875251e-01  
q[188]: 1.7530532032085250e-04  9.9506953351301142e-01  6.9341709413136587e-01  6.6273774731357094e-01  2.9665752428041259e-01  1.8061480027483592e-01  
q[189]: 2.9675148378680564e-04  9.4745538157156906e-01  8.7562443069411233e-01  7.6717289015855339e-01  4.0162445212257236e-01  3.7011570641464452e-02  
q[190]: 3.5481468540616662e-04  9.8588708810265224e-01  8.2445728527311712e-01  7.0686988622170877e-01  6.0840519900712808e-01  2.9254749672188751e-01  
q[191]: 4.9129540768082941e-04  8.3591630684600593e-01  6.7576031106804357e-01  6.5266717623737247e-01  5.3615861580988866e-01  2.0286789806141620e-01  
q[192]: 2.8581817793775824e-04  9.3777861183978795e-01  7.4633728396805998e-01  6.7094683307464664e-01  7.0675520121243474e-01  6.7343296277441866e-01  
q[193]: 2.3575248957387622e-04  9.4624357282226002e-01  7.1723358780285729e-01  7.0607638646203308e-01  7.5994092110582023e-01  9.0201441423948536e-02  
q[194]: 3.5557154039164479e-04  9.4082851611313323e-01  7.0637673782679755e-01  5.9853276944507561e-01  9.6596661271280881e-01  2.9444215662448037e-01  
q[195]: 1.7563212902018749e-04  9.4579835314471650e-01  7.1340598432046465e-01  7.0500330639188979e-01  8.8379792345978858e-01  7.1066215451628978e-01  
q[196]: 8.2001385601424722e-05  9.6776993323735760e-01  9.1133164229076713e-01  2.4229163348045687e-02  2.5448198636552771e-01  2.0887322300740030e-01  
q[197]: 1.7359003728078937e-04  9.5450486491941067e-01  9.1486468079432937e-01  6.4588902872327839e-02  4.4588158928443211e-01  5.1262306788661303e-02  
q[198]: 1.1773542019930189e-04  9.7330633614571926e-01  9.3582810024715590e-01  2.9611909540233516e-02  8.1404673056353161e-01  6.1030799423990845e-01  
q[199]: 6.0330024408653924e-05  9.6678346888606370e-01  9.5368471599908067e-01  3.7814601944334267e-02  9.3297313524000225e-01  1.4405829789953520e-01  
q[200]: 6.8973532449262027e-05  9.0352732401454394e-01  8.5786178746261232e-01  5.4763326166255601e-02  9.5532930243404912e-01  9.2192964048788695e-01  
q[201]: 7.2918663009957600e-05  9.9011964153585219e-01  8.9403239790191380e-01  1.8938881539917077e-01  6.0072857052525824e-02  1.1380471436129915e-02  
q[202]: 2.4848684216169814e-04  9.2946122838756606e-01  9.2852026415996924e-01  1.9022911022760072e-01  4.3271274963836209e-01  3.0498971021566718e-01  
q[203]: 3.2211964222502533e-04  8.3634135026012879e-01  7.9368241084765223e-01  2.0666053601457021e-01  6.1780569481027370e-01  3.8693040994631694e-02  
q[204]: 5.8902210040868042e-04  9.5677277532904670e-01  8.6055637405279350e-01  1.4232333924912080e-01  7.3453218420018607e-01  2.5382991042583986e-01  
q[205]: 2.2491865156707504e-04  9.8270891697489859e-01  8.9547652490466345e-01  1.9313547648822724e-01  7.1428886869542474e-01  6.7889349303954727e-01  
q[206]: 1.7916065618580129e-04  9.6533978239797347e-01  9.2490884643011873e-01  2.7230967874113748e-01  8.4575515957479230e-01  4.0353165578748879e-02  
q[207]: 1.6478614825606163e-04  9.5657510744241769e-01  9.2432728117570795e-01  1.6407197414535676e-01  9.6354635250468812e-01  5.8475790727020005e-01  
q[208]: 2.4117311755542681e-04  9.8269197842417355e-01  9.4786829674199868e-01  4.4646570935336194e-01  3.1174926579247797e-01  8.2118836552277572e-02  
q[209]: 5.7953038558873550e-04  8.5288761195219420e-01  8.2688211991696325e-01  4.4621945591061063e-01  5.4631947965690375e-01  4.2362665661446441e-01  
q[210]: 4.6518490338149347e-04  9.5380032903801393e-01  9.2479661507713962e-01  3.7345847211193267e-01  7.9684595979899642e-01  4.2864916700629996e-01  
q[211]: 1.4387992690061371e-04  9.6740806156227699e-01  9.1640256285364308e-01  4.3081532288339419e-01  9.5403021571750313e-01  8.6135121844019391e-01  
q[212]: 1.3445450704146643e-04  8.9860833847933408e-01  8.0945627854685753e-01  5.6450059705725708e-01  4.6094722071175619e-02  2.2673004693218819e-02  
q[213]: 2.2254300606980583e-04  9.5731407313954420e-01  9.3182788255503446e-01  7.1719355454907174e-01  2.9167490531318652e-01  2.1687151912635708e-01  
q[214]: 3.5908625813033416e-04  9.7164783559874901e-01  9.0758223824677886e-01  6.2948426502977295e-01  7.7244327951854796e-01  6.5646497166496476e-01  
q[215]: 6.0380824794049188e-05  9.8195437391807527e-01  9.0386523478879854e-01  8.0585673565312455e-01  9.5017404208779888e-01  1.8527622499112856e-02  
q[216]: 1.7698197737280597e-04  9.8236599346569231e-01  9.7418380023184148e-01  7.0334350472749918e-01  8.0271786418741919e-01  1.7143634579701469e-01  
q[217]: 2.6077344136576593e-04  9.3205811292266294e-01  8.8890523292155232e-01  6.9598374654340478e-01  9.6489796069131462e-01  6.0139238379474824e-01  
q[218]: 7.8648126411457348e-05  9.2879128645560693e-01  8.6614285063473828e-01  8.4823711688217707e-01  1.2641437928564198e-01  5.3531881879445548e-02  
q[219]: 1.8939453028174666e-04  9.6137882503148597e-01  9.1733788257212712e-01  8.7255200536112298e-01  5.4921382660307205e-01  4.3172372865362391e-01  
q[220]: 6.6833748420271031e-05  9.5185825810202118e-01  9.4960902431131278e-01  9.3943169150148376e-01  7.2166852482444965e-01  1.5803290765911951e-01  
q[221]: 1.2838661771998999e-04  9.8730403548055246e-01  8.9970472818833103e-01  8.5730599013966569e-01  9.2022163877011465e-01  4.3797678241899218e-01  
q[222]: 9.5589394796564454e-05  9.3498764947504986e-01  9.1557296840885993e-01  8.5143221529148072e-01  9.2518849086231481e-01  8.4927914082233336e-01  

