0.0195871 0.113703
0.0457268 0.371698
0.0307843 0.625021
0.0339723 0.827945
0.0343755 0.96861
0.113703 0.0195871
0.182794 0.182794
0.163101 0.373525
0.180693 0.617576
0.167783 0.833823
0.169415 0.96298
0.371698 0.0457268
0.373525 0.163101
0.388078 0.388078
0.37427 0.609239
0.38975 0.83321
0.380665 0.968184
0.625021 0.0307843
0.617576 0.180693
0.609239 0.37427
0.625221 0.625221
0.611735 0.820508
0.625268 0.970616
0.827945 0.0339723
0.833823 0.167783
0.83321 0.38975
0.820508 0.611735
0.835534 0.835534
0.819407 0.95382
0.96861 0.0343755
0.96298 0.169415
0.968184 0.380665
0.970616 0.625268
0.95382 0.819407
0.972705 0.972705
