0.020892 0.117277
0.0444744 0.368799
0.0420044 0.643175
0.0168867 0.885789
0.112958 0.0213896
0.19347 0.180726
0.176156 0.377726
0.177135 0.615352
0.183378 0.818686
0.108139 0.976462
0.382859 0.0430117
0.379734 0.161373
0.386975 0.400066
0.38364 0.599657
0.391699 0.847175
0.37156 0.957761
0.629066 0.0295859
0.60787 0.190729
0.608062 0.369141
0.61302 0.633411
0.621481 0.810561
0.624001 0.981348
0.809172 0.0422655
0.83464 0.161365
0.820221 0.396071
0.816349 0.617868
0.81714 0.942316
0.97195 0.0264733
0.954403 0.176802
0.962398 0.384932
0.98433 0.615382
0.932209 0.822618
0.988194 0.983653
