0.0235877 0.124604
0.0473735 0.379762
0.0365658 0.647431
0.0148554 0.878169
0.111883 0.0194255
0.212969 0.185633
0.162073 0.38223
0.169687 0.613157
0.179804 0.815792
0.101109 0.973858
0.392011 0.0553012
0.389 0.383052
0.384201 0.599856
0.387307 0.845932
0.365469 0.957272
0.637357 0.0108647
0.592187 0.190382
0.616276 0.374414
0.616359 0.62773
0.624298 0.815506
0.626237 0.982103
0.798486 0.0484051
0.829905 0.159492
0.811072 0.398399
0.81815 0.612625
0.822929 0.946305
0.972064 0.0298888
0.947975 0.181775
0.962198 0.37822
0.984176 0.61961
0.925155 0.818659
0.991065 0.975641
