0.0177575 0.137289
0.0574894 0.374982
0.0306008 0.651219
0.0189354 0.875228
0.10353 0.0258963
0.229599 0.172022
0.160864 0.384718
0.171505 0.613965
0.189323 0.819651
0.0963143 0.97238
0.420836 0.0386027
0.397082 0.379429
0.391505 0.602238
0.387974 0.847868
0.368544 0.961401
0.609626 0.177897
0.616214 0.375836
0.611352 0.62918
0.620528 0.82048
0.625441 0.982404
0.778524 0.0350159
0.801844 0.387289
0.818297 0.617313
0.819213 0.947676
0.987471 0.0295141
0.916471 0.168744
0.973851 0.386836
0.979389 0.613095
0.92948 0.818538
0.991658 0.977152
