deg: 13
dim: 4
nodes: 483
efficiency: 0.985507

q[0]:   5.3866592763463515e-06  8.8076935207887092e-02  4.2715332824761157e-02  2.1339267038873410e-02  1.8570365322489034e-02  
q[1]:   3.2563223290629991e-05  2.4074873085890516e-01  1.4333258544780245e-01  1.3123735758018126e-01  1.0726622050230568e-01  
q[2]:   1.5932168755284821e-05  1.2149524766195062e-01  1.0342236061100633e-01  7.9832427244644871e-02  2.2780176968122456e-02  
q[3]:   1.3157514890154448e-05  1.6677573757756697e-01  1.5693828158595929e-01  4.3075456167046972e-02  2.4213301506556550e-02  
q[4]:   9.9653580694482699e-06  1.4924055146628759e-01  1.3637073800615940e-01  1.1493947510148063e-01  9.9787303530081486e-02  
q[5]:   2.4366330025165521e-05  2.4935348488957892e-01  1.7084055856890779e-01  9.9797782011594810e-02  7.3444680382657827e-03  
q[6]:   2.8130398300628953e-05  2.4683422781574185e-01  6.8007198326706625e-02  4.0213728201867562e-02  2.2529241252738929e-02  
q[7]:   1.9512731293715016e-05  2.2779760141179356e-01  1.3521104880357368e-01  3.0403866691649215e-02  8.3430913143995970e-03  
q[8]:   1.8752604533393938e-05  2.1154202112023499e-01  1.0458707460228377e-01  9.8258090710189636e-02  2.0398263990520322e-02  
q[9]:   3.8789527222815214e-05  3.2698753886247250e-01  2.3553436022647617e-01  2.1712426000523374e-01  7.0417645424758674e-02  
q[10]:  1.6733457695475552e-05  3.1191896335496549e-01  2.6655661102010320e-01  2.5547556080005265e-02  1.4693606152840417e-02  
q[11]:  9.6653801795651274e-05  3.9423193531930945e-01  2.0434639079885950e-01  1.2005279510369511e-01  2.1829746341443402e-02  
q[12]:  6.1453994164488698e-05  2.6570772169951995e-01  1.9316593569087742e-01  9.9933759300576810e-02  8.1641567727620948e-02  
q[13]:  3.7088252701315746e-05  4.1949931835707260e-01  2.4434412197990144e-01  2.3610730969589622e-01  2.1568713798578004e-01  
q[14]:  2.1206416452717888e-05  2.5961101392305852e-01  2.3879944397447900e-01  2.2667803936272360e-01  2.7508150678439279e-02  
q[15]:  8.5503130949337553e-05  2.9825015553766021e-01  2.3307433202950306e-01  1.6662436134444206e-01  7.3336884062772958e-02  
q[16]:  1.4364267376196353e-05  2.5496947155152588e-01  2.3784186352724898e-01  1.6658748292637252e-01  5.0088334277819946e-03  
q[17]:  3.2394063767253937e-05  2.6011045432584007e-01  2.4049056428996041e-01  2.2730068641119727e-01  1.2651617163483286e-01  
q[18]:  4.3785282165925331e-05  3.0157774253549080e-01  2.7862308840263805e-01  1.0379694106368881e-01  2.2149284058346468e-02  
q[19]:  4.2624241459056353e-05  3.5919669741470944e-01  3.3811937939059511e-01  1.0610768415043342e-01  8.9490912893245414e-02  
q[20]:  3.6068641753627413e-05  2.9456918431798956e-01  2.8991150912430891e-01  1.9794501721445498e-01  8.4940832656028822e-02  
q[21]:  2.9006106255994576e-05  2.8205222320525652e-01  2.7143059923304369e-01  1.7468459391805094e-01  1.5223088842933519e-01  
q[22]:  2.9278231312054238e-05  3.0668574258223674e-01  2.7723604820875364e-01  2.5791498017251768e-01  2.3646527340677628e-01  
q[23]:  1.7297766117194350e-05  4.1142181062902000e-01  5.8637694406788919e-02  3.7925241769081443e-02  7.4734976547163809e-03  
q[24]:  4.9988361790363520e-05  4.4155203921862157e-01  1.3335015128186906e-01  3.9678196499435409e-02  2.1134327209701289e-02  
q[25]:  4.3679468850341824e-05  4.1630669967207240e-01  1.5639509190941095e-01  1.4146968648066385e-01  1.7650919649233592e-02  
q[26]:  2.3954620222380752e-05  4.1032549595969936e-01  9.4993235536659365e-02  9.0422019659743794e-02  7.1078184922797785e-02  
q[27]:  8.1422661622418169e-05  3.9959073424320413e-01  1.8817244250531870e-01  1.2442054349778948e-01  1.0806090437434857e-01  
q[28]:  1.8271708880991959e-04  5.0118491432947887e-01  2.9435746893841502e-01  1.7981970054319665e-01  1.0615240874988212e-01  
q[29]:  1.0449212766144998e-04  4.2207404735759108e-01  2.1350321244849796e-01  1.9116379651301590e-01  9.4705246269512960e-02  
q[30]:  7.5507849015144586e-05  3.9837980754238933e-01  2.3000082339701763e-01  4.7497058653754844e-02  2.7129652185438762e-02  
q[31]:  9.9271737688815773e-05  4.7337081873246284e-01  3.5020054184283450e-01  1.4756420841971432e-01  1.3543589272039175e-01  
q[32]:  1.8971046429273146e-04  5.9388196978574681e-01  4.3116293009559686e-01  2.7536266535415838e-01  2.0758057666908550e-01  
q[33]:  4.2076294109113123e-05  3.8084354066386505e-01  2.6827424613332429e-01  2.4511062760704172e-01  1.0921015211027752e-02  
q[34]:  5.6392833529433848e-05  4.6473394058615819e-01  3.8337791558442158e-01  6.7868993824271084e-02  1.0695722126114785e-02  
q[35]:  5.1019290401956070e-05  4.5428533453650505e-01  3.6673462256013500e-01  2.5180577089263578e-01  6.4680748825406221e-03  
q[36]:  5.2944936189268482e-05  4.2318297650749254e-01  3.3433108627565378e-01  2.5985161901772547e-01  2.5608625331148238e-01  
q[37]:  4.0659009635550331e-05  4.9034999019164222e-01  4.1903924415459604e-01  6.2652748613335654e-02  5.4943362246000126e-02  
q[38]:  7.2404827747435123e-05  4.4392327659030500e-01  3.4127985754881657e-01  1.6173490510087055e-01  1.9911030683051459e-02  
q[39]:  1.5600209009522178e-04  4.4635265315182521e-01  3.6328926706996001e-01  1.5896584123274562e-01  7.1594848136203149e-02  
q[40]:  1.2911431773192074e-04  4.5703115011272410e-01  4.0780103505806337e-01  2.4783208844356663e-01  1.9006270990359164e-01  
q[41]:  1.8544009858687219e-04  4.7861951739352993e-01  3.8341186558634549e-01  2.9179897347442579e-01  8.9678036266215039e-02  
q[42]:  1.6153939369444669e-04  4.3256263349812829e-01  3.3816545572746470e-01  2.8682725482564037e-01  2.1072000697141416e-01  
q[43]:  9.2769622939259440e-05  4.7820575359324236e-01  3.6267603922403130e-01  3.4301300238658561e-01  7.3114403605427522e-02  
q[44]:  4.5926354985645941e-05  4.3846349372426863e-01  3.3397582172620999e-01  3.3263853535729637e-01  1.8832193368883249e-01  
q[45]:  3.5296769590286879e-05  5.1088603444228109e-01  4.1472608532759281e-01  4.1164481238150596e-01  3.8171217821380082e-01  
q[46]:  1.3282155630086012e-05  4.0061127993388412e-01  3.9593102859812884e-01  4.3846562069530630e-02  1.5667544426708181e-02  
q[47]:  5.0265018941785919e-05  5.6201341242408043e-01  5.4419020579709332e-01  1.1903223967924075e-01  2.2418631249414619e-02  
q[48]:  6.8203740035004817e-05  4.6775075919485704e-01  4.5839830458247011e-01  1.8793818399830065e-01  9.5084410072082848e-02  
q[49]:  3.4951163599895734e-05  4.4380228364961188e-01  4.2657778326826334e-01  1.8413880988934075e-01  1.0510421878097196e-02  
q[50]:  1.5166003561699707e-05  4.9428345501897580e-01  4.8562828613154019e-01  3.6188259979340426e-01  3.4686808726920259e-03  
q[51]:  7.5039730510607799e-05  4.0562568760327267e-01  3.8432275468825317e-01  2.9536233900297143e-01  4.5341923961684051e-02  
q[52]:  1.1173347321106508e-04  4.8333708105998824e-01  4.6335324855288967e-01  3.2463635673258978e-01  1.6476326993513293e-01  
q[53]:  4.5856526128063631e-05  4.2470820551447780e-01  4.1399579049967511e-01  3.4181377376571309e-01  2.6488131534227372e-01  
q[54]:  3.0842220024550188e-05  4.5766268996249215e-01  4.4334750746691520e-01  2.7864963358177680e-01  2.6630541955835563e-01  
q[55]:  2.9036275175440788e-05  4.5442994255312880e-01  4.3031991473508019e-01  4.0792669437724777e-01  1.4235539243568740e-02  
q[56]:  3.8332629013694407e-05  4.3324585702714424e-01  4.1499419348124394e-01  4.0052509150462362e-01  9.8429427341515455e-02  
q[57]:  8.0098672727535331e-05  4.4391196730101085e-01  4.2150272620190354e-01  3.8892466204747062e-01  1.8545653552610278e-01  
q[58]:  3.6488272458216159e-05  4.4830424611090597e-01  4.2847851782491869e-01  4.1590938220943757e-01  3.1898237479477404e-01  
q[59]:  1.3843487076052778e-05  4.3888734195377332e-01  4.2657558547572233e-01  4.0090449686707524e-01  3.8767779529460034e-01  
q[60]:  2.4864477982558249e-05  5.7842010491316742e-01  6.2278391541003057e-02  4.2057680822176986e-02  2.5526919363321268e-02  
q[61]:  3.4471202076271822e-05  6.5188086040157667e-01  1.3041758754964136e-01  3.0056123958053498e-02  1.0355648784621040e-02  
q[62]:  9.9007816315540225e-05  5.8268590097035722e-01  2.0414631067252834e-01  1.1561667772314027e-01  1.6729625625082220e-02  
q[63]:  7.2874205756908806e-05  5.8006299936683703e-01  1.6938837450243810e-01  1.0142534746049242e-01  8.8390645539350540e-02  
q[64]:  2.5446518759692060e-05  6.3728863053173068e-01  1.1329214174990580e-01  1.0226287544320849e-01  1.7527324797445301e-02  
q[65]:  1.3346301511059667e-04  5.8998034788833142e-01  1.9838808451531462e-01  1.6996411139573592e-01  8.1680527317093271e-02  
q[66]:  1.6233326379298501e-05  6.9240360834070802e-01  1.2742119928690601e-01  1.2649041120623084e-01  1.1335163279327462e-01  
q[67]:  5.6411953870559294e-05  5.9793031080853054e-01  2.5977689207668658e-01  3.3160486862389607e-02  1.9316860729788450e-02  
q[68]:  2.4245752225113734e-04  7.0105425398414822e-01  3.5016438702650388e-01  2.5751913634612866e-01  1.8007356074462927e-01  
q[69]:  1.7477999472368609e-04  6.3681299323841833e-01  2.8878603494080002e-01  1.3138461247540775e-01  6.8454976157239930e-02  
q[70]:  3.3468905005012031e-05  6.1170266574576204e-01  1.9907918796178978e-01  1.8352506477646666e-01  1.4564203041872142e-02  
q[71]:  5.4820973272999717e-05  5.8656227684800877e-01  2.2221820937525530e-01  2.0811875395859109e-01  1.8388847663700894e-01  
q[72]:  2.8161857964569693e-05  5.7692803851780772e-01  4.0788645748213981e-01  1.7197473288750979e-02  8.1397720300471332e-03  
q[73]:  9.1717641959514914e-05  6.1628333185864637e-01  3.2511961382696863e-01  1.3626130148403440e-01  1.3014119045912093e-01  
q[74]:  8.0691043923863560e-05  5.6156292133059027e-01  3.2979171861764273e-01  1.0010048561452024e-01  4.3154030092341714e-03  
q[75]:  2.7894905401896331e-04  6.3341614534364010e-01  4.3366643450382331e-01  2.1815294359081364e-01  7.2977168429358447e-02  
q[76]:  1.8386180245436360e-04  5.8183834813521396e-01  3.4548784399727711e-01  2.4979972842204548e-01  2.9075117011129168e-02  
q[77]:  1.0558618019540322e-04  5.7591211706310075e-01  3.2336780486645000e-01  2.6153013571684730e-01  2.4288280659077169e-01  
q[78]:  6.1954483108540121e-05  5.7989620740127412e-01  3.3358724124912420e-01  3.1025091460910115e-01  1.4788066205934203e-02  
q[79]:  8.5573321091510790e-05  5.9592439653213825e-01  3.2849246824783146e-01  3.1871248068334102e-01  8.3148684177960341e-02  
q[80]:  2.4547628427986728e-04  6.1710478923954326e-01  3.8962861305692120e-01  3.2776220132784956e-01  1.4557029413260170e-01  
q[81]:  1.1429536833974106e-04  6.0550888433190775e-01  3.5167711749487213e-01  3.3982968697468929e-01  2.2870784026240171e-01  
q[82]:  4.7664010105890086e-05  6.6524137645145187e-01  4.0851505923646414e-01  3.9461612431539517e-01  3.7988858097360295e-01  
q[83]:  1.7628084447975781e-04  6.1238643377856805e-01  4.1108166465093948e-01  1.0076591964234451e-01  6.4866161036300704e-02  
q[84]:  1.5345199319768434e-04  7.1956492153856733e-01  5.3059448871976767e-01  1.3115472754327168e-01  2.4955196373659838e-02  
q[85]:  1.4087195150989091e-04  6.0765963391294886e-01  5.1715044140147637e-01  4.2495910207088006e-01  2.8630713464368875e-02  
q[86]:  3.1076007319790850e-04  7.9905045357883497e-01  5.9499339977550669e-01  3.5458850820641846e-01  1.2762818041833435e-01  
q[87]:  3.6384143605757433e-04  7.5097856280457598e-01  5.5109329813102348e-01  4.1772002388088497e-01  2.3742042634072499e-01  
q[88]:  1.2654574235200055e-04  6.5072525606855613e-01  4.7311071601945581e-01  3.1513788188826580e-01  2.9596819947726327e-01  
q[89]:  1.4721191447396317e-04  6.1285841899482341e-01  4.3817600969182996e-01  3.8937825898582201e-01  3.1034195052444336e-01  
q[90]:  4.4328256307030443e-05  5.9363243124077181e-01  4.8070043976496352e-01  4.6487533845300155e-01  1.6728488849445066e-02  
q[91]:  1.0563989458554514e-04  7.0616726201042679e-01  5.2644861068145898e-01  5.0955081608300423e-01  9.2499849318224553e-02  
q[92]:  1.6178891843315886e-05  5.8535673592479776e-01  5.5407487923646082e-01  2.0622641973026535e-02  1.3025679411181591e-02  
q[93]:  1.5958609235994917e-04  6.0988494310672203e-01  5.3934082461127009e-01  1.5451167737878407e-01  8.5328687224507024e-02  
q[94]:  1.4459566539629979e-04  6.2875907390451258e-01  5.3758663165773990e-01  2.0492429297573042e-01  2.1609179955135855e-02  
q[95]:  2.7158876665199744e-04  6.4770201168418284e-01  5.6153912161656361e-01  2.9192224959273227e-01  1.6669169071867315e-01  
q[96]:  9.3897570434966745e-05  6.3588677596193088e-01  5.0415294913160003e-01  2.9777841174475700e-01  1.3184755890680307e-02  
q[97]:  2.3827971299154773e-04  6.4537633677519246e-01  5.5399269456578126e-01  3.5597668224941920e-01  9.7780441940111734e-02  
q[98]:  2.4779442947030510e-04  6.9471751172968754e-01  6.2351926125486490e-01  4.4671302209480468e-01  3.2501887529701345e-01  
q[99]:  1.5645370994081951e-04  6.1231416094201829e-01  5.0650097590615828e-01  4.8610082886371137e-01  2.1110184517489095e-01  
q[100]: 1.3866744484438800e-04  5.9469132289934323e-01  5.4373625797751068e-01  4.6880952866036907e-01  4.0300766073583943e-01  
q[101]: 7.3371215342752744e-05  6.1784004801476933e-01  5.0404803432152678e-01  4.4764552640477084e-01  4.3385617048029840e-01  
q[102]: 5.5434664656772503e-05  5.9792589019314279e-01  5.3731358519655692e-01  5.2317074825563636e-01  8.9961311420475545e-02  
q[103]: 1.8382050445160203e-04  6.8440613650446303e-01  6.0031145820610043e-01  5.2141858532023044e-01  1.2630963138092857e-01  
q[104]: 2.3005580550787316e-04  5.9580901335686576e-01  5.0520318446477119e-01  4.0763126812893091e-01  2.2011083284528266e-01  
q[105]: 1.1062669572686641e-04  6.2396021329466445e-01  5.3512681248333449e-01  5.1784497954652220e-01  3.7273917385492383e-01  
q[106]: 4.2170342009095297e-05  5.8093207258063051e-01  5.6695369489856262e-01  1.0918063669486225e-01  8.6252575650533361e-02  
q[107]: 1.8606423770129303e-05  7.0984678658062816e-01  7.0724542509317356e-01  7.6403874447329295e-02  2.8264885071326282e-02  
q[108]: 2.1934231791600813e-05  6.5190510712473493e-01  6.3774546183769987e-01  2.3330752186206297e-01  2.5594827019153978e-03  
q[109]: 1.3083865199229672e-04  6.7564834535692775e-01  6.5684097563087940e-01  2.7028199258318314e-01  8.4332397488321914e-02  
q[110]: 1.2007082291989440e-04  6.4100657047161236e-01  6.2606341019843725e-01  3.2953086616806210e-01  2.3289325518771778e-01  
q[111]: 1.4881299940196875e-04  6.6497404417096728e-01  5.5870647200667589e-01  2.1005387922391738e-01  1.9125257812489138e-01  
q[112]: 7.5300129512172756e-05  6.5246425000479535e-01  6.2492461044173786e-01  3.9108083859665516e-01  1.6852408733915705e-02  
q[113]: 6.2857455153078528e-05  5.5309879971026110e-01  5.3208862975213567e-01  2.1282884731497670e-01  1.9504404826332331e-01  
q[114]: 1.1162347757821193e-04  5.4201070404653218e-01  5.1896905683886441e-01  2.9462194921914986e-01  5.7948483203462374e-02  
q[115]: 1.2960087852025541e-04  6.4810447907377555e-01  6.3340545811491766e-01  4.4084276993881255e-01  1.8545299860338643e-01  
q[116]: 1.1787416824084987e-04  6.3852422922359475e-01  6.1932395120033501e-01  5.4101076097365997e-01  3.4519010183017579e-01  
q[117]: 5.1771584785498254e-05  5.9508464036097020e-01  5.9192968527184342e-01  4.3182021118803365e-01  3.4379038085203084e-01  
q[118]: 1.2594284700500932e-04  6.2047708559552439e-01  5.5254468672406698e-01  3.5203428464025815e-01  3.2909572344927351e-01  
q[119]: 4.5036989320598365e-05  6.6781478583124843e-01  6.4700624199024515e-01  5.5583585410200442e-01  1.6104900470350927e-02  
q[120]: 8.9275558134890913e-05  5.8327253409288649e-01  5.6732912300305394e-01  4.7631482940176878e-01  9.1499361672599422e-02  
q[121]: 6.9809388067499707e-05  6.0923275127759013e-01  5.9190013231116456e-01  5.2747532118726759e-01  2.0438368903081397e-01  
q[122]: 2.5739632473990087e-05  5.4353258201346077e-01  5.2836018828322029e-01  4.3227318938552767e-01  4.1981047839560492e-01  
q[123]: 2.6339385857875467e-05  6.2404642457295290e-01  6.1519119947710532e-01  5.9473848233868576e-01  5.6929914890605740e-02  
q[124]: 4.4077899531122852e-05  6.5547475639152208e-01  6.3629016083728385e-01  6.2812618218280736e-01  2.1043193740607352e-01  
q[125]: 3.8717726211623784e-05  5.9920807201547321e-01  5.8308174121749545e-01  5.7254714015936337e-01  3.3842811955719204e-01  
q[126]: 3.6021429884075338e-05  6.3412373555847623e-01  6.2481965469053291e-01  6.0271787004133870e-01  5.1668024961522618e-01  
q[127]: 2.0616295623920529e-05  6.0647804305955344e-01  5.7849603143974027e-01  5.6269222542721331e-01  5.4642056819318008e-01  
q[128]: 2.9214463341113075e-05  7.6362968262263209e-01  6.5861031137125839e-02  4.2052562763203537e-02  2.0847194816354359e-02  
q[129]: 1.1416408219661452e-04  7.5150438699695388e-01  3.2932935046506900e-01  9.6044238803587353e-02  1.6657313576214260e-02  
q[130]: 8.8469191264176883e-05  7.5794055565073681e-01  1.9752882846677960e-01  1.2548125980896135e-01  1.0815991151992814e-01  
q[131]: 8.8553801629084663e-05  7.6545667117237814e-01  1.9374597895383527e-01  1.0666810013536419e-01  2.0517633126935789e-02  
q[132]: 7.5777199800696349e-05  7.7119953154394205e-01  1.8765859756751074e-01  1.6911930866707878e-01  9.5107565100208249e-02  
q[133]: 5.2202788130410590e-05  7.6544986988916741e-01  2.2200343381811982e-01  4.9285060148224792e-02  3.8842965254563697e-02  
q[134]: 4.2552201207177867e-05  7.5882041086605467e-01  4.7750027642427961e-01  4.2842038879223547e-02  2.8528356181130340e-03  
q[135]: 2.0518374027582960e-04  7.9161842146344186e-01  4.6701157907805085e-01  1.9081177434293040e-01  5.3125243772130584e-02  
q[136]: 1.8875473977290032e-04  7.9510197485988721e-01  3.7273619140084258e-01  1.4909364757998406e-01  1.2071939326851412e-01  
q[137]: 1.5474167422924274e-04  8.0581197666290294e-01  2.7694805443367554e-01  1.7710468493178430e-01  8.9405015890753364e-02  
q[138]: 2.7179010449755243e-04  8.5161522612129159e-01  4.8701116036133951e-01  2.9234274055999698e-01  1.5901648084976283e-01  
q[139]: 7.4394125124812969e-05  7.6280731026650184e-01  3.0044475119932096e-01  2.7338082540989228e-01  2.5487039255778365e-01  
q[140]: 1.0164599128235826e-04  7.4932876873651766e-01  3.1161419046533312e-01  2.4227129350021170e-01  1.5529783804792547e-02  
q[141]: 3.9560448648303059e-05  7.6200478277590999e-01  3.4355274934805613e-01  3.3412447216697000e-01  1.6822626500907569e-02  
q[142]: 1.2173727103306176e-04  7.4726579119395165e-01  3.1063027704677770e-01  2.9194501851271448e-01  9.2717751050905475e-02  
q[143]: 9.4803148109082663e-05  7.6198122749587527e-01  3.2720126619690848e-01  3.1372962011520267e-01  2.0968327679987031e-01  
q[144]: 3.7594888480831773e-05  7.7593724831067501e-01  3.5269058079894539e-01  3.3984939297062734e-02  2.0114602041615831e-02  
q[145]: 1.2933122460180344e-04  8.4203313961218806e-01  4.9765866513786805e-01  1.4191267172981806e-01  7.6137546109241935e-02  
q[146]: 1.6238050575489402e-04  7.7707476470430237e-01  5.5999920511624401e-01  3.1608169390246982e-01  2.9722340939038260e-02  
q[147]: 2.7443000446028857e-04  7.5044502779633926e-01  3.8536740760534605e-01  2.6995087171667054e-01  7.7876398897573834e-02  
q[148]: 3.4930566988718934e-04  7.5095708147924045e-01  5.2149655358890412e-01  2.5859789576739317e-01  1.8737112218244570e-01  
q[149]: 1.5200794332117853e-04  6.8420423690732945e-01  4.9378961799096932e-01  4.0530849131283742e-01  9.6529363543348831e-02  
q[150]: 1.5748354366581141e-04  7.8809168205276403e-01  4.7668302501774618e-01  4.3641466686656960e-01  6.8307060787483401e-02  
q[151]: 9.6858157909960132e-05  7.5484592494845648e-01  3.7634070632148936e-01  2.6014834176584534e-01  2.4840230855377404e-01  
q[152]: 4.6532534860734005e-05  7.6144160516109483e-01  5.2397532463600915e-01  5.1008110862559752e-01  1.8351802749483403e-02  
q[153]: 2.5711444414272040e-04  8.2650416374871938e-01  4.6789884813544402e-01  4.1326201738498713e-01  2.0185232353955165e-01  
q[154]: 1.1964364123086294e-04  8.0075039483658284e-01  4.6564495839097653e-01  4.4379390925366885e-01  3.4626093483364373e-01  
q[155]: 5.0092969801292190e-05  8.2864209923342835e-01  4.6115490075294296e-01  4.4058956666711702e-01  4.2251196349356879e-01  
q[156]: 7.7313652534891338e-05  7.7086021295471208e-01  4.7699808511461234e-01  6.9236052697419212e-02  5.5982411769402614e-02  
q[157]: 1.0646722256742446e-04  8.3945873805987803e-01  6.1985766208835813e-01  2.1291912008124589e-01  1.2196570075570748e-02  
q[158]: 2.3813420393955140e-04  8.0941242505026911e-01  6.2911412019714041e-01  1.7997467302207434e-01  1.0632130222013918e-01  
q[159]: 6.6344389433901319e-05  7.7132146922573497e-01  5.2251215885231639e-01  1.6330891567926223e-01  1.5797295122540567e-01  
q[160]: 8.3570077262005443e-05  7.3260745600590360e-01  5.0905305166515147e-01  4.2068400605338535e-01  8.7586914070220696e-03  
q[161]: 1.8297137236811028e-04  7.9178296855522567e-01  5.8148171828313844e-01  4.3931287500169941e-01  6.1774163516788390e-02  
q[162]: 1.0972885971920590e-04  7.9348686254324752e-01  5.6609616693018461e-01  3.1697976290857344e-01  3.0578841685639818e-01  
q[163]: 2.7959416049293538e-04  8.1960276058442738e-01  6.1596159258324912e-01  5.2489673658632852e-01  1.7918595305047269e-01  
q[164]: 2.2884543052454517e-04  7.6547301682787361e-01  5.9720258439580953e-01  5.0282969381957954e-01  4.1093025656509041e-01  
q[165]: 1.2017462404284186e-04  7.9397049270849240e-01  5.5124346041538375e-01  4.6062912947225743e-01  4.4500724571252442e-01  
q[166]: 1.2120851785843740e-04  7.5595010651647732e-01  5.0224487662802819e-01  4.9265526933537424e-01  2.0956623762761381e-01  
q[167]: 1.7275055525525003e-04  7.6247154886047219e-01  5.7172331433710910e-01  5.4531401116274092e-01  3.4550093625217082e-01  
q[168]: 7.1284009251577603e-05  7.4691634493405989e-01  5.4223743399845881e-01  5.3027194686563450e-01  4.6276985475675381e-01  
q[169]: 5.2857356823867605e-05  7.8766254864375151e-01  6.3587701125601770e-01  3.9233764903000894e-02  2.3441999814356476e-02  
q[170]: 5.8958451655514645e-05  7.0386480078917646e-01  5.8808360384317215e-01  8.4305404938356990e-02  7.4913021455412801e-02  
q[171]: 6.7746348816805340e-05  6.7447535868576913e-01  5.9402768140205242e-01  7.3740951870611193e-02  1.3537136870695549e-02  
q[172]: 1.5242032925566923e-04  7.9404143813515582e-01  7.3055506081036792e-01  1.6197090549968865e-01  9.2015259210602496e-02  
q[173]: 1.0581487640110093e-04  8.0255972489417171e-01  7.2414451317743611e-01  2.3457756950083489e-01  1.8524969970262185e-02  
q[174]: 3.0220788385657878e-04  7.9230701645881219e-01  6.9045487064540545e-01  2.9341432093692349e-01  9.7487018122321703e-02  
q[175]: 2.2972232347437781e-04  7.9791591555956287e-01  7.2241838008252734e-01  3.2189738139211016e-01  2.4956096887057355e-01  
q[176]: 6.4540007633483379e-05  7.4767820697219212e-01  7.2794483689225919e-01  2.7863614938200632e-01  2.6086553049124844e-01  
q[177]: 1.1273303822150474e-04  7.9571187654645537e-01  6.9519059753091805e-01  3.7957213907223086e-01  1.7380014662410764e-02  
q[178]: 2.9821777187277781e-04  7.8052307029864731e-01  7.0165613538929972e-01  5.1641661438876052e-01  2.1037039850743769e-01  
q[179]: 1.0593319309466094e-04  8.0495078920156526e-01  7.1873232940162290e-01  3.9799107056440375e-01  3.8291846118282913e-01  
q[180]: 6.3645797702155827e-05  7.9225007628463495e-01  6.9575112075652890e-01  5.3380156973176074e-01  4.0128700915041914e-03  
q[181]: 2.0428505217930074e-04  7.7850967689989470e-01  7.0371904043072098e-01  4.8058089509378954e-01  7.3637230909370244e-02  
q[182]: 1.2265788226511530e-04  8.4950790791784014e-01  7.0241907241259049e-01  6.3038987895551402e-01  3.3385825109169337e-01  
q[183]: 2.7537267629384121e-04  8.4696742185431029e-01  7.2831924851912855e-01  4.0818286816951466e-01  2.3924501572353080e-01  
q[184]: 2.3953792181845003e-04  8.2458100573550019e-01  6.8073529899381691e-01  4.4860557422014030e-01  3.7412004324549275e-01  
q[185]: 1.4335690855605542e-04  8.1691113126875214e-01  6.8583940983899006e-01  6.0060393133402856e-01  5.5897256850179607e-02  
q[186]: 5.5152269477942615e-05  7.6839042410242142e-01  6.7501858797998371e-01  6.4156268343316347e-01  1.8492738944327271e-02  
q[187]: 5.4140909488569586e-05  7.8060258126226489e-01  7.1826209222531545e-01  7.1549293357303800e-01  3.8751440892516387e-01  
q[188]: 1.4072020359952756e-04  8.0654023320980051e-01  7.3204653255352348e-01  6.5559381519880622e-01  5.8117655355363651e-01  
q[189]: 1.0389451715211779e-04  7.7713473607095074e-01  6.8110922951351349e-01  5.2795116993530766e-01  5.1151720772295928e-01  
q[190]: 6.7807307503163351e-05  7.7642484910999043e-01  7.0435364107289500e-01  6.9028323914603595e-01  9.0597321446992674e-02  
q[191]: 1.4532729551022436e-04  7.9509675446569128e-01  6.8872129359684520e-01  6.6738034082857678e-01  2.2456195164686787e-01  
q[192]: 1.4413817181931063e-04  7.9182680705278874e-01  7.2811108519853407e-01  6.5541347628757984e-01  4.8382089005130957e-01  
q[193]: 5.3684460130670243e-05  7.5830068627441083e-01  6.3859756226450348e-01  6.1652553011394962e-01  6.0010481501171009e-01  
q[194]: 2.8650211455491241e-05  7.9396958131726725e-01  7.5976669762547888e-01  3.7455597889656612e-02  2.0804006611296312e-02  
q[195]: 3.9819784975878392e-05  7.4874673714907769e-01  7.2071899101118864e-01  1.2581240783586964e-01  1.1705436880280594e-01  
q[196]: 5.7840896319351458e-05  7.6934712248014214e-01  7.4912389217784536e-01  1.6079177061307523e-01  2.2563634459653901e-02  
q[197]: 8.3822446533990988e-05  7.4316946974948084e-01  7.3204475792094958e-01  2.3277411741734272e-01  1.4658813214537664e-01  
q[198]: 7.9028383016031085e-05  8.5725011518768912e-01  8.4261809781702146e-01  2.9684897540770500e-01  9.2204540482763025e-02  
q[199]: 6.4862517458929374e-05  7.8171722433565904e-01  7.6667647739976996e-01  3.6143140357230041e-01  2.7751385988873424e-02  
q[200]: 1.1561099248949400e-04  7.8433938105606038e-01  7.6424502116213477e-01  4.4159824449453622e-01  1.1576673250343480e-01  
q[201]: 1.7789105343047227e-04  7.9429701633425875e-01  7.7156493435602724e-01  4.4834341996582139e-01  2.3769673623934176e-01  
q[202]: 1.2556259624079628e-04  7.8695417873642548e-01  7.7531300472049569e-01  6.0522108928109974e-01  3.6108034097990099e-01  
q[203]: 7.9216709361363535e-05  8.3927107765848841e-01  8.3034000601810809e-01  4.4446057096224623e-01  3.4862198035475761e-01  
q[204]: 4.7233017835053421e-05  7.0629797670482952e-01  7.0186055789394253e-01  4.9977153987877576e-01  7.6040623249066533e-02  
q[205]: 8.9871994665903008e-05  8.3978947495608280e-01  8.3202869765474485e-01  6.4523432298367911e-01  1.8259909752631315e-01  
q[206]: 2.5578181614887977e-04  8.6249571414557336e-01  7.7397857571636774e-01  5.8677218645174323e-01  3.7133929394032161e-01  
q[207]: 1.4797267052086714e-04  7.8868640336335138e-01  7.5900851704228944e-01  5.2552002860702118e-01  4.3673509640128189e-01  
q[208]: 5.1574306661033059e-05  7.0445762367356191e-01  6.9214839966163011e-01  4.2666615701898442e-01  4.0885800981542303e-01  
q[209]: 1.1190167360455816e-04  7.8716130621361524e-01  7.5621978287376534e-01  6.3812232846083328e-01  7.2927840944154984e-02  
q[210]: 1.2229042218666429e-04  7.6040697814843849e-01  7.3504916209361926e-01  6.4317841082142713e-01  2.2335202323272813e-01  
q[211]: 1.9157124291556369e-04  7.6199969264876077e-01  6.8058746869974840e-01  6.1353096890028636e-01  3.3129971885475318e-01  
q[212]: 6.2399160410848108e-05  7.7478154621465933e-01  7.5777674378165150e-01  7.3518674666119077e-01  5.1516788407614389e-01  
q[213]: 5.8711400737747931e-05  7.6489566921341190e-01  7.5913444051112011e-01  6.5136745882500946e-01  5.5091553978521257e-01  
q[214]: 5.1601828155079272e-05  7.2155668814003038e-01  7.0093043273141431e-01  5.8708560904265372e-01  5.6950325068877450e-01  
q[215]: 1.2900925930675750e-05  6.9134726595079476e-01  6.6479224792888569e-01  6.5185117692063677e-01  8.9712051585342893e-03  
q[216]: 6.1867766765498014e-05  7.8258738094199409e-01  7.6876661876660524e-01  7.3213509175689062e-01  1.3560077826092024e-01  
q[217]: 6.6030147735364079e-05  7.9331952253911742e-01  7.8332832954544585e-01  7.4197515159726868e-01  3.5387960831320353e-01  
q[218]: 5.6633989558870133e-05  7.4011887295953271e-01  6.6634129410871790e-01  6.5773287548093373e-01  5.6082113417705159e-01  
q[219]: 2.6082897048979771e-05  7.7041860313129218e-01  7.4910450392694350e-01  7.2367157319501185e-01  7.0540278474831519e-01  
q[220]: 3.2780934478977931e-05  8.7034767677259406e-01  1.2788353841369896e-01  4.0267526084197237e-02  2.7516648220352328e-02  
q[221]: 2.6195757578011231e-05  8.7107545797117969e-01  1.4164946172611353e-01  1.2451059214847864e-01  1.1437753471986202e-01  
q[222]: 1.5147766651995007e-05  9.0252600328187016e-01  6.1983757907807309e-02  5.1149071665442525e-02  1.8830893234822413e-02  
q[223]: 2.2662128025213861e-05  8.6749362668279140e-01  2.0326960414098755e-01  3.6344600300820547e-02  1.3070810569791721e-03  
q[224]: 6.6431018162798781e-05  9.2164430643166217e-01  1.8519708846421390e-01  1.1663633633036302e-01  2.0425020167031318e-02  
q[225]: 7.9147704308131300e-05  9.2771318986617979e-01  2.1810223864631631e-01  1.3323796709109709e-01  1.0085168194984627e-01  
q[226]: 4.1797574922295358e-05  8.1304924786449184e-01  1.6603973638751979e-01  1.4941859849931605e-01  1.5739934455493983e-02  
q[227]: 5.8372999158613400e-05  9.0536797601852859e-01  1.9919409948337513e-01  1.8395641501008808e-01  9.4754403095859543e-02  
q[228]: 6.0025993699422188e-05  8.9270181685377392e-01  3.0361982120532138e-01  2.8856707897914580e-01  2.5860521408554021e-01  
q[229]: 3.5930165339864084e-05  8.9229256022796211e-01  3.3382343260267472e-01  3.5740511558499215e-02  1.1068531020270524e-02  
q[230]: 1.0105185233174582e-04  8.7038869847044054e-01  3.5381984017855839e-01  1.8459532722075794e-01  1.5956241535018328e-02  
q[231]: 7.1640923687696912e-05  9.1003900459856146e-01  3.1418880390272486e-01  1.0095334216738601e-01  8.7145616211590379e-02  
q[232]: 1.5161637706352673e-04  9.0610322547141475e-01  3.3689892492020040e-01  1.4091173573461985e-01  5.5196404331215601e-02  
q[233]: 7.6381263796694828e-05  7.3729183588609482e-01  4.2103654843131783e-01  2.2117959087736686e-01  1.9986504253229906e-03  
q[234]: 1.6992237016625938e-04  9.3485959149495168e-01  4.6835300637207156e-01  2.5370123769828018e-01  1.7849598750491016e-01  
q[235]: 1.7905953884417259e-04  9.1160436133618328e-01  3.6303615364492564e-01  2.9097977326542662e-01  9.2351204545177076e-02  
q[236]: 1.9348201040331867e-04  8.8845199715616241e-01  3.6004908367215532e-01  2.8416547471223863e-01  2.0217132708043312e-01  
q[237]: 5.7526932716914220e-05  8.8899642959492908e-01  3.2205195345626625e-01  2.1813233597013648e-01  2.1144531867737829e-01  
q[238]: 4.5554102276123400e-05  9.1258842656399863e-01  3.3060976802807779e-01  2.5793219435867670e-01  6.4830895014735147e-03  
q[239]: 2.3712965742108356e-05  9.0716033899533810e-01  3.5290524296802900e-01  3.4089940691846427e-01  1.3055903316901575e-02  
q[240]: 6.7733424493226957e-05  8.6946808401329123e-01  3.0357120095403717e-01  2.8223423484079124e-01  5.5354626292066188e-02  
q[241]: 7.0828827729407727e-05  9.0576292682658355e-01  3.6950401834247071e-01  3.6272868262671598e-01  2.0447536151116200e-01  
q[242]: 1.6965978179617707e-05  9.4008334960210982e-01  4.5400007406499837e-01  4.3345660011100184e-01  4.2939065110032221e-01  
q[243]: 4.9197726456714699e-05  9.1263010550155044e-01  4.6107714721261500e-01  5.5727610662994739e-02  4.3734687601311890e-02  
q[244]: 9.5042291387597254e-05  9.0257802979168988e-01  4.9559893675535277e-01  1.1849858848811934e-01  1.2469339594363455e-02  
q[245]: 8.9290795803144269e-05  9.1727571634488292e-01  5.5209022197879187e-01  2.8325448217896126e-01  8.2151127727787022e-03  
q[246]: 1.3130684371715973e-04  9.3753201683543153e-01  5.4036119904786184e-01  1.5560123801008030e-01  8.4645435263055818e-02  
q[247]: 9.6765731349876180e-05  9.1305685834790329e-01  5.4216909551646175e-01  1.8120288255861719e-01  1.7007156632650353e-01  
q[248]: 2.2568479286460085e-04  9.2197753136939364e-01  5.6081397780708508e-01  4.1059908447359394e-01  1.9659050385905269e-01  
q[249]: 2.1886186298918669e-04  8.8192640499732677e-01  5.0627968065923157e-01  3.5558540586600129e-01  5.9229469388605085e-02  
q[250]: 1.2453664121808879e-04  8.8607809918935621e-01  4.8433049672998391e-01  2.8750330278184305e-01  2.6582374588093216e-01  
q[251]: 7.0309623021171498e-05  8.6084412877935723e-01  4.9638340740280634e-01  4.0257800753918299e-01  8.3302523453421956e-03  
q[252]: 9.0136842218347491e-05  9.2398779293899003e-01  4.9945688966928009e-01  4.3996615162246555e-01  5.4238576121797388e-02  
q[253]: 1.2839515258906528e-04  9.4299125485782609e-01  5.1984055269104135e-01  4.7241799291547293e-01  2.4382922612903127e-01  
q[254]: 1.9528247819237710e-04  8.0243346102134661e-01  4.8471515099989199e-01  3.7834539788073918e-01  3.0587786868723543e-01  
q[255]: 8.2142160122793172e-05  9.2012991581347647e-01  5.1584640241343382e-01  4.2615044575091471e-01  4.0997711316805641e-01  
q[256]: 5.4659970210149904e-05  9.0329029518388548e-01  5.3983913643417092e-01  5.2290606147764296e-01  2.3908339666472940e-02  
q[257]: 9.4304744492644979e-05  8.8881297516670255e-01  4.8966790062463922e-01  4.8078302295163011e-01  1.3204290606127439e-01  
q[258]: 9.4807984114373762e-05  9.0669857661023656e-01  5.7974335710469926e-01  5.7003772077611103e-01  3.6636940297050785e-01  
q[259]: 5.7984585357412700e-05  9.2636579787814655e-01  5.2432666966885122e-01  5.1430075137028919e-01  4.4317605973565644e-01  
q[260]: 3.2188120200871382e-05  8.8840495660533592e-01  6.3900686949395902e-01  6.2360759507363295e-01  6.1318403688585255e-01  
q[261]: 3.3709943707895742e-05  8.9895444519570977e-01  5.8543263291019554e-01  2.9167842633449938e-02  1.0089657076809441e-02  
q[262]: 1.2519183039726636e-04  8.9999183438087216e-01  6.7177413212928916e-01  1.2556005966464187e-01  2.6971197393133167e-02  
q[263]: 1.1181331126683354e-04  9.0571547104294703e-01  6.7434257859572622e-01  1.0617524678096389e-01  8.5353014845478345e-02  
q[264]: 1.0869176515777586e-04  9.1842154043304791e-01  7.6812000792847768e-01  3.7211904700986426e-01  1.9664425721756966e-02  
q[265]: 2.5934770956562381e-04  9.0923812476232124e-01  6.6922307623931720e-01  3.0432220823786554e-01  7.5552840207133987e-02  
q[266]: 2.8593020081740995e-04  9.2049821123892206e-01  6.7185362701131890e-01  2.9389932723906226e-01  1.7774566086927873e-01  
q[267]: 9.0744884105021395e-05  8.4497134937733620e-01  7.2132348989151673e-01  2.0754896237236120e-01  1.9694656444623637e-01  
q[268]: 1.5867101705843638e-04  9.0203638312096812e-01  6.8248065444279160e-01  4.6903265083160106e-01  2.2316664146200288e-02  
q[269]: 2.2958534310157829e-04  9.0100284982687451e-01  6.2265401491154071e-01  4.0596287264360903e-01  3.2640212060161294e-01  
q[270]: 1.7254300107583329e-04  9.0236122668175744e-01  6.8195003985677549e-01  2.8911486142843068e-01  2.5574491233705815e-01  
q[271]: 6.7022366457566328e-05  9.0682958035618710e-01  6.8825825045850808e-01  6.1346908865056093e-01  1.3172959708061181e-02  
q[272]: 3.0133102282175897e-04  9.1159573888493506e-01  7.1941542814076975e-01  4.9524912812625060e-01  1.3821139020704795e-01  
q[273]: 2.5385786566389513e-04  9.0680453359539415e-01  6.9491171895153547e-01  4.7862836827145366e-01  2.7280078124548363e-01  
q[274]: 9.3673680400641328e-05  9.1693144668783211e-01  6.9056274938667117e-01  4.5637834647664893e-01  4.4561225790163667e-01  
q[275]: 1.5679856205877925e-04  9.3020624276534203e-01  7.1161112533770199e-01  6.2991560170016425e-01  7.9947199383074138e-02  
q[276]: 2.3627561286291440e-04  9.3852408859999259e-01  7.6811900750351925e-01  6.5533732818150359e-01  2.9071922910181519e-01  
q[277]: 2.8418198780044950e-04  9.0019997887809189e-01  6.5311768884811028e-01  5.6356747077566971e-01  3.8454529720121772e-01  
q[278]: 7.9500205360172858e-05  9.7619289520724861e-01  7.5565520103909167e-01  6.5697855867604893e-01  5.4802236880609989e-01  
q[279]: 1.1471961300530252e-04  9.1588089534181494e-01  6.9003682955634504e-01  5.8089144303823337e-01  5.4516336814831146e-01  
q[280]: 3.0648758997976125e-05  8.7980357853648716e-01  7.0858891341237062e-01  6.9784680740969052e-01  1.9564059472064094e-02  
q[281]: 1.1015358072709227e-04  8.7547480656708365e-01  6.6244567270510013e-01  6.4709786221078769e-01  1.1663183611692528e-01  
q[282]: 1.5579620539217864e-04  9.0707785160255716e-01  6.8670066823650178e-01  6.6749358207032161e-01  2.8770451104755901e-01  
q[283]: 8.6986255977846325e-05  8.6024927314301980e-01  7.1921648432236562e-01  7.0985326643872892e-01  4.9925092003499871e-01  
q[284]: 1.4169034024193858e-04  8.9267659178641301e-01  6.8510375509017074e-01  6.5559071807346447e-01  5.7049633128647026e-01  
q[285]: 2.4182548041219841e-05  9.1470062202542723e-01  7.8075603083002176e-01  2.9439195277323655e-02  1.2076066812350069e-02  
q[286]: 5.4382649067350148e-05  9.0155669216866430e-01  8.2306711321249415e-01  1.1338736403172103e-01  9.9249095811721311e-02  
q[287]: 7.2542140265892852e-05  8.5311339819240284e-01  7.4875087000533413e-01  1.0961770246593291e-01  1.5856009760899733e-02  
q[288]: 4.7917225638619214e-05  9.2898031247027457e-01  8.3915800404239282e-01  1.0920722671464624e-01  5.9946820063325856e-02  
q[289]: 5.8563944871662108e-05  9.4005575265519115e-01  8.4227301224765749e-01  2.2900453548951860e-01  1.0795410621539870e-02  
q[290]: 1.7638319500820333e-04  9.2730843032273080e-01  8.0159718914593370e-01  2.4520190016035484e-01  9.4226726474789510e-02  
q[291]: 2.4185172430602598e-04  9.4680407182614146e-01  8.4411742349970209e-01  4.5375583333928304e-01  2.2166902331573557e-01  
q[292]: 1.6377883525689832e-04  9.2674170798247146e-01  8.3107947717450747e-01  2.7181645512913294e-01  1.9973416576208289e-01  
q[293]: 5.7093635346356848e-05  8.9464117543668475e-01  8.7135138862077854e-01  2.5213396293682183e-01  2.3164552596752416e-01  
q[294]: 1.9819093803173649e-04  8.9015426696601230e-01  8.0627585692815451e-01  4.5195837194400212e-01  9.8604266367627730e-02  
q[295]: 2.3807371255813649e-04  9.1183030667598308e-01  8.4793554425505180e-01  6.1921393218898757e-01  2.3117600359801532e-01  
q[296]: 2.1455555276940776e-04  9.3352279580994924e-01  8.4000085919340539e-01  4.7008081201504925e-01  3.7888130101317807e-01  
q[297]: 6.7854100108917458e-05  9.2654843793604758e-01  8.2140647058347849e-01  3.8454484982570891e-01  3.7302092684520582e-01  
q[298]: 8.6058966348694459e-05  9.2814466939032847e-01  8.4747383332185133e-01  5.8923268288557540e-01  2.0202148553845181e-02  
q[299]: 1.4561151758126000e-04  9.0588255124694717e-01  8.0649225100427191e-01  6.1832362423039711e-01  8.6485820342754663e-02  
q[300]: 1.6585687181517046e-04  9.5775172390350849e-01  8.6069179242711658e-01  6.5489264057424579e-01  4.2036805005296562e-01  
q[301]: 1.7884990612733484e-04  9.1558229002088432e-01  7.8051290548401875e-01  6.1972698653206915e-01  5.1834019615285409e-01  
q[302]: 9.9374300911637324e-05  9.1407816101328754e-01  8.2785970295741174e-01  5.8900392291942005e-01  5.6307753722834775e-01  
q[303]: 6.1905027709382502e-05  9.1286869998733378e-01  8.4219061578419874e-01  7.3851178398058159e-01  1.7613854741206934e-02  
q[304]: 2.0759396699422249e-04  8.7471624514584223e-01  7.8311713916644143e-01  6.8879464706386440e-01  1.7322859730004492e-01  
q[305]: 9.5899048532087743e-05  9.2504791519461538e-01  8.3637107931411392e-01  8.1865330096473266e-01  4.1905107366525568e-01  
q[306]: 1.6010172048645189e-04  9.1671994488860964e-01  8.1027606349815673e-01  7.4222385843523320e-01  5.2227881613106830e-01  
q[307]: 9.7688802500511075e-05  9.3892903450518794e-01  8.7125425525079259e-01  7.8758368798027178e-01  6.9855742915732899e-01  
q[308]: 5.1900663760337846e-05  8.9366462929773705e-01  7.8020794787191872e-01  6.9062143152568345e-01  6.8180694169269640e-01  
q[309]: 1.2769792464786088e-05  9.0418980496342838e-01  8.5128896122812625e-01  8.3430752948944009e-01  6.4690387213925766e-03  
q[310]: 7.7737398004060202e-05  9.1886254000426815e-01  8.4173897298864653e-01  8.1662180506570392e-01  8.5100890937330115e-02  
q[311]: 7.9103084508543560e-05  9.2839310088925153e-01  8.2969951665801966e-01  8.0897908212332437e-01  2.1407028188384483e-01  
q[312]: 4.5575453609456742e-05  9.1081185265282416e-01  8.3555884562339411e-01  8.2294491947271886e-01  7.0184505052357105e-01  
q[313]: 3.3759291744244607e-05  8.9796620422336171e-01  8.0168243549486740e-01  7.8627293005371668e-01  7.5769584656957589e-01  
q[314]: 9.5689445752230352e-06  9.2367592027822876e-01  8.9999413247689608e-01  3.1696468716366083e-02  2.4063022810883961e-02  
q[315]: 2.1497389398155472e-05  8.7464191303303518e-01  8.7299788438491133e-01  1.2482796856347993e-01  9.4831694221000448e-02  
q[316]: 1.7230636844269589e-05  8.9769383585326223e-01  8.7685384230433738e-01  7.9214330427061191e-02  4.3902098522109511e-03  
q[317]: 6.9120567979582816e-05  9.0929348237727259e-01  8.8462079723922382e-01  1.7142739697832976e-01  6.4667322228453200e-02  
q[318]: 2.8570109511270548e-05  9.0108903852219058e-01  8.8987887048221159e-01  2.5495723547610882e-01  1.3147515197849969e-02  
q[319]: 9.9286213149368962e-05  9.2925703447589103e-01  8.5940984944690113e-01  3.1621579042803821e-01  6.1264986568320814e-02  
q[320]: 1.2433812672252268e-04  8.8969268574786275e-01  8.5651227385008777e-01  3.7341247584338921e-01  1.9113901004269157e-01  
q[321]: 6.6773428531089228e-05  9.0208188776328813e-01  8.8666117624315510e-01  3.0925041547787241e-01  2.1235009218028136e-01  
q[322]: 4.7349819885453044e-05  8.9777445852319226e-01  8.6309643497801969e-01  4.2932309905351185e-01  9.5281879891329323e-03  
q[323]: 5.5208329105470907e-05  9.1158018157997678e-01  8.9792935908902638e-01  4.4650169535481199e-01  6.5528536477766658e-02  
q[324]: 9.3734271526080721e-05  9.1583745011842199e-01  9.0376467171844477e-01  5.2827005777149061e-01  1.9255834775915712e-01  
q[325]: 1.4556610835538618e-04  9.2500065590234559e-01  9.0390021012044686e-01  5.9355159685183967e-01  3.8107484274041104e-01  
q[326]: 6.8006483198107691e-05  9.4301934773078155e-01  9.2006873543529832e-01  4.9224477923789589e-01  4.2378794145469062e-01  
q[327]: 4.2783695948537515e-05  8.8506769073699121e-01  8.6508176484917032e-01  4.1527695781576235e-01  3.9917274818191079e-01  
q[328]: 4.6494843317406588e-05  8.2826902012259140e-01  8.1416221123217025e-01  5.7173460351620586e-01  1.4903889601021117e-02  
q[329]: 8.8686269617657747e-05  9.0698064758597396e-01  8.8807185219373197e-01  6.1515425397549717e-01  7.6586541629657348e-02  
q[330]: 6.8189482075011956e-05  9.1463420317712341e-01  9.0619682308724991e-01  7.2035252248394988e-01  3.4668154390970057e-01  
q[331]: 9.9838981830377717e-05  8.9268225783092003e-01  8.7581808768110625e-01  7.6952204436635108e-01  5.2152681494369180e-01  
q[332]: 1.2473453445065321e-04  8.9929128400839375e-01  8.6940787065867842e-01  6.6260891892900742e-01  5.4907992164520936e-01  
q[333]: 4.9345477190020215e-05  8.7268234386152177e-01  8.5705498654463119e-01  5.8765528691006819e-01  5.6909696916155661e-01  
q[334]: 2.9169241989508027e-05  8.3596123104551934e-01  8.2326513652630340e-01  7.4084593593826076e-01  1.9023947742714684e-02  
q[335]: 7.6420472587778959e-05  9.1961280856342054e-01  8.9983647910544573e-01  7.9186750627085900e-01  9.9691823379976660e-02  
q[336]: 8.3080918496001937e-05  9.2334485976552860e-01  9.0579662283616735e-01  8.2710516445551319e-01  2.4660116963164488e-01  
q[337]: 1.5976278560137199e-04  9.0222907041741540e-01  8.5322596078626289e-01  7.6905419154233623e-01  3.6722707132491972e-01  
q[338]: 5.6167782639105222e-05  9.1090571826862443e-01  8.8386478686983228e-01  8.6445094842277037e-01  6.1697483357615979e-01  
q[339]: 3.7235633759550175e-05  9.1533957853529913e-01  9.0752636635352446e-01  8.2357480059401877e-01  7.0962424652256140e-01  
q[340]: 4.6655852757942561e-05  8.8406011884693481e-01  8.6414064715651417e-01  7.4521328302008349e-01  7.2299021071119396e-01  
q[341]: 1.6155865721647446e-05  8.3987525403521868e-01  8.2676616499700462e-01  8.1456438979130374e-01  3.9566014889514708e-02  
q[342]: 1.6610679109562789e-05  9.1664505690964981e-01  9.0725330336702836e-01  8.9132198835185406e-01  1.3307091252061024e-01  
q[343]: 4.3643917192608784e-05  8.6419457320549631e-01  8.3870697153558649e-01  8.2966395631795653e-01  2.5939950634454156e-01  
q[344]: 2.7011092421670095e-05  9.1174073251533561e-01  9.0387507250013810e-01  8.8735349509360539e-01  4.6082637170157076e-01  
q[345]: 3.1131693631782285e-05  8.3880625968759059e-01  8.2441908651489437e-01  8.0678098189879810e-01  7.1118640679944656e-01  
q[346]: 1.5157509390438622e-05  9.0886779320981481e-01  8.8695297208277935e-01  8.6450763872563585e-01  8.4794927636774764e-01  
q[347]: 6.2161124914551220e-06  9.6978253861883068e-01  7.2058676890796397e-02  1.7797090652085335e-02  9.6661848562346261e-03  
q[348]: 1.0140111422648400e-05  9.7298042014197017e-01  1.0369216419910889e-01  8.3780361668691836e-02  7.5463875574226333e-02  
q[349]: 8.1420457181324719e-06  9.8941084136295765e-01  9.2385933089472960e-02  7.5371647821021417e-02  2.2454577386143620e-02  
q[350]: 2.5395413933181131e-05  9.8708240448139151e-01  2.0507405293376554e-01  9.9994522567602120e-02  2.1288330317511289e-02  
q[351]: 2.5866541641733119e-05  9.9068763669864668e-01  2.2863471590366774e-01  1.2255894800020904e-01  1.0162792773792788e-01  
q[352]: 1.4190797548798359e-05  9.5542225966500394e-01  1.8392601518753038e-01  1.7854702506161821e-01  1.6029507621870432e-02  
q[353]: 3.7299650308540575e-05  9.8227635148481030e-01  2.2302816820761423e-01  2.0070952954631169e-01  1.0929558363318277e-01  
q[354]: 2.2047697745165506e-05  9.7859489853234694e-01  2.4645647883587105e-01  2.2963281377325789e-01  2.0712541304823720e-01  
q[355]: 2.2333486370199426e-05  9.8222541085572335e-01  3.8833006731495334e-01  4.0234314310749260e-02  1.8358704390466843e-02  
q[356]: 4.5308166060605493e-05  9.7311856711409794e-01  3.6136755531537479e-01  1.2198993238436720e-01  9.9500473548737242e-03  
q[357]: 2.5300802704053368e-05  9.7276294842519750e-01  2.1916755997092657e-01  3.8869953208829910e-02  2.2834669239435217e-02  
q[358]: 6.1954232831165884e-05  9.8890602778246262e-01  4.0680026061426411e-01  1.7719354317092817e-01  8.2529554546447642e-02  
q[359]: 7.2094608127125118e-05  9.7869606297157286e-01  4.0057488393786839e-01  2.6607074515176443e-01  2.4554573298785728e-02  
q[360]: 3.5739833450193888e-05  9.7898954989307740e-01  4.1586864792722461e-01  1.9791866172667297e-01  1.8888269918824480e-01  
q[361]: 1.0360231731170811e-04  9.7738454983134104e-01  3.5415842097478911e-01  2.4864049454385148e-01  1.1254217575628404e-01  
q[362]: 8.1440245230123893e-05  9.8200984499309663e-01  4.0763688589760355e-01  2.8904294135006797e-01  2.3457337084099822e-01  
q[363]: 2.3713151798918255e-05  9.7371490303920316e-01  3.4645188345972122e-01  2.7833806356716095e-01  2.7141362071327652e-01  
q[364]: 2.4678634685362663e-05  9.8942340318863398e-01  2.6733621082580106e-01  2.2720761949400059e-01  2.5622460672457711e-02  
q[365]: 2.5211460570556506e-05  9.8455117105285883e-01  4.3336964961821001e-01  4.0795450883738871e-01  1.6492165503458681e-02  
q[366]: 4.0640483356079117e-05  9.6946615386524915e-01  3.6363443406327617e-01  3.5314695595898432e-01  8.4846887921456463e-02  
q[367]: 3.4629742193891540e-05  9.9037506009992093e-01  4.0360116212243596e-01  3.7932282562124653e-01  1.6900213895635216e-01  
q[368]: 6.8931526800709386e-05  9.7740090924301104e-01  4.0537592051135790e-01  3.7996201483132347e-01  2.8120833148179242e-01  
q[369]: 1.3706252001371739e-05  9.8960683455186182e-01  4.5377072065199020e-01  4.4232664843134795e-01  4.1684474092451651e-01  
q[370]: 1.6758428740616426e-05  9.7866212243003248e-01  5.6530698784730904e-01  3.3818172340903591e-02  7.5677501112947597e-03  
q[371]: 3.9505895159150644e-05  9.8443977149906248e-01  4.1710142724958155e-01  1.1583260442410795e-01  9.2062130983094431e-02  
q[372]: 5.8920476508616397e-05  9.8463756180657869e-01  5.5863919472413270e-01  1.3988337948418381e-01  2.5376493942795102e-02  
q[373]: 5.7599250317603785e-05  9.8834281335457597e-01  5.7031113971797720e-01  2.8648963047061993e-01  2.3006987587918262e-02  
q[374]: 7.3466123185631960e-05  9.8835701541855470e-01  6.1345215683444310e-01  2.4870750811957451e-01  1.1817406785617771e-01  
q[375]: 5.4934535191916778e-05  9.8670149936550877e-01  6.1643307420216753e-01  2.1852381891670380e-01  1.9344034703496535e-01  
q[376]: 1.6924072441701612e-04  9.3431275312934170e-01  5.2409957205589275e-01  2.6968918633665623e-01  7.2350032647064411e-02  
q[377]: 1.2106832233273540e-04  9.8299307357710386e-01  5.6802924387106513e-01  3.5889498057989405e-01  1.2183502730190841e-01  
q[378]: 1.1054364739473251e-04  9.8502264909979709e-01  6.0150602957538601e-01  3.3464306123808640e-01  2.4287861074915226e-01  
q[379]: 9.1485770730203165e-05  9.8668214762679962e-01  5.2196960538508597e-01  4.3940395094195667e-01  1.0469514503185863e-01  
q[380]: 1.1071631723602174e-04  9.7881534595000186e-01  6.4373775790820753e-01  5.0055203748562971e-01  3.9698328345011441e-01  
q[381]: 6.9625047794588327e-05  9.7694338243658563e-01  5.9028578217113981e-01  3.6515243768722361e-01  3.4955962443827399e-01  
q[382]: 7.8310592053584815e-05  9.7560201556089343e-01  5.8266021110420263e-01  4.5519363103655913e-01  1.7380734959839737e-02  
q[383]: 4.5723631077303895e-05  9.8053197925399227e-01  5.8188587408509307e-01  5.6633186428346094e-01  8.3392935426620213e-02  
q[384]: 1.1313108971546573e-04  9.8575289835390134e-01  5.5045052865724375e-01  4.3666078826593563e-01  2.5755479187660724e-01  
q[385]: 1.4906650341955666e-04  9.2169788336934544e-01  5.1778988713583007e-01  4.4314588229791368e-01  3.6018797168710442e-01  
q[386]: 3.7129794331468605e-05  9.9195811348802043e-01  5.4658614944982165e-01  4.5650027072264593e-01  4.2967553453824203e-01  
q[387]: 1.8816751123695808e-05  9.8115544680818634e-01  6.4794497868230094e-01  6.2247276189307910e-01  8.1762283624772798e-03  
q[388]: 6.5861010838572348e-05  9.7912418449983429e-01  5.9161111653534115e-01  5.7411057427853052e-01  2.2514910731847332e-01  
q[389]: 2.1812767569413269e-05  9.9288678753215776e-01  5.8273168419426391e-01  5.7455478788265624e-01  3.6586412094457066e-01  
q[390]: 6.0403832911939503e-05  9.8553671826862588e-01  6.2465720063750796e-01  5.9038000432257642e-01  4.7569370521108212e-01  
q[391]: 2.7996101903974040e-05  9.7996350499505558e-01  6.6191188337926576e-01  6.4374510590913714e-01  6.1869558813298953e-01  
q[392]: 2.3611082636380562e-05  9.8111302560294222e-01  7.5510064570349467e-01  4.4320366451132166e-02  3.0868890406632869e-02  
q[393]: 3.7595091180699074e-05  9.8513423586151250e-01  6.0300445100313615e-01  9.1592192543041406e-02  7.4051112422457654e-02  
q[394]: 2.9795455672101860e-05  9.8093420142873067e-01  7.3759590390232188e-01  9.6523450702414193e-02  1.0969864216867797e-02  
q[395]: 1.0181155267921976e-04  9.8065943396090571e-01  7.3862450551107917e-01  1.7829210961355532e-01  8.5069676480201736e-02  
q[396]: 8.3024823342188017e-05  9.7306771038657924e-01  7.2036437589315172e-01  2.4149545251380772e-01  1.7351173067955687e-02  
q[397]: 1.3156904646143781e-04  9.8584141242607948e-01  7.6145382679169649e-01  3.6444419964566971e-01  1.0418616989821050e-01  
q[398]: 1.0891769780445567e-04  9.8804985044302474e-01  7.9397061623011023e-01  3.4292033268319883e-01  2.3440848116513302e-01  
q[399]: 6.8860807682877869e-05  9.7587610175620421e-01  7.7610110366560381e-01  1.9453827885780689e-01  1.7563695003195981e-01  
q[400]: 5.8988803696022702e-05  9.8562770521125020e-01  7.5073082680882153e-01  4.4147283531838172e-01  1.8703763100422814e-02  
q[401]: 1.9676943822528471e-04  9.8011298936491853e-01  7.3688630964925372e-01  4.8300297544323179e-01  2.4611798879749336e-01  
q[402]: 1.5743406947866929e-04  9.7603932454364850e-01  7.7019602750844363e-01  4.9514036113711268e-01  4.0003081278345126e-01  
q[403]: 6.4527031422394825e-05  9.8051816003493619e-01  7.5322411760481844e-01  3.5712677450018998e-01  3.3939198750169097e-01  
q[404]: 3.8102517711258881e-05  9.8089244671671394e-01  7.9765998027269991e-01  6.3999251852471806e-01  8.1618918410073325e-03  
q[405]: 1.5176679161933089e-04  9.7638016735064270e-01  7.0400713174803675e-01  4.9430753298609342e-01  8.5694592124533023e-02  
q[406]: 9.4975104781893521e-05  9.9173567969094889e-01  7.2884096408096521e-01  6.1140820455862233e-01  2.0331566962670827e-01  
q[407]: 9.2074955683805475e-05  9.9054765633584840e-01  8.0962685589865535e-01  6.5933018891963291e-01  4.3372837024153976e-01  
q[408]: 4.2516621524355857e-05  9.9229442249581479e-01  7.6589169374749455e-01  5.6528597464667207e-01  5.3912764763600096e-01  
q[409]: 2.0203806968488341e-04  9.2333278555996623e-01  6.1148715229106188e-01  5.2801941386404327e-01  1.4967012069385746e-01  
q[410]: 5.2162455214210463e-05  9.9244226971054861e-01  7.3220684974928507e-01  6.5304539110232274e-01  6.2834698312274839e-02  
q[411]: 1.0055034002773666e-04  9.8285583242167895e-01  7.0092259259161926e-01  6.2544645854034686e-01  3.4560524086193961e-01  
q[412]: 3.7506057232919768e-05  9.7566019230516354e-01  7.0887486758828133e-01  6.2394340472970677e-01  6.1012542431457140e-01  
q[413]: 2.5129932395733487e-05  9.7882890106219855e-01  8.3413467749765879e-01  8.0437580970709832e-01  1.6896160011975681e-02  
q[414]: 2.5027937909030263e-05  9.6892891488599420e-01  7.4804170846432927e-01  7.4350577935713125e-01  6.5778322707770648e-02  
q[415]: 8.1637524951198983e-05  9.7710067454384564e-01  7.4609655092499338e-01  7.2091497136476912e-01  1.8985557372890396e-01  
q[416]: 3.0095880940139910e-05  9.9152784755557277e-01  7.9465989514684254e-01  7.8311944837906977e-01  3.6725926267725406e-01  
q[417]: 8.9740856250347729e-05  9.7102294191114358e-01  7.5360708892755723e-01  7.2924672530335954e-01  4.8318561185257425e-01  
q[418]: 3.6434747533912270e-05  9.7718355463908313e-01  7.7508200525412896e-01  7.6505475762199027e-01  6.4971056832810825e-01  
q[419]: 7.9558291105213726e-06  9.8690480545252923e-01  9.0780182104670748e-01  3.3689916741185655e-02  1.8291804518940739e-02  
q[420]: 2.6418747794273813e-05  9.8846889737719057e-01  8.7942457518526174e-01  1.2582102976561502e-01  1.0290825971520273e-01  
q[421]: 2.8960119470404483e-05  9.7575268796146453e-01  8.7301705151523090e-01  1.0340952088340948e-01  1.3415116303214607e-02  
q[422]: 4.5814770925314958e-05  9.8642686649585731e-01  8.8602528850896123e-01  1.8949103255710231e-01  8.4511754014126736e-02  
q[423]: 3.1199620280486958e-05  9.9836583573802695e-01  8.7797770712712786e-01  2.7028443747242520e-01  3.2102064172402259e-02  
q[424]: 6.9726612522070475e-05  9.9096334573607714e-01  9.0533949719230611e-01  3.6963556139016995e-01  1.4980784523217688e-01  
q[425]: 5.7426500212465011e-05  9.8810444821844068e-01  9.1659686920769279e-01  3.3001938763742900e-01  2.5476773532790226e-01  
q[426]: 2.9954811863595203e-05  9.7545229719394511e-01  9.0163476177261581e-01  2.8085605409661307e-01  2.7346189428982937e-01  
q[427]: 3.8880609182870496e-05  9.8378825587534990e-01  8.8617761058995093e-01  4.4665297413402039e-01  1.5148094621949141e-02  
q[428]: 1.1730877738560818e-04  9.7497601149856150e-01  8.7684534496197031e-01  4.8290755650122363e-01  8.9192709985037144e-02  
q[429]: 1.1705334828402570e-04  9.8873713919469786e-01  8.7133224841234191e-01  6.1020292081554561e-01  2.1619682498241685e-01  
q[430]: 7.8440527204345095e-05  9.9297059975876922e-01  9.0523840572193071e-01  5.4837190797167590e-01  3.5610762365454723e-01  
q[431]: 3.4156998933086737e-05  9.9534681944843384e-01  8.9885278809816338e-01  4.5998179761906843e-01  4.2667550361339857e-01  
q[432]: 2.1213939817408526e-05  9.9033958349552231e-01  9.2808081457032454e-01  6.5274186227904130e-01  1.6970288977152366e-02  
q[433]: 8.8009325189272215e-05  9.8441790554875863e-01  8.6121581359107124e-01  6.3478790792872197e-01  8.2349579594159728e-02  
q[434]: 8.7569174254694944e-05  9.8302355539778696e-01  9.2283744758072206e-01  7.4373906207853813e-01  3.6564843286230253e-01  
q[435]: 3.6399400461029167e-05  9.8915745507997377e-01  9.7577939420372362e-01  7.0011525131460950e-01  4.5042107438795670e-01  
q[436]: 9.0847689144216674e-05  9.8598393882103041e-01  9.0931413670827788e-01  6.8749135741403966e-01  5.8345350902260917e-01  
q[437]: 4.0517866038857007e-05  9.7759053167518206e-01  8.6741742317457560e-01  5.8295804770694504e-01  5.6741303278729460e-01  
q[438]: 6.5198239762195295e-05  9.7689549483711380e-01  8.8162525075981912e-01  7.8026407211603011e-01  6.6319252845816898e-02  
q[439]: 1.3271849770856001e-04  9.7567315520589071e-01  8.6173254809019395e-01  7.5325110391529193e-01  1.9220709392902255e-01  
q[440]: 7.8213640033703423e-05  9.8685578625990877e-01  8.8168984809991036e-01  8.1460387115638233e-01  3.8538220412414292e-01  
q[441]: 7.2442708218936494e-05  9.8454211453334461e-01  8.9641662028384350e-01  8.2937441062908934e-01  5.8635231569508628e-01  
q[442]: 4.1767989928477998e-05  9.9079741832969492e-01  8.3927621501658267e-01  7.6348968980407883e-01  6.6824363131041054e-01  
q[443]: 3.8959323509796809e-05  9.8123061943664858e-01  8.8070886184733643e-01  7.6042129562115168e-01  7.4125173629668706e-01  
q[444]: 8.6510779295185044e-06  9.8466927590599629e-01  9.4460036235464806e-01  9.3479500030018958e-01  3.3063718006176530e-02  
q[445]: 2.5131379070155603e-05  9.9370875974804573e-01  8.8068727299868244e-01  8.5749881474123979e-01  1.2893211827949794e-01  
q[446]: 3.1259996964198703e-05  9.8108400426199704e-01  8.9992788238367394e-01  8.8562747457949731e-01  2.9382639242913133e-01  
q[447]: 2.1701740456557212e-05  9.8087664250020878e-01  8.8260518693368528e-01  8.7788425107666046e-01  6.1007736440624127e-01  
q[448]: 2.5360929700877781e-05  9.8529432306091647e-01  9.2622060489276203e-01  9.0683001305279654e-01  7.9137884912022760e-01  
q[449]: 2.5183340094821109e-05  9.7838136532864706e-01  8.3687972836901503e-01  8.1519636007508323e-01  7.9348035821805429e-01  
q[450]: 1.0490190939105197e-05  9.8305339999331998e-01  9.6836456419113315e-01  6.6145695137646759e-02  2.9143596017460003e-02  
q[451]: 1.8537867476643397e-05  9.7620037141696869e-01  9.5390211679585835e-01  1.4685525336557104e-01  1.3363276157039361e-01  
q[452]: 2.4949688270952717e-05  9.8184383881676895e-01  9.6035104240132385e-01  1.8095468493940808e-01  2.4074142873620953e-02  
q[453]: 4.1457093981669858e-05  9.8036514126403362e-01  9.6079363642071491e-01  2.2622011318860441e-01  1.3429324626994421e-01  
q[454]: 2.6839097796829518e-05  9.8317809368610454e-01  9.6063630534307798e-01  3.6287380635678829e-01  2.0427518593731691e-02  
q[455]: 5.8382095986784728e-05  9.7560592004487900e-01  9.5952674207478039e-01  3.5731251478470916e-01  1.1070098878875237e-01  
q[456]: 6.6945821623934568e-05  9.7632286039118688e-01  9.6077180755194891e-01  4.4431091573335152e-01  2.8289198288309536e-01  
q[457]: 1.9749103866217304e-05  9.8170860124877712e-01  9.7406735715956960e-01  3.4147332841720657e-01  3.1148445858527457e-01  
q[458]: 1.9601045637277720e-05  9.7267161145176950e-01  9.6170961658384901e-01  5.6693001915731178e-01  1.6577559348407000e-02  
q[459]: 4.4494744612848829e-05  9.8571360238940886e-01  9.6448112856821111e-01  5.4910284221042405e-01  9.3315715474720951e-02  
q[460]: 6.5483277364892918e-05  9.8591078249529696e-01  9.6347547063164007e-01  5.8001287385864086e-01  2.3749924965973165e-01  
q[461]: 2.7113064533607963e-05  9.9396486275927753e-01  9.7239141711835797e-01  5.7583439831585337e-01  4.8035981624022223e-01  
q[462]: 2.0349302859716816e-05  9.7680026918015983e-01  9.5606107932322859e-01  5.1664862281784307e-01  5.0595458877174027e-01  
q[463]: 2.2770660046541153e-05  9.5425610276096928e-01  9.4440682645680674e-01  7.5529616359291696e-01  1.8726649957329401e-02  
q[464]: 1.5609194576915150e-05  9.9552785602461935e-01  9.7673486355929839e-01  7.4411594145883697e-01  6.5082258548868357e-02  
q[465]: 8.9809734145391228e-05  9.7189576093476959e-01  9.4679575552399664e-01  7.2018784532877067e-01  1.5991867161320988e-01  
q[466]: 3.0377807558988662e-05  9.8296511738778025e-01  9.7456143491823166e-01  7.7225402471447380e-01  3.0921556142951179e-01  
q[467]: 6.5694636087075602e-05  9.7751724581286159e-01  9.5434295776727007e-01  8.1539828238462009e-01  5.8274688089883075e-01  
q[468]: 3.0492654482781524e-05  9.6404541674306832e-01  9.6011128010750535e-01  7.0405829377831408e-01  6.0854084939850406e-01  
q[469]: 2.8075003183753470e-05  9.7856300539560914e-01  9.5627360564740038e-01  7.0521118164470198e-01  6.8442373646190557e-01  
q[470]: 1.1164639211232526e-05  9.9189403085814387e-01  9.4876159272775507e-01  8.4681549331493955e-01  1.0763237502027106e-02  
q[471]: 1.9945713542387475e-05  9.9015064728707769e-01  9.7228955634075320e-01  8.8129748971322430e-01  1.0217053107695818e-01  
q[472]: 3.5942089248642293e-05  9.9077493422989704e-01  9.6305181703971499e-01  8.7150919087573919e-01  2.5247845629875049e-01  
q[473]: 4.3596688143298109e-05  9.7853084903442045e-01  9.6476912192963349e-01  8.8683846427592183e-01  4.6919054091569623e-01  
q[474]: 1.9526642715237821e-05  9.8198461466904874e-01  9.7092673714274469e-01  9.4340911109890335e-01  6.9911228086597776e-01  
q[475]: 2.2490693955593418e-05  9.9233397657703670e-01  9.7313760111313019e-01  8.6482320259785483e-01  7.6284948405226105e-01  
q[476]: 1.5703050721045113e-05  9.7493977122973341e-01  9.5764780334352129e-01  8.4978492238644532e-01  8.3071236451181629e-01  
q[477]: 1.0428815717633569e-05  9.6078900964917580e-01  9.5545517304207583e-01  9.1410315495627315e-01  2.5674236976253165e-02  
q[478]: 1.7093033087241233e-05  9.8095413939889908e-01  9.5908403190598535e-01  9.4180525612754551e-01  1.5060083015281669e-01  
q[479]: 1.9661179932337825e-05  9.7601050420422963e-01  9.6270588136468227e-01  9.4458230578821978e-01  3.2610950934242550e-01  
q[480]: 1.8526350927864098e-05  9.8793647103664295e-01  9.5452636562407212e-01  9.4232216313374806e-01  5.1643465564795921e-01  
q[481]: 8.3313668822912187e-06  9.6185933637117982e-01  9.5906702031196434e-01  9.4400795438965268e-01  8.5181496822976310e-01  
q[482]: 9.4632810391124081e-06  9.8498574666381289e-01  9.5476536013219504e-01  9.3131979588518288e-01  9.1015662307512712e-01  

