deg: 9
dim: 4
nodes: 148
efficiency: 0.966216

q[0]:   8.5306216532980673e-05  1.6408669815151761e-01  1.0082563928718147e-01  6.4716046470461322e-02  4.4896013426133946e-02  
q[1]:   5.6597877197734393e-05  1.9594292330465471e-01  1.8278701021238905e-01  1.5478540169501226e-01  3.7295128651185776e-02  
q[2]:   9.8392961432248893e-05  2.9962177242517879e-01  2.9259359982312488e-01  2.4828039441261968e-01  1.9881837904125726e-01  
q[3]:   7.7337964832284076e-05  2.5260409369459830e-01  2.3792188453340288e-01  7.2819492280261827e-02  3.4573594604349799e-02  
q[4]:   1.2473902663188706e-04  3.7422303245099198e-01  9.0340941798361607e-02  5.1777423027177708e-02  2.8712443693774632e-02  
q[5]:   1.4373616747124840e-04  3.6782340952215675e-01  2.3541666030825631e-01  4.4867470641615184e-02  1.1363002741138909e-02  
q[6]:   1.6018812094181355e-04  3.7672639970387511e-01  2.1131993753785855e-01  2.0271804569453739e-01  1.3209245973237868e-01  
q[7]:   1.5971886456731549e-04  3.3316356195066982e-01  1.9839112198474729e-01  1.6142180646803633e-01  1.4562930347646186e-02  
q[8]:   2.6599910363157088e-04  5.7878938256021040e-01  3.7704084659647996e-01  1.4241536715955955e-01  7.4754268755390634e-03  
q[9]:   3.5967667246311424e-04  4.6296891849781457e-01  2.7204725586658901e-01  1.4942133133427177e-01  1.2145390896924541e-01  
q[10]:  4.7542311842140066e-04  4.3831068666097545e-01  3.3788317069201196e-01  2.3512738208365555e-01  9.7167409929567364e-02  
q[11]:  1.5130418357416802e-04  3.8681679327951612e-01  3.0408593213089602e-01  2.6718038819852497e-01  2.4683234118943667e-01  
q[12]:  1.6685666013425642e-04  5.2149489698697993e-01  4.8661633694250278e-01  6.2737842501596003e-02  3.2093445914019275e-02  
q[13]:  2.4868163611195711e-04  4.3308272549749288e-01  4.0193041777898764e-01  1.9698646480988113e-01  3.2253639835191347e-02  
q[14]:  2.5425226540862916e-04  4.3008233323142192e-01  3.8411176282202264e-01  1.6887918591022208e-01  1.4803954055372040e-01  
q[15]:  3.1487831623860322e-04  5.1136224197866176e-01  4.9010357839305041e-01  3.5530214534166699e-01  2.1299699594061788e-01  
q[16]:  1.6175146906595368e-04  4.1739825183068030e-01  3.9344296790962402e-01  3.4421721948152312e-01  3.8332597659851801e-02  
q[17]:  2.3086649870983844e-04  4.5080289885856489e-01  4.0423483502735941e-01  3.8930820371509295e-01  1.7597847024900232e-01  
q[18]:  1.3640721267456571e-04  6.7638160889210153e-01  9.3317329869855928e-02  6.2120111011333898e-02  2.9253368830175701e-02  
q[19]:  2.7825178074629929e-04  6.3049405146548887e-01  2.2622157861125311e-01  5.7955332024602409e-02  3.2626035830148351e-02  
q[20]:  1.7648236213229778e-04  5.8500002340076418e-01  1.8900610646314789e-01  1.7839366234320855e-01  1.4209003538793474e-01  
q[21]:  2.5351709930271338e-04  5.7127957243177518e-01  2.0661367445261752e-01  1.6673877929747774e-01  2.0619819258295476e-02  
q[22]:  4.1753264320340549e-04  6.3484690306027580e-01  4.4188107568425422e-01  8.8087191397211495e-02  5.9822941236258260e-02  
q[23]:  7.2906221749339444e-04  6.4614539282387551e-01  3.4872355882422684e-01  2.3397084346332367e-01  9.6769624502729190e-02  
q[24]:  3.9514275148296171e-04  7.0781795344443899e-01  3.2143197718078131e-01  2.1080672668999800e-01  1.8397928936621066e-01  
q[25]:  1.8565924052122237e-04  5.5924602716934024e-01  4.1624590436860531e-01  4.0093509267540434e-01  3.8228515480011459e-02  
q[26]:  3.3222171157137230e-04  6.2442419578859587e-01  3.7114018605141097e-01  3.5685384245800589e-01  1.2253370480064367e-01  
q[27]:  2.3500598427748354e-04  6.2059864472851822e-01  3.9610873092955257e-01  3.4923444070824911e-01  3.3562429396942256e-01  
q[28]:  2.3214960291239158e-04  6.8178934567669558e-01  6.3967904816805976e-01  1.8981732711573979e-01  1.3937413798991872e-02  
q[29]:  8.7302630892378775e-04  6.8031577143789235e-01  5.6246803898971209e-01  2.5874735344975169e-01  1.1446911375692650e-01  
q[30]:  4.2499394002430338e-04  6.3709071373907944e-01  4.7645237592350503e-01  3.4520591333748507e-01  2.3000649370479222e-02  
q[31]:  8.3708072457729142e-04  7.0321880419265559e-01  5.8045466964630410e-01  4.7919133752635623e-01  1.5072567775197909e-01  
q[32]:  7.8696447012897755e-04  6.5995907007168209e-01  5.1597409452065435e-01  4.0204163775836260e-01  2.8544432020618160e-01  
q[33]:  3.0807159812857243e-04  6.3502229640070784e-01  4.6311891450128401e-01  4.4679924345114014e-01  3.2559262118968185e-01  
q[34]:  2.4000499040470780e-04  7.2646992388154330e-01  6.8577241554847046e-01  1.7465411681963067e-01  1.5349445160665673e-01  
q[35]:  2.6574510030257859e-04  6.2021422261123638e-01  6.0143158063192215e-01  2.4049264698423375e-01  1.2210965582874667e-01  
q[36]:  2.3880085234880092e-04  6.4585202235677142e-01  6.2344859379837669e-01  3.3933131469070033e-01  3.0031824573360050e-01  
q[37]:  3.2851890337724186e-04  6.4677360304976950e-01  6.1310071689704504e-01  4.0034175597254895e-01  3.7048491179122976e-02  
q[38]:  2.5892388348701536e-04  6.5924580955844780e-01  6.4927017955211774e-01  4.9520219407792371e-01  1.6673455120574621e-01  
q[39]:  2.8656863115646147e-04  6.0140478315523471e-01  5.6191407052815789e-01  4.5468084068172460e-01  4.2617128108990587e-01  
q[40]:  9.0628596136795500e-05  6.2225262412118265e-01  5.8821996811865807e-01  5.5015840421256723e-01  1.4405847824094356e-02  
q[41]:  2.5964579607858947e-04  6.7308225049419568e-01  6.4610964929613002e-01  6.1557290513147478e-01  1.4434097049262226e-01  
q[42]:  3.3069220286043033e-04  6.5303114143864638e-01  6.2205558401801542e-01  5.7893838278184151e-01  3.7522193505771650e-01  
q[43]:  1.0534040252107615e-04  5.6912915732752700e-01  5.3711589688536343e-01  5.2940448962054620e-01  4.7619539104685549e-01  
q[44]:  5.7486633215686291e-05  9.0430530657134134e-01  8.2047982816335990e-02  7.2867215452729936e-02  2.6136454562767798e-02  
q[45]:  1.4706988471431607e-04  8.2358880725949324e-01  2.3506555372512894e-01  1.7438752610457275e-01  8.9683309154030590e-03  
q[46]:  1.2663343394268186e-04  8.6564487446171101e-01  1.8140875383090430e-01  4.1212131217940200e-02  2.4401830966289905e-02  
q[47]:  4.3838396988865553e-04  8.5447940456064364e-01  3.1032779535793192e-01  1.7194486175662227e-01  7.5746887737457594e-02  
q[48]:  2.3650680569694917e-04  8.4540253857996472e-01  2.1442814235212479e-01  1.7283989483760678e-01  1.4667083490757812e-01  
q[49]:  2.3677783266277342e-04  7.7830754938456415e-01  4.3112480050340291e-01  3.9816206493009088e-01  1.7147495017844388e-02  
q[50]:  2.8107448720511309e-04  8.1600837006468951e-01  2.7747360938880056e-01  2.6012431873408209e-01  8.2333674618209104e-02  
q[51]:  2.2352961980222848e-04  8.3950640337870353e-01  4.4217748387707101e-01  5.1327610879837206e-02  2.2737524542665991e-02  
q[52]:  3.2017745856846564e-04  7.9859512505553598e-01  3.9681288513241314e-01  1.5643413252302685e-01  1.3765483610413938e-02  
q[53]:  3.7072911558834243e-04  8.4870456464495958e-01  4.3849781182218367e-01  1.6518108326010617e-01  1.4371506682800841e-01  
q[54]:  7.2308241495056122e-04  8.3739660362759494e-01  5.4800702024086556e-01  2.4420427877222731e-01  1.3352387128111545e-01  
q[55]:  7.0417761527634100e-04  8.4610557918301466e-01  5.0888969076565427e-01  3.6397841619557936e-01  5.8112351489706782e-02  
q[56]:  9.0270636815619561e-04  8.5948609294751355e-01  5.5860124066207018e-01  4.2429974267341941e-01  2.2999706650252816e-01  
q[57]:  5.3394922354813056e-04  8.8781622762613399e-01  5.3483736365438250e-01  3.9427025349135325e-01  3.5742001314997102e-01  
q[58]:  5.3234443690356196e-04  8.7828084880354707e-01  5.6460729029874701e-01  5.3559369817510039e-01  1.5461551989970149e-01  
q[59]:  4.6684731961767504e-04  7.9490828301861605e-01  4.0614980853876520e-01  3.7328116316029814e-01  2.4663182354450780e-01  
q[60]:  1.9415329382825640e-04  8.4896653125113664e-01  4.3549294985341863e-01  4.1844776467971734e-01  3.9009668871465830e-01  
q[61]:  1.4491253864813851e-04  7.6021095619940093e-01  6.0799809288711482e-01  5.0460008863969327e-02  7.8891417011555040e-03  
q[62]:  2.9852254185371664e-04  8.8510311253569007e-01  6.9310617796979179e-01  1.4551881375083656e-01  3.7558196884479096e-02  
q[63]:  3.2572318851230151e-04  8.6384423327747983e-01  6.8830879083048291e-01  1.4676010018597532e-01  1.2562078976037358e-01  
q[64]:  1.7612769442470314e-04  8.3717975378255782e-01  8.3054338900663838e-01  2.6830178870835175e-01  8.9437564238305428e-02  
q[65]:  5.9795664091841520e-04  8.2602502476211692e-01  6.4977797612881105e-01  2.7914088368243584e-01  3.4677908665067696e-02  
q[66]:  7.7855378321563772e-04  8.6045560275976651e-01  7.4086794778981224e-01  5.0614025606965141e-01  1.4465626045376834e-01  
q[67]:  8.0135852349227531e-04  8.8342274901432905e-01  7.3866185007292207e-01  4.4792523320870292e-01  3.0947127972200222e-01  
q[68]:  5.9756238180859347e-04  7.1448249869936142e-01  5.4998536936145759e-01  2.8626563006039740e-01  2.6137653535085115e-01  
q[69]:  3.3503862201035404e-04  8.6922310137993952e-01  7.0457001502539995e-01  5.1701888555073183e-01  1.6077137417131390e-02  
q[70]:  5.9804742447087771e-04  8.7923676848888244e-01  7.7895620702568336e-01  6.6211169959546767e-01  3.7484091006258624e-01  
q[71]:  5.0736021953881757e-04  8.3635248724806843e-01  6.8140755772608741e-01  5.5017208023402053e-01  5.1002411914413304e-01  
q[72]:  3.5619540001161575e-04  8.1387830136921813e-01  6.7242401803112706e-01  6.4000217169883911e-01  4.9891313570115434e-02  
q[73]:  3.7576892153560511e-04  7.8678972945162229e-01  6.5300477254882161e-01  6.3534056675135842e-01  2.6476309633522654e-01  
q[74]:  5.3442451223654900e-04  8.5879181309261565e-01  6.6490362070416464e-01  6.2929307616921870e-01  4.5403034839136203e-01  
q[75]:  1.7027845565512257e-04  7.7891103956206498e-01  6.2538407039595389e-01  6.0476949694371707e-01  5.7619684662546711e-01  
q[76]:  1.4658883813825892e-04  8.0197831797100971e-01  7.7236206448342704e-01  7.2248036436268800e-02  3.4442275391333703e-02  
q[77]:  1.5533514341798516e-04  9.2029567674891077e-01  8.7043730569339905e-01  2.2324212243063529e-01  1.1648551733752203e-02  
q[78]:  5.2404792732852390e-04  8.8277791450295551e-01  8.0653457294176523e-01  2.5937074547739986e-01  1.4089356557547919e-01  
q[79]:  3.4935907278613366e-04  8.4583503342146471e-01  8.1375570398711372e-01  4.4406706429309484e-01  4.2136841378503612e-02  
q[80]:  4.4936960412021330e-04  8.0843346384509307e-01  7.8264805786617930e-01  4.6240592388458845e-01  2.1039624595070988e-01  
q[81]:  4.6812383898501360e-04  7.7697754000265751e-01  7.3338336284553718e-01  5.2560114253014023e-01  3.5539309322046775e-01  
q[82]:  3.7792121849432769e-04  8.5387248210429623e-01  8.2175764954452890e-01  3.9722985652199899e-01  3.4230133982592725e-01  
q[83]:  1.6676251027006886e-04  7.9781355288856759e-01  7.6497593116280849e-01  6.3047087652816591e-01  2.4911444820228362e-02  
q[84]:  3.1581489892252722e-04  8.7324108681263557e-01  8.4759403126666466e-01  7.1002491150660307e-01  1.3011515260830192e-01  
q[85]:  2.9844678095806157e-04  8.8152685016809929e-01  8.6474840147842247e-01  7.5215764269079832e-01  3.3525252078966972e-01  
q[86]:  2.7743521717345476e-04  8.1718801314964062e-01  8.0002281939508246e-01  6.5662383952090220e-01  5.4760885262426651e-01  
q[87]:  1.5442137830323801e-04  8.5115587394183978e-01  8.1036658475322165e-01  5.6127943407713499e-01  5.5561922515805973e-01  
q[88]:  6.0945769047455208e-05  8.3938758925615964e-01  8.2359731904057376e-01  8.0414644822963655e-01  4.2752695120971608e-02  
q[89]:  1.7767506458463080e-04  9.0192225332643128e-01  8.5974775778626522e-01  8.4493255864728301e-01  2.2037177611643313e-01  
q[90]:  1.4502644130620908e-04  7.9935081037186639e-01  7.7822350207873159e-01  7.5359059007546825e-01  4.0490101212464202e-01  
q[91]:  2.5254929585181686e-04  8.4723523275254486e-01  8.0011691162612630e-01  7.7382837457784581e-01  6.2943355675469936e-01  
q[92]:  9.7021737972401685e-05  8.0775749182621215e-01  7.8256888537807034e-01  7.3835956472583608e-01  7.1769382172316254e-01  
q[93]:  6.0428558932926280e-05  9.8422871221568076e-01  1.4256170602535201e-01  7.3446233198899369e-02  5.1160302729838743e-02  
q[94]:  6.1073146360056103e-05  9.7988860901622687e-01  2.2254161500512346e-01  2.0737396426889637e-01  6.1306529822582348e-02  
q[95]:  1.6585119904736936e-04  9.7090049020465985e-01  3.6357131571150059e-01  7.4162771789459209e-02  3.6025211649666836e-02  
q[96]:  1.5397753310793992e-04  9.6684994930164936e-01  2.7830713879377811e-01  1.6574168898791916e-01  2.0719977723789338e-02  
q[97]:  2.6531057548175317e-04  9.6530540368232498e-01  3.8409191938663195e-01  2.2071083489061805e-01  1.9066008633158243e-01  
q[98]:  3.7100245710852963e-04  9.7302400468073436e-01  4.7689084067498061e-01  2.8854109108812998e-01  1.2425846630423468e-01  
q[99]:  1.0780972630733235e-04  9.6781483733730966e-01  2.8069953220162874e-01  2.5852828074382050e-01  2.2029122404655163e-01  
q[100]: 1.4736961054286066e-04  9.5492386807382990e-01  3.9043731370704887e-01  3.6670384136664252e-01  3.2615921353293408e-02  
q[101]: 3.9319703535849594e-04  9.5664782955201910e-01  4.0951375872063916e-01  3.5979250619943764e-01  1.8867367385797018e-01  
q[102]: 1.0256792797344831e-04  9.7009210422355097e-01  6.3687558342052952e-01  6.2463192012517363e-02  1.8563989266676271e-02  
q[103]: 2.7388000720877557e-04  9.5983504080065174e-01  5.5154632960808370e-01  1.9978698008713391e-01  2.1185641834267157e-02  
q[104]: 1.6544582787367327e-04  9.7115512978921748e-01  5.9638348761167159e-01  1.3277067553308755e-01  1.1379695084039486e-01  
q[105]: 5.4051617783349066e-04  9.6619151697703398e-01  6.7330726983336953e-01  2.8728321982315558e-01  1.4511624912248666e-01  
q[106]: 2.9347722458825500e-04  9.6754951065755201e-01  5.4682447277385982e-01  3.9423906450761775e-01  3.1108925503401400e-02  
q[107]: 5.9221613880064579e-04  9.7192392667252958e-01  7.3011027716614474e-01  5.2878142970999709e-01  1.7461251945310716e-01  
q[108]: 5.1990375054743860e-04  9.7656278933444884e-01  6.7630795772716634e-01  5.4464039834187172e-01  3.7804898804177828e-01  
q[109]: 2.3212835278225410e-04  9.8292457969833091e-01  6.3790223282064795e-01  3.4886611330413808e-01  3.0845748322862543e-01  
q[110]: 1.6605317656897468e-04  9.5659591301149527e-01  6.5222259819542394e-01  6.2027345725149374e-01  2.8294958852402134e-02  
q[111]: 1.8875855925585820e-04  9.9047757829784822e-01  5.9769560676659417e-01  5.5688484494070489e-01  1.5819575264871943e-01  
q[112]: 1.8111789608642455e-04  9.6003974689355431e-01  5.8358650099209586e-01  5.7888319429237334e-01  3.8988188227988235e-01  
q[113]: 1.6446799607599367e-04  9.8000839632945091e-01  5.3128748936900583e-01  4.8011227324535638e-01  4.4475341167965332e-01  
q[114]: 7.3772710677361765e-05  9.4899842102174470e-01  8.0429714794982710e-01  4.0084694897476701e-02  3.0695856500961571e-02  
q[115]: 1.6634369918705469e-04  9.8567023466342329e-01  8.3087944230590616e-01  1.8659552754169229e-01  4.0675910568464896e-02  
q[116]: 1.7367236378058689e-04  9.8986828396048532e-01  8.5696846190887432e-01  2.2671328370415195e-01  1.8351229458036233e-01  
q[117]: 5.1199835158902000e-04  9.6348162019076389e-01  8.7394596764044696e-01  4.4224371120585543e-01  1.6656643333781668e-01  
q[118]: 3.2366500273963529e-04  9.6995481034527931e-01  7.7646506266064585e-01  3.8858594628587440e-01  3.3658540876957743e-02  
q[119]: 1.8231365419159312e-04  9.5428401468724100e-01  9.4708395676065482e-01  6.0725273030770299e-01  2.0172854968541934e-01  
q[120]: 2.8068989985364855e-04  9.8750518185173553e-01  8.6353944983408859e-01  5.0224004706832726e-01  3.6177238938992407e-01  
q[121]: 3.6392325618024677e-04  9.2622871530080875e-01  7.4715917131129517e-01  3.5329029425557751e-01  3.3178209066602782e-01  
q[122]: 1.9507749724021113e-04  9.8153471488404276e-01  8.0144781162476531e-01  6.3773549669752960e-01  3.9041752795090548e-02  
q[123]: 4.1240587004812439e-04  9.2509445994746775e-01  7.8929395828505211e-01  6.9457330802015449e-01  1.4905983256861441e-01  
q[124]: 3.5437629469489115e-04  9.8028205461109263e-01  9.0889943329955969e-01  7.1647337177369819e-01  3.6890923207625520e-01  
q[125]: 4.0730555492800996e-04  9.5441871275694345e-01  8.5691621369301996e-01  6.7983222767263785e-01  5.6483825698387746e-01  
q[126]: 1.5061241685392638e-04  9.8075920231365377e-01  7.8947448110134688e-01  6.0088810464581699e-01  5.8504256148325329e-01  
q[127]: 7.0778178022413955e-05  9.5580139610352344e-01  8.7316561211841592e-01  8.3446070884464252e-01  1.0622999310257931e-02  
q[128]: 1.3242790622825090e-04  9.8005908219154791e-01  8.3343009094439813e-01  8.1030588860460107e-01  1.2807734535171136e-01  
q[129]: 3.8631733319900870e-04  9.6688322851795039e-01  7.8870225590791199e-01  7.4875738654441848e-01  3.4098872854812795e-01  
q[130]: 1.9252342331638051e-04  9.8395208926565192e-01  8.4595531021895554e-01  8.0394455407414822e-01  6.2214306374252093e-01  
q[131]: 1.9326131931634842e-04  9.5438494929412632e-01  7.3569560982336069e-01  7.0575351203238079e-01  6.6476196825955414e-01  
q[132]: 9.7321018632348999e-05  9.6526650636755540e-01  9.3440276529117361e-01  9.4446572929756625e-02  4.2518258285059347e-02  
q[133]: 6.8484330997782640e-05  9.8912586456112628e-01  9.7400149674267777e-01  3.2398833416088735e-01  6.2634565502313541e-02  
q[134]: 9.1298034183587702e-05  9.3740770282538788e-01  9.1580360750350986e-01  2.1402222692135409e-01  2.0298393568487214e-01  
q[135]: 1.4433915642309328e-04  9.7453445075573431e-01  9.5643488481789118e-01  3.4386006677660558e-01  2.1825942426683001e-01  
q[136]: 1.6016007629508021e-04  9.6994148665830549e-01  9.2829787692136034e-01  5.0795372224601276e-01  3.3167032826053086e-02  
q[137]: 2.1271205076630554e-04  9.5375738626954432e-01  9.4672793587350179e-01  6.0949255495351862e-01  4.2549073034219120e-01  
q[138]: 1.3864621148098968e-04  9.7887134286613098e-01  9.3636729843940070e-01  4.9234926686385438e-01  4.6378580182675361e-01  
q[139]: 1.0585656272094777e-04  9.5621559900539033e-01  9.2719722971059204e-01  7.2763837916681151e-01  2.1257871738634988e-02  
q[140]: 1.9466928775885111e-04  9.8560096733997449e-01  9.3371636382507917e-01  7.2515769662331675e-01  1.3897005350124098e-01  
q[141]: 1.5363238521168263e-04  9.6724494247292225e-01  9.5304040290467484e-01  8.6047280218189348e-01  6.0789766149653091e-01  
q[142]: 1.2504826113249077e-04  9.6864896329263794e-01  9.4568924918158126e-01  7.5419420191063424e-01  7.0719076710285667e-01  
q[143]: 6.3185428699532957e-05  9.7598274178448907e-01  9.5941214191539759e-01  9.1214879797003912e-01  8.1995277234677061e-02  
q[144]: 9.7426950259538807e-05  9.9282134029794378e-01  9.6796705375829462e-01  9.0775378315818156e-01  3.1797315888037414e-01  
q[145]: 1.1234721663500715e-04  9.5320362711036399e-01  9.0849972285163938e-01  9.0257945886467406e-01  5.2491844872035076e-01  
q[146]: 5.7300450299561118e-05  9.6903742390482939e-01  9.4357100784911208e-01  9.2122972242856516e-01  8.2313367179242336e-01  
q[147]: 7.3770005579937073e-05  9.5890444456057644e-01  9.0127103344285031e-01  8.5237043611823538e-01  8.3538284873813362e-01  

