deg: 7
dim: 4
nodes: 68
efficiency: 0.970588

q[0]:  1.3404799544382246e-04  1.7421583837643720e-01  1.1699817965854596e-01  5.1650942787183983e-02  4.8474104528595095e-02  
q[1]:  5.3517789242329842e-04  3.3496628026666830e-01  2.9703233563598752e-01  2.4815820917182779e-01  1.4518807094468753e-01  
q[2]:  2.2261748847548799e-04  2.9807643427291464e-01  2.4080791272196797e-01  1.9121298865228431e-01  6.2629845639311215e-03  
q[3]:  2.2005615922982157e-04  3.8405825832836860e-01  1.1636888614880585e-01  8.4117634452343049e-02  6.0981642686035991e-03  
q[4]:  1.2279721412144292e-03  6.1270407548210215e-01  3.9277414409421418e-01  2.2103405165520093e-01  4.9838950034290362e-02  
q[5]:  5.2688404082499218e-04  4.5712393923419442e-01  2.3298560161638129e-01  1.9158961663566293e-01  1.6473153184170977e-01  
q[6]:  8.5538915394765618e-04  5.7013716611829912e-01  3.6544089165460997e-01  3.4268509517460732e-01  1.3047766458319113e-01  
q[7]:  4.5344235019527011e-04  5.1421738430092734e-01  2.6514359897939127e-01  6.5988577969094464e-02  4.1375216522835559e-02  
q[8]:  1.2964128838816352e-03  6.6040099738345515e-01  5.7514844557442879e-01  4.4167382154476237e-01  2.6407780907071610e-01  
q[9]:  4.4384842097420802e-04  4.2507841777232802e-01  3.8009357500647434e-01  9.6683088481298585e-02  2.9195060630571753e-02  
q[10]: 8.7799308593255023e-04  5.3714686210745011e-01  4.8155932916286837e-01  2.2927696027266634e-01  1.8994015575057821e-01  
q[11]: 8.2737584008512222e-04  5.7339978761511856e-01  5.3550413471376490e-01  3.4923635615161502e-01  6.7595594601388545e-02  
q[12]: 4.5700076546016600e-04  5.8633445587234378e-01  5.4507563286343708e-01  5.1575916519813825e-01  7.1178511045266540e-02  
q[13]: 3.8094596511321129e-04  6.2207116213258085e-01  6.0202192983948144e-01  5.7250310076796773e-01  3.2778224300386161e-01  
q[14]: 3.2094446058358243e-04  5.1619377949586776e-01  4.7527226223864411e-01  4.2735277466487415e-01  4.0702071525871342e-01  
q[15]: 4.3815159449082962e-04  6.7723281135674196e-01  1.3370697630033002e-01  9.1220888800700936e-02  5.0380869182334705e-02  
q[16]: 7.0567500379018801e-04  8.2237494427472313e-01  3.0207314718979261e-01  8.8849975933741110e-02  4.0603607853004486e-02  
q[17]: 1.0101428437376461e-03  7.1094579445089889e-01  4.0180482811530899e-01  2.4869282967956369e-01  1.9622944624112007e-01  
q[18]: 5.4529245506668524e-04  8.5664398751925686e-01  4.7130440133742069e-01  2.1370473665472942e-01  1.3529916600271710e-04  
q[19]: 6.0261240894790135e-04  8.0348975635784947e-01  3.3561236818210355e-01  3.0898192099264998e-01  2.6315643283828632e-01  
q[20]: 6.7834197104018202e-04  7.7391899803211484e-01  3.0852050310386786e-01  2.7394445389622984e-01  4.7524467235172917e-02  
q[21]: 1.6658173312611429e-03  8.6919057018308588e-01  5.0109024722941720e-01  4.1164682924345958e-01  2.0109794184970370e-01  
q[22]: 4.6611779086983137e-04  7.3514896157871723e-01  5.2848609406479541e-01  5.7524232859864174e-02  4.1587052420359351e-02  
q[23]: 1.7545877621134545e-03  8.1994557968387261e-01  6.1550482585197819e-01  2.5642000353689187e-01  1.4919854810935915e-01  
q[24]: 1.8921934766137761e-03  8.5477973290520604e-01  6.9552999577948926e-01  5.0366431244173837e-01  1.0374804144495185e-01  
q[25]: 6.8934720226313505e-04  7.8722065856009160e-01  6.0726465671038266e-01  4.1327112662478810e-01  4.0459800433350540e-01  
q[26]: 5.2940611524947300e-04  7.1047686608429506e-01  5.0704299334278902e-01  4.4957386473202421e-01  1.3536395512156199e-02  
q[27]: 7.8879865089098321e-04  8.3735246138310115e-01  6.6220634109888110e-01  6.5014195554507326e-01  2.4994319487662245e-01  
q[28]: 1.4888508890733029e-03  8.6849380386769448e-01  7.6065628800056806e-01  5.9848022241580079e-01  3.9519097044994644e-01  
q[29]: 8.5297316504774916e-04  7.2348662515677620e-01  5.4747519061303063e-01  5.1859198124602357e-01  4.3541786605280730e-01  
q[30]: 3.7862440127330586e-04  7.1559443857576921e-01  6.8916498766048040e-01  1.0295728363245450e-01  5.6047426708473708e-02  
q[31]: 7.8362417203505744e-04  7.7276270215452736e-01  6.7947844463072016e-01  2.2629152441403827e-01  1.8625525391756815e-02  
q[32]: 7.9476860649545884e-04  7.8393451024335392e-01  7.7255157684504538e-01  4.0097093175176174e-01  1.6470535479778492e-01  
q[33]: 7.8242427304269803e-04  8.3156003730471839e-01  7.7309839934414815e-01  2.9906909512018132e-01  2.6042005348610420e-01  
q[34]: 2.5015441730787070e-04  7.8044929969267240e-01  7.5728159169464704e-01  5.2841683680944251e-01  3.6145194045299634e-03  
q[35]: 4.7646241533491423e-04  7.6221761436090207e-01  7.5745552902976432e-01  5.4837107149955544e-01  4.7527821180726421e-01  
q[36]: 4.2643802769242557e-04  8.6351694948976432e-01  8.1369169974913824e-01  7.6693726711686361e-01  5.1657559515125948e-02  
q[37]: 7.8799221165742883e-04  8.2198167404523381e-01  7.9037868257722166e-01  7.0033709591699245e-01  2.3269681834860165e-01  
q[38]: 1.5622746934059234e-04  7.9888879027738879e-01  7.8759595893705314e-01  7.7872701753981399e-01  5.8364469283952081e-01  
q[39]: 4.2348254157584302e-04  8.5316571437605704e-01  7.9967085016294970e-01  7.4550609821787106e-01  7.0392584595314767e-01  
q[40]: 3.7610142780749749e-04  9.3327147809855282e-01  1.5529212126054120e-01  1.0873589059670992e-01  5.6759969161383393e-02  
q[41]: 1.8539539006020043e-04  9.9420584859343641e-01  3.3938398186368346e-01  8.8112076341880785e-02  3.2018831536663864e-02  
q[42]: 1.0862923915298396e-03  9.6918541970445338e-01  5.6760210124023414e-01  3.1369839111296771e-01  1.2270608903644042e-01  
q[43]: 5.5373468175247853e-04  9.2685133680387044e-01  4.5051625487821262e-01  2.0326400627652325e-01  1.9246434395294301e-01  
q[44]: 4.7496997588667892e-04  9.7126356103282252e-01  3.8688868037348817e-01  3.2962123087370715e-01  2.6958704406544803e-01  
q[45]: 4.8269704523258079e-04  9.5905642826790327e-01  3.6735996453873265e-01  3.0968438441095852e-01  4.3777310018450533e-02  
q[46]: 2.3619769831950037e-04  9.8459519993967404e-01  5.3779703501570941e-01  5.3031956358723420e-01  2.3695187636394738e-01  
q[47]: 4.8458412503287287e-04  9.4713227927001897e-01  6.2224994590304494e-01  8.5316448876751202e-02  3.7061227649214906e-02  
q[48]: 6.4179014918648916e-04  9.6649367514695539e-01  7.9992469912827235e-01  2.8362357563138441e-01  4.6907270482344589e-02  
q[49]: 1.1209969197793373e-03  9.5950054324552625e-01  8.7371221332472571e-01  4.7284657419916232e-01  2.3500203547731938e-01  
q[50]: 5.0575187316103602e-04  9.7288622507056044e-01  7.6983042187466710e-01  2.6174032214521648e-01  2.2894017114146281e-01  
q[51]: 3.3602018749485284e-04  9.7319046596968872e-01  6.8060128784887797e-01  4.7071503393785608e-01  1.5226094861856609e-02  
q[52]: 7.0769354179300902e-04  9.9819861548261590e-01  8.1463115754424509e-01  6.9251965945381688e-01  2.5768972848363186e-01  
q[53]: 1.0318024734698257e-03  9.6534862379336839e-01  7.0613223644205847e-01  4.9992251676742855e-01  4.1289398484966294e-01  
q[54]: 6.1078811269805956e-04  9.3854868895084287e-01  6.5756577393176818e-01  6.2063134154094279e-01  5.8043172355556061e-02  
q[55]: 2.1927066827640202e-04  9.6409803327960364e-01  9.1287452822955995e-01  8.9918799401506866e-01  2.6259866949868726e-01  
q[56]: 6.5847741778864459e-04  9.4887110315168688e-01  7.0851062344130311e-01  6.7763255058218774e-01  5.1314663947697059e-01  
q[57]: 2.6913541171637762e-04  9.4277760469421445e-01  6.4503942171505835e-01  5.9670898415337859e-01  5.9093500159675871e-01  
q[58]: 4.3119822108105758e-04  9.4233741576593377e-01  8.7641320655651012e-01  1.0562494952414983e-01  5.3682884144184075e-02  
q[59]: 2.4603540034824769e-04  9.4755885470792989e-01  9.4285667949251395e-01  3.2510232618200136e-01  5.2787762658507854e-02  
q[60]: 2.3129825126481037e-04  9.7212934324786116e-01  9.5669650339112600e-01  3.3976219764096366e-01  2.7569499473129450e-01  
q[61]: 5.5075871023613514e-04  9.5512764061271549e-01  8.9520247032000599e-01  5.8681553542914600e-01  4.8813179097984438e-02  
q[62]: 3.2486153449695290e-04  9.5614186078024654e-01  9.5260331941686682e-01  7.4857964648109898e-01  2.2189061611100711e-01  
q[63]: 3.5856815086021085e-04  9.6495335319133946e-01  9.4689533406912130e-01  7.0742296426245921e-01  4.9330018148566179e-01  
q[64]: 4.8731043033147859e-04  9.5494557722111317e-01  8.9390933582909038e-01  6.0245204565645483e-01  5.6704894640213699e-01  
q[65]: 1.6936434335320291e-04  9.9285398901838517e-01  9.2802847486527884e-01  8.5144046884582703e-01  4.9477080172016026e-02  
q[66]: 5.3068276920760764e-04  9.4978798294542244e-01  9.0125504770247800e-01  8.5190407153004566e-01  5.3885967135299906e-01  
q[67]: 2.0627352450414987e-04  9.8772901113082112e-01  9.2911578525911687e-01  8.6844413392765052e-01  7.9838823406469239e-01  

