deg: 12
dim: 4
nodes: 378
efficiency: 0.962963

q[0]:   2.0712694942575312e-05  1.5672323220185741e-01  6.4692369725294199e-02  3.5507609576576997e-02  2.2971826332508459e-02  
q[1]:   4.6015306664342509e-06  6.3748944601838692e-02  5.3623892303757005e-02  3.6319513462364852e-02  1.2124700142586398e-02  
q[2]:   2.0129806808400569e-05  1.7894654583491598e-01  1.5719553317853405e-01  1.3265396242708327e-01  1.2092957334817014e-01  
q[3]:   1.3906217303830793e-05  1.7583633556415781e-01  1.7313376234339009e-01  5.0369588038668339e-02  3.4251829639735429e-02  
q[4]:   3.8296961314126176e-05  3.4080888432851952e-01  6.7966486790865518e-02  4.2730262908673322e-02  2.4110020487091311e-02  
q[5]:   3.7179416424596850e-05  2.4781194839952039e-01  1.7353466132485335e-01  4.0523863289977632e-02  1.5610785783922533e-02  
q[6]:   5.4234431156007729e-05  3.0329658357014655e-01  1.5552150776685914e-01  1.3886634693938846e-01  1.1743734319966692e-01  
q[7]:   3.0459933544112342e-05  2.5129468346986561e-01  1.1553121640881939e-01  1.0630507568462105e-01  1.6884247784259957e-02  
q[8]:   8.0807357826851551e-05  2.9474201043236953e-01  2.3382453261917241e-01  1.2338438889601291e-01  1.0090361074193811e-01  
q[9]:   4.4277579272869476e-05  1.9955767957654155e-01  1.6408917555893507e-01  1.4460850470354800e-01  6.5460509005247747e-02  
q[10]:  2.6774563388508265e-05  3.5364195010119870e-01  3.2208633911733420e-01  3.2661343836945918e-02  1.0851031758741334e-02  
q[11]:  7.3414434047062798e-06  2.1363508114147178e-01  2.0816417160367717e-01  2.0489317607821514e-01  1.7709903145788693e-02  
q[12]:  4.1212636220535698e-05  3.3358295635810853e-01  3.2083738770749221e-01  3.0381795265024386e-01  2.0944606380176761e-01  
q[13]:  4.0996515474168706e-05  2.1804329645282247e-01  1.8508014058994740e-01  1.1384788763005092e-01  1.2752943355350202e-02  
q[14]:  5.0592271581209527e-05  3.0902649707181212e-01  3.0369804908080550e-01  2.0526799908546420e-01  1.0904241959493262e-01  
q[15]:  1.3909393855300445e-05  3.6069156609762770e-01  3.4550316182204666e-01  3.2402466804632096e-01  3.1558351532714501e-01  
q[16]:  2.8702731727142220e-05  3.5669788229046084e-01  1.4370147416079279e-01  2.9701393567165179e-02  1.7060273472863603e-02  
q[17]:  7.6595569085533723e-05  5.0961936396456509e-01  1.5724781076557437e-01  1.3987283409411946e-01  1.1664106816002509e-01  
q[18]:  3.4999591578568394e-05  4.7168980925928966e-01  1.1755799456308140e-01  1.0829090029337944e-01  1.8084086141818209e-02  
q[19]:  1.2159042559226257e-04  4.7144083291368455e-01  2.3909818450404602e-01  1.3601207359974388e-01  1.1832646911104239e-01  
q[20]:  1.5290360975089203e-04  4.3447814376630378e-01  2.2943537024831395e-01  2.0143749237389896e-01  8.7931414569223904e-02  
q[21]:  1.1218380289906808e-04  3.8643065874251264e-01  2.0721835033633973e-01  1.1498284507693930e-01  1.5605995840626283e-02  
q[22]:  6.5936160672222367e-05  3.5534297921356334e-01  2.0689987187358083e-01  1.1616920938046607e-01  7.6490853310845583e-02  
q[23]:  8.8153162734037787e-05  5.1194632144091934e-01  2.8031848433218459e-01  2.6041364099127101e-01  2.2037335258095654e-02  
q[24]:  9.8448851362102849e-05  4.4682171499579326e-01  3.0667889299947448e-01  5.5343366510895789e-02  3.6592928058500861e-02  
q[25]:  1.5395818006819459e-04  4.6507651707461223e-01  3.9971543004143767e-01  1.7976508133981478e-01  9.1969134026398683e-02  
q[26]:  1.6022654714101137e-04  5.8827861172102525e-01  4.8441642311640881e-01  1.6003354559975175e-01  1.4008273302819621e-01  
q[27]:  2.1262488320458658e-04  4.9273839733298319e-01  4.1268419654506222e-01  3.2857677489053438e-01  2.3114287387700488e-01  
q[28]:  1.3042490012400539e-04  5.2343914590327278e-01  4.1032177449236157e-01  2.8089583025124182e-01  1.6686477758379909e-02  
q[29]:  7.9033231945201910e-05  3.6955328326120584e-01  2.8709844712599447e-01  2.6160384719209456e-01  2.3252170659802660e-02  
q[30]:  6.0417790021589795e-05  4.1842082298571709e-01  3.5831721921554432e-01  3.4946545153934466e-01  1.2293731230232025e-01  
q[31]:  8.1321828788979872e-05  3.7561793965288370e-01  2.8768770599835536e-01  2.6523932903264685e-01  1.5020638568859501e-01  
q[32]:  7.6711144351598320e-05  3.8938599994047046e-01  3.1060031898429918e-01  2.8556424461554469e-01  2.5842202441097339e-01  
q[33]:  7.7700306417047488e-05  4.4079414827775681e-01  3.5864944772356755e-01  1.2706987844320486e-01  9.9106783471231575e-03  
q[34]:  1.8692594484861352e-04  4.0084406732986988e-01  3.2386660888175067e-01  2.2188289370769676e-01  7.9074494192548417e-02  
q[35]:  1.1982474158477938e-04  4.8364914395392344e-01  3.7117937190979750e-01  2.2794102321832715e-01  2.1373682031015223e-01  
q[36]:  5.5132319894003539e-05  3.8828849062976006e-01  3.6907984554760692e-01  2.6374447467290552e-01  1.6633990820581687e-02  
q[37]:  2.8671227378569288e-05  5.2171397833657884e-01  5.1169477065272839e-01  5.5129637182973354e-02  2.6075635219829647e-02  
q[38]:  5.8310706382336788e-05  3.6826631023197126e-01  3.5622579597241483e-01  1.3573290039361899e-01  3.0207453773609196e-02  
q[39]:  6.9919961952500260e-05  4.1065901177221426e-01  3.8695793890415819e-01  1.1632087514959034e-01  9.9560048995308209e-02  
q[40]:  1.1748266407504308e-04  5.4309134986487129e-01  5.3226318418142859e-01  2.8200004469962681e-01  1.9670353933050158e-01  
q[41]:  6.5390970349090354e-05  3.8185252744799053e-01  3.6627579236131974e-01  2.4906631087289449e-01  2.2410830246507688e-01  
q[42]:  1.2640849139894375e-04  5.1394806429415951e-01  4.9373984035064783e-01  3.8073906269857982e-01  2.0119906506812760e-01  
q[43]:  2.7793550326516240e-05  4.7093054546367213e-01  4.5115517313005193e-01  4.3387408491902230e-01  1.7745581437882324e-02  
q[44]:  5.3853656380954385e-05  3.8517306766468778e-01  3.7761552716347713e-01  3.3895273911300189e-01  8.8333165489092605e-02  
q[45]:  9.1904287104934207e-05  5.5657882421199034e-01  5.3716503468697407e-01  5.1696834639650036e-01  2.5099624512970159e-01  
q[46]:  6.2228689739333358e-05  5.1937655474162026e-01  5.0277034617358374e-01  4.7606467768437377e-01  3.8980060676237294e-01  
q[47]:  2.1700765244655294e-05  5.6388180853290948e-01  5.4109631919117362e-01  5.2164253983833864e-01  5.1016681301320155e-01  
q[48]:  3.8115761955558331e-05  5.7145541573715564e-01  6.4226256683271615e-02  3.8900114486810224e-02  2.3045321330936945e-02  
q[49]:  9.0864583120327174e-05  5.3665416046895142e-01  1.7387193086682373e-01  4.7233900878978802e-02  2.3119127918606631e-02  
q[50]:  9.4214013586090480e-05  5.6705331506060352e-01  1.9011322305569284e-01  1.2622622699702934e-01  1.6620897818958674e-02  
q[51]:  6.6207768696122975e-05  7.2194730821572206e-01  1.2552317994755033e-01  1.0435078480368341e-01  2.0809839254083144e-02  
q[52]:  7.0573227674793884e-05  5.7457505045453461e-01  3.2531262487181656e-01  4.3893705057639440e-02  1.2040153261134983e-02  
q[53]:  2.0153974945945525e-04  6.1037753690653729e-01  2.6198420182972376e-01  1.7497100815506600e-01  9.7197250441140012e-02  
q[54]:  9.1097586371546911e-05  6.6905657646934613e-01  2.0810478704296928e-01  1.1217598397728362e-01  1.0037413404954165e-01  
q[55]:  1.1665488757297521e-04  6.3940054420714276e-01  2.3352178147268463e-01  2.1953910491727041e-01  9.9902588344911031e-02  
q[56]:  3.1676897688083907e-04  5.7306784697348756e-01  3.8446624379719740e-01  1.9372287000962679e-01  1.0194155715551180e-01  
q[57]:  1.7829909276375209e-04  5.9738511226628077e-01  3.5374998568204863e-01  1.4987366261963361e-01  2.2128994314285194e-02  
q[58]:  1.2320183592786412e-04  6.3689060947709109e-01  3.6501238946888548e-01  1.1581408456683825e-01  1.0418832993847846e-01  
q[59]:  1.4557450374914202e-04  6.2217947379041261e-01  3.7040355470347602e-01  2.8112151407534614e-01  2.2578263744496452e-02  
q[60]:  3.2762062015724070e-04  6.2742036011313340e-01  4.1345534564635567e-01  3.2199088152808641e-01  2.4233444678172503e-01  
q[61]:  7.8687675183474276e-05  6.9014819070572653e-01  3.4357790581489289e-01  2.4288568750371736e-01  2.3790501030510600e-01  
q[62]:  1.1198105073062156e-04  5.9612918736093590e-01  4.0342798029781629e-01  3.9497958633315666e-01  1.1630192242850398e-01  
q[63]:  1.1542105756582191e-04  5.6282267964664823e-01  3.4969212567120850e-01  3.3892663809157098e-01  2.2761427255125624e-01  
q[64]:  9.7996728778836447e-05  5.3414606739031456e-01  3.1238884320964105e-01  2.8584005510373567e-01  2.6684995696462288e-01  
q[65]:  2.1692750088385396e-04  6.3838558357730413e-01  5.3445333374881532e-01  2.8585391789072118e-01  4.1675536122525343e-02  
q[66]:  3.1157304093247691e-04  6.2262695175214566e-01  3.9849566522438024e-01  3.1077093524789107e-01  1.1122289694913436e-01  
q[67]:  7.7255367884486063e-05  5.7550899693529645e-01  4.9205615821046850e-01  4.8736512274143234e-01  3.4717732128067963e-01  
q[68]:  7.6297982764781994e-05  5.8909562928483139e-01  5.0704767570606946e-01  4.4371334449833787e-02  2.4412406643777865e-02  
q[69]:  1.1189110980957269e-04  5.9843238836317925e-01  4.9118271951069320e-01  1.2095915932313191e-01  1.7903415243476588e-02  
q[70]:  1.8864500504370120e-04  6.6658196489690791e-01  5.7015391296378282e-01  1.9119153452860646e-01  9.2450562109109735e-02  
q[71]:  2.5125413715991788e-04  6.3214016898886527e-01  5.5305971075562654e-01  3.3291575945949037e-01  2.7105347611814107e-01  
q[72]:  3.2361982149183114e-04  6.5783210513605328e-01  5.7341265234245120e-01  3.5110457046232774e-01  1.7659088403021705e-01  
q[73]:  2.7488869211104072e-04  5.8193371111210135e-01  4.8815014551308750e-01  4.0202156045225279e-01  1.0630075882710115e-01  
q[74]:  3.1518142260699805e-04  7.0695697366648247e-01  6.0914363763569990e-01  5.2751869589930511e-01  4.2973497690196127e-01  
q[75]:  7.6758448130317155e-05  6.0331213433339637e-01  4.9493041460657700e-01  4.0764749760071978e-01  4.0004395603178633e-01  
q[76]:  1.0068403723148291e-04  6.0077904896503798e-01  4.8439801766187884e-01  4.5757897935938535e-01  2.2427087866558781e-02  
q[77]:  7.4359106418275963e-05  5.7376819441219007e-01  5.1173239438170681e-01  4.9553378694862593e-01  1.0227661974543528e-01  
q[78]:  2.2497439803262432e-04  6.2566871938377711e-01  5.1066177346155539e-01  4.6331632643226578e-01  2.4492256381137828e-01  
q[79]:  7.7335342866444387e-05  6.0252716443180254e-01  4.9217748354710672e-01  4.7627213657968237e-01  4.4313402392084500e-01  
q[80]:  2.5966922226908858e-05  5.8436908272151478e-01  5.6998527739962213e-01  1.4926104920695771e-01  2.7844617436823976e-03  
q[81]:  7.5240819749193688e-05  6.4432626324178244e-01  6.2515751673119135e-01  1.4824261848247997e-01  1.2792306708919685e-01  
q[82]:  1.2843993758146046e-04  5.8994054079866409e-01  5.6926754758052989e-01  1.8378422407822448e-01  7.0251639644317479e-02  
q[83]:  6.2548624302721998e-05  5.7981503389681588e-01  5.5860314769051378e-01  2.8870318274034829e-01  1.2194300444305962e-02  
q[84]:  1.5631857583796422e-04  5.5517384425265659e-01  5.3622325544138738e-01  3.2943415479764171e-01  8.4991604639075721e-02  
q[85]:  6.1562407380299068e-05  5.9999659816669015e-01  5.7838099026487710e-01  2.9344993893534593e-01  2.8618092166841552e-01  
q[86]:  9.3578158780342665e-05  6.0035707557378060e-01  5.8274508602925634e-01  4.8537194907395353e-01  1.2019362803975089e-01  
q[87]:  9.8552789558033877e-05  5.7031573557094162e-01  5.4753529590297034e-01  4.3151416477804178e-01  4.0233542003080619e-01  
q[88]:  9.1913910795314791e-05  5.9230626142851539e-01  5.6656264477458562e-01  4.6253993197839510e-01  2.3799117618063855e-02  
q[89]:  4.2378313394391472e-05  6.2525972755051584e-01  6.1712694301063808e-01  5.9756927430420648e-01  1.0731200841699572e-01  
q[90]:  9.1616849540995885e-05  5.8737559068081924e-01  5.6979881930384757e-01  4.7826076540654650e-01  3.2704704884148444e-01  
q[91]:  6.6802706374541204e-05  7.0948039384446815e-01  6.9063578277256621e-01  6.6495349154815386e-01  5.7425531409985064e-01  
q[92]:  5.9780220616415653e-05  7.3664772106007415e-01  1.5452276305354234e-01  3.7773410515758200e-02  1.1576547504191927e-02  
q[93]:  2.0782717545008049e-05  8.0457610336675434e-01  5.3967406598866383e-02  3.1948671303601399e-02  2.1747055739763040e-02  
q[94]:  1.0245035455173966e-04  7.3426628777382419e-01  3.1203809366571938e-01  4.5654766380727782e-02  2.5762771359172810e-02  
q[95]:  6.6582253036527313e-05  7.3439148239092078e-01  1.5076286851622661e-01  1.3448343589417194e-01  1.1063548569612712e-01  
q[96]:  8.7690385524306905e-05  7.4238529490466720e-01  2.7987502109864509e-01  2.2305363237153361e-01  1.4169000271767779e-02  
q[97]:  1.9822815616633729e-04  7.3469406762712441e-01  3.1088028754419150e-01  1.4567778434073028e-01  2.6901146034190672e-02  
q[98]:  2.4747328014953238e-04  7.6307952730340245e-01  3.8968502928201798e-01  1.6875276151609447e-01  1.2002564749207577e-01  
q[99]:  1.3511261528250439e-04  7.8537965623301220e-01  4.5382867878582317e-01  3.4850457829099674e-01  2.1622427358662571e-02  
q[100]: 1.4698639482844939e-04  7.4463949487661474e-01  3.8950881075114491e-01  3.7136138300588717e-01  2.2376670874104329e-01  
q[101]: 4.1825455257321072e-05  6.9806726031989574e-01  2.7233310177783737e-01  2.7133857922079074e-01  2.4608432016750718e-02  
q[102]: 1.6364033728179087e-04  7.8857321264950708e-01  2.4739298332704493e-01  1.7574520315499204e-01  8.1988774916694540e-02  
q[103]: 1.1512409017957212e-04  7.1714456197378296e-01  3.0616397703219089e-01  2.8616901131863054e-01  2.5688010133162381e-01  
q[104]: 2.6967183785093547e-04  7.5960107944824573e-01  5.1476405902041622e-01  1.8335466673062578e-01  8.9964351090001934e-02  
q[105]: 4.0764114781314766e-04  8.1760708231200341e-01  4.6387092359515653e-01  2.9588102950910100e-01  1.0731106099123812e-01  
q[106]: 2.9319064485466709e-04  7.8552301943506520e-01  3.7954952954434418e-01  2.8347404797667763e-01  2.0517240485131907e-01  
q[107]: 2.3660193425002350e-04  7.5650905552515346e-01  3.8484578816188275e-01  3.4189574866212630e-01  9.6767745143957182e-02  
q[108]: 8.9519910456089028e-05  7.2124043113516556e-01  4.9686494663730790e-01  4.3312174373594560e-02  2.5389198046056646e-02  
q[109]: 1.3848788312589724e-04  7.5910352698738881e-01  5.0265173368454119e-01  1.2735856299180606e-01  1.5826928021017470e-02  
q[110]: 1.2631779922844279e-04  7.4173629048600731e-01  5.5254607358782615e-01  1.4379037990575591e-01  1.1891013756016414e-01  
q[111]: 4.5122393147804156e-04  7.8533943207820289e-01  5.7027033719969644e-01  3.4330780664015037e-01  2.5288818722787526e-01  
q[112]: 1.5862516886837053e-04  7.0195662943959236e-01  4.8519988884093518e-01  2.7994806540709599e-01  2.6344684588045958e-01  
q[113]: 1.9714033643023488e-04  7.6781183652504348e-01  5.2044900334718203e-01  2.7951462487468531e-01  1.6770178107427449e-02  
q[114]: 3.7701348759661786e-04  7.5804699543095289e-01  5.7221652151834657e-01  3.4344575495462321e-01  1.1164228502240908e-01  
q[115]: 5.9683194155173714e-05  7.3710396935038258e-01  4.6501688723441631e-01  4.4044101151432891e-01  9.2963536387501884e-03  
q[116]: 3.3741660153030923e-04  7.7682242905755461e-01  5.8507707233271522e-01  4.9320299137604395e-01  9.3266711128902932e-02  
q[117]: 4.2170632838357770e-04  7.9956907846823277e-01  5.5692146089703809e-01  4.6176613033395064e-01  2.4801844609399284e-01  
q[118]: 1.9809277420628507e-04  7.6417869093842894e-01  5.2395278280307978e-01  5.0133870709854478e-01  3.9018538523699703e-01  
q[119]: 1.8365574195115884e-04  7.6647196938823825e-01  5.2225832544832196e-01  4.3722754253549734e-01  4.1247948208654567e-01  
q[120]: 7.2305252104331083e-05  7.9144614499176114e-01  6.6451226220104287e-01  6.3657149304798055e-01  2.2302351847729985e-02  
q[121]: 1.0574423996195675e-04  7.5164922164375569e-01  5.0165095728198250e-01  4.8746341319762498e-01  7.5905432383674268e-02  
q[122]: 1.4648613672720427e-04  7.6630804444703660e-01  5.4182719670724799e-01  5.2671381625379687e-01  2.3459435503159268e-01  
q[123]: 4.5940803174325669e-05  7.3982339907503747e-01  4.8074464574632209e-01  4.7347011261036986e-01  4.5545025601780559e-01  
q[124]: 5.4636385742566493e-05  8.0974148557866010e-01  6.9087662549457196e-01  3.8031767645351669e-02  1.2027128691399196e-02  
q[125]: 1.6886832377166589e-04  7.8337933143868332e-01  6.6328810554955242e-01  1.5109599407162985e-01  3.0462082788703479e-02  
q[126]: 1.5480270095835242e-04  7.5832596904761285e-01  6.5943172901376801e-01  2.8320475822349034e-01  1.7089263943982996e-02  
q[127]: 3.2910283087883558e-04  8.0458451032524425e-01  7.0129241192012981e-01  2.9205183546859859e-01  1.7129173941513826e-01  
q[128]: 1.9047025619693708e-04  7.8991694841482785e-01  6.8594624171391483e-01  2.8760470679376232e-01  2.6692908008404392e-01  
q[129]: 1.6759848041541551e-04  7.2821392960424225e-01  6.0192141724591708e-01  4.6236596873651664e-01  1.6629917290210006e-02  
q[130]: 3.1673506229904148e-04  7.8020992316684368e-01  7.0778819265222848e-01  4.8024017193387225e-01  1.0382570263544581e-01  
q[131]: 3.4998770775994316e-04  7.5351724538692599e-01  6.4979341539981039e-01  5.0417482919317302e-01  2.6802908442914186e-01  
q[132]: 3.2136114971899018e-04  8.1566187921099675e-01  7.3950108423395122e-01  4.9045579814881196e-01  3.7104246650278699e-01  
q[133]: 9.9286253747419071e-05  7.4497359391403939e-01  6.3796251769010259e-01  4.1316453560990174e-01  3.9897406959029874e-01  
q[134]: 1.5438950691883577e-04  7.5805852880508418e-01  6.9696445778598015e-01  5.9283031748719828e-01  9.7414848460122605e-02  
q[135]: 3.0727554484622063e-04  8.4689375340227857e-01  7.2798100443354297e-01  6.2870128136484671e-01  2.2260204884193793e-01  
q[136]: 1.9091949674045720e-04  7.2453796570363715e-01  7.0356908923451800e-01  5.8976402501561320e-01  2.4117146022724201e-01  
q[137]: 1.6520266793731056e-04  7.6771356756879083e-01  7.3881318713517152e-01  6.4268382746310804e-01  4.0892675212206220e-01  
q[138]: 1.3954119558646732e-04  7.6369218254236915e-01  6.7129864078915769e-01  6.5091726977382713e-01  1.1684568138279128e-01  
q[139]: 1.5087446952813177e-04  7.2391409601463974e-01  6.3115063464840193e-01  6.0782255956046782e-01  2.4862634554879362e-01  
q[140]: 1.7995027404887475e-04  7.9234552701557015e-01  6.7994672117429400e-01  6.5845316397733222e-01  4.2848500224889491e-01  
q[141]: 5.8715632316183404e-05  7.9502671729822727e-01  6.9630270996336008e-01  6.9111649307362311e-01  5.9304737218251602e-01  
q[142]: 8.2733014855116563e-05  7.9089383579684069e-01  6.7363994467154709e-01  6.3822179044215943e-01  6.1980132580819602e-01  
q[143]: 3.0953650352827344e-05  7.3196869552113142e-01  7.1354050672216796e-01  4.2954614016769845e-02  2.5168401669870347e-02  
q[144]: 4.5915327812953056e-05  7.2993656276603380e-01  6.9814549453651054e-01  1.0946407298067223e-01  8.1706019176971800e-03  
q[145]: 1.2351799627288447e-04  7.8958367644042249e-01  7.7114526002394701e-01  1.8311390219807494e-01  8.2587466391820005e-02  
q[146]: 1.2357299296175716e-04  7.7306924737686700e-01  6.8960160007888982e-01  1.2042301127559385e-01  9.8387319412068588e-02  
q[147]: 6.8132504049781058e-05  7.8718155030783599e-01  7.7286906025854585e-01  3.0159095311589329e-01  2.3402067340167355e-02  
q[148]: 1.7367366924354719e-04  7.4618828545525628e-01  7.2115829341764437e-01  3.2112407765553747e-01  8.7968185838496860e-02  
q[149]: 1.7990742855067418e-04  7.4507757965304733e-01  7.2444872783074332e-01  3.1853967495550234e-01  2.3837498937349380e-01  
q[150]: 4.2263500116862940e-05  8.0783183530953628e-01  7.8920561704343539e-01  2.6666151048599196e-01  2.5708090779473275e-01  
q[151]: 2.0238879408839659e-04  7.4159522286058510e-01  7.2615630282052124e-01  4.5337870108244194e-01  2.1834270582840898e-01  
q[152]: 6.1792975134897791e-05  7.4751345569536320e-01  7.1670561337589023e-01  4.5924228460148769e-01  8.4755166057939035e-03  
q[153]: 9.1241433433427878e-05  7.5207898397921491e-01  7.4415010620609467e-01  5.0384401035243420e-01  6.6781647027801372e-02  
q[154]: 1.3710321107512501e-04  7.1901073496543921e-01  7.0711311104036934e-01  5.1970054186616821e-01  4.0586104874589796e-01  
q[155]: 9.5318321744165677e-05  7.7616737430752381e-01  7.5675140757150761e-01  4.6974517392296078e-01  4.4423756903219314e-01  
q[156]: 5.0052951831802017e-05  7.4637038511302189e-01  7.2799208633067358e-01  6.4398295563848629e-01  2.3579801356586778e-02  
q[157]: 8.2591536257668339e-05  7.9919413742708900e-01  7.8582691514445502e-01  6.9487289445146849e-01  1.3264334818462004e-01  
q[158]: 3.6611297809615299e-04  8.7306218159662685e-01  6.8527546122188043e-01  5.6736934658564653e-01  4.4025485234687983e-01  
q[159]: 6.1795333376828124e-05  7.4349477982519152e-01  7.2529086820453748e-01  6.1274290542360610e-01  5.9313653581111114e-01  
q[160]: 3.1646425205900717e-05  7.0955253740698065e-01  6.8080235258575617e-01  6.6652369916664655e-01  2.0154205419126450e-02  
q[161]: 8.8462416384154824e-05  7.6523384311916876e-01  7.4378073597047467e-01  7.2497608539210678e-01  2.6903807405948782e-01  
q[162]: 7.8770857609413003e-05  7.2926366392458508e-01  7.1176506903947190e-01  6.9164853777162816e-01  4.5302719263760372e-01  
q[163]: 1.2425659401076004e-04  8.3580815606406411e-01  8.1075572057450596e-01  7.1914589960887754e-01  6.1005425439206229e-01  
q[164]: 2.3254442801985123e-05  7.5042929302629346e-01  7.2191902661841167e-01  7.0256340109606574e-01  6.8714013099848859e-01  
q[165]: 9.4353086542491417e-05  8.7257595490541107e-01  2.4652718818371747e-01  1.3490140450778151e-01  1.3153506443632806e-02  
q[166]: 3.3604089963501654e-05  9.1213470304943112e-01  1.2431839591287329e-01  4.2058646429059890e-02  1.4704629502351753e-02  
q[167]: 5.6879661931153982e-05  9.0555008717990038e-01  2.7689946952835076e-01  3.5376942621730550e-02  1.4239531357559815e-02  
q[168]: 5.0291829157584399e-05  9.1237397717439994e-01  1.4729594513199670e-01  1.2688029575140716e-01  1.0081548766707672e-01  
q[169]: 1.0919509221191736e-04  8.3556910414341201e-01  2.1514365985347403e-01  9.7438988564585341e-02  7.8195599855052797e-02  
q[170]: 3.9794187336839318e-05  8.9424586473416934e-01  1.2819401476229561e-01  1.1195265916378563e-01  2.2516055538442933e-02  
q[171]: 5.5930693399549125e-05  8.6886813389637518e-01  4.8356237091940624e-01  3.3769568420210436e-02  1.2179568841504916e-02  
q[172]: 1.1504330190850312e-04  8.5369218605097974e-01  4.0898222401140027e-01  1.1683933972776224e-01  1.3401170267822705e-02  
q[173]: 8.6870774072053092e-05  8.6935671971329298e-01  3.9697537202194788e-01  9.9083162846386810e-02  8.9908936129898365e-02  
q[174]: 2.0812428037086757e-04  9.0690289427574156e-01  3.8058762486794245e-01  1.7140664333706310e-01  8.3883767022538122e-02  
q[175]: 2.0804416894682704e-04  9.1129522615088576e-01  3.8588141216379623e-01  3.0480424859263194e-01  1.0306686238789792e-01  
q[176]: 7.3973580607058950e-05  9.3000695016938606e-01  2.4913420207542403e-01  1.6973819218148808e-01  8.6493173492996303e-02  
q[177]: 1.6666728943189082e-04  9.3475409458929781e-01  3.5976218745892491e-01  2.5032849154780862e-01  1.9594539042278278e-01  
q[178]: 1.0825641431235603e-04  8.7723456305139591e-01  3.3545108620654840e-01  3.1627504384299676e-01  2.3367594408317904e-01  
q[179]: 7.6920768107683132e-05  8.7888030603331191e-01  2.8068388129983834e-01  2.5857911789902521e-01  2.2544107573852896e-02  
q[180]: 8.9556182908376821e-05  8.5079497894563660e-01  2.5499601203967165e-01  2.4214498877254081e-01  1.1228184741504900e-01  
q[181]: 5.5215886821379893e-05  8.7000706343394518e-01  2.6219740486170878e-01  2.2461897189801627e-01  2.1575292459924400e-01  
q[182]: 1.5113860006859184e-04  9.0789553516726762e-01  5.1169831686736977e-01  1.4245880827216717e-01  8.1287582433496347e-02  
q[183]: 1.5544717853631468e-04  9.1581571815016483e-01  5.3488206740286448e-01  2.5424404881828755e-01  2.1504386939012559e-02  
q[184]: 1.0772598328650496e-04  8.6462359949529821e-01  6.0176783520774524e-01  1.0765505645056404e-01  9.3276364727025107e-02  
q[185]: 1.7056900530020174e-04  8.9925257844701878e-01  4.4297626309475951e-01  3.0635553072770799e-01  2.3793406343021860e-02  
q[186]: 2.4677307240056172e-04  9.6597581613230832e-01  5.4722842339184496e-01  3.2166803018103302e-01  1.2110882420608360e-01  
q[187]: 3.4961764317884372e-04  9.2060255347298925e-01  5.7308268115199834e-01  3.0934385191314850e-01  2.2510676734483309e-01  
q[188]: 1.3124961670642896e-04  8.6443408048705461e-01  4.0611912329862776e-01  2.4390301090278330e-01  2.3341334907074676e-01  
q[189]: 9.7530441367124377e-05  8.8967501516806768e-01  4.7788152608358270e-01  4.5167237041606934e-01  2.2158165077524470e-02  
q[190]: 3.0287088928302651e-04  9.2802810033200311e-01  5.2881805769628354e-01  4.2045775990021356e-01  2.4720424624209128e-01  
q[191]: 2.1263695750958523e-04  8.8278195961747785e-01  5.2331646664392295e-01  4.2404769893186439e-01  3.5609166892687572e-01  
q[192]: 1.1055127418216133e-04  8.7969790109373358e-01  4.3365983034495964e-01  4.2040318986414721e-01  1.1480431603604381e-01  
q[193]: 1.6069406544812079e-04  8.9202274463536302e-01  5.0271104643806919e-01  4.7883134897572666e-01  2.5627464385780518e-01  
q[194]: 9.3194885116334232e-05  9.0301078554133618e-01  5.0185879605046491e-01  4.8781626729671634e-01  3.9862184999964267e-01  
q[195]: 6.5226001006820226e-05  8.7918908694170161e-01  4.3279316151338282e-01  4.0547660245805250e-01  3.9322758393018731e-01  
q[196]: 3.6034447839519565e-05  9.3347689042112514e-01  7.1447473730156530e-01  3.2656608553023499e-02  2.5028718768914604e-02  
q[197]: 1.1923502887752900e-04  8.9635009644646724e-01  6.4867337232530597e-01  9.7762296915202399e-02  2.4674268000584153e-02  
q[198]: 2.4465885624520302e-04  9.0670205826745187e-01  7.0991678150396942e-01  2.3461696200951587e-01  1.6858226523074590e-01  
q[199]: 1.0406786977227568e-04  9.0493983127000877e-01  8.0080081696613836e-01  1.2501687319056165e-01  9.7358828619654503e-02  
q[200]: 1.2215950144556716e-04  9.0686289081556681e-01  6.9580861768432323e-01  2.2921050134267870e-01  1.3349754602666677e-02  
q[201]: 2.9784046325212032e-04  8.9315668323586372e-01  6.2110515291050927e-01  2.4753528329032709e-01  8.4871703974101223e-02  
q[202]: 1.4236395913189547e-04  8.5903350957738311e-01  5.7403541832105975e-01  2.4019337708581434e-01  2.2959108291067479e-01  
q[203]: 2.1238386319360236e-04  8.9006540909799914e-01  6.8995651977293282e-01  4.0864187979192673e-01  3.3767961721641551e-02  
q[204]: 2.9692063580948015e-04  9.0319886246741776e-01  6.6327142268962291e-01  4.4901112686903982e-01  1.2627164701919352e-01  
q[205]: 4.1588468321938243e-04  9.1218478223576005e-01  7.1555623963994086e-01  4.5437127532987048e-01  2.5287346689348639e-01  
q[206]: 1.7336380579490023e-04  8.9037442973666547e-01  6.4868267459947304e-01  5.2356865554214882e-01  2.1414506357604474e-02  
q[207]: 2.9836386088238253e-04  9.1431417815004334e-01  5.8945361194004608e-01  5.0107844909446164e-01  1.1880677081388810e-01  
q[208]: 1.8850571136647031e-04  9.1378252160469331e-01  6.7962349807240297e-01  6.5819755015612480e-01  4.1211935305397845e-01  
q[209]: 3.0811195447398581e-04  9.3407949606851870e-01  7.1747924102459060e-01  6.0463384197700565e-01  2.9215032566342175e-01  
q[210]: 1.0260793532890419e-04  8.9834955460219001e-01  6.0095413585593105e-01  4.6029894475095029e-01  4.4665477959423744e-01  
q[211]: 3.6901591578001088e-05  8.9326376068080993e-01  6.8638069220713249e-01  6.5594354067488669e-01  1.0202720169366068e-02  
q[212]: 8.8261818910573359e-05  8.9668524262036264e-01  6.5012597819393503e-01  6.3633647448689679e-01  7.2159482654453544e-02  
q[213]: 1.6424800448867026e-04  8.8213431074470505e-01  6.4640982309971184e-01  6.2530655136041513e-01  2.0121895496893707e-01  
q[214]: 1.2012415094476774e-04  9.0077031938655616e-01  6.6200334550169981e-01  6.3837964128752178e-01  5.6463340454520450e-01  
q[215]: 4.0894730855490736e-05  9.0336150451650343e-01  6.4276206653290791e-01  6.1546182162245511e-01  6.0729092261575024e-01  
q[216]: 2.2554853360208358e-05  9.0352735253871952e-01  8.6438175400742823e-01  3.6168997482500513e-02  2.3831308747733874e-02  
q[217]: 4.2979861944343499e-05  9.2906122713541550e-01  8.2867106364839693e-01  1.0056824436538983e-01  9.5647460996740666e-03  
q[218]: 1.2094918558356467e-04  9.0470714383619344e-01  8.1851931972634595e-01  3.2149484505814752e-01  2.5448819514550473e-02  
q[219]: 2.7519878758388162e-04  9.2257376590899554e-01  8.1109614307528599e-01  4.1143862623007493e-01  3.1731000144303467e-01  
q[220]: 8.6996931005938702e-05  9.2136440433303224e-01  8.1738260367286308e-01  2.6454428368471228e-01  2.5340966113259006e-01  
q[221]: 1.4035330220375840e-04  8.7909699426365073e-01  7.9079697645251434e-01  5.0907238761504559e-01  2.1213383680304291e-02  
q[222]: 3.2117678749657728e-04  8.6991542460661542e-01  7.5639540771275382e-01  3.6087741654702143e-01  1.1186497269058600e-01  
q[223]: 2.5236629640972008e-04  9.2075139407965301e-01  8.0987814319128248e-01  5.9509538260445705e-01  1.3167603316365778e-01  
q[224]: 3.7629512341411331e-04  8.9161443743399205e-01  8.2167683799599245e-01  5.5413928231107568e-01  2.6752967795418930e-01  
q[225]: 1.9844822418499736e-04  8.9602242770630991e-01  6.8927897936544991e-01  4.3141523252327274e-01  4.0150623841625332e-01  
q[226]: 1.1649353422660548e-04  9.1669568171948901e-01  8.2675868717619871e-01  4.9792453647873686e-01  4.7834120836605554e-01  
q[227]: 1.1680760626835999e-04  8.6621820377255432e-01  7.9506858700975613e-01  6.8220442046581142e-01  2.4598635103354236e-02  
q[228]: 2.0155419175186553e-04  9.2898885341850879e-01  7.8608868005482446e-01  6.9216987952253883e-01  9.2061861949826393e-02  
q[229]: 1.8946493597705335e-04  8.9812388624929951e-01  8.6346123452284906e-01  7.5202561575792071e-01  2.7024053641885659e-01  
q[230]: 3.0291541312556355e-04  8.9864071652244493e-01  8.1486645199553154e-01  7.1833246330914269e-01  4.4511672130379981e-01  
q[231]: 2.0928466319661965e-04  9.1817544750401348e-01  8.4561824794947560e-01  6.4949600503977600e-01  5.3460853097245176e-01  
q[232]: 1.4696000159845083e-04  8.1188622577782810e-01  7.1415880598618564e-01  5.6043058176563054e-01  5.3327758135766745e-01  
q[233]: 3.2478471156663038e-05  9.0194941073934798e-01  8.2369389364050238e-01  8.1293363041860822e-01  3.1997167136533188e-02  
q[234]: 1.1157429435408585e-04  9.0935042597140781e-01  8.1142961368349975e-01  7.8781543036414159e-01  1.5050260476687963e-01  
q[235]: 1.3973748353698874e-04  8.9476270517127243e-01  7.9259716482639142e-01  7.7375265985818587e-01  3.2625419344374412e-01  
q[236]: 6.0588435491437078e-05  9.3384229212753245e-01  8.0968872497295841e-01  7.9294858720903350e-01  5.6909234274404641e-01  
q[237]: 1.4166593185963405e-04  9.0151884246867486e-01  8.0781593646757444e-01  7.6106670041815705e-01  6.5339466979141081e-01  
q[238]: 2.5856168664726003e-05  9.2053703357108818e-01  8.2964145173492987e-01  8.2323269474502192e-01  8.0062767095125476e-01  
q[239]: 3.2388086683188590e-05  8.9553360518156233e-01  8.8246271922520503e-01  9.4750939430289949e-02  2.6243666375830029e-02  
q[240]: 1.7871157970573867e-04  9.0171623159238645e-01  8.0920062956784955e-01  1.9757119053803396e-01  7.0820543005220671e-02  
q[241]: 3.3003593938058006e-05  8.6656736498895548e-01  8.5499752177550381e-01  1.4015375020977525e-01  1.2573521145496730e-01  
q[242]: 3.7282858443944733e-05  8.8043095017924788e-01  8.5083621877969584e-01  1.9591543159375732e-01  5.1104195312057319e-03  
q[243]: 8.5128696972729397e-05  9.2406058673306690e-01  9.1036673849172411e-01  2.9072719554790755e-01  8.1253424060046153e-02  
q[244]: 1.3962166618117797e-04  9.0679229974660203e-01  8.7882923087682852e-01  2.8198491693807937e-01  2.1144258550565354e-01  
q[245]: 5.6814576923770674e-05  9.0417436732602097e-01  8.8777004260034864e-01  4.6915448172569563e-01  1.9219296538825946e-02  
q[246]: 1.4818092182056019e-04  9.0354097040562553e-01  8.7794465378483122e-01  4.6251635928253726e-01  1.0857358409211013e-01  
q[247]: 1.5807255360351897e-04  8.8242249373329229e-01  8.6321076639617345e-01  4.1183564393678251e-01  2.1837313672122460e-01  
q[248]: 1.2695900348827000e-04  8.9349895290131442e-01  8.7792197096825475e-01  5.3564681565858840e-01  4.0643767466940306e-01  
q[249]: 7.3437619969597153e-05  8.9700261198038123e-01  8.7786351862657630e-01  4.3552876664851431e-01  4.0709681413312526e-01  
q[250]: 2.7763874376106101e-05  8.7973008567944289e-01  8.7752926137245058e-01  6.8771703831008280e-01  1.7002345997833294e-02  
q[251]: 1.0783508593856461e-04  9.1128343803251588e-01  8.8141953611067292e-01  6.2951652979310735e-01  7.8924309866787501e-02  
q[252]: 1.0686233999062634e-04  8.7927154206418567e-01  8.7177773980420281e-01  6.2731874788731956e-01  1.9674608251331938e-01  
q[253]: 1.2678084501272670e-04  8.8889616701441954e-01  8.7947349737450298e-01  6.8108701823177420e-01  4.1425787796828506e-01  
q[254]: 4.5895892508114032e-05  9.0446434514385210e-01  8.8169239478116446e-01  6.5378202998768209e-01  6.3993361822118677e-01  
q[255]: 1.0347996250672177e-04  9.1796740874500637e-01  8.9171423328588295e-01  7.8637176008752396e-01  1.0955360404819101e-01  
q[256]: 4.9214568608639258e-05  8.7748530241775746e-01  8.7257373130962101e-01  8.1537679614625991e-01  4.0091316897966467e-01  
q[257]: 5.4689789760463547e-05  9.1378195494695047e-01  9.0463013313788632e-01  8.3061219549980947e-01  6.0402140309170915e-01  
q[258]: 5.4078040148100068e-05  9.0231924720831347e-01  8.9361830992669233e-01  6.9684115564598637e-01  6.1790169284362728e-01  
q[259]: 4.9064722844086396e-05  9.0552002312287538e-01  8.7407111165118756e-01  7.9460064309674094e-01  7.7661264332349444e-01  
q[260]: 2.1601598661389483e-05  8.9748527630990993e-01  8.8392124105881387e-01  8.5060920645704974e-01  1.7524993397037197e-02  
q[261]: 4.3135533240181245e-05  8.3804218840895384e-01  8.2231636755220017e-01  8.0497486076517188e-01  1.0539892402456678e-01  
q[262]: 5.3014153671078423e-05  9.1505035162430248e-01  8.9605874906285088e-01  8.7732272871639294e-01  2.5973734764559031e-01  
q[263]: 6.6605246020263437e-05  8.8789633839669946e-01  8.5581194942069194e-01  8.4198070779797973e-01  4.9748350481269132e-01  
q[264]: 4.0919416591912407e-05  8.9124238594137628e-01  8.6914712763100332e-01  8.5904235276156626e-01  6.9008623157718940e-01  
q[265]: 1.6440392392174826e-05  8.7561320322233227e-01  8.6830328745900132e-01  8.5220034948757495e-01  8.1113915024144589e-01  
q[266]: 1.4247753294154018e-05  9.8877196285065039e-01  1.5225533273869574e-01  4.3030426603630954e-02  1.5131298882264530e-02  
q[267]: 5.8065348607138989e-06  9.6717917929688479e-01  3.9166920502857694e-02  2.5879164259323531e-02  1.9088831272192228e-02  
q[268]: 2.7292453358223801e-05  9.8960842848188846e-01  3.3260323974549816e-01  5.3365384461602834e-02  2.5067240598800535e-02  
q[269]: 6.0949919654596931e-05  9.7652479810214088e-01  2.6587394024957656e-01  1.5651954279872057e-01  3.2443560854395231e-02  
q[270]: 2.4940468232567331e-05  9.9016719036162715e-01  1.6884234910481272e-01  1.3819841668876745e-01  1.0688131014323259e-01  
q[271]: 4.1998483946070236e-05  9.6303235399604481e-01  2.2186408243716205e-01  9.0438742406812003e-02  8.0582724179086462e-02  
q[272]: 2.0214165928544569e-05  9.8212246950420590e-01  1.4085466635222291e-01  1.1962478601145490e-01  2.1043146981484791e-02  
q[273]: 4.0406829353512975e-05  9.7110186793613951e-01  4.9979869070690802e-01  4.1926475531069630e-02  2.7388889446213736e-02  
q[274]: 7.5708322160767601e-05  9.6840070435336423e-01  3.7172001088955015e-01  1.3544147617196930e-01  2.2334965091293305e-02  
q[275]: 8.0996006431487906e-05  9.7321206375239611e-01  4.1398620419383836e-01  1.4540070336519498e-01  1.2545112516902143e-01  
q[276]: 4.2801484976336548e-05  9.7480395738139791e-01  3.4350158959257465e-01  2.6613084554499344e-01  1.2794034210767781e-02  
q[277]: 6.8167150702465033e-05  9.9538989609972406e-01  3.6373879063511144e-01  2.2220408633961788e-01  1.3564266386548318e-01  
q[278]: 3.1287421062152085e-05  9.8308383880299521e-01  3.3982332243999080e-01  2.5208964088448454e-01  2.4695640658761861e-01  
q[279]: 9.5587319640361615e-05  9.8202727018694946e-01  4.3386191751145253e-01  3.9047031445494484e-01  2.8941033451197107e-01  
q[280]: 3.1089819913666936e-05  9.7656362248571604e-01  3.1150202929927551e-01  2.9777179664284587e-01  3.0705796082451824e-02  
q[281]: 8.2178315755092495e-05  9.7307904864412142e-01  2.9779483904244619e-01  2.7756712542966150e-01  1.2720233846953766e-01  
q[282]: 3.0064666649477821e-05  9.7096495757377044e-01  3.0244238691479608e-01  2.9448204676127965e-01  2.6559314394959055e-01  
q[283]: 9.2867670346522151e-05  9.9228327804953953e-01  5.6036671128262261e-01  2.0644732938888646e-01  1.0616072823799196e-01  
q[284]: 8.2674903995232974e-05  9.7193522885973138e-01  5.5555515411132228e-01  1.1960998450218203e-01  1.6978089028905175e-02  
q[285]: 8.9953667707018417e-05  9.7464355110234557e-01  6.2640080475093007e-01  1.5135167510522626e-01  1.3221276616866598e-01  
q[286]: 5.7155993525036192e-05  9.9084875297835917e-01  5.0476573064451236e-01  2.6815969493108899e-01  2.1483333716869984e-02  
q[287]: 9.9383081523014448e-05  9.7618928255466642e-01  5.5160475438774703e-01  2.9506934499660648e-01  2.7524284323917247e-01  
q[288]: 9.9875550208659641e-05  9.7644504614624084e-01  5.6280358209833059e-01  4.5436901694052978e-01  2.7497539510735559e-02  
q[289]: 1.0586077023944612e-04  9.8809472563355938e-01  4.6658634324005660e-01  3.7211097273337418e-01  1.0860339492904963e-01  
q[290]: 1.0573484089235233e-04  9.9340964642759000e-01  5.8311715200683123e-01  4.0171771739634260e-01  2.9045805021842230e-01  
q[291]: 9.8119666760368326e-05  9.7259889908171870e-01  5.3578613052925694e-01  4.3119988591149244e-01  4.0386122147037035e-01  
q[292]: 2.4559439133528084e-05  9.8133107989783575e-01  5.0925736314249614e-01  4.8980579660343038e-01  1.6656541709415797e-02  
q[293]: 7.9523421105080308e-05  9.7588326004770554e-01  5.0777673641294763e-01  4.8908963652131576e-01  1.1357306547632177e-01  
q[294]: 6.6425636799707084e-05  9.7556445020933247e-01  5.1361599166747895e-01  5.0243815105570333e-01  2.6745353295078433e-01  
q[295]: 4.2685325554680126e-05  9.8494599817930417e-01  6.1371912383103877e-01  6.0070723432672224e-01  4.8266335149564649e-01  
q[296]: 3.2631834879203565e-05  9.7912302518049610e-01  5.1876240343084901e-01  4.9914010372079359e-01  4.7886396796530051e-01  
q[297]: 2.0684145257206383e-05  9.9250044721833286e-01  7.0054795522835422e-01  4.9248597234469192e-02  2.2643762219576237e-02  
q[298]: 2.0310065507166298e-05  9.7984116892297635e-01  7.7640008093007895e-01  1.0873473257905426e-01  1.1324946281047710e-05  
q[299]: 1.1229087233641801e-04  9.7643191385719419e-01  7.4446623372993459e-01  1.6098914646356119e-01  7.3718000495709077e-02  
q[300]: 4.2456795698216573e-05  9.8162043899241114e-01  8.1194704520985461e-01  1.4605060693039607e-01  1.3435206266740035e-01  
q[301]: 9.0768451300491060e-05  9.8621555068852629e-01  7.1273595068347717e-01  2.7178260345733379e-01  2.8667773454307682e-02  
q[302]: 1.7738643836071974e-04  9.7475886878444307e-01  7.4602260898964701e-01  3.2058034315106820e-01  1.3112244952008076e-01  
q[303]: 1.2770576820072670e-04  9.8902759716833655e-01  7.4678819644368966e-01  3.4284340609182740e-01  2.5352839671758903e-01  
q[304]: 8.5585724561720966e-05  9.7079132498836307e-01  7.3986141389199300e-01  3.1694918791963933e-01  3.0208073965950988e-01  
q[305]: 2.1998572006003101e-04  9.6927879684481388e-01  7.4831151742068913e-01  5.3376857887638784e-01  4.2020136409363257e-01  
q[306]: 5.1820649174201301e-05  9.7282458594911070e-01  7.0174119837028015e-01  4.3352779745543257e-01  2.8005886694626881e-03  
q[307]: 1.6682471568859239e-04  9.7971578687716032e-01  6.9609693354285429e-01  4.4477373320821351e-01  7.8230735514181748e-02  
q[308]: 1.6454110906982908e-04  9.8946569348326685e-01  7.4710983493368555e-01  5.0377546568671205e-01  2.4290924609480027e-01  
q[309]: 6.9175003277021897e-05  9.8495954732085855e-01  7.3417811636762187e-01  4.9897045210188640e-01  4.7944453665580294e-01  
q[310]: 6.4686903502475591e-05  9.8296630088634240e-01  7.5850693069330632e-01  6.4222872768016903e-01  2.4856710903634789e-02  
q[311]: 1.2823597757813111e-04  9.8752768541742986e-01  7.2235183936460634e-01  6.0609348904398530e-01  1.4221653372629162e-01  
q[312]: 1.1788732143526295e-04  9.8894296394621661e-01  6.2516747700431374e-01  5.4205278306994753e-01  2.6579114164643569e-01  
q[313]: 1.7273242864920433e-04  9.7330405730258318e-01  6.8414229297169871e-01  6.0423171498398565e-01  4.7174184592530782e-01  
q[314]: 6.1615502673334596e-05  9.8398980196857166e-01  7.2402972923290509e-01  6.3888395893268746e-01  6.1097414909954906e-01  
q[315]: 1.5487557824484669e-05  9.7323878241742001e-01  7.0187695238077530e-01  6.8017775718040119e-01  2.4274911826896793e-03  
q[316]: 6.8532606401206539e-05  9.8100008819913709e-01  6.9328515944855795e-01  6.6825295053579237e-01  7.9547820634892255e-02  
q[317]: 1.0810382229653951e-04  9.7495566611684670e-01  7.1028170066662644e-01  6.9019245179006283e-01  2.4807957140500056e-01  
q[318]: 5.2344531266199733e-05  9.9085693219881155e-01  7.5055820878811452e-01  7.3013873148861241e-01  4.4858265941600384e-01  
q[319]: 4.3773407436282171e-05  9.8083694825098555e-01  8.1597651232442558e-01  8.0294422246748509e-01  6.8413797007834054e-01  
q[320]: 1.9018262221875608e-05  9.8122419203302846e-01  7.3067948986901621e-01  7.1942634953996543e-01  6.9514602269326586e-01  
q[321]: 2.8736378541889292e-05  9.8260453003467430e-01  8.8929823852291912e-01  5.2808639565920870e-02  2.6693020631389945e-02  
q[322]: 7.3539910032027791e-05  9.8302379999024225e-01  8.7539908846091807e-01  2.4774381001774487e-01  3.0270746493777961e-02  
q[323]: 5.0549548742692562e-05  9.8777386014509516e-01  8.7962843427593651e-01  1.8718231092684137e-01  9.2203469855127215e-02  
q[324]: 6.3702978681480632e-05  9.7786732475831983e-01  8.6341468147018974e-01  4.3364941550429659e-01  1.4843386386589505e-02  
q[325]: 1.5957288974829885e-04  9.6535775943894953e-01  8.8111412470404982e-01  3.4149693063923126e-01  1.7820483520379524e-01  
q[326]: 6.7433312921685569e-05  9.9116202124070096e-01  8.9757394269873048e-01  3.0045465686060652e-01  2.4729181296038802e-01  
q[327]: 4.3447371909429434e-05  9.6534249044378351e-01  8.7411377716721006e-01  6.7419577690920107e-01  8.4863092130392261e-03  
q[328]: 1.8862603195058896e-04  9.7390919144548815e-01  8.5411591979316082e-01  4.3591472160539346e-01  1.0767815654560978e-01  
q[329]: 1.2448374413003848e-04  9.8505486963491262e-01  8.9053941507841805e-01  5.0080182834751341e-01  2.8712111679342472e-01  
q[330]: 4.2235634989763670e-05  9.8850078403107766e-01  8.9219281127431660e-01  4.5838684611364150e-01  4.4112383748138911e-01  
q[331]: 1.0353603577015201e-04  9.8409485766990012e-01  8.5465359724150791e-01  5.9402531106662360e-01  5.7706894066114262e-02  
q[332]: 1.5537560051860866e-04  9.8294916634113827e-01  8.8140455026241948e-01  6.3336614014436610e-01  2.1783913807703256e-01  
q[333]: 1.6878932944213614e-04  9.7351228005908386e-01  8.9720085256584181e-01  6.6966775260922329e-01  4.2419886604371088e-01  
q[334]: 8.8663021182057059e-05  9.8797322149377897e-01  8.7203801036506223e-01  5.6760334951572022e-01  4.7028538151442884e-01  
q[335]: 6.1719603154395078e-05  9.8072344536778389e-01  8.8439055115861953e-01  6.7599573436560612e-01  6.5392881567356798e-01  
q[336]: 2.8416179934712245e-05  9.6920574654966374e-01  8.8287786569251769e-01  8.1338393068910597e-01  1.2748367917327811e-02  
q[337]: 5.1492735977121207e-05  9.9568967145355658e-01  9.0699748669170865e-01  7.9750462686523349e-01  1.0207760687709125e-01  
q[338]: 1.7157015454723090e-04  9.7577612475881825e-01  8.5619764372523566e-01  7.5809014546166043e-01  2.5766661151951559e-01  
q[339]: 1.3761070945877453e-04  9.8634920483712096e-01  8.3277447607875776e-01  7.1781894519590383e-01  4.3501264436005671e-01  
q[340]: 1.0856988011069371e-04  9.8432055512360084e-01  8.6658973921191795e-01  7.6481095570948299e-01  6.4616290868282211e-01  
q[341]: 1.1806946410610412e-04  9.2362786023930665e-01  7.7952673782364357e-01  6.6776423899915338e-01  6.4326759584103532e-01  
q[342]: 2.9804204816991473e-05  9.8149861195528088e-01  8.5341329100987562e-01  8.3450220096352912e-01  4.2079649797509062e-02  
q[343]: 4.8618655003258779e-05  9.8417676010939348e-01  8.5576612739511482e-01  8.3849610101969629e-01  1.8061957408255652e-01  
q[344]: 7.3849112627252106e-05  9.7956869978228267e-01  8.7736048006642564e-01  8.5565162493387725e-01  4.0516638478543432e-01  
q[345]: 6.3075903559636835e-05  9.7875828292642775e-01  8.9985541837605310e-01  8.7137415357521530e-01  6.0301101650425826e-01  
q[346]: 1.4399712117204674e-05  9.8123326431645275e-01  9.4380475328706692e-01  9.3816708333031873e-01  8.4624979717784710e-01  
q[347]: 2.7393976456432574e-05  9.8617339497548706e-01  8.9033209313314954e-01  8.4507332828670334e-01  8.2576475521725923e-01  
q[348]: 3.0274475560441886e-06  9.8452292673209851e-01  9.8354855460887058e-01  3.3772631409014930e-02  2.1238066633480837e-02  
q[349]: 1.7720744404610954e-05  9.8594370025761624e-01  9.6092323906413624e-01  1.3550818264979231e-01  1.5869175395498158e-02  
q[350]: 4.4508700623109294e-05  9.7140240057596172e-01  9.5086496417546607e-01  1.7609533625444337e-01  9.2443961886090775e-02  
q[351]: 2.8032680572354235e-05  9.7702047593922869e-01  9.4679051643943446e-01  1.5020694597214465e-01  1.3558997743091414e-01  
q[352]: 2.9861469861568558e-05  9.7294064305727002e-01  9.5463877030289379e-01  3.0989524542873131e-01  1.8592435669437909e-02  
q[353]: 3.8242410951896337e-05  9.9499887326436487e-01  9.6865164264894810e-01  3.5287483738687975e-01  1.1473789702177607e-01  
q[354]: 2.7538973619348002e-05  9.8666214736032765e-01  9.8110338987632362e-01  3.5049827583838505e-01  2.4399907878800373e-01  
q[355]: 2.9520964113833814e-05  9.7313203394347170e-01  9.5379037536277567e-01  3.3767398371435980e-01  3.2486455297876915e-01  
q[356]: 2.6557426689350150e-05  9.8566544221271835e-01  9.6168325083307227e-01  4.8700797592620776e-01  2.6796499848788513e-02  
q[357]: 6.8115553050889828e-05  9.8192630457730490e-01  9.5839992070400248e-01  5.4068937971371789e-01  1.1751329336425477e-01  
q[358]: 9.0475064315010434e-05  9.7265652332021202e-01  9.5617258562285035e-01  5.2878018613721867e-01  2.6419082261539617e-01  
q[359]: 8.7513006711306641e-05  9.7817664718321906e-01  9.5110219748041291e-01  5.1472258704885365e-01  4.1571245687187169e-01  
q[360]: 3.0408191817249632e-05  9.7894415033981752e-01  9.5681162768577899e-01  6.6400194643859956e-01  1.9866635981970290e-02  
q[361]: 5.9251064123827131e-05  9.8211202624717109e-01  9.5958775023270126e-01  7.2593792578491145e-01  1.1501217304471190e-01  
q[362]: 8.5159881885015564e-05  9.7712178590286891e-01  9.5865640615018488e-01  7.0837173091830274e-01  2.7583923516858733e-01  
q[363]: 4.4831031337857695e-05  9.8363636433501478e-01  9.7420019080156084e-01  7.0427272204599012e-01  4.7159792910328857e-01  
q[364]: 5.9680940319584260e-05  9.8116628708535925e-01  9.5690622450065899e-01  7.3179979864124267e-01  6.3557120582728854e-01  
q[365]: 2.5348814283794512e-05  9.8017022915049135e-01  9.6670513518185952e-01  5.9519669929960839e-01  5.7534274684696385e-01  
q[366]: 2.7546810264604581e-05  9.7934496722362641e-01  9.6276644708335479e-01  8.4951288835474170e-01  3.1602311218915116e-02  
q[367]: 5.4018576391316637e-05  9.7988926801547449e-01  9.6263310145133918e-01  8.6154178063508002e-01  2.1873990535239723e-01  
q[368]: 9.5673019452901316e-05  9.7950795144342928e-01  9.5211366105931616e-01  8.4102883618700941e-01  4.2206967649913285e-01  
q[369]: 6.3309548024673737e-05  9.8021606535473782e-01  9.5606673998316039e-01  8.4848342199590598e-01  6.2256641867355267e-01  
q[370]: 4.5761034986055819e-05  9.7209773490707119e-01  9.5188372589762549e-01  8.8601752906658926e-01  7.9990598012818270e-01  
q[371]: 1.4650674342300221e-05  9.8687274025257865e-01  9.6950243183773333e-01  8.2106107986460741e-01  8.0392709437456467e-01  
q[372]: 2.1310313010845588e-06  9.9413759530083357e-01  9.7229028222664804e-01  9.6405643810836383e-01  1.7399878734803090e-03  
q[373]: 3.3178000833694482e-05  9.7406012642048156e-01  9.5173673904460732e-01  9.2913565815383536e-01  9.8997502666270526e-02  
q[374]: 2.5556698587484149e-05  9.8702485660575223e-01  9.5827467220222862e-01  9.3817935550214959e-01  2.8265131473166955e-01  
q[375]: 2.8106372545337900e-05  9.7470130797190924e-01  9.6179309302196581e-01  9.4091124599585207e-01  4.8492008920025914e-01  
q[376]: 1.3945791589972390e-05  9.8656976640662419e-01  9.7200535756837325e-01  9.5647477439096851e-01  7.0346658979638876e-01  
q[377]: 2.3913784662996109e-06  9.8181934122446890e-01  9.7819029983893224e-01  9.6192751100089158e-01  9.5977031111455180e-01  

