deg: 14
dim: 4
nodes: 626
efficiency: 0.977636

q[0]:   1.2879991824551016e-05  1.4769902754190650e-01  5.6340344541861993e-02  3.7245345871144718e-02  1.7007489617235551e-02  
q[1]:   6.9622586190357729e-06  1.2282008020580375e-01  1.0168852421684010e-01  2.3024636840674514e-02  9.4660342319356685e-03  
q[2]:   1.0187737869354397e-05  1.3920425197367664e-01  1.2090505066451450e-01  1.0272714303405710e-01  1.6397984513261691e-02  
q[3]:   1.1659789370587346e-06  4.0226916929445210e-02  2.9521936317979558e-02  2.5815028007955303e-02  1.3293013329376253e-02  
q[4]:   2.8731346427774383e-06  2.6592712860973605e-01  2.2034587521370191e-02  1.0011882418735074e-02  9.9966370413715634e-03  
q[5]:   2.4363559463568480e-05  2.7763081789244692e-01  1.3308842856929270e-01  3.1616661259564818e-02  1.3525830207422773e-02  
q[6]:   2.8086418302263489e-05  3.2284673241881351e-01  1.1243126418276007e-01  8.4839031017365896e-02  7.5585852366625961e-02  
q[7]:   1.2021022321884743e-05  2.1832962244729467e-01  1.2581181355655913e-01  1.2439922083540261e-01  1.0212455526070258e-01  
q[8]:   2.5593904320761823e-05  2.2637190842460103e-01  1.4331691762514104e-01  1.2697127858568494e-01  3.3675405929456489e-02  
q[9]:   2.0143054934268841e-05  2.8547873128684065e-01  2.2978555687452426e-01  3.2647274157627477e-02  2.5894779146919046e-02  
q[10]:  2.3014137008395657e-05  2.5734984188208071e-01  1.7138688937916755e-01  7.7944572091976874e-02  5.8951543984064438e-03  
q[11]:  1.8896148418773419e-05  2.2828040623291693e-01  1.4347432046803787e-01  7.2640092899641878e-02  6.5840898926910890e-02  
q[12]:  1.8698192283057460e-05  3.0450907949290518e-01  1.8081217994802407e-01  1.6152943082235013e-01  6.3440152008719924e-03  
q[13]:  1.7654634280203918e-05  2.4592196678471240e-01  2.3204074846752387e-01  1.2502646091448022e-01  1.1300546951948718e-02  
q[14]:  1.2193924438885296e-05  3.2444566291115151e-01  3.0778933131869152e-01  3.0151545919141132e-01  6.8084171913903854e-02  
q[15]:  8.7236568053997910e-06  2.5951628697326734e-01  2.5661788754500348e-01  4.6135893489464182e-02  1.8082519553086995e-02  
q[16]:  1.3952212066867728e-05  2.5418588698930572e-01  2.4587187621865580e-01  1.1219452368820641e-01  1.0383523149575041e-01  
q[17]:  2.5436513270537372e-05  1.8884347743784657e-01  1.6804406541676911e-01  9.7909994118026616e-02  5.1401269116965888e-02  
q[18]:  1.0337986025057994e-05  1.3881344424899264e-01  1.1961317207427336e-01  9.7860533707991970e-02  8.4242203469985719e-02  
q[19]:  1.6751986976832500e-05  2.7736321682179021e-01  2.5618123265270781e-01  2.3368186280517295e-01  1.2846748240373093e-02  
q[20]:  1.5281762805183248e-05  2.1914505687256711e-01  2.0771541554341674e-01  1.9710650312240999e-01  1.0345176266936203e-01  
q[21]:  1.8227339972440520e-05  4.7348692370549589e-01  5.4999399019318419e-02  3.5394861817201397e-02  2.0690235764560486e-02  
q[22]:  2.7861878025407500e-05  3.1461426486193766e-01  8.6816095472082827e-02  6.6724533721395210e-02  1.5630822327199558e-02  
q[23]:  3.8239416876439514e-05  4.5341760539869669e-01  2.8637923536399268e-01  3.1271182392335367e-02  1.3466470451328242e-02  
q[24]:  8.6179271821816062e-05  4.3755336850848559e-01  2.4526076945919975e-01  8.7187770294107250e-02  6.8315874296018722e-02  
q[25]:  8.6443368140276292e-05  3.4265129495196084e-01  2.0257452664411638e-01  1.4111126792052150e-01  7.7810528908423063e-02  
q[26]:  7.8750482331132313e-05  4.2562290019997073e-01  2.1724543844772304e-01  1.3649547635760101e-01  2.6430505077970047e-02  
q[27]:  4.3789212472928063e-05  4.2697848045988390e-01  2.3176809703002349e-01  2.1371620209930350e-01  1.9200900756451372e-01  
q[28]:  2.9220146011440834e-05  3.7797243486203957e-01  1.6731420658745813e-01  1.6592185840239057e-01  7.6704457306565763e-02  
q[29]:  6.6923876335724889e-05  4.5847447627694465e-01  3.0481497463869939e-01  1.0828742102094462e-01  1.2967221917384007e-02  
q[30]:  5.3287933955889175e-05  4.1585545492314624e-01  3.4376727114090111e-01  1.4172729098625358e-01  1.3056792500233208e-01  
q[31]:  4.7553082659153072e-05  3.2402546167332263e-01  2.4661962910499002e-01  1.7524856423415469e-01  1.5884763262805310e-01  
q[32]:  3.7379197226255668e-05  3.6409223189308243e-01  2.8491229621537034e-01  2.7318713482068419e-01  7.8213151595115049e-02  
q[33]:  1.4213314080854775e-05  3.6377395770892684e-01  2.7646912819611963e-01  2.6572846981743253e-01  2.5909636376694423e-01  
q[34]:  8.4653744269623353e-05  3.4100057656473337e-01  2.7991566046571731e-01  1.3055022855771178e-01  6.6577489953961261e-02  
q[35]:  7.2323892868660862e-05  3.7973287535598921e-01  3.0149014167104854e-01  2.0443175444001130e-01  2.1060651939667246e-02  
q[36]:  3.9054851543654779e-05  4.4062296190024863e-01  3.4532162230596819e-01  3.2718123184545411e-01  1.7080442326118526e-02  
q[37]:  4.1912599553440479e-05  4.5844840540299531e-01  3.4989985316365796e-01  3.4295966860651339e-01  1.9309748361233020e-01  
q[38]:  4.7313182597625401e-05  3.1704928524407994e-01  2.4730694260103483e-01  2.2652914483900835e-01  1.5717248265254077e-01  
q[39]:  5.8068346946622961e-05  3.4024176239911885e-01  2.7647025387788182e-01  2.2305495260784358e-01  8.7364620486180933e-02  
q[40]:  2.9819976320494252e-05  3.4863608182799993e-01  2.9864438010107763e-01  6.9165503606653883e-02  1.2459038934511156e-02  
q[41]:  4.2001276710215376e-05  3.3305135255013502e-01  3.2204759364091762e-01  2.4863696352627407e-01  6.5918273392007995e-02  
q[42]:  5.5288716350115643e-05  3.3448797507865408e-01  3.2045220131210034e-01  2.3503795873001809e-01  1.5807623310010904e-01  
q[43]:  1.7426744079348977e-05  2.7466620058380697e-01  2.5982030073370782e-01  2.3575338836504886e-01  2.1848690636014370e-01  
q[44]:  6.6567145429174262e-06  4.1867681219824870e-01  4.0524847826055910e-01  2.2702245998686355e-02  3.7754331349484404e-03  
q[45]:  2.5625324288373620e-05  3.7495804997228382e-01  3.6830449590410230e-01  1.6767878954850191e-01  5.5978603687073546e-02  
q[46]:  2.6386127403415123e-05  3.8087111381845290e-01  3.6830962263564510e-01  1.4440730482338818e-01  9.7339345936339070e-02  
q[47]:  3.4294781677792766e-05  4.3213577791115959e-01  4.1076269624390171e-01  1.7269216802268111e-01  1.0870968372651389e-02  
q[48]:  3.2640085799892411e-05  3.9732626736015936e-01  3.7663067548079576e-01  2.6557170444944711e-01  2.4979937924641507e-01  
q[49]:  2.9129186544900307e-05  4.3309332749905893e-01  4.1423309750758058e-01  3.0618115097656612e-01  8.6440425026874917e-03  
q[50]:  2.0592385315665261e-05  4.6086622757141321e-01  4.4395048868469472e-01  4.2456447595245678e-01  1.9530493104427921e-02  
q[51]:  5.1713729109721557e-05  4.2669599098962868e-01  4.0869393863497128e-01  3.8627133396931757e-01  1.9556673672740871e-01  
q[52]:  2.7495433789437226e-05  4.8038319345803382e-01  4.7046354573343707e-01  4.4684543648361874e-01  1.0769096356552496e-01  
q[53]:  1.8896007057207822e-05  3.8149269600315955e-01  3.6470263424474947e-01  3.5619022805743250e-01  2.7558989124264899e-01  
q[54]:  1.1504262489065055e-05  6.5371589862070334e-01  4.6427229048933212e-02  2.6118898976415682e-02  9.4267149815049373e-03  
q[55]:  3.1222408940534159e-05  4.1920942348325468e-01  1.2483805750211796e-01  3.1347693023652319e-02  1.4813113415588126e-02  
q[56]:  3.2787240332063925e-05  5.1006332299063872e-01  1.1440437999949554e-01  9.5674065467568417e-02  1.5011730341458720e-02  
q[57]:  4.6183651070163048e-05  5.9207287756416793e-01  2.6431159532198584e-01  3.1902613929475986e-02  1.4668685195834127e-02  
q[58]:  5.2887231986350855e-05  5.1230507597207753e-01  1.7766403838845166e-01  1.0322026431224061e-01  8.9696760798064074e-02  
q[59]:  1.1594085577945098e-04  5.2073785709103271e-01  2.0845234843491853e-01  1.4641613535310236e-01  7.4045473004472492e-02  
q[60]:  2.4456388342280582e-05  4.8008874120996009e-01  1.2323528403216105e-01  1.1653231953933793e-01  9.1163860579920347e-02  
q[61]:  4.1756216642179170e-05  5.8702928874112881e-01  2.2305674498536096e-01  2.0114817769325283e-01  1.8746283193341634e-01  
q[62]:  3.0107255679420959e-05  5.0694168216883906e-01  2.0490674911139822e-01  8.2870207982576619e-02  1.8764619809968164e-03  
q[63]:  1.6200200095816379e-04  6.1428682755162112e-01  3.1288938231953689e-01  1.2858533880317552e-01  5.0444022200236055e-02  
q[64]:  1.6031628802117809e-04  5.4510819762593243e-01  3.6437644574345218e-01  2.3531421971093178e-01  1.5114838872982195e-01  
q[65]:  3.7875037191384323e-05  4.7104805465557581e-01  2.1359721286416861e-01  1.9431005368696597e-01  1.2605474620597879e-02  
q[66]:  1.1843991559501038e-04  5.0078461273313701e-01  2.9592929950162078e-01  2.6600851037009637e-01  1.7517647407944834e-01  
q[67]:  6.8284578576191472e-05  5.8435735051710525e-01  2.3458744586192715e-01  2.2083190909975980e-01  7.8511993992413667e-02  
q[68]:  4.1705530569187449e-05  5.8340326593390146e-01  3.5478431862564225e-01  3.3937368294361375e-01  3.2224356539178334e-01  
q[69]:  1.4562167738722050e-04  5.1978509291348740e-01  3.8277640852893463e-01  1.6930827218411448e-01  7.1829791119178740e-02  
q[70]:  9.0406505988506670e-05  4.9061292781202709e-01  3.0293473869947640e-01  2.0456731824167068e-01  1.8895298486805434e-01  
q[71]:  7.3334443046107125e-05  5.3231867059785376e-01  3.6332155364856333e-01  2.6368384912036313e-01  1.1697768131261574e-02  
q[72]:  1.5591453483841265e-04  5.1940872796772963e-01  3.5470352531732030e-01  2.7625762108615659e-01  8.9834885783822205e-02  
q[73]:  2.3666252109188079e-05  4.8347255652408894e-01  4.1133211004334957e-01  3.2169398813985811e-02  2.0614703459681499e-02  
q[74]:  9.6390393649852532e-05  5.4156030524344212e-01  4.5849974041410507e-01  2.3921175847534198e-01  2.0510917686915257e-02  
q[75]:  6.0707947128239925e-05  6.0722299577401506e-01  4.3353676928606366e-01  2.0201253163335098e-01  1.9455165774004166e-01  
q[76]:  1.3232429608562516e-04  4.9820423660595081e-01  4.2517474222798995e-01  2.6099708410918754e-01  1.9867138929204889e-01  
q[77]:  4.8329635288767919e-05  5.7841087423536119e-01  4.9026138172231093e-01  4.1436124477451142e-01  1.0666095558760968e-02  
q[78]:  7.5534126745764924e-05  4.8734232905509556e-01  3.0559710631444537e-01  2.8758822517893523e-01  6.6641966513216133e-02  
q[79]:  1.4550293698914983e-04  5.0572719004874533e-01  4.2816292485500251e-01  3.3885873131477351e-01  1.8350570343501191e-01  
q[80]:  1.2190060043224695e-04  6.3592272568207908e-01  4.1907528398480975e-01  4.0344598378712448e-01  1.9259165914403795e-01  
q[81]:  4.2006992571158942e-05  4.9095970225925450e-01  4.0067614849636157e-01  3.9211580580795558e-01  3.2833744308503865e-01  
q[82]:  6.8823910517231139e-05  5.1917060282096528e-01  4.5208216190219913e-01  1.0199219407756809e-01  2.0176260694770406e-02  
q[83]:  7.5770667513757296e-05  5.1940092395237414e-01  4.1578893548537527e-01  1.0857002536959133e-01  8.4786551623970849e-02  
q[84]:  6.9171023162180391e-05  6.3497967360934127e-01  5.7099833111637266e-01  2.2340749821763264e-01  2.1111105679187081e-01  
q[85]:  1.3932298662234808e-04  4.9511258595417573e-01  4.4470654172154167e-01  2.6232426343616383e-01  9.1043465707416213e-02  
q[86]:  1.2736170235252609e-04  5.1437393594894787e-01  4.5280277024781090e-01  3.7838293927627931e-01  7.3021221038657866e-02  
q[87]:  6.5650622513385929e-05  5.0682166262473427e-01  4.9627588829593527e-01  2.9752451292440679e-01  1.9372034103949137e-01  
q[88]:  5.3426262337277843e-05  5.0223014506515107e-01  4.1243969860012997e-01  3.4672363599552014e-01  3.3303488156456834e-01  
q[89]:  9.4061000981704307e-05  4.8440471328671625e-01  3.9998816077483756e-01  3.4086240460189443e-01  2.6714991182463471e-01  
q[90]:  4.0117716837644631e-05  5.4036068802562298e-01  4.8058596325290082e-01  4.7145200449678382e-01  9.6172596021644560e-02  
q[91]:  8.3509552140758803e-05  5.4441020682295815e-01  4.6853285328051147e-01  4.4494717851548743e-01  1.9043005369514074e-01  
q[92]:  2.2016452391716946e-05  5.0775670144392104e-01  5.0249026140606878e-01  1.1007659751931841e-01  2.3350427325973665e-02  
q[93]:  2.7566071501612238e-05  4.4189772030313690e-01  4.2529537303710258e-01  8.3263910183953863e-02  7.0559032319432433e-02  
q[94]:  9.6574527394973831e-05  5.3714663294251042e-01  5.0649475065637661e-01  1.7431174767959604e-01  9.3474300305853325e-02  
q[95]:  4.3600055979581521e-05  4.9777570683020117e-01  4.8331906018238702e-01  2.3214940255320166e-01  2.1407254586232830e-01  
q[96]:  3.8731966008403985e-05  5.1483607128555775e-01  5.0856065384582849e-01  3.0545919552100093e-01  5.8344336942217453e-02  
q[97]:  8.6420511840849885e-05  5.9412636095350591e-01  5.0835118026401549e-01  3.3111600077020131e-01  3.1704225667492481e-01  
q[98]:  2.7015272516804947e-05  5.0901127878106422e-01  4.9692694161100465e-01  3.9157271261817561e-01  3.7043992665353193e-01  
q[99]:  2.6684178184047765e-05  6.4028762310303100e-01  6.2153555373672753e-01  5.2665213242832376e-01  1.0024637950142502e-02  
q[100]: 2.6928011599114702e-05  5.1249570577318604e-01  5.0325672369903529e-01  4.1370402100269815e-01  5.5229954882290613e-02  
q[101]: 8.4551116844209734e-05  5.2038148419808916e-01  5.0699596695279159e-01  3.9857478840467109e-01  1.7256463986871581e-01  
q[102]: 6.3052978502439061e-05  4.9681585896381525e-01  4.8211979688054812e-01  4.1976259278638284e-01  3.2185671586653425e-01  
q[103]: 2.2329468272776924e-05  4.6757797546614310e-01  4.4822593401552346e-01  4.2880022758693298e-01  4.1112680602804508e-01  
q[104]: 2.6039465770211722e-05  5.8023111727375154e-01  5.5781274744490639e-01  5.5413921396149335e-01  3.7385709352692670e-01  
q[105]: 3.5042343298149681e-05  6.1202410607943214e-01  5.9512591491134903e-01  5.7686808110687304e-01  4.9460904844173992e-01  
q[106]: 4.1394759064961972e-05  6.0922979235173580e-01  1.3802916071471658e-01  3.6685698223897646e-02  1.9760333830691350e-02  
q[107]: 7.2617341847486055e-05  7.2425113573480959e-01  3.2318362794493644e-01  1.0213011881070072e-01  1.0030630806238320e-02  
q[108]: 3.3028327019313812e-05  6.6398877689972535e-01  1.0895938873765915e-01  9.2116771568966818e-02  7.5329892452893135e-02  
q[109]: 2.9951345284999284e-05  6.9464193083102566e-01  1.2424670257900720e-01  1.1306959651270078e-01  2.1347025829813814e-02  
q[110]: 6.8381751510509755e-05  6.5207582763375471e-01  1.8652285031122440e-01  1.0733240416691532e-01  1.6176559684907759e-02  
q[111]: 5.4357540497114162e-05  6.8087815029058407e-01  1.8826106276645849e-01  1.0416816669900425e-01  8.7593492504789289e-02  
q[112]: 1.2762054771728922e-04  6.8045649002627506e-01  3.4816293938211323e-01  1.9179402381620611e-01  1.2784274593613493e-01  
q[113]: 1.3050327914605693e-04  7.3666641782986375e-01  2.4740297166583683e-01  1.5995936859208534e-01  7.6240849800594868e-02  
q[114]: 3.6176257021891272e-05  7.4329217472019660e-01  2.3945660977820335e-01  2.1823894219935702e-01  2.0447671826850897e-01  
q[115]: 4.2563983861861019e-05  6.6468376018332964e-01  2.4925231637516063e-01  2.3270367092547947e-01  1.4157236766460777e-02  
q[116]: 5.5522442064723147e-05  6.6955106784432816e-01  1.9330808496922031e-01  1.7467935658385830e-01  9.6512160173408926e-02  
q[117]: 4.0535909173708037e-05  6.4540317505150624e-01  4.5607657078147301e-01  3.4997663559536291e-02  2.4735738030977734e-02  
q[118]: 6.0061624615952974e-05  6.3547252469555948e-01  2.9893732775986998e-01  9.3848613107883505e-02  8.5728669367296631e-02  
q[119]: 8.8791542384244611e-05  6.4474513693463720e-01  4.3960259771918303e-01  8.6766387698959904e-02  1.3680725218080695e-02  
q[120]: 1.8226189997976700e-04  7.8281838437435047e-01  4.4316048018051962e-01  2.5281468587570238e-01  8.4978886010350849e-02  
q[121]: 2.2042572411716448e-04  7.0913829897726366e-01  5.1324864657326685e-01  3.2060888153155531e-01  1.6546811342767204e-01  
q[122]: 1.2160866795410635e-04  6.3572173225815665e-01  3.1666002840979596e-01  2.2340202098891793e-01  2.1185791610456705e-02  
q[123]: 1.6688485300518294e-04  6.7430995328822918e-01  3.3283376691782013e-01  2.7716717391955642e-01  2.0129519743404992e-01  
q[124]: 8.5813786663959234e-05  6.6694878894949439e-01  3.2676767670136248e-01  2.1917884143976865e-01  2.0568533503465930e-01  
q[125]: 2.1474968684172613e-04  6.8288962256945751e-01  3.6866492631985986e-01  2.9081477516463722e-01  1.0103990850317056e-01  
q[126]: 8.2437368327728584e-05  6.9091715724408942e-01  3.7853004825690617e-01  3.6384625532050185e-01  7.8819696668676303e-02  
q[127]: 3.7373842554194948e-05  6.4363906464943321e-01  2.9381031388727996e-01  2.9334492895163922e-01  2.0648501362450605e-01  
q[128]: 1.0072007893521047e-04  6.5048662495729637e-01  4.2624916216109210e-01  1.9207273423510898e-01  1.4642684920940865e-02  
q[129]: 1.8439506489523771e-04  6.4516844580934152e-01  4.6413355104447374e-01  2.8217472563830259e-01  7.3523808807875776e-02  
q[130]: 7.1235694359674730e-05  7.0619416332891838e-01  5.4193943212241180e-01  3.4631535915266909e-01  1.1049792011282124e-02  
q[131]: 1.7290198200675837e-04  6.8412686760099839e-01  4.9983782059420501e-01  4.1676655454242034e-01  5.2887859217165878e-02  
q[132]: 5.2919268647535857e-05  6.1500464045933390e-01  3.8747978387775345e-01  3.6929340834451807e-01  1.6045741681167354e-02  
q[133]: 8.7241934226547102e-05  6.6243150489337699e-01  4.4279557539857961e-01  3.6593188687146483e-01  3.4953242326430461e-01  
q[134]: 9.1994638337291351e-05  6.4448403628167572e-01  4.8999717421355082e-01  4.7376663515390366e-01  1.0449811119170740e-01  
q[135]: 1.7994521953967278e-04  6.8874900186774768e-01  4.8284420832907904e-01  4.0394708875207636e-01  2.4547199931241948e-01  
q[136]: 7.6502877164028472e-05  6.4862302060739085e-01  4.4510130681497523e-01  4.3274012644548154e-01  3.4569931068856413e-01  
q[137]: 1.4943116828486261e-04  6.6789218666200822e-01  5.4017455373287726e-01  1.8995018590094853e-01  8.8441872248502168e-02  
q[138]: 1.0370607366635992e-04  6.3928700731561028e-01  4.3001458168637485e-01  1.1431956089766283e-01  9.3084887196986502e-02  
q[139]: 1.6656280518464764e-04  6.7648739131696678e-01  4.6013731289879423e-01  2.5535620848204427e-01  2.0526223819760811e-01  
q[140]: 8.1021275943023039e-05  6.4685277310826184e-01  5.8198649333896535e-01  4.0175522361722699e-01  2.3524209509371605e-02  
q[141]: 9.6689578538762750e-05  7.5888564282343118e-01  5.5949631622491103e-01  3.5710421971325362e-01  3.4589420747735522e-01  
q[142]: 4.2542084378278772e-05  7.5472841044870087e-01  6.2479364419768024e-01  5.5738062919219111e-01  4.5933881055558040e-03  
q[143]: 1.7659882493376860e-04  6.6966575656851979e-01  5.2958317551638978e-01  4.4627655165539937e-01  1.6517552669122151e-01  
q[144]: 7.6147692013459734e-05  7.0084636394450750e-01  6.1252983831037433e-01  5.9900570331907255e-01  2.6238408042031985e-01  
q[145]: 2.0852792861576243e-04  6.7952883329458691e-01  5.9475064709308956e-01  4.7370426129358117e-01  2.8223915595288268e-01  
q[146]: 1.5975279245435128e-04  6.5974299589099994e-01  4.7901425488707855e-01  3.9327016298376843e-01  3.1969432663034786e-01  
q[147]: 3.3681610139397954e-05  6.2907539219771602e-01  5.2972019955333993e-01  5.1878471830502060e-01  2.2847226668795139e-02  
q[148]: 2.6107659147427977e-05  6.4602920684862442e-01  5.5896257968082885e-01  3.4724487572616612e-02  7.6136929226189344e-03  
q[149]: 2.2785847560884448e-05  6.7600091716702626e-01  6.5277419931110026e-01  1.0822248453697081e-01  4.6193025017247265e-03  
q[150]: 8.7392011940396554e-05  6.9025904659198167e-01  5.9754559040898814e-01  1.3041925410596539e-01  3.1894587353628198e-02  
q[151]: 7.5792602024672242e-05  6.6042036292493722e-01  5.8456351040587617e-01  1.0675031479562751e-01  9.0090822011698171e-02  
q[152]: 1.8287288076646775e-04  6.5221458669644816e-01  5.6144141303115891e-01  2.7063416473452806e-01  1.9265673031757799e-01  
q[153]: 4.4736378742859998e-05  6.5879158294678519e-01  5.5946736173238554e-01  1.9588409420457767e-01  2.6990710420304407e-03  
q[154]: 1.5673492627675742e-04  6.7727369113692737e-01  6.1571076672340896e-01  2.7546790275396760e-01  6.6089777519553694e-02  
q[155]: 2.1482495851603525e-04  6.7588222880961235e-01  6.0883563291621456e-01  3.7531428602706185e-01  1.8201392161036639e-01  
q[156]: 1.8746223309049306e-04  7.0808025631659466e-01  6.0838165446530745e-01  4.1477126247792118e-01  3.3764094478845785e-01  
q[157]: 1.6977722580783640e-04  6.7446873394286677e-01  5.8705128214101698e-01  4.1071683921046415e-01  9.6966848363673280e-02  
q[158]: 7.8386576715261394e-05  7.1145856203548941e-01  6.1468385120862246e-01  5.2153923054914941e-01  5.0367114264345614e-01  
q[159]: 1.2522044791304546e-04  6.9891143553551749e-01  6.3078164187661334e-01  5.7018676392031620e-01  7.1313164451513839e-02  
q[160]: 3.7306185115859576e-05  7.0332312356967119e-01  6.5830885482150836e-01  6.4208054570557183e-01  1.7062885398585009e-01  
q[161]: 1.2606005657366120e-04  6.8071211809701682e-01  6.3125871213764218e-01  5.4845970267804056e-01  1.9649996748153831e-01  
q[162]: 1.1691361717191645e-04  6.4709029096428317e-01  5.7653071686907131e-01  5.0453702295746261e-01  4.2496351991851461e-01  
q[163]: 3.1353988961829411e-05  6.0410135794014241e-01  5.0080222676073882e-01  4.8449888656422513e-01  4.7216825471513907e-01  
q[164]: 1.5500980580410545e-05  6.2991737505508849e-01  6.0710565690930540e-01  5.8874919677277671e-01  1.4992309746408633e-02  
q[165]: 1.2160407856266493e-04  6.3839826344598238e-01  5.4327675406026432e-01  5.1932708422936169e-01  3.4183694345327770e-01  
q[166]: 4.8415470129537706e-05  6.9192411380447993e-01  6.0437217695979040e-01  5.9186949791436438e-01  5.2238165432550709e-01  
q[167]: 2.5112341410691401e-05  6.1531257329142530e-01  5.9831467682251394e-01  4.5200630199778706e-02  2.6924700305506664e-02  
q[168]: 7.1489445920392956e-05  6.8909602026258432e-01  6.7173133361223503e-01  1.6150100672272402e-01  7.3374687368534142e-02  
q[169]: 9.0193416317837187e-05  6.6881278588750981e-01  6.5234196505396047e-01  2.9378993541010873e-01  2.1340226409500079e-01  
q[170]: 3.3230123695430050e-05  6.2923215411699907e-01  6.1868052551217090e-01  1.5545204994672293e-01  1.3706170642135404e-01  
q[171]: 5.0719200866564857e-05  6.3643976665711244e-01  6.2053411586920915e-01  2.3522095918400346e-01  1.9782392391943713e-02  
q[172]: 2.0341524535434880e-05  6.7325620308097589e-01  6.6533572096863425e-01  3.2704006098044858e-01  3.1093852777846043e-01  
q[173]: 3.9522384163312752e-05  6.2416927530085176e-01  6.0873348686989470e-01  3.6832914614147194e-01  1.3761541912208393e-02  
q[174]: 1.0041072273554397e-04  6.6791179913611587e-01  6.4798528140050826e-01  4.6299289154851209e-01  1.0158031478560883e-01  
q[175]: 6.8852691234648470e-05  6.3423514295927685e-01  6.2589984682806177e-01  3.0328745698557641e-01  1.1448710725826070e-01  
q[176]: 1.1740417486441355e-04  6.2732722812233610e-01  6.0659336904559713e-01  4.3345558279678753e-01  3.3368176869492089e-01  
q[177]: 1.1744972879854139e-04  7.8067493454425119e-01  7.0707824685638843e-01  3.5292575581326679e-01  3.2663898021950705e-01  
q[178]: 1.0149891453037096e-04  6.9378253878249718e-01  6.8237210664244430e-01  4.8303010474009295e-01  2.3879510358585848e-01  
q[179]: 5.7725035985960157e-05  6.6123788109428439e-01  6.4191238644146542e-01  4.2484116424728335e-01  4.0276754555015531e-01  
q[180]: 2.8908992952793009e-05  6.4371940746234335e-01  6.3525810125258697e-01  5.4424222822211132e-01  6.1112646092830972e-02  
q[181]: 5.4132398102936036e-05  6.5734868605344654e-01  6.4617347178266615e-01  5.8143960647125248e-01  1.8126783195280899e-01  
q[182]: 1.0135967803290653e-04  6.4228647967258601e-01  6.2518192489777447e-01  5.6320037026283376e-01  3.3820548182781834e-01  
q[183]: 3.4093706465087914e-05  6.4633728902841070e-01  6.2458458382614024e-01  5.3713280026437138e-01  5.2254153487649135e-01  
q[184]: 2.5932534376546571e-05  6.5521338562665932e-01  6.4240708092807874e-01  6.2900037523384533e-01  8.7917722020632846e-02  
q[185]: 2.6884619544946157e-05  6.1399090355552455e-01  6.0230266610117744e-01  5.9362891341526269e-01  2.4902247227830232e-01  
q[186]: 5.1381865620995898e-05  7.1103980313904225e-01  7.0149909170870639e-01  6.0725665160793096e-01  5.2156369966302296e-01  
q[187]: 1.5512031014679347e-05  6.7027536860475867e-01  6.5184996317978461e-01  6.3574528527177454e-01  6.2051503145468712e-01  
q[188]: 1.7191727665522410e-05  7.6918622297406269e-01  1.0682919739983945e-01  3.3580710979008652e-02  7.2844566270700763e-03  
q[189]: 8.4539003147312026e-06  8.1684239449263407e-01  4.4675065621346530e-02  4.0927964448777866e-02  2.3835538551103468e-02  
q[190]: 4.2555208039858515e-05  7.6735688262735491e-01  2.3072737836650645e-01  3.2793063161428021e-02  1.5141756463514540e-02  
q[191]: 8.8482641698778123e-05  8.7592359577980727e-01  2.4441352248791792e-01  1.4983449126632106e-01  9.2448359497606172e-02  
q[192]: 2.2656631336375907e-05  8.4030872505056120e-01  1.5258561772671278e-01  1.3667179298130594e-01  1.2625370211735096e-01  
q[193]: 2.7202298550856456e-05  8.2151163481550771e-01  1.4741108282649013e-01  1.0910704020964980e-01  7.5494654766745471e-03  
q[194]: 5.0962624328158783e-05  8.2941703725640403e-01  1.5349032446493074e-01  1.3113436643028309e-01  6.2914243570653741e-02  
q[195]: 5.9090873999659502e-05  7.6417354614330135e-01  4.0706189681303362e-01  3.6479827741529594e-02  1.8287582949017615e-02  
q[196]: 8.8608301620226505e-05  8.2410103039344618e-01  2.5875522130944051e-01  1.2134906789975534e-01  2.0551323039650047e-02  
q[197]: 3.6331189068632422e-05  8.1242272375029445e-01  1.2824304579863002e-01  5.6281248017951410e-02  4.4133124362994700e-02  
q[198]: 1.5845977684579026e-04  8.2564489384836448e-01  3.9884452194847270e-01  1.7008306283039493e-01  8.4337180710528981e-02  
q[199]: 6.9814870133136963e-05  8.1163755016340700e-01  2.7900658492111646e-01  1.6801224231424874e-01  1.5598613222296384e-01  
q[200]: 8.7901401998108871e-05  7.9227894106320573e-01  3.0180887094463854e-01  2.3489412244599711e-01  1.8269950281545232e-02  
q[201]: 2.0693340714793469e-05  8.3530897228733136e-01  2.3750731060627100e-01  2.3282749346498713e-01  1.7959845108282732e-02  
q[202]: 9.9894532158356622e-05  7.8968053654071912e-01  2.9064186552459315e-01  2.7135264061143033e-01  8.6717925443271948e-02  
q[203]: 6.9818337938289563e-05  8.1114662049438968e-01  2.6501102795125381e-01  2.5129406783708697e-01  1.7877245129646083e-01  
q[204]: 4.4277715747438006e-05  7.5462908482577418e-01  3.7150556416592301e-01  3.5573157533177435e-01  3.3790624450256113e-01  
q[205]: 8.5504641328208259e-05  7.8126170213847768e-01  3.0707177299857602e-01  9.5481791029000729e-02  7.2887813606264937e-02  
q[206]: 9.8213176928214162e-05  8.2463377898104417e-01  4.6768857896742683e-01  1.1686214232074948e-01  2.1213417595551010e-02  
q[207]: 1.2024893181439812e-04  7.9258177858655232e-01  4.3389997554216292e-01  2.4381643105007769e-01  1.6328672210164877e-02  
q[208]: 1.4589356781985106e-04  8.5702848088426575e-01  3.5549596080986734e-01  2.6982510244421715e-01  9.4539121954474808e-02  
q[209]: 1.8520564412140175e-04  7.5119563664538225e-01  5.0268594351602436e-01  1.6537609775404619e-01  8.0829404787442272e-02  
q[210]: 2.0925612525961714e-04  8.2204273228063096e-01  4.7564837297897705e-01  2.7208732275966130e-01  2.1169267838075828e-01  
q[211]: 2.0738571225378368e-04  8.1717476542595657e-01  4.4989641274560921e-01  3.4889108892889575e-01  1.9754766879025756e-01  
q[212]: 1.0794357886937540e-04  8.1905008131162305e-01  3.4079041969865276e-01  2.6336891324572337e-01  2.0261948288029136e-01  
q[213]: 4.7259982797871245e-05  8.0252627159873535e-01  4.1143568498569516e-01  3.9674257958119369e-01  1.9151478241339701e-02  
q[214]: 1.0978937037215882e-04  8.0118627142676013e-01  4.5751795328035505e-01  4.3707922807099103e-01  3.5109075635086984e-01  
q[215]: 1.3555586626325399e-04  7.9128745840157344e-01  4.2054970489104843e-01  4.0296235222042365e-01  2.0976173161659989e-01  
q[216]: 1.0903790249709747e-04  8.1686251377528929e-01  4.4531610755646234e-01  3.5330848943418330e-01  3.3654066999783289e-01  
q[217]: 9.5731564383771944e-05  8.1348326158964224e-01  5.8661996877867173e-01  2.1910642787345860e-01  1.2842330398850488e-02  
q[218]: 9.8225684536093529e-05  8.1017431654050209e-01  4.7233485012274534e-01  1.1596382301668558e-01  9.8730803517788207e-02  
q[219]: 2.0475096974770650e-04  8.6223226717481571e-01  6.1338835826389992e-01  2.9701566956804726e-01  9.6940381712613349e-02  
q[220]: 7.1210364586764524e-05  7.9241675741235473e-01  4.4951674513398399e-01  2.1055632860746998e-01  2.0334786975563218e-01  
q[221]: 1.2529820909336473e-04  8.2907493964956025e-01  4.9494086400852083e-01  3.4843635122886396e-01  7.4784726117141279e-02  
q[222]: 6.0960154224517691e-05  7.5225645310706424e-01  4.6492531712383606e-01  3.8415021457168491e-01  7.0880025781003917e-03  
q[223]: 1.5804105324242532e-04  8.1896859382669440e-01  4.8457693045531236e-01  4.1928840336653339e-01  7.2066232082637016e-02  
q[224]: 7.3579295408218755e-05  8.7615917042627967e-01  5.4968921075062316e-01  5.0728043072542062e-01  3.1304884422524892e-01  
q[225]: 2.0429416421364840e-04  8.2250966057018615e-01  5.4609796968068602e-01  4.4379366913832130e-01  3.5526108645167381e-01  
q[226]: 5.2975217513478881e-05  8.3428541157411740e-01  4.7898496219418502e-01  4.7087090119854386e-01  1.1283281620181604e-01  
q[227]: 1.9897524180028199e-05  7.9573287010822613e-01  5.9445571238733241e-01  2.2071541989781229e-02  3.8439265716952312e-03  
q[228]: 9.0650884710156217e-05  8.1758949768893008e-01  6.0949217166871350e-01  1.0630922356155369e-01  1.7087377548065340e-02  
q[229]: 1.0696464211288919e-04  8.7370014459081358e-01  6.4406075441776245e-01  1.7454498066481153e-01  9.4098582080278784e-02  
q[230]: 7.5329295871032694e-05  8.0169036679628680e-01  6.0385483095898096e-01  8.5779014440223025e-02  7.1108031836269958e-02  
q[231]: 1.7470675941714517e-04  7.6251540649652583e-01  5.9052308514438290e-01  2.7770276345508460e-01  5.7818317793478659e-02  
q[232]: 2.0546615137994058e-04  8.1864438471970458e-01  6.1982839539606471e-01  2.7045982559459114e-01  1.8637140104502231e-01  
q[233]: 1.2494189716347979e-04  7.7576716263997247e-01  6.0610067169530046e-01  2.1317411904972910e-01  1.9691361368764609e-01  
q[234]: 1.1982563501815624e-04  8.1881451265466565e-01  5.9870922834572893e-01  4.0187763734608123e-01  2.3059825472483017e-02  
q[235]: 2.7304409902790318e-04  8.1511877386698228e-01  6.2998112707108711e-01  4.5231573266718234e-01  1.1077951330447228e-01  
q[236]: 2.5106272142897383e-04  8.1677246596885822e-01  6.0954164207986339e-01  4.0597188025838316e-01  2.2346532747781669e-01  
q[237]: 1.7121450266157536e-04  8.1858311729827737e-01  6.7427824381225820e-01  5.8121690926468583e-01  4.5670672792369699e-01  
q[238]: 1.8800702753352122e-04  8.2219590471984483e-01  6.3118525685216054e-01  4.0665041540049768e-01  3.3829852463940763e-01  
q[239]: 3.7068449697459831e-05  7.8269100277878878e-01  5.6029013833783670e-01  5.4803200758035264e-01  1.9127282174587618e-02  
q[240]: 1.3071752529159977e-04  8.4238597497346435e-01  6.6650918565026895e-01  5.8292382694460998e-01  6.4134658195901389e-02  
q[241]: 2.1711568386018464e-04  8.0227271487809537e-01  5.6281259217451940e-01  4.9561151981220980e-01  1.8754039372637965e-01  
q[242]: 1.6602607099938546e-04  8.2851867486081687e-01  6.3296972064874402e-01  5.3630963863459313e-01  3.1103470589945426e-01  
q[243]: 9.7724057717715225e-05  7.9099974185012745e-01  6.0636809721619334e-01  5.8172531453950727e-01  5.0252097520357508e-01  
q[244]: 1.0615340152827187e-04  8.2673620656212043e-01  6.2828919179962428e-01  5.3143091909296047e-01  5.1089318159390851e-01  
q[245]: 8.3993035254808249e-05  7.9819176180569107e-01  5.9775770859604904e-01  5.7858639937471890e-01  8.5984983940864734e-02  
q[246]: 7.7572684646842104e-05  7.9991607425020417e-01  5.9076449811395049e-01  5.8255398371658007e-01  2.1818208657535834e-01  
q[247]: 1.3404665599614447e-04  7.8657765771179455e-01  5.8885850714553656e-01  5.7239707716336086e-01  3.6467291822218811e-01  
q[248]: 4.2625861238794263e-05  7.6582911406579579e-01  5.3387153971630874e-01  5.1683758587127293e-01  5.0268308069869794e-01  
q[249]: 1.9813340651523389e-05  7.8114431229851755e-01  7.1169424714917273e-01  2.9309040324865782e-02  2.4538371891522377e-02  
q[250]: 4.7973154919625816e-05  8.1901164184700426e-01  7.4004923465866301e-01  8.5290872066256976e-02  1.5246814703763639e-02  
q[251]: 1.6988767746570639e-04  8.3524734787418919e-01  7.3159090045399144e-01  2.5158771227809090e-01  8.3354659587459606e-02  
q[252]: 7.2188897677486185e-05  7.8413925453734867e-01  6.7283725779627102e-01  1.1007922451933985e-01  6.4757393305966512e-02  
q[253]: 8.0025937616173511e-05  8.1823127620980174e-01  7.2597203679172839e-01  2.1316799713418622e-01  1.3833716418967952e-02  
q[254]: 1.6753537115583828e-04  7.8337228150162685e-01  7.1119342732950297e-01  2.3604728478385276e-01  1.5638739766680015e-01  
q[255]: 5.6671428083776882e-05  8.3134429222753736e-01  7.5345235728210569e-01  1.7590563365504649e-01  1.6431728945398322e-01  
q[256]: 1.6473201274650351e-04  8.4807289254263907e-01  7.5997218250725340e-01  4.0083983520995764e-01  3.0540049568990379e-01  
q[257]: 1.0519978320937999e-04  7.8186441097544113e-01  6.9803851422478203e-01  3.7017784930671788e-01  1.7863612333782402e-02  
q[258]: 1.9977548820995778e-04  8.2948658272776099e-01  7.4859294642746455e-01  4.3292721936519163e-01  9.5222021073077909e-02  
q[259]: 2.5568904973519635e-04  8.2174797205053673e-01  7.2115221189772816e-01  3.9299189013080171e-01  1.9367852642022154e-01  
q[260]: 4.4582123880499718e-05  7.8939509944751163e-01  7.0797598300764464e-01  4.6775105827108743e-01  4.6358484397718724e-01  
q[261]: 1.0072315525701309e-04  7.9858677379446796e-01  7.0672351523181953e-01  5.3840643899141083e-01  2.3180808452203615e-02  
q[262]: 2.5261900532023534e-04  8.2437533794908857e-01  7.3898332678672640e-01  5.7256852505446443e-01  2.3362224079571559e-01  
q[263]: 2.4043249796227808e-04  8.3306016641351011e-01  7.5132905030877661e-01  5.4646140548591915e-01  3.6765164544413625e-01  
q[264]: 1.2571035300620699e-04  8.1410865786882114e-01  7.4439922565271277e-01  5.5840570493261887e-01  5.0318179213104686e-01  
q[265]: 3.1107252262905733e-05  8.1107156033922712e-01  7.8162623490854821e-01  6.8434497124760085e-01  1.1245830164490872e-02  
q[266]: 6.6384371267532661e-05  8.4992305148170832e-01  7.7314275902761809e-01  7.1829884537299404e-01  6.6138540753586078e-02  
q[267]: 1.5948091177422999e-04  7.9874906739710194e-01  6.8166871631001491e-01  6.2421808723758510e-01  1.8681197073579153e-01  
q[268]: 4.1945843472076112e-05  8.5180645975833436e-01  7.8361016054359867e-01  6.8271081323444782e-01  6.6663435174396046e-01  
q[269]: 3.0992542281125560e-05  7.9204066732494827e-01  7.1017410010716342e-01  6.9533634947649348e-01  2.3733846597567946e-02  
q[270]: 3.6960468697441242e-05  7.8564348881776258e-01  6.9945456653686777e-01  6.9693046466500230e-01  1.2135439920811193e-01  
q[271]: 5.8502559818327976e-05  8.1848167313402043e-01  7.3707475023058022e-01  7.2288280585063225e-01  3.3065236121399083e-01  
q[272]: 1.8219901900376627e-04  8.1259895827771489e-01  7.1839455214832759e-01  6.5288042575691962e-01  3.7286412157960408e-01  
q[273]: 6.5890805390310563e-05  7.8309753638632384e-01  7.1900888837853572e-01  7.0922209737474917e-01  5.1502228147924467e-01  
q[274]: 3.3000637038456256e-05  7.9200476714398871e-01  7.0063508667120489e-01  6.7982727462702275e-01  6.6620005628840961e-01  
q[275]: 9.1846443036783967e-06  7.7957211935050041e-01  7.7106781579879291e-01  3.6013777758678409e-02  9.2129333115010138e-03  
q[276]: 4.5393106640494311e-05  8.1259217795652039e-01  7.9069128637019204e-01  1.1904450641388704e-01  6.3880617223967442e-02  
q[277]: 2.0087221285723821e-05  7.8721467321724292e-01  7.7229476940674546e-01  1.0745231549883631e-01  9.9346431425784656e-02  
q[278]: 2.8988700460850507e-05  8.1527137080812051e-01  8.0113714572786321e-01  1.6565818017702236e-01  1.7905421824835691e-02  
q[279]: 7.6023827962095030e-05  7.9879927515853411e-01  7.7931253226912844e-01  2.6299304449594485e-01  6.9631491303479759e-02  
q[280]: 5.7722077606305016e-05  8.1275976090696611e-01  8.0158728337642982e-01  2.5992505724355819e-01  2.0016224281522324e-01  
q[281]: 4.4343985513586007e-05  7.9661594143044079e-01  7.7898625850968517e-01  3.2079773697882397e-01  1.5588256608588886e-02  
q[282]: 9.2314820890195294e-05  7.7895832799668896e-01  7.6614336127306182e-01  4.4627816156840633e-01  7.8611976405321818e-02  
q[283]: 1.2708118018903795e-04  7.9845732061461827e-01  7.7934169785020135e-01  3.6923376447723216e-01  1.7324184245912491e-01  
q[284]: 1.2720163150360520e-04  7.8008055688939371e-01  7.6122297700921970e-01  4.5005711570779877e-01  3.3146776686364665e-01  
q[285]: 3.2938149725921869e-05  7.8803010235739646e-01  7.6570457507918599e-01  2.6477340740667199e-01  2.5563960771534278e-01  
q[286]: 2.9566988608710020e-05  7.9549630045300379e-01  7.7799238318679298e-01  4.9696820663603375e-01  8.8120777490511022e-03  
q[287]: 1.5988874324015579e-04  8.1526400932642229e-01  7.4919086254077183e-01  5.8477058894781320e-01  1.0242909041056737e-01  
q[288]: 1.2443510436119980e-04  8.2350705088247100e-01  8.0312890192271447e-01  5.4346244404911093e-01  2.2349852233830073e-01  
q[289]: 4.0838884651578817e-05  8.1853748407539029e-01  8.0747686925794948e-01  4.3708721561555891e-01  4.0937421107957711e-01  
q[290]: 4.1830552833607442e-05  7.7477643671446672e-01  7.6257638992508769e-01  5.8902871315754657e-01  3.6573982861932600e-02  
q[291]: 4.9268031694050396e-05  8.0107667467521426e-01  7.8819663527467687e-01  7.2382623678304303e-01  9.3352868397839461e-02  
q[292]: 7.2663825987873671e-05  8.0199296269193154e-01  7.9170601285112385e-01  6.4933957463156977e-01  1.6985519602403232e-01  
q[293]: 1.0218986559989177e-04  7.9065252070007519e-01  7.7625819577938027e-01  6.2080416259909521e-01  4.2017164820335096e-01  
q[294]: 7.0172556340900274e-05  8.1585077651376636e-01  8.0150786271591845e-01  5.9375208369646404e-01  5.2682101839461415e-01  
q[295]: 1.5034537880366671e-05  7.9898966510737135e-01  7.8662195181779204e-01  5.9061773233946868e-01  5.8877204026005003e-01  
q[296]: 1.4269979641441986e-05  7.7609023166062019e-01  7.6302015868432316e-01  7.4159902845268799e-01  1.9257134182409232e-02  
q[297]: 1.1817413133180341e-04  8.1212163953054506e-01  7.9386914657076257e-01  6.9808654294839645e-01  3.2847061169897146e-01  
q[298]: 9.0144663718855656e-05  7.7155998231435141e-01  7.2260925501983653e-01  6.4804166134010777e-01  4.8213225362539036e-01  
q[299]: 9.1883981579597362e-05  8.2558608074738871e-01  7.5820668438325700e-01  6.9214335710175567e-01  6.0409162983174136e-01  
q[300]: 2.8909333214945589e-05  8.0553498823019631e-01  7.9126951117176370e-01  7.1255712924010262e-01  6.8834159963455144e-01  
q[301]: 1.6701084907844049e-05  8.4368897224621098e-01  8.2664406127294343e-01  8.2040503177374202e-01  1.0058801989751458e-01  
q[302]: 4.9687565132858764e-05  8.0495900195339876e-01  7.9141833753338275e-01  7.6995139527902445e-01  2.3866223848473392e-01  
q[303]: 5.2564818010484436e-05  7.7581981571005887e-01  7.5744513793043033e-01  7.3954315071442434e-01  4.0354625557446366e-01  
q[304]: 2.5849654648981803e-05  7.6037901186257006e-01  7.5730655730093244e-01  7.3169700667319049e-01  5.4450627808934815e-01  
q[305]: 3.2708823696337957e-05  8.0168768051123684e-01  7.8098131945273208e-01  7.6551343655552462e-01  6.8785159395483497e-01  
q[306]: 6.8278210598802641e-06  9.0751044936799352e-01  5.7282263614790385e-02  1.6504464159017029e-02  1.5185465469726618e-03  
q[307]: 2.4999331761209232e-05  9.0301704176664988e-01  2.0236366144405601e-01  3.3598191073636770e-02  7.5256694375342792e-03  
q[308]: 5.2218429756612147e-05  9.3098337064101733e-01  1.8807915488855917e-01  1.0226518442371911e-01  2.8215966271970424e-02  
q[309]: 2.4270069387061729e-05  9.4128066795426724e-01  1.0411851893210901e-01  8.2332275372744193e-02  6.1514187739693436e-02  
q[310]: 1.0631395091839445e-05  9.1696015709235845e-01  1.0644823168629372e-01  9.7834796594580886e-02  1.1348265045549755e-02  
q[311]: 1.6580462856757662e-05  8.9503967959569930e-01  3.7390937845331657e-01  1.9389312114068025e-02  1.6793636961475358e-02  
q[312]: 9.2314436506456995e-05  9.3213403300761211e-01  3.5389602686863048e-01  1.3303465526411917e-01  5.8158108542144066e-02  
q[313]: 1.3096436891583217e-05  9.2694858180515471e-01  1.6227183164238262e-01  5.4880569411534748e-02  5.2115612603171088e-02  
q[314]: 8.3689771213498002e-05  9.1644452567562551e-01  4.2227758143624466e-01  2.1034455303190100e-01  1.9696864455309865e-01  
q[315]: 4.5953424516321000e-05  9.4268129036514070e-01  2.5009535093180874e-01  1.6635410478477478e-01  1.4955533850015493e-01  
q[316]: 2.1452913678642192e-05  9.4999146530842149e-01  3.1134450628067728e-01  1.6888749789475177e-01  5.1827206115960204e-03  
q[317]: 8.3130669724398116e-05  9.3719349462212354e-01  3.4067263111941049e-01  2.6047315932833176e-01  1.1607315534058606e-01  
q[318]: 2.3053854501337426e-05  8.8596373215791380e-01  2.9350072467986349e-01  2.5097057776847087e-01  2.4566535745480825e-01  
q[319]: 5.2803942423628302e-05  9.2591951217673618e-01  2.6596345311814185e-01  2.1407622735812379e-01  2.0603413979850084e-02  
q[320]: 4.5846587980689773e-05  9.1644246458667011e-01  2.3154862838784626e-01  2.1892709210949474e-01  8.0674401154178843e-02  
q[321]: 4.8379632222586388e-05  9.3402470893402700e-01  2.4840066737121075e-01  2.2971575729260679e-01  1.7584743785553825e-01  
q[322]: 2.2711405208353579e-05  8.9648878502073270e-01  3.6265343046008841e-01  3.5488004224240360e-01  3.3729834249851370e-01  
q[323]: 5.2094345795632769e-05  9.0091488740424430e-01  5.6945711852188419e-01  4.1652887377321417e-02  2.0533196852755571e-02  
q[324]: 4.7802737154257700e-05  8.9889816293748392e-01  2.9455003594147033e-01  8.0063678011018630e-02  6.7940660221324931e-02  
q[325]: 5.3462410470005286e-05  9.0013551452053298e-01  3.8676942669723713e-01  6.7634727458550856e-02  1.1020792483238775e-02  
q[326]: 7.0415690540921532e-05  9.0285064699104134e-01  3.8583011026404029e-01  1.8238697529839604e-01  1.5477876636701216e-02  
q[327]: 1.5287301236087346e-04  9.2338090486734670e-01  5.0642077865637158e-01  2.7267900615330132e-01  8.8908828153879557e-02  
q[328]: 1.2249047544693744e-04  9.2481382336149753e-01  5.5386776013331340e-01  1.5834622896451758e-01  6.8556578549696240e-02  
q[329]: 1.2144986382674076e-04  9.2527350757387106e-01  4.1534349414345612e-01  2.3370244226948939e-01  1.5753208051412668e-01  
q[330]: 6.6758635732126284e-05  8.9437740783049990e-01  4.2516999258501298e-01  3.3647600001200889e-01  1.4843323315439479e-02  
q[331]: 9.4760494510893464e-05  9.1165495834909760e-01  3.9504763637453721e-01  3.1507512318990816e-01  2.3511661382453489e-01  
q[332]: 7.2515722537128821e-05  9.3314624567714999e-01  4.3820086412574527e-01  3.4808603343266953e-01  3.2783188976609601e-01  
q[333]: 2.3724692659851068e-05  9.2082701941224732e-01  3.5108553416105348e-01  3.3574558202391835e-01  1.7779246224170132e-02  
q[334]: 1.0393111909811415e-04  9.3680548905905847e-01  4.2797586082001282e-01  3.0315487083409492e-01  6.5808122447605880e-02  
q[335]: 8.9073630194468352e-05  9.1539590931947645e-01  4.2052220938622609e-01  4.0014729394354936e-01  9.0602850631414239e-02  
q[336]: 9.3315077199811644e-05  9.1816572388212825e-01  4.0181960676171358e-01  3.8458755486942625e-01  2.0216827137567614e-01  
q[337]: 4.7244322810348639e-05  8.9805705291535620e-01  5.3428873087185591e-01  5.0810678239758289e-01  4.9334523633231098e-01  
q[338]: 4.9332489976347569e-05  9.4167254199897288e-01  6.0832315581156615e-01  1.1163360275662107e-01  1.0728735229261190e-02  
q[339]: 7.9664260196481740e-05  9.2061301245470928e-01  4.8388441236112045e-01  1.0973073143771064e-01  8.9913027017743313e-02  
q[340]: 1.0259704806344890e-04  9.1416742310843713e-01  5.5753579817601417e-01  2.2987178384067819e-01  1.8181964519580728e-02  
q[341]: 1.6685374986162392e-04  9.1844226809407181e-01  5.8138191878509726e-01  2.6285216070951245e-01  1.7745584294643257e-01  
q[342]: 1.0042242942782233e-04  9.1302291717349426e-01  6.1942012804918889e-01  2.3299894306043470e-01  2.1569100983078385e-01  
q[343]: 1.9216580813607856e-04  9.0999221623555138e-01  5.7657380828715143e-01  3.8586374314746202e-01  1.9925793842670927e-01  
q[344]: 9.1870917394199980e-05  9.0848014475234018e-01  5.8384505629619421e-01  3.7459307842789813e-01  3.6038175576142961e-01  
q[345]: 5.1766779656621353e-05  8.7972927782856436e-01  5.8926464067512108e-01  5.0597288427462361e-01  1.4092378169154865e-02  
q[346]: 7.2506169236244566e-05  9.1789439642138859e-01  5.5753883953859995e-01  3.6216074416746635e-01  1.3258845645817113e-02  
q[347]: 1.6873181965597109e-04  9.3764622226820682e-01  5.9484986167287612e-01  4.0308452672066741e-01  3.2367709913008763e-01  
q[348]: 3.3750069516899778e-05  9.1965600327285313e-01  5.1619036512949423e-01  4.9547911427097080e-01  1.5502810821861127e-02  
q[349]: 1.1900308489507051e-04  9.4095295391540112e-01  5.9376584648237252e-01  5.0701707498258552e-01  6.3455401691063257e-02  
q[350]: 1.9521765567047250e-04  9.1462898211428123e-01  5.5735849620134414e-01  4.7360334426311468e-01  1.6708044473686065e-01  
q[351]: 1.3100867793024729e-04  9.3470635078951858e-01  5.2179056003087620e-01  4.2996078396742143e-01  2.5640166699141975e-01  
q[352]: 1.4047352619219882e-04  9.3152001102926496e-01  5.8557032634432660e-01  5.1330692931481570e-01  4.3127477251649038e-01  
q[353]: 5.5425717636493489e-05  9.2973382114867109e-01  6.5329713968999581e-01  5.4418944442861239e-01  5.3101980688705552e-01  
q[354]: 6.1230016050486740e-05  9.2278826648446455e-01  6.1580709008507761e-01  6.0132480206087857e-01  8.4370029511563777e-02  
q[355]: 1.0017605913892165e-04  9.1901144214263109e-01  5.9495025038739668e-01  5.7904614765105100e-01  2.3863180031962680e-01  
q[356]: 6.3738369782880049e-05  9.1671861739971028e-01  5.8690406387936189e-01  5.7751016340923911e-01  3.8686922200431340e-01  
q[357]: 4.3306132350485499e-05  9.0533137873823577e-01  6.1045764657844459e-01  6.0302938404775874e-01  5.2540291378947013e-01  
q[358]: 1.9390676708808187e-05  9.0500041315713742e-01  7.4426238342622053e-01  2.8213524743013113e-02  2.0818625691084829e-02  
q[359]: 5.2209237826586266e-05  9.3581057807992873e-01  7.6243720828749317e-01  8.5778684663526159e-02  1.8186416571716064e-02  
q[360]: 5.8696762403115610e-05  9.2537944495692515e-01  6.7551205530828029e-01  1.1172489870515677e-01  9.8108783763373050e-02  
q[361]: 6.1268981663907887e-05  9.3304955593951777e-01  7.4935787029260781e-01  2.0692213016014893e-01  1.0727720219815131e-02  
q[362]: 1.3812905817977964e-04  9.3195048181317985e-01  7.1955992078937359e-01  2.6706353426875296e-01  6.5856417822760804e-02  
q[363]: 1.0543141034490129e-04  9.1881244433673459e-01  7.5664551386501144e-01  2.4767490948027912e-01  1.7627385852831576e-01  
q[364]: 5.2053449186137204e-05  9.1975808593651676e-01  7.6288888845010827e-01  2.1319995696771529e-01  1.9869127884431667e-01  
q[365]: 1.1357370540830095e-04  8.9966643800775392e-01  7.1678104173713075e-01  3.7684703116686252e-01  1.7608984950726343e-02  
q[366]: 2.1106062973672173e-04  9.3269115556611382e-01  7.3354498949936864e-01  3.7873212647727683e-01  2.0141335541779498e-01  
q[367]: 1.6049661086254660e-04  9.2881527254301255e-01  7.4377628738304380e-01  3.9177950505129988e-01  3.2322328178416165e-01  
q[368]: 4.8685484244088105e-05  8.6823721028304690e-01  6.7049842907304957e-01  3.2673234589750649e-01  3.1469464982026979e-01  
q[369]: 1.4622466025896735e-04  9.2378781228383300e-01  7.5511749268699913e-01  4.2888075297294620e-01  1.0280064353467766e-01  
q[370]: 6.4357232418568299e-05  9.1899666240698408e-01  7.1140462655634717e-01  5.3262442296302592e-01  1.5682911475593680e-02  
q[371]: 1.8522220563009441e-04  9.3265155821181922e-01  6.3695363172040642e-01  4.2411265721244595e-01  8.1462045397429864e-02  
q[372]: 2.3209825916740818e-04  9.1613145187705802e-01  7.1501284954255340e-01  5.2999519889479674e-01  2.2301346381299622e-01  
q[373]: 2.2767989806668783e-04  9.2438874567776619e-01  7.2741506217854757e-01  5.2337833450030358e-01  3.6549394185907058e-01  
q[374]: 1.1394819675017694e-04  9.1188104693338135e-01  7.4551745145980119e-01  5.7406945523978248e-01  5.0972985095111489e-01  
q[375]: 7.8625070348972118e-05  9.0662008864278476e-01  7.3889011870572863e-01  4.8046554971186300e-01  4.6238668550149986e-01  
q[376]: 2.6013645026894839e-05  9.0843782476725465e-01  6.8197035639303483e-01  6.6865399566860972e-01  1.7581780625030234e-02  
q[377]: 3.5012034855776173e-05  8.9914539138816774e-01  7.0335102853011922e-01  6.3580357531410669e-01  1.7068079362883258e-02  
q[378]: 1.5827892895453426e-04  9.2331512638745072e-01  7.3226677987163447e-01  6.2474396935202747e-01  1.3148583550313575e-01  
q[379]: 1.6695920439773902e-04  9.1993296504969890e-01  7.4596088396838112e-01  6.7127966482691181e-01  2.7916709609268847e-01  
q[380]: 1.1080060908397802e-04  9.2602928284723562e-01  7.3496767771186089e-01  6.7639231143798695e-01  5.8690325035235802e-01  
q[381]: 9.2034299330793096e-05  9.1210790679300480e-01  7.0746353855541433e-01  6.7958770104161470e-01  1.6866957641232275e-01  
q[382]: 9.0169252899161109e-05  9.1162345178797233e-01  7.4593270672822287e-01  7.3172896955545308e-01  3.7916741844813756e-01  
q[383]: 7.6792596441655538e-05  8.9756550067702667e-01  7.4003371597676726e-01  7.2565524286405680e-01  5.4326467295441772e-01  
q[384]: 2.7569403397249473e-05  9.0534524883875411e-01  7.0463744281829210e-01  6.9039089627639127e-01  6.7295212064743803e-01  
q[385]: 1.4844540750860899e-05  9.0927989643208784e-01  8.4453976890400084e-01  4.8813993547433550e-02  5.8833812759227560e-03  
q[386]: 5.4799544507521267e-05  9.2400612998219622e-01  8.5803674848792899e-01  1.7919622878471181e-01  2.1653818426893068e-02  
q[387]: 9.3979266541102790e-05  9.1076263902724919e-01  8.5645721159908417e-01  1.9738763083569158e-01  9.4042897523205743e-02  
q[388]: 6.0089081889319158e-05  9.1164437504341500e-01  8.2202798262325483e-01  1.0458924208094862e-01  8.3008535579426460e-02  
q[389]: 1.0847526736509326e-04  9.1755699559395798e-01  8.3306668194113820e-01  3.4305308724145317e-01  5.4502203753602346e-02  
q[390]: 1.0071805267453872e-04  9.1189252950923860e-01  8.4122490767785330e-01  2.9444152804555768e-01  2.3717818545121822e-01  
q[391]: 3.5894669367182422e-05  9.1955374200970774e-01  8.4740980976527913e-01  3.7584724821849280e-01  6.3203450562180291e-03  
q[392]: 7.7550237333585159e-05  9.0546802731292142e-01  8.8465112576585747e-01  3.8569826150698527e-01  8.3824977637586409e-02  
q[393]: 1.6409664377564585e-04  9.3243783940870384e-01  8.5386574536072046e-01  3.5739535270930417e-01  1.7634505973034376e-01  
q[394]: 5.7182896190222072e-05  9.1007872883279062e-01  8.1439648264841136e-01  3.6130943581063241e-01  3.5253124869774344e-01  
q[395]: 7.0484947259227408e-05  9.0563084173406427e-01  8.4876810343616249e-01  5.2278706588073731e-01  2.8716105936906013e-02  
q[396]: 7.9482544259598743e-05  9.4069778423109651e-01  8.7042319797824896e-01  5.4245820662303279e-01  1.0310651483485474e-01  
q[397]: 1.9202050725094098e-04  9.2979890658035369e-01  8.4484060656197157e-01  5.3093073681544445e-01  2.1904333900105516e-01  
q[398]: 1.5865155811365866e-04  9.4035183431460467e-01  8.5942291041118035e-01  5.2886526010529200e-01  3.5634078669238534e-01  
q[399]: 1.1955165101989393e-04  9.1919705281594033e-01  8.6058853361636611e-01  5.2391625385556850e-01  4.7156839642809173e-01  
q[400]: 3.4349327596559620e-05  9.0468543587202199e-01  8.1316983172222534e-01  5.9508254590410303e-01  5.9194880482303595e-03  
q[401]: 1.3105934557284231e-04  9.2480976816752902e-01  7.9088719283877307e-01  5.7165074576426567e-01  7.0905054521516478e-02  
q[402]: 1.5672472365235845e-04  9.3312919856280740e-01  8.5152156619962316e-01  6.8122045272364184e-01  1.9377320191116559e-01  
q[403]: 1.7993652381671408e-04  9.2967520057757469e-01  8.4380335524379935e-01  6.7802277716316339e-01  3.7843722191728740e-01  
q[404]: 1.1581666576802437e-04  9.2523503320861034e-01  8.4798808575428319e-01  6.6319366200579577e-01  5.4783233998232950e-01  
q[405]: 4.2062386956079970e-05  9.2024392780024966e-01  8.2365035438813061e-01  6.2579446933532090e-01  6.1661083000833883e-01  
q[406]: 3.7748007104703102e-05  9.2239256940442615e-01  8.2524033354680826e-01  7.3606579937766214e-01  1.2304112684404503e-02  
q[407]: 5.4200190082078661e-05  9.2213393350839734e-01  7.9341315018902858e-01  7.7803211439972408e-01  8.3355352056618898e-02  
q[408]: 1.1591464043889215e-04  8.6907248378610913e-01  8.1118075163841985e-01  7.5148284409440791e-01  1.9008872885235997e-01  
q[409]: 1.2569932336352677e-04  9.2267876012035166e-01  8.6159313898921108e-01  7.9926372419325575e-01  3.5671936058267539e-01  
q[410]: 1.4811544541687468e-04  9.2981759428626887e-01  8.2575654560427103e-01  7.4015062294108369e-01  5.2672764479617640e-01  
q[411]: 6.8275559102004622e-05  9.3685437291043161e-01  8.6743053350851385e-01  7.7907236068653862e-01  7.0984097857518480e-01  
q[412]: 3.8121155399053038e-05  9.2093433935110014e-01  7.7848988707740729e-01  7.1155288723424004e-01  6.9486658500131193e-01  
q[413]: 1.2688851533969422e-05  9.0024700796311607e-01  8.1185336370709071e-01  7.9615904204088583e-01  8.4599465730110113e-03  
q[414]: 4.5265033108833120e-05  9.0413672569038073e-01  7.9994252732999649e-01  7.9414074237520027e-01  2.3715867101500626e-01  
q[415]: 7.0633336575050368e-05  9.1145266776259526e-01  8.5276676365085269e-01  8.3293547201197360e-01  5.3409321227163198e-01  
q[416]: 4.4270674342822598e-05  9.2758537078240311e-01  8.7199631245747145e-01  8.5089189549390387e-01  7.2079548833847396e-01  
q[417]: 3.0870553100727491e-05  8.6973104112422417e-01  7.6176136996645116e-01  7.5318215534683963e-01  6.7916961288763755e-01  
q[418]: 1.9546466366727336e-05  9.2737831794496128e-01  8.6501575481626747e-01  8.4850666197211466e-01  8.2731735242855386e-01  
q[419]: 9.4944760563439452e-06  9.1080889433706869e-01  8.8820818732185236e-01  3.1555296243676027e-02  2.2918220107843588e-02  
q[420]: 1.6332785567884030e-05  9.1708416101356993e-01  9.0873678989287821e-01  1.1117507991601309e-01  1.9982701374184984e-02  
q[421]: 3.8848644439122127e-05  8.9356225356910846e-01  8.8614803264822672e-01  2.5934737830992971e-01  1.3930035836859647e-01  
q[422]: 1.6587739212350496e-05  9.1873190936402449e-01  9.0644310823987972e-01  1.1162517303525195e-01  8.3864754898636679e-02  
q[423]: 1.8881510767464240e-05  9.1658577427451560e-01  8.9974096625697320e-01  2.7370700432687267e-01  7.0382476917007697e-03  
q[424]: 2.7358037188471464e-05  9.3912582090936270e-01  9.3043198194945209e-01  2.6930658426755694e-01  6.4894055948056834e-02  
q[425]: 2.7674413964487472e-05  9.2541568074138869e-01  9.0816516592668184e-01  2.0689545477238749e-01  1.9129878959006844e-01  
q[426]: 7.5085485980176691e-05  9.1883613229788119e-01  9.0302843186966897e-01  4.4765183975030448e-01  2.1428507186912329e-01  
q[427]: 8.6345097479899330e-05  9.0305101693821610e-01  8.8415937074339468e-01  4.2241586385577296e-01  3.1116794454781943e-01  
q[428]: 3.4403358559511193e-05  9.1728971527891123e-01  9.0113886943901167e-01  3.6319781799794476e-01  3.4300015065505324e-01  
q[429]: 3.1468096606732729e-05  9.1262243569860768e-01  9.0470897059790545e-01  4.8060881271092626e-01  2.5875101953557036e-02  
q[430]: 7.4569352068823162e-05  8.9544028113943375e-01  8.7788908784954744e-01  6.5513297944928828e-01  7.7927812217584908e-02  
q[431]: 8.4353843793750160e-05  9.1310258973607661e-01  8.9844916193037705e-01  5.6476922587762313e-01  1.4975712694047227e-01  
q[432]: 9.5443871860173346e-05  8.9519634253652014e-01  8.8012481176284907e-01  5.8907378933471655e-01  3.5704915007182980e-01  
q[433]: 2.7386017777199002e-05  9.2274763755461486e-01  9.2112174435305361e-01  5.6353014245553923e-01  4.8092433818869890e-01  
q[434]: 1.9392625762202069e-05  9.0209434085266571e-01  8.7960715695962599e-01  5.3024752996974633e-01  5.2697078635502181e-01  
q[435]: 1.8840684653246497e-05  9.2347339968184972e-01  9.0940433494759998e-01  6.7630169807813034e-01  9.2316458076573942e-03  
q[436]: 8.8274627615611895e-05  9.3188040007533512e-01  8.6477938606904015e-01  7.4088106651688268e-01  7.0911850466088652e-02  
q[437]: 6.7560019207701006e-05  9.1878783305008882e-01  9.0165932758699119e-01  7.4454626157272441e-01  2.1743685049884107e-01  
q[438]: 6.8594353356548680e-05  9.2720575650990478e-01  9.1161365278605866e-01  6.9923448959284384e-01  3.1730418575970970e-01  
q[439]: 8.2207573264232926e-05  9.2222519933165092e-01  9.0312269389421829e-01  6.8818248068975574e-01  5.3225794170923157e-01  
q[440]: 4.3379763286350574e-05  9.2814536280295812e-01  9.1049935323874420e-01  7.0598668904864526e-01  6.7715377252839060e-01  
q[441]: 1.0764734815729337e-05  9.1382409995693559e-01  8.9829756104023073e-01  8.7900115614584973e-01  1.8486801929896945e-02  
q[442]: 2.3088829682428039e-05  9.0654938800849727e-01  8.9411659910789087e-01  7.9174315090469105e-01  2.6962066865383091e-02  
q[443]: 3.1443772154631925e-05  9.2475461451536811e-01  9.1735429684309489e-01  8.3763889104247824e-01  1.2803267732633258e-01  
q[444]: 3.2516549006110509e-05  9.2750626730677188e-01  9.2177684502803647e-01  8.6380242278549990e-01  3.0991330973434084e-01  
q[445]: 6.5448947232789412e-05  9.2027149346887238e-01  9.0481419979932498e-01  7.8187222635330811e-01  4.5822453862452683e-01  
q[446]: 7.8127978240866695e-05  8.8030595372531562e-01  8.5706157488810975e-01  7.7640888627800053e-01  5.6742138294549438e-01  
q[447]: 3.9224730742197312e-05  8.9617378460624508e-01  8.8784339268212564e-01  7.9145370888364730e-01  6.9252180235733907e-01  
q[448]: 1.4584616184348147e-05  9.3092309211366819e-01  9.1235554677788988e-01  8.2902302137891382e-01  8.1879308277660801e-01  
q[449]: 2.4027897864481486e-05  9.2899446956996024e-01  8.9335816178879845e-01  8.7047627333899991e-01  8.2099125496882697e-02  
q[450]: 2.4303611131242252e-05  9.3592367647969643e-01  9.1549894470016224e-01  9.0382601045556077e-01  2.1087564626040284e-01  
q[451]: 2.3485212574864361e-05  9.0879513987264715e-01  8.8043028195613016e-01  8.7680419377718699e-01  3.8814963939995467e-01  
q[452]: 2.1577132739686983e-05  9.0299674254234097e-01  9.0044624733812406e-01  8.7121691036740545e-01  5.0407834080370861e-01  
q[453]: 1.8624076489394137e-05  9.0318703736347705e-01  8.9166817018545930e-01  8.8045911756032280e-01  6.7803676848838446e-01  
q[454]: 1.1763350889133508e-05  9.3137350709283784e-01  9.2429906531837380e-01  9.0340547612190170e-01  8.4083767338738113e-01  
q[455]: 6.7363597619196207e-06  8.4690160835516359e-01  8.3216583526477028e-01  8.1770080859136429e-01  8.0781651182920933e-01  
q[456]: 1.2304083144599658e-06  9.8402024047878978e-01  2.2334148658048236e-02  2.0807872638705805e-02  1.0555446297364513e-02  
q[457]: 7.9003934315919170e-06  9.7776109387579513e-01  2.4391450296081943e-01  2.2157379817314523e-02  1.5672593336745165e-02  
q[458]: 1.0238731646996666e-05  9.8528031898146473e-01  1.2111335280735377e-01  3.7427808865320954e-02  2.1323503319485664e-02  
q[459]: 5.5755829641551553e-06  9.9989835434345731e-01  1.4659236742839482e-01  1.1447558901097403e-01  1.0112066540801198e-01  
q[460]: 1.0002980453058244e-05  9.8606003174790469e-01  1.2762722044510780e-01  9.0887964650298067e-02  1.1595194380670146e-02  
q[461]: 9.2712257273102124e-06  9.8483674867199278e-01  1.4887396178014980e-01  1.4215342508779608e-01  6.2494617051032458e-02  
q[462]: 1.9934558985206792e-05  9.8178645010312704e-01  3.7364239071570682e-01  4.7150693338508569e-02  2.2582149900998300e-02  
q[463]: 2.5496792550359259e-05  9.8577817378460741e-01  2.6753233042838265e-01  9.1989848193861010e-02  1.6080390686918782e-02  
q[464]: 3.7887545269681788e-05  9.8448447939122097e-01  2.7757304482421552e-01  1.1950968917080626e-01  9.3431980497246908e-02  
q[465]: 2.5107374624270257e-05  9.8628053806087146e-01  4.2800200150643736e-01  2.5273767635376077e-01  2.4199211139347010e-01  
q[466]: 1.7094614135101280e-05  9.8908381133258905e-01  3.0478450914319355e-01  2.3842056672960318e-01  2.2080789104693288e-01  
q[467]: 2.3996175988159232e-05  9.9216249636962051e-01  2.9926654580558937e-01  2.2094963752298610e-01  2.3220057252666952e-02  
q[468]: 4.9975171939155406e-05  9.8335912738258036e-01  2.5757286498627646e-01  1.8923357931831575e-01  9.5584259708780109e-02  
q[469]: 4.5035507745218222e-06  9.6568962746541642e-01  2.0024810332923207e-01  1.9665326338768535e-01  1.9575144960256591e-01  
q[470]: 8.8370868549568749e-06  9.7754983513572735e-01  2.2371027829092047e-01  2.1530484139935621e-01  1.3305069038009994e-02  
q[471]: 3.0344773799699578e-05  9.8429854541170125e-01  3.1974066908291282e-01  3.0260072828701717e-01  8.9032183821354999e-02  
q[472]: 1.4835867503183801e-05  9.8853175085222500e-01  2.7872164896680163e-01  2.6802794640708372e-01  1.9966808774210354e-01  
q[473]: 2.1906604517626820e-05  9.8230054763995434e-01  3.9368393285005532e-01  3.7110808399612466e-01  3.5242183472406524e-01  
q[474]: 2.0233841794358433e-05  9.7893361673412127e-01  5.1704658539288373e-01  3.5585741747410242e-02  1.7504739954280570e-02  
q[475]: 3.2528362481510598e-05  9.8318266035182444e-01  4.2166601227915268e-01  1.1968303103215126e-01  1.0473509518443916e-01  
q[476]: 3.7035603316714486e-05  9.8039949150676398e-01  4.5395081504312534e-01  1.2315053954938623e-01  1.4217163623046099e-02  
q[477]: 4.6867086738385731e-05  9.8428506626922563e-01  4.6723010456555814e-01  2.6206173995861243e-01  1.9908936291991378e-02  
q[478]: 6.8564345125575474e-05  9.8713490522051150e-01  4.1033160798748769e-01  2.2201966464999023e-01  8.3591132284661640e-02  
q[479]: 5.6764692244751600e-05  9.8781561594201195e-01  5.2329555738464573e-01  1.6586600243681798e-01  8.4871847982910253e-02  
q[480]: 7.5825818089640559e-05  9.8483966721128557e-01  4.8803903989302078e-01  2.7222956789538916e-01  1.9831265726430314e-01  
q[481]: 2.8660731774912892e-05  9.7859298322898369e-01  4.7614546807116298e-01  3.8476413176914032e-01  9.4373918310326089e-03  
q[482]: 7.0364133816548912e-05  9.8677717039005908e-01  4.7819992529024452e-01  3.8506167867560132e-01  1.6206464274831903e-01  
q[483]: 7.1533738694125421e-05  9.8439278668876928e-01  4.2266297849422196e-01  3.3415101785282741e-01  2.4435236763385559e-01  
q[484]: 1.6700132213286962e-05  9.8636586080403466e-01  5.0963256606035978e-01  3.8754333934857876e-01  3.6457580698753417e-01  
q[485]: 1.3465089082999340e-05  9.8562497798985982e-01  4.0257178628774853e-01  3.8295268530227106e-01  1.5514884944921875e-02  
q[486]: 5.7991256647666533e-05  9.8241775606815840e-01  4.6859472119730500e-01  3.9403390703931251e-01  7.5565159645286276e-02  
q[487]: 4.0680126644486758e-05  9.7897940824451291e-01  4.8564198155642774e-01  4.6909662724872858e-01  3.7486381322191720e-01  
q[488]: 2.0184202168247965e-05  9.8277095894317623e-01  4.7832351417052321e-01  4.6827506511615635e-01  8.1890913308801980e-02  
q[489]: 3.1321554106022405e-05  9.8609657384260008e-01  4.0825310570049500e-01  3.8988891809320880e-01  2.1815524128128216e-01  
q[490]: 6.0222735983631814e-05  9.0632200422140052e-01  4.1841041601025875e-01  4.0113259446726990e-01  3.2123129199238176e-01  
q[491]: 1.9706488179873063e-05  9.7912889518475044e-01  5.7339457606321076e-01  5.5896588592200924e-01  5.3869976119257967e-01  
q[492]: 2.1142264961386540e-05  9.9204707961976790e-01  6.3533907404236545e-01  1.0356119878553380e-01  1.9764723417169183e-02  
q[493]: 7.9746143328929703e-05  9.7922719056375407e-01  7.1448091836480299e-01  1.6319955879700043e-01  8.6308212997387473e-02  
q[494]: 2.9576356179239795e-05  9.8605832984494168e-01  6.1556408331819423e-01  1.0856880038135157e-01  9.5363457626779294e-02  
q[495]: 2.9686590270808574e-05  9.8491834058627792e-01  6.0261801408392679e-01  2.3423777516606797e-01  1.3470352322803391e-02  
q[496]: 9.7774506293187255e-05  9.8185782682653899e-01  6.2969200705542105e-01  2.7902829995406547e-01  7.9162383446094275e-02  
q[497]: 9.3050137945066379e-05  9.8410485494015354e-01  6.6711553975471871e-01  2.8424207214462299e-01  1.9729228564519941e-01  
q[498]: 5.0326699424935143e-05  9.8134795211884984e-01  5.9309308027646357e-01  2.4339635624866490e-01  2.2696425433055079e-01  
q[499]: 3.9613054945918145e-05  9.8415269668602723e-01  6.4430972180482526e-01  4.3041326663565188e-01  1.5355425992562644e-02  
q[500]: 1.3106423580024298e-04  9.8187678126230560e-01  6.1173619171335258e-01  3.9383785109497471e-01  1.8654379999923296e-01  
q[501]: 5.2227583144523548e-05  9.8446690621579558e-01  6.3441874120680664e-01  4.0231876049341803e-01  3.8008057959622338e-01  
q[502]: 2.2273903008591637e-05  9.7791578263747891e-01  6.6807074008901923e-01  5.8268764828066633e-01  5.2874072343000768e-03  
q[503]: 6.2866799363264062e-05  9.9107903270496456e-01  6.1155204345969205e-01  4.1070320403181926e-01  8.1654387125756275e-02  
q[504]: 6.4988475221152748e-05  9.9059061713287300e-01  6.5712414433150956e-01  4.4776660374141408e-01  3.2812198932934467e-01  
q[505]: 1.6324686879819205e-05  9.8425819954334526e-01  5.9421778239443601e-01  5.8036243758506501e-01  2.2588129992388552e-02  
q[506]: 2.9049500347003717e-05  9.9509454924039265e-01  6.3274375852766618e-01  5.5363731002954231e-01  5.5626725878350235e-02  
q[507]: 1.0939110997270813e-04  9.8311149460852487e-01  6.6645780353333739e-01  5.7053727885708394e-01  1.9462079026075571e-01  
q[508]: 8.9518667622016555e-05  9.8464857081190205e-01  6.2125853501010553e-01  5.3483303168107110e-01  3.2775571335903653e-01  
q[509]: 4.4594751407176735e-05  9.9285906294851511e-01  5.9857544394028050e-01  5.0783002171292246e-01  4.3277530648836093e-01  
q[510]: 1.8036959295567598e-05  9.8304171576614907e-01  5.6882237324607676e-01  4.8097320213654116e-01  4.7410403743407287e-01  
q[511]: 4.2008461170349245e-05  9.8349495239647566e-01  6.3758298815254399e-01  6.1594685622993939e-01  1.3843508024853568e-01  
q[512]: 4.5050877587180257e-05  9.8303233419820368e-01  5.4355440415703571e-01  5.2589917869701019e-01  2.1377109059237109e-01  
q[513]: 3.9998640106863970e-05  9.8424277373674107e-01  6.0875452004777586e-01  5.9074050862707150e-01  3.8182006761846882e-01  
q[514]: 1.7870349755513078e-04  9.2523618856623246e-01  6.8473082250920736e-01  6.1027480370003251e-01  3.9128616507438313e-01  
q[515]: 3.6982629080553050e-05  9.8451902890621368e-01  6.8317105646429466e-01  6.6448827348375095e-01  5.6687105051043696e-01  
q[516]: 1.7147429196855448e-05  9.8055313451124870e-01  7.0975540585412134e-01  3.3104576380494730e-02  1.7356463766945759e-02  
q[517]: 1.4814183273746813e-05  9.9279973773153785e-01  8.2824115330621140e-01  9.2858419662439962e-02  1.3979160369871041e-02  
q[518]: 8.1030624173348208e-05  9.0704538736917995e-01  7.3863898378582038e-01  1.6106429286457047e-01  7.2044540611693686e-02  
q[519]: 2.7107286007997620e-05  9.8596958225599984e-01  8.1409345837364810e-01  1.0481330740081596e-01  8.7060887245873797e-02  
q[520]: 3.0539145232775045e-05  9.9250155323571554e-01  7.6229925052151326e-01  2.1303820007762742e-01  2.2141772208589816e-02  
q[521]: 6.3407145179979974e-05  9.8818879088744283e-01  7.7888105590158652e-01  3.2427264324953292e-01  1.1590811099112819e-01  
q[522]: 7.6564675254169794e-05  9.8285459829960575e-01  8.2491678774086408e-01  2.9389136247824754e-01  2.0260977975115665e-01  
q[523]: 4.0589247085711152e-05  9.8707633344726076e-01  7.7001892380540971e-01  2.3792850378658781e-01  2.1944539141061314e-01  
q[524]: 4.8641774446060982e-05  9.7782208579173568e-01  7.2839595426411352e-01  3.5393625168712350e-01  1.4987920682225550e-02  
q[525]: 8.1047895679411280e-05  9.8601420263431649e-01  7.7412907130731512e-01  4.3233150770804563e-01  2.1589875474433531e-01  
q[526]: 7.3250218458839822e-05  9.8898856302951488e-01  7.8288486333716167e-01  4.4817115594619789e-01  3.5954112078466055e-01  
q[527]: 4.8486387412728027e-05  9.7781094365417975e-01  7.7083062089445809e-01  3.9208585820761033e-01  3.7878252733871864e-01  
q[528]: 8.4313082208774975e-05  9.8612824803802335e-01  7.9248158285785708e-01  4.5240581086399273e-01  7.6181364291773399e-02  
q[529]: 5.7943196198510005e-05  9.8874344142486825e-01  8.6347400653634687e-01  5.4646509976712498e-01  3.3820171490924195e-01  
q[530]: 4.3255119680114850e-05  9.8350984928119067e-01  7.9022797546419377e-01  5.8478712441635117e-01  2.3210235159267414e-02  
q[531]: 5.7317974394970343e-05  9.8730020206693003e-01  7.6402130506806876e-01  6.0032385529193544e-01  9.3204088083076009e-02  
q[532]: 1.1698530045624339e-04  9.8255155356789248e-01  7.7643430105761768e-01  5.5368604510538899e-01  1.9001978349867671e-01  
q[533]: 1.1674676813143478e-04  9.8379540014523137e-01  7.7337126553733149e-01  5.9441293667642492e-01  3.5005045294789344e-01  
q[534]: 9.2387762747679492e-05  9.7933387301374630e-01  7.6697289032492899e-01  6.0109362390110532e-01  5.1609276957705219e-01  
q[535]: 3.5821653660931482e-05  9.8454780223385374e-01  7.7291101671387086e-01  5.6847428198429151e-01  5.5409223246122086e-01  
q[536]: 1.1728743573270782e-05  9.8231279025414953e-01  7.7030640370817027e-01  7.5171949877505062e-01  1.2397743677925521e-02  
q[537]: 1.4405706607248589e-05  9.9044140764836530e-01  8.5826005593796528e-01  7.5335331869941835e-01  1.0576153200127119e-02  
q[538]: 6.4392633359670540e-05  9.7134346495639701e-01  7.7856877122903423e-01  7.0191351196137985e-01  5.5475105196621889e-02  
q[539]: 5.3838510975283910e-05  9.8916781521165176e-01  8.0928439872627833e-01  7.3864467364734698e-01  1.7576228140195491e-01  
q[540]: 7.7718477365139446e-05  9.8333567259228138e-01  7.8186779095982317e-01  7.0534026125181104e-01  3.4276980077914415e-01  
q[541]: 6.8416663007660265e-05  9.8813762756129564e-01  7.7993324821786625e-01  6.9678066770082681e-01  5.2746241272024907e-01  
q[542]: 3.3839924567728075e-05  9.8567753708573869e-01  7.3194526351705891e-01  6.5612153321197375e-01  6.2923803142296375e-01  
q[543]: 2.3041002949189831e-05  9.8750120391021246e-01  7.6274516862695740e-01  7.4710136817475892e-01  8.2533271760543064e-02  
q[544]: 3.6743374447967218e-05  9.7901600065607997e-01  7.7791816840642869e-01  7.6716366029939165e-01  2.3834565252498241e-01  
q[545]: 3.8195212978533148e-05  9.8663967266318531e-01  7.2660153819486117e-01  7.0938032237012494e-01  3.4424792284643163e-01  
q[546]: 4.8661841777117548e-05  9.7916268917267046e-01  7.7701724383765869e-01  7.6070750744927762e-01  5.2839954884492457e-01  
q[547]: 2.4951788048964245e-05  9.7609816048502251e-01  8.2435781926819585e-01  8.1500500145319499e-01  7.2760185613128581e-01  
q[548]: 1.2201477750271790e-05  9.8172534130389788e-01  7.5507427210565148e-01  7.3877458329626211e-01  7.2499538884347359e-01  
q[549]: 7.6473395427528633e-06  9.8132505296201089e-01  8.8290689072139683e-01  2.4166575155443543e-02  1.5419575682086954e-02  
q[550]: 1.9283684577169069e-05  9.8096642548921620e-01  9.3507069773594742e-01  8.7959206329334114e-02  2.3371989247881853e-02  
q[551]: 6.6448377074959173e-05  9.8106213902882700e-01  8.5910710756763486e-01  2.1855592570605861e-01  7.9469925824773177e-02  
q[552]: 2.6759972903317637e-05  9.8057498715167590e-01  8.9417298476776363e-01  1.3510632300010328e-01  8.6460489648139391e-02  
q[553]: 2.0278938480790968e-05  9.8417263615597406e-01  9.0841471461723389e-01  2.0130992847565943e-01  1.2461649573245066e-02  
q[554]: 3.2974544653729235e-05  9.8890559962531799e-01  9.2527871826671737e-01  2.4872877131467427e-01  1.7886515122655330e-01  
q[555]: 2.5084380494503620e-05  9.7581669038000907e-01  8.9525380147989742e-01  2.1336976626431023e-01  2.0491520595985374e-01  
q[556]: 3.8823117938181435e-05  9.8552236177374297e-01  8.7438889978265721e-01  3.4593804552629392e-01  2.0272658307673389e-02  
q[557]: 7.5712642324775816e-05  9.8113500876122806e-01  8.9403526726677118e-01  3.7662431472169827e-01  1.0362295094291180e-01  
q[558]: 4.3930404300605189e-05  9.9538149715235114e-01  9.1779925670653273e-01  4.3775938319221414e-01  2.4864836592590076e-01  
q[559]: 6.5344970299404534e-05  9.7658191828903151e-01  8.9910155000538627e-01  4.3337298946331854e-01  3.3997921903277417e-01  
q[560]: 3.6779926263602624e-05  9.8621782457779106e-01  8.9819199925907334e-01  3.7919088236870729e-01  3.5425452748129183e-01  
q[561]: 2.9982428924051023e-05  9.8054419813400950e-01  8.5510454431256611e-01  5.1213142276962953e-01  1.0472807626811936e-02  
q[562]: 5.0694157281139968e-05  9.8432089629172970e-01  9.1844595651441652e-01  5.3691217841970995e-01  5.8922735670481945e-02  
q[563]: 7.0175563224694231e-05  9.8904747171496765e-01  9.0310206778680768e-01  5.4989359338550581e-01  1.8772403340030272e-01  
q[564]: 5.0276758290385430e-05  9.8386275653982913e-01  8.7083060115076660e-01  5.5745505760578695e-01  4.9901926337109903e-01  
q[565]: 1.9205991784243924e-05  9.8252194712622143e-01  9.0097265426385287e-01  5.5510965507049959e-01  5.5077601912650587e-01  
q[566]: 3.5706658688405665e-05  9.8190635559801365e-01  9.2043632086633587e-01  7.0418779371845142e-01  2.3826886964817988e-02  
q[567]: 6.2144435000703217e-05  9.8968705037498550e-01  8.9666765918024582e-01  6.9006151321183051e-01  1.1494296090278260e-01  
q[568]: 6.7207695927570341e-05  9.8724443428035202e-01  8.8398328202398968e-01  7.1658130240548712e-01  2.6805710831461643e-01  
q[569]: 6.6061821388206790e-05  9.8625516007120972e-01  9.2226719820428871e-01  6.8894404859827929e-01  3.6047548471636753e-01  
q[570]: 7.6375937962270299e-05  9.8706491690979370e-01  8.9224424564618621e-01  6.7694119451361845e-01  5.1058765219415592e-01  
q[571]: 4.3372890842783090e-05  9.8426150078364250e-01  9.0292193538102772e-01  7.1144452558665805e-01  6.6904446151751340e-01  
q[572]: 1.1714645072251574e-05  9.7841224180393926e-01  9.5259752785363416e-01  8.6707686120272653e-01  1.1309327002677828e-02  
q[573]: 2.8565422843280838e-05  9.9189496735250549e-01  9.1457832358482605e-01  8.3881645946832928e-01  8.4860089506491848e-02  
q[574]: 6.7553996489948359e-05  9.6062992143199488e-01  8.7854888290912470e-01  8.2450413596901040e-01  1.7152571034747227e-01  
q[575]: 3.9553234889597050e-05  9.8500999850568194e-01  8.8772372561086310e-01  8.0730196201457916e-01  2.8632216092655061e-01  
q[576]: 6.6014324680706591e-05  9.8775017577193369e-01  8.9124572313519501e-01  7.9983307863185782e-01  4.7878544280048868e-01  
q[577]: 3.9145953076261994e-05  9.8681238201247334e-01  9.2128265011248389e-01  8.1795040654756801e-01  6.5263474623346063e-01  
q[578]: 1.6261010152978331e-05  9.8155678765792465e-01  8.7085773479254835e-01  7.6561876746668067e-01  7.5902957113651526e-01  
q[579]: 1.5842027012060915e-05  9.8048320448929482e-01  8.9767247107675874e-01  8.7908943431261555e-01  2.5458108582179211e-02  
q[580]: 1.2038279851950787e-05  9.8990352732220044e-01  8.9688763411382522e-01  8.9254005524889768e-01  1.4276839972421995e-01  
q[581]: 3.3197331674043422e-05  9.8289394976369060e-01  9.0566175112116898e-01  8.8578585992126202e-01  3.1512791785392863e-01  
q[582]: 3.9893217779952735e-05  9.8181114732127883e-01  8.7714512294738756e-01  8.6084479474518172e-01  4.6045195403701789e-01  
q[583]: 3.3321411382348171e-05  9.8475297346777046e-01  9.0275013753072597e-01  8.8313352971099268e-01  6.6913138595263844e-01  
q[584]: 3.3114380256441218e-05  9.9035179812952434e-01  8.6880836928418448e-01  8.0047034219021151e-01  7.2363029945087354e-01  
q[585]: 8.5048029214567424e-06  9.8674578825849590e-01  9.0031087686975764e-01  8.8143258096137433e-01  8.6432139204653324e-01  
q[586]: 1.6821594775192158e-06  9.8587655611382097e-01  9.8159520874016493e-01  2.8561257901823706e-02  7.9104424037263893e-03  
q[587]: 1.3772052693611723e-05  9.8291002209823175e-01  9.7359458568205248e-01  1.5293227941640730e-01  8.7653057107302562e-02  
q[588]: 6.6670533905902818e-06  9.8522489711313144e-01  9.5601678739578555e-01  8.6154334297976545e-02  8.3157886704199588e-02  
q[589]: 5.2140817739560787e-06  9.8743715557528655e-01  9.7978508460852232e-01  1.7806192880875921e-01  9.8753957133912631e-03  
q[590]: 3.0455398843539984e-05  9.8787036258863070e-01  9.6131000486202201e-01  2.6520049864445860e-01  8.1126572224061264e-02  
q[591]: 3.2497238436387378e-05  9.6609691114993701e-01  9.4795061126139057e-01  2.8371227869943760e-01  2.0292041705017302e-01  
q[592]: 5.6180574789011818e-06  9.9655397504879484e-01  9.8724086597027438e-01  2.5114856457267620e-01  2.3184306524229006e-01  
q[593]: 2.4814059874906292e-05  9.8355751131732871e-01  9.6369747455826660e-01  3.7388006088683268e-01  2.4232544156952404e-02  
q[594]: 3.7755085200004651e-05  9.8380323956338267e-01  9.6937807671495502e-01  4.8275713523968705e-01  1.2028253857504785e-01  
q[595]: 3.4888982337278262e-05  9.8338144343806144e-01  9.6818700649686140e-01  3.8954881572441924e-01  2.0017196160411757e-01  
q[596]: 2.7041874774861171e-05  9.8297916351185510e-01  9.7115882005937515e-01  4.3852800506619705e-01  3.4738887292273979e-01  
q[597]: 1.4926006100484979e-05  9.8164277388060095e-01  9.6147328243454444e-01  4.0647207531856028e-01  3.9171306732630279e-01  
q[598]: 9.4117291348407158e-06  9.8334743134928160e-01  9.5795254619232983e-01  5.4347911356090750e-01  1.7112339700503111e-03  
q[599]: 2.0720641493505436e-05  9.8150221926122316e-01  9.7123681297141762e-01  6.0454414638353049e-01  5.5450396069665085e-02  
q[600]: 5.1440160894946972e-05  9.7992364359056439e-01  9.6370140630480006e-01  5.8258377706633269e-01  2.8143067504175218e-01  
q[601]: 4.7881353699783151e-05  9.8211997546348795e-01  9.6420080599370339e-01  6.0592850190338354e-01  4.2121125037491786e-01  
q[602]: 2.6379295464792616e-05  9.9018951386841914e-01  9.5477310952890559e-01  5.9315016811086574e-01  5.0967714929927022e-01  
q[603]: 1.8045035191519706e-05  9.7990553537055058e-01  9.6767581543813341e-01  5.8430471632793191e-01  5.6038994210688031e-01  
q[604]: 4.8533558536328054e-06  9.9013787800978681e-01  9.8315625248090699e-01  7.5590011618729158e-01  1.6122825325607212e-02  
q[605]: 2.8800261947244940e-05  9.7661900739048435e-01  9.6205442282020104e-01  7.4881843720342389e-01  9.3380017267463103e-02  
q[606]: 4.6788091439871727e-05  9.8469471600818204e-01  9.6572978922124308e-01  6.9056745091869409e-01  1.9247495796445535e-01  
q[607]: 1.8489870189239566e-05  9.8562605780130796e-01  9.7723560146103861e-01  7.6192219612920875e-01  3.4921471729984915e-01  
q[608]: 4.2595653355683467e-05  9.8439353203176416e-01  9.6821597415070337e-01  7.8135605267796171e-01  5.1994426216977263e-01  
q[609]: 2.7702664271111306e-05  9.8488640345066647e-01  9.7067829773513825e-01  7.4589809226618675e-01  6.4695307616567577e-01  
q[610]: 7.7034573978994757e-06  9.9015779976898388e-01  9.7162800845016917e-01  7.6084471400622344e-01  7.5182942573466183e-01  
q[611]: 9.6448359538918785e-07  9.9217570823713319e-01  9.8266999584147641e-01  9.7173736029906954e-01  5.7999118969373833e-03  
q[612]: 1.1298633595177378e-05  9.8666081507433956e-01  9.7584700034367322e-01  8.7370085136378983e-01  6.7449363227067766e-02  
q[613]: 3.6649496348767840e-05  9.8549441600116294e-01  9.6318110869650708e-01  8.4819740031641999e-01  1.9939753726397202e-01  
q[614]: 3.7400905307062206e-05  9.8626822327278130e-01  9.6474999833005459e-01  8.5722602050894137e-01  3.6366352865833307e-01  
q[615]: 3.5896757425623147e-05  9.8203955935229303e-01  9.6154823610648121e-01  9.0571221757130016e-01  5.4145355648730942e-01  
q[616]: 3.0029558450369234e-05  9.7370782711717774e-01  9.5877273445205913e-01  8.7553276279369463e-01  6.7560813102891093e-01  
q[617]: 1.7366940413274355e-05  9.8399977854018039e-01  9.6881549668905675e-01  8.6718357705739335e-01  7.8703779144645258e-01  
q[618]: 8.4962771087311129e-06  9.8770481899123830e-01  9.6556822173138490e-01  8.9572528461510947e-01  8.7504020860207632e-01  
q[619]: 9.4861437504755160e-06  9.8160732719640797e-01  9.6747729175995834e-01  9.4886983548804171e-01  8.0464489183300875e-02  
q[620]: 1.1112169027137372e-05  9.9207085706914777e-01  9.7601775355553511e-01  9.4951268859375670e-01  2.1752851262405856e-01  
q[621]: 1.3617225917584729e-05  9.8422755275508955e-01  9.7059490716725627e-01  9.5310474630655839e-01  4.0137317473911904e-01  
q[622]: 8.2168561122021741e-06  9.8099592823370096e-01  9.5841162193114415e-01  9.5696454712541534e-01  5.9709154091730632e-01  
q[623]: 8.4553841612305802e-06  9.8367536365975372e-01  9.7548399141913800e-01  9.5528703068836962e-01  7.5012419922294449e-01  
q[624]: 1.0643170981440430e-05  9.8875100211996791e-01  9.5879407109328829e-01  9.4300213368843222e-01  8.5672998755995333e-01  
q[625]: 9.2441793323706709e-07  9.8069939924706961e-01  9.7801323449951727e-01  9.7363510328823477e-01  9.6780073169379144e-01  

