deg: 11
dim: 4
nodes: 281
efficiency: 0.97153

q[0]:   1.9395271510384484e-05  1.2654970333270327e-01  6.0751286441634730e-02  4.4580588132046850e-02  2.2537472961598009e-02  
q[1]:   2.8946528936830255e-05  1.6535059817812248e-01  1.3981240693532485e-01  4.3943183005207387e-02  2.9755835535099848e-02  
q[2]:   1.3330813568046375e-05  1.3490214742491916e-01  1.3237992898778908e-01  1.0734433866196696e-01  2.1421168394675668e-02  
q[3]:   2.8513767712568921e-05  1.7981521521981517e-01  1.5829205423909215e-01  1.3934214174869936e-01  1.1063185712493806e-01  
q[4]:   6.6178010944645637e-05  3.0672937520719878e-01  8.5328743747379018e-02  5.3561380956338861e-02  3.2929445300167746e-02  
q[5]:   7.4000165548746284e-05  3.1428307116844689e-01  1.8082139671057776e-01  4.5744427825224247e-02  1.4222472296330913e-02  
q[6]:   5.8405528137833841e-05  3.5823056190241798e-01  2.5417479467842724e-01  8.4839753284703223e-02  8.3241668768420082e-02  
q[7]:   7.5753679537713512e-05  2.6907995443142635e-01  1.6861906741021251e-01  1.3724664094094211e-01  2.0378173265254339e-02  
q[8]:   5.8403759755003915e-05  3.2089685716224914e-01  2.3522858419081055e-01  2.2618456429047226e-01  1.1766415502735447e-01  
q[9]:   1.0745569990890097e-04  3.0418683434744326e-01  2.7559320545817917e-01  1.4357453460733527e-01  2.9006196458421955e-02  
q[10]:  2.0290316283380023e-04  3.6715350370324401e-01  2.6349496604572842e-01  1.7825639107136804e-01  9.9325394429791755e-02  
q[11]:  7.1898907270138800e-05  3.1869075607835307e-01  1.8528537434487791e-01  1.6166320159039216e-01  1.4279496829374608e-01  
q[12]:  8.0539045873152644e-05  3.5240972882633553e-01  3.4341609361125153e-01  1.8334738302156786e-01  1.3314903469251621e-01  
q[13]:  6.0288781880425777e-05  3.1578753867776194e-01  2.7950797650639936e-01  1.9093147547645023e-01  1.7594614889095758e-01  
q[14]:  5.5811449955976061e-05  3.7050428050709894e-01  3.4706338896362238e-01  3.2730117541240616e-01  2.9507160353708495e-01  
q[15]:  5.5047440018222796e-05  3.5078828778584853e-01  3.2685479636939885e-01  5.1366320847228725e-02  1.9902841630493131e-02  
q[16]:  8.5926663868558911e-05  4.6573262584120018e-01  4.4932835560221529e-01  2.9806548507571939e-01  2.4313466439584160e-02  
q[17]:  6.0619142508191178e-05  3.2896401750487297e-01  3.0066949221193534e-01  2.7699738485345016e-01  2.6897757640057272e-02  
q[18]:  1.0424043624693721e-04  3.4129634109189172e-01  3.2454284962891550e-01  2.8895194692883375e-01  1.3759500650013737e-01  
q[19]:  5.4957012373226571e-05  5.0463254320896644e-01  7.7768021854800792e-02  6.1570876752197953e-02  3.0906499428043525e-02  
q[20]:  5.5367642409057706e-05  5.0666856602514809e-01  1.3718756315068845e-01  4.0081562454632444e-02  3.9388562392182191e-03  
q[21]:  3.6758650428461121e-05  3.9000892028803963e-01  1.4331962888898733e-01  1.3292667230867142e-01  1.6389508042085842e-02  
q[22]:  2.2628772604622085e-04  5.1608772221048527e-01  2.5996810990328129e-01  1.5938255864520412e-01  1.3419417705180559e-01  
q[23]:  7.1167469688925941e-05  5.9827088125886907e-01  1.5132179714047364e-01  8.1896181389499625e-02  7.5452194411238710e-02  
q[24]:  1.3158968474749584e-04  5.2960091248371211e-01  2.6171349702339808e-01  5.4325556421992924e-02  3.6947885053585698e-02  
q[25]:  2.6456467754397753e-04  5.1706358777997929e-01  2.5949501908925376e-01  1.6327056235951226e-01  3.5443995672744408e-02  
q[26]:  1.9674838916390475e-04  5.1279419366768741e-01  2.4025362188097607e-01  2.1678908731759647e-01  1.0924284357832477e-01  
q[27]:  6.0135579560909985e-05  5.1201411390786611e-01  2.0542360842469642e-01  1.9852301541168094e-01  1.7659771092076446e-01  
q[28]:  1.2260983056418658e-04  5.3484224350159004e-01  4.1708491422485378e-01  4.7854631812445821e-02  2.1952295383638611e-02  
q[29]:  1.4827344323087091e-04  4.8983964126483853e-01  3.5224467398988046e-01  1.3487624553550542e-01  1.4293544610438882e-02  
q[30]:  1.9518533747092632e-04  6.1209093112040691e-01  4.7306133133755907e-01  1.6514909463316502e-01  1.4558789429675828e-01  
q[31]:  2.6672865958990574e-04  6.5132268408528926e-01  4.3378795999029135e-01  3.4221186646225704e-01  2.7013452352274031e-01  
q[32]:  6.7844548053616795e-05  5.1803337427139384e-01  2.9073722343508146e-01  2.6464274816094052e-01  1.3895893768282108e-02  
q[33]:  7.9498470062354197e-05  4.7133721736004813e-01  3.3788525250693846e-01  3.3704468110443975e-01  8.7156169614851814e-02  
q[34]:  1.0705501106999774e-04  5.1270655891334449e-01  3.8291272332473664e-01  3.5397703059626329e-01  3.3642555122773371e-01  
q[35]:  4.7325351287586603e-05  4.5488517562028552e-01  4.2651127957626955e-01  1.0337498779111000e-01  9.7482339510702523e-02  
q[36]:  3.3385807743921024e-04  5.1307505145684562e-01  4.1475482264781899e-01  1.9201190274984622e-01  1.0296179257041357e-01  
q[37]:  9.8588844045940452e-05  4.7031256060435772e-01  3.5866611839106544e-01  2.6621561013990197e-01  9.1646387535743914e-03  
q[38]:  2.1131911315496198e-04  5.3648776745115900e-01  4.2502557676249175e-01  2.8144281335332572e-01  2.5833375361785738e-01  
q[39]:  3.4150611033624328e-04  5.3409323269884423e-01  4.3199391826010625e-01  3.5036786315514912e-01  8.5787969564582886e-02  
q[40]:  3.1231480283135777e-04  5.8187575823131998e-01  4.4105947965149600e-01  3.4897320287087691e-01  1.7684006156244841e-01  
q[41]:  4.4900549126411213e-05  5.5183890196713103e-01  4.4075030272967503e-01  4.3526157888496725e-01  1.8995927846642332e-02  
q[42]:  5.0040202388468318e-05  5.9491622617075324e-01  5.7622621512984440e-01  5.0157110370662006e-02  1.9538008696497640e-02  
q[43]:  1.2252175934110887e-04  5.3471502373752655e-01  5.0885390131926844e-01  1.7323082553046332e-01  2.0683252098336581e-02  
q[44]:  1.8034672112026215e-04  5.6415440696294561e-01  5.4223272855465821e-01  1.9551828555872225e-01  1.0534874077954234e-01  
q[45]:  1.1225703626125917e-04  5.6886763866701950e-01  5.4542770409427765e-01  2.7108624894569050e-01  2.5109374079419988e-01  
q[46]:  2.5727595200421315e-04  5.2853111265595998e-01  4.9337692572294989e-01  3.7346442605875951e-01  2.6864876335919202e-01  
q[47]:  2.1422193897433268e-04  5.2463022456306607e-01  5.0592335153192514e-01  3.4555337286161508e-01  1.2578680010620036e-01  
q[48]:  2.0793118835575342e-04  5.1872995382882037e-01  3.9634305471076753e-01  3.7380451102176343e-01  2.6405600146905417e-01  
q[49]:  7.5219894988763736e-05  5.3512936376704001e-01  5.1915800382450772e-01  4.1262429783772014e-01  3.9377013922958720e-01  
q[50]:  5.1150886888715527e-05  5.4361839328765060e-01  5.1766572163790492e-01  4.7599710207365176e-01  1.4821456466722454e-02  
q[51]:  7.8163616620170414e-05  5.2751837773879162e-01  5.1332162023036665e-01  4.8254316520020080e-01  8.9789240956525226e-02  
q[52]:  1.5435779035546850e-04  5.6418744238217222e-01  5.2720125668846107e-01  5.0447177575832391e-01  2.0372208857457333e-01  
q[53]:  1.0294131777672185e-04  5.2862636894147974e-01  5.0738445977343349e-01  4.8321168201491227e-01  3.3585739674566129e-01  
q[54]:  7.5160375533388232e-05  6.1361289862720159e-01  5.8021532446360802e-01  5.6145209798581652e-01  5.3001141324452083e-01  
q[55]:  6.5076096656929651e-05  7.2417628751430918e-01  8.0234689207591900e-02  4.7585445381158956e-02  1.9399426259291308e-02  
q[56]:  2.1892475357160307e-04  7.1229807293701941e-01  2.3824633491980937e-01  1.3521558719601184e-01  2.8210811713674462e-02  
q[57]:  3.0542635162158219e-04  7.0224700481694369e-01  2.9507132027850863e-01  2.1106069933668398e-01  1.3022074620471033e-01  
q[58]:  8.7362078319526586e-05  6.4400770868221380e-01  1.8953990347812358e-01  1.7703413105602891e-01  2.1568087174354513e-02  
q[59]:  1.9311841489333352e-04  7.5367226442532875e-01  3.0863070040283419e-01  2.8408205686402360e-01  1.1149308140214682e-01  
q[60]:  9.4946843127891690e-05  7.1641797755952408e-01  1.7966240455372551e-01  1.7137356187954694e-01  1.3218681160978038e-01  
q[61]:  1.2611751134068613e-04  7.4223208277448205e-01  2.3070671316111940e-01  4.6448752888226384e-02  2.8824554999479765e-02  
q[62]:  4.5532347866530096e-04  6.7497208696335320e-01  4.2560165355766061e-01  2.1000046488442548e-01  1.0535615687673394e-01  
q[63]:  2.0826646556037243e-04  6.9244266943687616e-01  4.0224189517227155e-01  3.3045420999229080e-01  3.2010076766281294e-02  
q[64]:  2.7849770543810431e-04  6.8389363302331097e-01  4.2220882206428334e-01  3.9596642269728849e-01  1.4065901167358069e-01  
q[65]:  1.8557948654134745e-04  7.0869935444046928e-01  4.0788514732270315e-01  3.9598110959241811e-01  3.0092381315401734e-01  
q[66]:  1.1084505591920363e-04  6.8990641600927360e-01  3.5274744832035460e-01  3.0955620311682358e-01  3.0269068187425796e-01  
q[67]:  8.8715117676048505e-05  7.3995459487386084e-01  4.5884423601942487e-01  3.5572504307528278e-02  2.4362203073262017e-02  
q[68]:  1.7849235744679543e-04  6.9132070669991341e-01  3.7945482895676819e-01  9.0248335262172810e-02  1.5715081315343483e-02  
q[69]:  3.0752545847156936e-04  7.2548307565457892e-01  4.8647354397838338e-01  2.5737340622188143e-01  2.5325678788227071e-02  
q[70]:  3.9844603848536680e-04  7.9654054097100202e-01  5.0215312018691538e-01  4.2208437587930359e-01  2.8670071065818248e-01  
q[71]:  2.5036523151449557e-04  7.4606919080652989e-01  4.1860650993146309e-01  1.4651880581401469e-01  1.2702308741874410e-01  
q[72]:  5.1159434696071578e-04  7.1793062502794369e-01  6.3604232126482885e-01  3.7525967050301223e-01  1.2893150422937094e-01  
q[73]:  5.3804121884192457e-04  7.5818894652442603e-01  5.1687394140842569e-01  3.7907757490775879e-01  1.2999281289932968e-01  
q[74]:  2.6455532721686171e-04  7.4810870846266120e-01  4.8672240632081348e-01  3.0338518253571189e-01  2.8327555769172186e-01  
q[75]:  1.1291896853521640e-04  7.3289924792666294e-01  4.3639607865779162e-01  4.2341302905292977e-01  3.3225938101963733e-02  
q[76]:  1.9376935220177487e-04  7.0462975174673881e-01  5.6368904035588396e-01  5.4807160416246659e-01  2.7569194470108144e-01  
q[77]:  1.3659595860341333e-04  7.2991133914568318e-01  5.4902907247408239e-01  5.2724445841804546e-01  4.9668337074969193e-01  
q[78]:  5.6205525168138308e-05  7.6076211409110639e-01  6.6548581225195347e-01  3.1750377762627791e-02  1.1114796608623006e-02  
q[79]:  1.7671476119593573e-04  7.4050146956091623e-01  6.0489395343408114e-01  1.2050796686864458e-01  9.6336293401272491e-02  
q[80]:  3.1033649514143781e-04  7.1500983799439422e-01  5.8498277679785637e-01  1.4571934124710256e-01  3.1734544533398239e-02  
q[81]:  2.3630517485322345e-04  6.4188948859223616e-01  5.4366890081778219e-01  2.9335802158409269e-01  2.8284120964705124e-02  
q[82]:  4.1495535753290172e-04  7.4730406032069829e-01  6.2879952852794163e-01  2.8836449979763368e-01  1.8589154665580840e-01  
q[83]:  5.1441871840180689e-04  7.3182213509819483e-01  6.1473009159745784e-01  4.5039435800886668e-01  3.1364119352117881e-01  
q[84]:  2.3343311699598477e-04  7.4853278569577053e-01  6.4661972494283393e-01  3.4911689165064330e-01  3.2436518964777644e-01  
q[85]:  2.4154632384101228e-04  6.9759296751148925e-01  5.6826640288593411e-01  4.7434653245261088e-01  2.6316696854568000e-02  
q[86]:  3.3629592114878509e-04  7.9866095561733741e-01  6.7969357092208704e-01  5.5419830900645572e-01  1.4453118238859824e-01  
q[87]:  3.5104170765353003e-04  7.5828887059209993e-01  6.6327754015097917e-01  5.7480340955969744e-01  2.7250150230092729e-01  
q[88]:  2.3596209345080812e-04  7.2310479634207614e-01  6.2042591317890095e-01  5.0526409707861997e-01  4.7969595135737314e-01  
q[89]:  2.3369542659550530e-04  7.1637109161234513e-01  6.0566697614349452e-01  5.8297442599248550e-01  1.1198689446785361e-01  
q[90]:  2.8143811210651771e-04  7.2920443079346697e-01  6.3351642561900745e-01  6.0475836057439769e-01  4.6479643032547946e-01  
q[91]:  9.8202985819684449e-05  6.8489135778514121e-01  6.5551813836276107e-01  1.2669715366538686e-01  1.0735759249773885e-01  
q[92]:  8.9898309011693579e-05  7.4591746765570810e-01  7.1958340420238076e-01  1.5665516553324985e-01  1.6395009718057154e-02  
q[93]:  2.5288439658939559e-04  7.8180843512582332e-01  7.5257402222284731e-01  2.3345856805218779e-01  1.1212282046295595e-01  
q[94]:  1.4066800903728211e-04  7.3861866777952545e-01  7.1576721524121212e-01  3.4492419422584769e-01  2.6888568956130697e-02  
q[95]:  2.5358898681665634e-04  6.9522370948606627e-01  6.7512892883102127e-01  3.9326761222016804e-01  2.7631339202789806e-01  
q[96]:  1.2267190202416232e-04  7.6692084814229367e-01  7.4436579078567700e-01  2.8998482240152590e-01  2.6428690372800567e-01  
q[97]:  1.0554966978065450e-04  6.6921101566464769e-01  6.4526934703202143e-01  4.6557396916678540e-01  2.0330800275500348e-02  
q[98]:  1.1626815342393582e-04  7.2667695345681949e-01  7.2346565467371116e-01  3.8666124328127749e-01  1.1949697904222559e-01  
q[99]:  1.1076948950801006e-04  7.6006269502619805e-01  7.4107908856713056e-01  5.0990401637121741e-01  4.8787930816015029e-01  
q[100]: 2.5337838729732378e-04  7.1527973011079449e-01  6.8882958934100980e-01  5.5892838798103162e-01  1.0842722772981660e-01  
q[101]: 2.3394451833059918e-04  6.9696296310870809e-01  6.8044357383463649e-01  5.6380501155831686e-01  2.7913321870081559e-01  
q[102]: 1.9911239504863648e-04  7.2018258583167749e-01  6.9854072863151206e-01  5.8886212743969946e-01  4.7631888118863452e-01  
q[103]: 6.1901394486388992e-05  7.2033070033287117e-01  6.9391520175557397e-01  6.7424881086238442e-01  3.7227265485729730e-02  
q[104]: 9.1130466622860621e-05  7.5954050514618654e-01  7.4473793819722678e-01  7.1999063866332869e-01  1.8012046277341182e-01  
q[105]: 1.1489338426318994e-04  7.5770886189791586e-01  7.3312766996828915e-01  7.1472749838119864e-01  3.6778942034449247e-01  
q[106]: 3.7642059561408062e-05  7.0271756371525218e-01  6.9854424325625053e-01  6.7989462554580549e-01  5.1167403062282490e-01  
q[107]: 5.8660756034561050e-05  7.7921408920520907e-01  7.6102283614657740e-01  6.9880189073521770e-01  6.7856676806879557e-01  
q[108]: 1.6569941102855567e-05  9.0541921344408549e-01  5.4007383403552073e-02  4.1124040386515646e-02  1.3569950203893566e-02  
q[109]: 9.5807325595756776e-05  8.8930539014305965e-01  1.7983550098946283e-01  5.3395282338662864e-02  2.2867441391674896e-02  
q[110]: 9.6061628638364617e-05  8.9865060533152497e-01  3.0153050977393492e-01  1.6756100770932750e-01  6.0390103301226437e-03  
q[111]: 1.9147307091101892e-04  8.8647142882505459e-01  2.8065140841042474e-01  1.8024280572571824e-01  9.5112805995582833e-02  
q[112]: 4.9716449688419338e-05  8.6386921883229972e-01  1.3700209724826098e-01  1.0079687602246229e-01  9.8505501239026017e-02  
q[113]: 1.1385721861776186e-04  8.5189683000051342e-01  1.7663536377162761e-01  1.5200713717011674e-01  3.5512673078730995e-02  
q[114]: 1.1298798558851240e-04  9.0801602726823538e-01  2.4782815026489799e-01  2.3011965493334149e-01  1.5093359446719651e-01  
q[115]: 1.9415917565697208e-04  7.9358742095630552e-01  2.9129633457619308e-01  1.8574924112080032e-01  1.6388773823108729e-01  
q[116]: 8.9692409735804091e-05  8.9079581091738314e-01  4.0043671940341502e-01  4.1262241919175012e-02  1.4164339413248170e-02  
q[117]: 2.7067676418087978e-04  8.4530109932120523e-01  4.4984229428585121e-01  2.3335691682493687e-01  1.2026461519692541e-01  
q[118]: 2.5117756057346937e-04  8.5829030681608209e-01  4.1226789054108909e-01  1.5008623221368228e-01  3.3483007364093979e-02  
q[119]: 3.3541928646958156e-04  9.0533931876573637e-01  4.5827255277705509e-01  3.4760486599385682e-01  2.4876256618118980e-01  
q[120]: 8.7051854621469937e-05  7.5654637437869687e-01  3.6487663129198383e-01  2.4210371574291553e-01  5.2123893007453605e-03  
q[121]: 4.4175755797641841e-04  8.7843299890751192e-01  4.4153022019117094e-01  3.2888558479511087e-01  8.3140341632070527e-02  
q[122]: 1.2375180765857434e-04  9.3019197368402073e-01  4.2673704959124276e-01  2.9187156258194458e-01  2.8092966036638034e-01  
q[123]: 9.2892840520039953e-05  8.5338908361896837e-01  3.2419622412949706e-01  2.9946803592354954e-01  1.6122216066723479e-02  
q[124]: 1.2400400222263924e-04  8.9219958438025537e-01  4.2835963458329751e-01  4.0800601081860460e-01  8.7757372194720198e-02  
q[125]: 2.1572802419083685e-04  8.7861001570584518e-01  4.2925307129967605e-01  4.0966419509846180e-01  2.2031392183625431e-01  
q[126]: 1.4640140102921710e-04  8.5601303295510101e-01  3.6530967816879445e-01  3.4274141169786576e-01  3.1257575589335385e-01  
q[127]: 8.1214205332459503e-05  8.7764334388345988e-01  6.2760411705870467e-01  5.3011107611530300e-02  1.1959177255027646e-02  
q[128]: 1.4048428146818808e-04  8.9968759230021633e-01  5.6216561207565729e-01  1.0847767026605751e-01  9.2223618425285508e-02  
q[129]: 1.4146963980905645e-04  8.6578430993877897e-01  6.0137018761305050e-01  1.6867663786389284e-01  1.1899083157136923e-02  
q[130]: 3.6193659983382620e-04  8.6114969334397962e-01  6.0184831073247513e-01  1.8143191004266945e-01  9.2278084950186745e-02  
q[131]: 2.2551823743266881e-04  9.0871599449203388e-01  5.9134603609108016e-01  3.2226172234569622e-01  1.9616275818530819e-02  
q[132]: 5.0146467509004048e-04  8.6333082050713739e-01  6.0993702559870133e-01  3.6428954067305763e-01  2.3868315266969953e-01  
q[133]: 4.4119472076525640e-04  8.9652922650951761e-01  6.5867441555904815e-01  3.6617111598003527e-01  9.9919144532467252e-02  
q[134]: 2.9611235877786485e-04  9.0980763995846459e-01  5.9533004072239315e-01  3.0138263597699255e-01  2.7131654014560092e-01  
q[135]: 1.0171797121969693e-04  8.8074057663675998e-01  5.3786689580142211e-01  4.3972048631080851e-01  5.1820102370679945e-03  
q[136]: 3.0019762376738511e-04  8.7031348902775874e-01  6.3389596472848608e-01  5.1739671759151795e-01  6.1527570255881875e-02  
q[137]: 5.2095561567646470e-04  9.1487125431236849e-01  6.5403624609995903e-01  5.3644645333892904e-01  2.5350056205714344e-01  
q[138]: 2.9398189675037498e-04  8.6700396289406267e-01  5.8129671598934540e-01  4.6995257592689699e-01  4.3625104939494191e-01  
q[139]: 9.6720908596894563e-05  8.9948533815177611e-01  5.8719919472617255e-01  5.6828549455483957e-01  3.3400597526794071e-02  
q[140]: 2.9220003782417565e-04  8.6563229399245667e-01  6.0229083874310507e-01  5.7523855859213646e-01  1.5753863120832265e-01  
q[141]: 2.4182994120936643e-04  8.5932311937889339e-01  6.3730492627711499e-01  6.1603220750074150e-01  3.3863223483170746e-01  
q[142]: 1.7974521457001351e-04  8.9168137558671190e-01  6.0471350765385479e-01  5.8755474172836242e-01  4.7205523541153654e-01  
q[143]: 6.4301265136217214e-05  8.8352454210037701e-01  5.8330111976349175e-01  5.6316661786547018e-01  5.5004310192594907e-01  
q[144]: 1.7230186247747960e-05  9.5324184113357913e-01  8.7849119218699134e-01  1.9965147069304245e-02  1.5206528358904237e-02  
q[145]: 1.2516670701347306e-04  8.8254251076193047e-01  7.5493204239520362e-01  1.0057858779572039e-01  7.7013679379570224e-02  
q[146]: 8.8994831674230008e-05  9.0674871395426926e-01  8.0924936979315720e-01  1.1448397574410286e-01  1.0947681321500787e-02  
q[147]: 2.1768929572473224e-04  9.2029651142817748e-01  8.2624287718240719e-01  1.9871094261671762e-01  8.5492153497572734e-02  
q[148]: 1.7608264871681194e-04  8.5600651936898142e-01  7.5055907072656058e-01  2.9396995105571611e-01  1.5006026088977465e-02  
q[149]: 2.8658016271348530e-04  8.5374299781628116e-01  7.1998796942203269e-01  3.0064596279790995e-01  9.3907363191306839e-02  
q[150]: 3.4541437114719338e-04  9.0612494910349606e-01  7.9935966941278658e-01  3.4891440818773867e-01  2.4010467273501684e-01  
q[151]: 2.2025865402132720e-04  8.6539672795751410e-01  7.0876177006108165e-01  2.5121959621909168e-01  2.3328287144727258e-01  
q[152]: 1.9925237066215307e-04  8.2453713366375736e-01  6.9078719222046026e-01  4.5072602002228301e-01  1.7715962019018830e-02  
q[153]: 3.1228587678701044e-04  8.7930300164814568e-01  7.8635466103565022e-01  5.0359899420450982e-01  9.6772288830364914e-02  
q[154]: 4.6394577549669345e-04  9.0892154435516781e-01  7.8651015468491281e-01  5.1904689295100281e-01  2.6388263321041738e-01  
q[155]: 4.1386311100329048e-04  8.8801835021493480e-01  7.6640273302502526e-01  5.2071354305814843e-01  4.3897607773822706e-01  
q[156]: 9.7793484558336561e-05  8.9631229823771008e-01  7.5016498843113177e-01  4.9262023499385321e-01  4.9092575838748004e-01  
q[157]: 1.6203213860341241e-04  9.0724086409600968e-01  7.8947776521357327e-01  6.6762021011085326e-01  2.5979117353513048e-02  
q[158]: 2.9451721775985333e-04  9.1755507467021169e-01  8.1516162257063363e-01  6.8056759240307096e-01  1.8014283397659603e-01  
q[159]: 2.6551831771956443e-04  8.8713436701778248e-01  7.7935673735156141e-01  6.6025434010176509e-01  3.6489250797988049e-01  
q[160]: 3.5893993951117601e-04  8.7533937906946868e-01  7.2399659192148280e-01  6.3353682485489382e-01  4.9006966511124861e-01  
q[161]: 1.4981359977388659e-04  8.8416349481672574e-01  7.6583645432342640e-01  6.8493588731132315e-01  6.6026473778659223e-01  
q[162]: 6.5182445504838397e-05  8.0185219505755134e-01  6.5425709249074393e-01  6.3095123924572205e-01  8.7641814654602287e-03  
q[163]: 1.5900016856610865e-04  8.8729960655969775e-01  7.6272080951386156e-01  7.3717047167636529e-01  8.9717968334896619e-02  
q[164]: 2.1685065608951387e-04  8.7874517150321529e-01  7.9771139227557375e-01  7.7463785019724063e-01  2.7503239061860535e-01  
q[165]: 1.1826209452896251e-04  9.0125225559218514e-01  8.1631258126600548e-01  8.0499318522528485e-01  5.1613218652403214e-01  
q[166]: 9.2797571232276283e-05  8.9471673195196055e-01  7.7235712521809508e-01  7.5866448348388027e-01  6.6509252723659995e-01  
q[167]: 2.0021554610622852e-05  8.2946350028116111e-01  7.5044161180011182e-01  7.5016797590405904e-01  7.4140770511667153e-01  
q[168]: 5.7863902690028776e-05  8.3886381006131305e-01  8.2237958305359793e-01  6.6247438507649664e-02  3.6442961636623764e-02  
q[169]: 1.1659677392360244e-04  8.8827681429615102e-01  8.5823134776717080e-01  1.9920840656021860e-01  1.7367643779657641e-01  
q[170]: 5.3402117197105002e-05  8.9683631217328985e-01  8.8428347384545236e-01  1.9631650343253979e-01  2.8064667649884880e-02  
q[171]: 6.2804984781603815e-05  9.0571224682937346e-01  8.8844113056499496e-01  3.7528507768717112e-01  2.0051974177330290e-02  
q[172]: 2.4412066930892836e-04  9.0434636260806134e-01  8.7247327031698707e-01  3.9328785785071574e-01  1.0964789409240526e-01  
q[173]: 3.1112806871228573e-04  8.4772055125234325e-01  8.1739149993986182e-01  5.4159134665505715e-01  2.7621783842889130e-01  
q[174]: 1.9027893203184290e-04  8.8262010747276609e-01  8.6339837984692802e-01  4.1207086125819642e-01  2.8124323800357393e-01  
q[175]: 1.2375554119784925e-04  9.0543115150902587e-01  8.7510949731232512e-01  4.4006537833438053e-01  4.1811890876257940e-01  
q[176]: 1.4020810330131288e-04  8.7571883310384635e-01  8.5049346075058407e-01  5.7519510001663066e-01  2.8411426918845822e-02  
q[177]: 1.5600597155974793e-04  8.7037868347136482e-01  8.5717897764673978e-01  6.0061241956864475e-01  1.5358526733134256e-01  
q[178]: 1.8382647215244355e-04  8.6251509272223781e-01  8.3829967214004575e-01  5.7539143241896751e-01  4.6688689468916988e-01  
q[179]: 6.0719318920441291e-05  8.0317443215585149e-01  7.7761112470010463e-01  6.8021994484660742e-01  1.3486034089263818e-02  
q[180]: 1.4857132217135457e-04  8.7326498578065648e-01  8.4368927526090409e-01  7.4138434462265446e-01  9.0664259283938023e-02  
q[181]: 1.7968890777471657e-04  8.8937401160303842e-01  8.7497416824384100e-01  7.6694742009110917e-01  2.9281255444812943e-01  
q[182]: 1.8965001425821779e-04  8.7100071401301837e-01  8.4605677959489356e-01  6.9896870034048886e-01  4.5894155087813338e-01  
q[183]: 1.6732199742866254e-04  8.9474481551614771e-01  8.6265791948386672e-01  7.6241409972644436e-01  6.6385330126171060e-01  
q[184]: 7.8190517877663017e-05  9.1641260822811688e-01  8.8892808074961627e-01  6.8486072593816816e-01  6.6804446061740108e-01  
q[185]: 3.4908232135899795e-05  8.9692141151829463e-01  8.6637451876179117e-01  8.5325047994412095e-01  3.1521500429494066e-02  
q[186]: 4.2902702769481969e-05  8.9507515720441444e-01  8.7908898833327487e-01  8.5666456268037705e-01  1.5226321004459423e-01  
q[187]: 1.2744825303765388e-04  8.7264484416006138e-01  8.4872987992490223e-01  8.0363749919618210e-01  5.3841055251577463e-01  
q[188]: 4.9543156520783913e-05  8.3739384171659303e-01  8.1436044884760572e-01  8.0489682853900646e-01  7.0623512877738315e-01  
q[189]: 1.9731754380633337e-05  9.2708474773567329e-01  9.1621245980275901e-01  8.7789424800334714e-01  8.5885677182701825e-01  
q[190]: 1.6789072439453895e-05  9.8026938364492378e-01  1.0965600578336400e-01  3.6029932317135201e-02  9.8989504727080273e-03  
q[191]: 2.9905436505604366e-05  9.7942142007598121e-01  1.2131795738714507e-01  1.0452914685988306e-01  6.6275055249334858e-02  
q[192]: 4.9906088577031153e-05  9.7740372749573501e-01  3.1055113170023979e-01  4.7913337657054161e-02  2.3725152154716527e-02  
q[193]: 8.6736561137423315e-05  9.8302362217378647e-01  3.0878454750690165e-01  1.5542702526949342e-01  3.4208582740124498e-02  
q[194]: 1.2398158280667421e-04  9.7327788771795132e-01  3.2712901734157512e-01  2.3390655320263018e-01  1.3028994638834321e-01  
q[195]: 6.3353475490023604e-05  9.7619076665086657e-01  2.4366801100777541e-01  1.2512917032360268e-01  1.0814142529419841e-01  
q[196]: 5.4087419331032997e-05  9.7158809136510915e-01  2.1153423692289361e-01  1.8066718714155502e-01  1.9961149907225268e-02  
q[197]: 9.7556575010936935e-05  9.7197768552022423e-01  3.5363285693114249e-01  3.3140209603789861e-01  9.8195723869337059e-02  
q[198]: 3.2812994606762215e-05  9.9590141191438464e-01  3.3796630871695493e-01  3.2104152624603804e-01  2.1220293280974853e-01  
q[199]: 4.5964441896514249e-05  9.6912708506896328e-01  2.7944584154979984e-01  2.5231975658410322e-01  2.3859384324468441e-01  
q[200]: 1.7874040731052619e-04  9.0515523778277918e-01  3.7545606475740240e-01  1.3162037946497288e-01  1.0945987258199093e-01  
q[201]: 3.0045450093650795e-04  9.6744477180939936e-01  5.2568302961564961e-01  2.5549941397594539e-01  1.2873997167832738e-01  
q[202]: 1.2698094443741213e-04  9.7237807057206871e-01  4.8907005787512042e-01  1.6096189749264844e-01  2.3484836942667911e-02  
q[203]: 1.5962000778962823e-04  9.7987028724405334e-01  5.5556497960693851e-01  4.4269723703017588e-01  2.4552319880715653e-01  
q[204]: 8.6009304341911626e-05  9.8676875542607956e-01  4.7858685045428634e-01  1.6880948893365294e-01  1.4212512694389429e-01  
q[205]: 1.3792124731721789e-04  9.7502637274894055e-01  4.7711851197102850e-01  3.3955589237101774e-01  2.6705931587142004e-02  
q[206]: 1.4073773986928307e-04  9.8108473027444398e-01  5.0828964675066823e-01  3.8423398467296632e-01  1.2386840311637767e-01  
q[207]: 9.6039687124448357e-05  9.9320405594994332e-01  4.7707532147981990e-01  3.3496073239564078e-01  2.8752761846074099e-01  
q[208]: 4.9911513407543438e-05  9.7471109456850313e-01  4.3266173426949261e-01  4.0604706354628667e-01  1.6106363677915271e-02  
q[209]: 1.1461578000685614e-04  9.8060020521070346e-01  5.8957641224423329e-01  5.6067962656118453e-01  1.1769125835428566e-01  
q[210]: 1.4233377480661505e-04  9.7420137656157257e-01  5.6357730417575291e-01  5.4061846405420277e-01  2.7824328144215305e-01  
q[211]: 1.2870135368289672e-04  9.6753678222536876e-01  4.9164933953488876e-01  4.6381182787621572e-01  3.7675018866897447e-01  
q[212]: 3.7836032531925133e-05  9.7806825629174987e-01  5.1660545991344764e-01  4.8746492620439386e-01  4.7673319387737967e-01  
q[213]: 3.3771632592643001e-05  9.6326166691920789e-01  7.1679092397917743e-01  3.4367261553220625e-02  2.0988171133319928e-02  
q[214]: 6.6521977546574296e-05  9.8275613609543810e-01  5.5723867081567713e-01  6.2847872898100329e-02  3.3839280586764525e-02  
q[215]: 1.1507283768270372e-04  9.6950769008303672e-01  6.8418531118321069e-01  1.5252065313211594e-01  2.3410884951613208e-02  
q[216]: 2.3508641010314515e-04  9.7350983004671576e-01  7.2196605338690500e-01  2.3977381247774890e-01  1.2107603572332455e-01  
q[217]: 9.6259878021046549e-05  9.9097560873973700e-01  6.6759032426464870e-01  3.3716966171693369e-01  2.9872264798655644e-02  
q[218]: 2.6653617424414081e-04  9.7685258943981168e-01  7.0135954498737374e-01  4.3348249316160986e-01  3.0675453257984331e-01  
q[219]: 1.0348990973123106e-04  9.7810479169428954e-01  6.9070960645138324e-01  2.0019541902183496e-01  1.7618649670767883e-01  
q[220]: 2.3742871027917074e-04  9.8051797602857638e-01  7.0883340000979256e-01  4.2553980512285672e-01  1.4288692424768012e-01  
q[221]: 7.0734667808870964e-05  9.8674350984001069e-01  6.6725023697791430e-01  3.5815647205191853e-01  3.3958307907361546e-01  
q[222]: 1.0369719411568074e-04  9.8099763041721944e-01  7.0515449326287849e-01  5.6182997241975408e-01  2.4071202357741076e-02  
q[223]: 2.5866730210153760e-04  9.6756254783038242e-01  6.9192270893165131e-01  5.5959780947581872e-01  1.1874586804682585e-01  
q[224]: 1.1410196854159633e-04  9.9843913068767420e-01  7.7643197200623371e-01  6.5357618203187395e-01  3.1327513990037537e-01  
q[225]: 2.7881351127637864e-04  9.6917274618348204e-01  6.9374459659113130e-01  5.7220797696115400e-01  4.4489078078192384e-01  
q[226]: 1.1178537268073266e-04  9.7441112613524250e-01  6.6806865909314317e-01  5.3065582085847507e-01  5.0972814449542592e-01  
q[227]: 5.0006087441556846e-05  9.7928701896979431e-01  6.6964051568942418e-01  6.4069929273122816e-01  2.6623087995083290e-02  
q[228]: 1.3629021286950329e-04  9.7003378700361664e-01  7.5162863833864813e-01  7.3112805574775119e-01  2.4713007793594061e-01  
q[229]: 1.4416372691598552e-04  9.7357136359220420e-01  7.5656944696403139e-01  7.3176849234608188e-01  4.5632353629291045e-01  
q[230]: 5.0577916563060706e-05  9.9064272414270460e-01  6.9080902225449448e-01  6.6665273848948936e-01  5.4841037802832782e-01  
q[231]: 6.4122415114483607e-05  9.7461618263136507e-01  7.4114247042896764e-01  7.1398000775955872e-01  6.8000583114097690e-01  
q[232]: 6.8519802121418154e-05  9.7682186077553790e-01  8.1440442011827485e-01  1.2997927863090730e-01  1.0817728565830284e-01  
q[233]: 3.8698260214683142e-05  9.9699982344598848e-01  8.5266447015957281e-01  1.0275343149254915e-01  2.6356432700583705e-02  
q[234]: 9.1715994761753478e-05  9.8806174106392475e-01  9.2863483337704067e-01  2.5349435045853685e-01  1.4637721127442463e-01  
q[235]: 1.6468286037127564e-04  9.7181883847762862e-01  8.2432027344061176e-01  2.9808863292978305e-01  3.0296092936754764e-02  
q[236]: 2.0141915216992219e-04  9.7924775669952824e-01  8.7473311231648210e-01  4.0913937038728337e-01  1.4604508025370080e-01  
q[237]: 1.3676721511885910e-04  9.8211748455831593e-01  8.2290145133719617e-01  3.9199263444459925e-01  2.6855209765515742e-01  
q[238]: 1.1631859148259389e-04  9.7330248825124521e-01  8.6545989448248617e-01  3.1168332952376521e-01  2.8734029006577910e-01  
q[239]: 1.3609002166283465e-04  9.6405762011019291e-01  8.1515893582595156e-01  4.9976676225797773e-01  1.7661838438275988e-02  
q[240]: 1.9968206159831040e-04  9.7895296753069894e-01  8.6427271922051219e-01  5.7657588417204597e-01  1.0689625441319546e-01  
q[241]: 1.8546985244645846e-04  9.8399458742045010e-01  8.6418909589016524e-01  6.0724145529079065e-01  3.0561870966190385e-01  
q[242]: 1.5553866038632623e-04  9.7936110502435048e-01  8.8761216870762960e-01  6.0777697530300023e-01  4.6780026882675585e-01  
q[243]: 1.2767114954184897e-04  9.7700793454578838e-01  8.2715909591064096e-01  4.8263927072525625e-01  4.5096173959901165e-01  
q[244]: 7.2356020932045224e-05  9.8611629661134226e-01  8.8517002496094510e-01  7.5025503242381109e-01  3.9328452079710530e-02  
q[245]: 1.3653334792141842e-04  9.8246354317133855e-01  8.5516127993997659e-01  7.5063157455374019e-01  1.7656945220865525e-01  
q[246]: 1.9688888331689656e-04  9.6332630992422141e-01  8.6727696018182843e-01  7.9041422988529253e-01  3.9368892335739614e-01  
q[247]: 1.8432606147617315e-04  9.7498187948037152e-01  8.6598939349236004e-01  7.3385819046947398e-01  5.3961879117305189e-01  
q[248]: 1.2334592946002619e-04  9.8036848000361942e-01  8.5129115911960784e-01  6.9794511589739860e-01  6.5854997040530383e-01  
q[249]: 2.5614284379574311e-05  9.6349883902437838e-01  8.2828103906996109e-01  8.0007392936901800e-01  1.2582869363020374e-03  
q[250]: 8.1481555451694772e-05  9.7837166553862365e-01  8.2126829228331766e-01  7.9739135421023166e-01  9.5297899620274948e-02  
q[251]: 4.2819642806261817e-05  9.8368134635890803e-01  9.0727379478802683e-01  8.9473392225239567e-01  3.3435741892528109e-01  
q[252]: 2.5017195839654644e-05  9.9239582345827804e-01  9.3307576893815092e-01  9.2669428471637916e-01  5.6675395755454727e-01  
q[253]: 1.0077875269892422e-04  9.7831241090122723e-01  8.7116859014197490e-01  8.3777532135063071e-01  6.9168956692096417e-01  
q[254]: 2.3598260334400904e-05  9.7100706886014909e-01  8.6504005211121382e-01  8.3445813374691358e-01  8.2392872188142685e-01  
q[255]: 3.1744825781938617e-05  9.7227979991056102e-01  9.5280954731833589e-01  8.2425865398031845e-02  3.0843743422956978e-02  
q[256]: 2.8300497843258287e-05  9.7880542220039224e-01  9.4700038570195266e-01  1.4102332571658724e-01  1.2888001819537717e-01  
q[257]: 4.9605732663664605e-05  9.8201425242708162e-01  9.4742514721829352e-01  2.3107757277145322e-01  2.3634784432061604e-02  
q[258]: 5.6670597685384154e-05  9.5004806427792077e-01  9.4910027763904126e-01  2.7044112084247007e-01  1.4561902328930060e-01  
q[259]: 5.8995686106128244e-05  9.7900994914299644e-01  9.4372147102134618e-01  4.6573434012796289e-01  2.2417351472185692e-02  
q[260]: 3.1657555709528461e-05  9.9547045543521995e-01  9.8097438873122866e-01  4.0429956075998164e-01  1.0305973942320541e-01  
q[261]: 1.1420210186896651e-04  9.6946222980456187e-01  9.5137386216420405e-01  5.4297731819992434e-01  2.4095050134675092e-01  
q[262]: 1.1929680271508943e-04  9.8194979845480912e-01  9.4949096262721844e-01  4.8264466691465024e-01  3.4047625308604412e-01  
q[263]: 3.9376429683500888e-05  9.8003147651803357e-01  9.6696948253956505e-01  3.5814763019685475e-01  3.2706642682727421e-01  
q[264]: 3.6242426100938357e-05  9.7799408753519246e-01  9.4933896619661307e-01  6.9259855928027036e-01  1.3528105166886630e-02  
q[265]: 8.1369510077833229e-05  9.7545651831479363e-01  9.5803038130063567e-01  6.2468487747880996e-01  1.0178520712751676e-01  
q[266]: 1.4669351159440197e-04  9.7656271414485285e-01  9.4420647370127675e-01  7.2021137609666075e-01  2.7072991892365295e-01  
q[267]: 7.4313873284799825e-05  9.6733034469012436e-01  9.5175317746990784e-01  6.4053876000978172e-01  5.5614052853490992e-01  
q[268]: 3.3117121723498829e-05  9.9100293702405418e-01  9.5542482449485455e-01  5.9201484273776295e-01  5.7463377026978080e-01  
q[269]: 2.2413011670843667e-05  9.5184470607393346e-01  9.4033140306797858e-01  8.4368922057136697e-01  1.2914103067540138e-02  
q[270]: 8.5650244608083309e-05  9.7225174150837068e-01  9.5247302200981021e-01  8.0844346289184987e-01  1.1320935573695318e-01  
q[271]: 4.7147832603586737e-05  9.9095662372030868e-01  9.6948096961516927e-01  8.8284805874232630e-01  3.1049297537457898e-01  
q[272]: 1.2240811731787193e-04  9.6791324079714425e-01  9.5215173284986576e-01  7.1406972073511243e-01  4.5440742799656836e-01  
q[273]: 6.1148356078648830e-05  9.8253809957819038e-01  9.6265214459025206e-01  8.2760899501360885e-01  7.0947077809076609e-01  
q[274]: 1.8022623030566091e-05  9.8893836729573192e-01  9.6336703270425095e-01  8.3076382799425641e-01  8.1516196094313975e-01  
q[275]: 2.2265669500288722e-05  9.8889367876495982e-01  9.5706927530893737e-01  9.2862057790712227e-01  4.5510068351325317e-02  
q[276]: 5.8982160413916625e-05  9.7166099643271375e-01  9.4070398011370626e-01  9.1469446075038319e-01  1.8416225578396375e-01  
q[277]: 3.4418205594902473e-05  9.4238125576081710e-01  9.4167876242433979e-01  9.2640964172229034e-01  4.2672432410811495e-01  
q[278]: 8.1405446589848134e-05  9.8136311103114826e-01  9.5718283746343691e-01  8.7104116359777384e-01  5.3712260484264696e-01  
q[279]: 3.7076759584856536e-05  9.6446076387595925e-01  9.5373385487267481e-01  9.3081284938809672e-01  7.3033016835457476e-01  
q[280]: 2.6442239106638635e-05  9.7939942730428897e-01  9.4529423788863332e-01  9.2354146945795035e-01  8.6918922719136216e-01  

