deg: 8
dim: 4
nodes: 110
efficiency: 0.9

q[0]:   1.4209135303401365e-04  1.6880221896056702e-01  1.2555075361232548e-01  7.9375893647586862e-02  3.8623074724096464e-02  
q[1]:   1.1817485043890354e-04  3.5276268697785795e-01  8.4391565374520250e-02  3.1000486540080131e-02  1.5111070973441512e-02  
q[2]:   3.3509038933337247e-04  4.0175803921047265e-01  2.7686796629375593e-01  1.4976019395379747e-01  1.4535241689022113e-02  
q[3]:   2.6905407440145067e-04  3.7649398165925529e-01  2.0353330927462354e-01  1.9866141111232230e-01  7.5523802242118174e-02  
q[4]:   1.9308074901533542e-04  3.5432723606715777e-01  2.3288028495161775e-01  1.8701661617317314e-01  1.8087355837848887e-01  
q[5]:   4.9053186871771061e-04  6.4284071025416556e-01  3.1357090203196641e-01  1.7775166473493134e-01  1.8729146442281647e-02  
q[6]:   1.3502550062854672e-04  3.4073379661650405e-01  3.1288587686539626e-01  2.8961123954307433e-01  3.2884255652300444e-02  
q[7]:   1.4785152591334925e-04  3.3419246998326985e-01  3.2521530658674358e-01  3.0142964738140743e-01  2.1481747487247480e-01  
q[8]:   1.1779593785662371e-04  3.6315189107723839e-01  3.0425104303652240e-01  2.8000621940267742e-02  1.7288756223469242e-02  
q[9]:   2.7613119675805884e-04  3.8603945273184498e-01  3.5137004116246651e-01  1.7017530623474153e-01  1.3430086969824173e-01  
q[10]:  2.3546872253082067e-04  3.9393018231655019e-01  3.8245696214406133e-01  2.0528583700065842e-01  5.3062905856508386e-02  
q[11]:  1.1833740074509808e-04  4.9426116136678749e-01  4.6234223677896835e-01  4.0001121741648843e-01  3.8945075801065471e-01  
q[12]:  2.3325152291370205e-04  7.1520075417731510e-01  2.5473065766951120e-01  4.6392093485070479e-02  2.8824051051805476e-02  
q[13]:  2.0697274211899658e-04  6.0590747733157446e-01  1.2905745672283350e-01  1.0209087139004927e-01  3.4329501339148173e-02  
q[14]:  3.1764167086555383e-04  6.0980305036284943e-01  2.2072269800054700e-01  1.9033261317844211e-01  1.6562763736785968e-01  
q[15]:  6.5745983290361695e-04  5.2749489793089099e-01  2.9344150636215627e-01  1.3490554339635175e-01  9.2375282290631050e-02  
q[16]:  2.3289159295285101e-04  6.2360493362072467e-01  2.9545155364853820e-01  2.8690113713242471e-01  4.1482980480361170e-02  
q[17]:  1.0948128877104214e-03  7.2112890969306764e-01  3.9417331981201059e-01  3.1648291827052266e-01  1.6871813547474346e-01  
q[18]:  2.7134928771508130e-04  6.3921715496139586e-01  4.2239433428225964e-01  5.0753669157065209e-02  1.7199921116494713e-02  
q[19]:  8.2275748204744376e-04  6.4260953752524685e-01  5.2840611048848063e-01  1.8904478854160450e-01  1.3540542589598567e-01  
q[20]:  5.4720044212466985e-04  6.8562871739960551e-01  4.9889266190735332e-01  3.6517910972395418e-01  3.4880951842089614e-01  
q[21]:  1.0527818288941808e-03  7.0937877380992909e-01  5.6952337335886427e-01  3.3192316831776619e-01  6.7709710505993018e-02  
q[22]:  1.0524927532151512e-03  5.3608779547722785e-01  4.3517914206645919e-01  3.4077382357241920e-01  1.7991036933268065e-01  
q[23]:  5.1949876657742173e-04  5.9976296218773473e-01  4.7151976183728644e-01  4.1284642542011252e-01  3.2448137580534775e-02  
q[24]:  5.5950395488937172e-04  7.3154029305093948e-01  5.7150300228147644e-01  5.5406815465134163e-01  1.9736760796453534e-01  
q[25]:  3.9994942851765802e-04  6.0319729228607766e-01  4.3680906334024677e-01  4.2810030420434397e-01  3.4688739576148869e-01  
q[26]:  3.5484911803799698e-04  6.1733115016039775e-01  5.5982904675501755e-01  1.7661695936283103e-01  1.4409870050822280e-02  
q[27]:  5.0590360025440026e-04  6.6989214682537590e-01  6.5589007557577106e-01  3.7439509588173303e-01  1.6316674573587542e-01  
q[28]:  1.9965777602893708e-04  6.2330422966454524e-01  6.0906500852239043e-01  1.0206571665541288e-01  5.7613203893453403e-02  
q[29]:  2.1001323791534234e-04  6.1552966052774460e-01  5.9706494229716600e-01  2.9304654654786355e-01  2.6869309752513992e-01  
q[30]:  2.7917477634799444e-04  6.2684648082758077e-01  6.1015642703920070e-01  4.5206294690788784e-01  3.3857616850167568e-02  
q[31]:  3.9000136020188433e-04  5.7619321389142608e-01  5.4919326626358989e-01  5.0856648700190399e-01  1.6962792325750767e-01  
q[32]:  5.4640265247552758e-04  6.4912225206243990e-01  6.0904991944383446e-01  4.6145720024531883e-01  3.8150322117624175e-01  
q[33]:  9.4728589512132352e-05  6.8711074905518321e-01  6.5672405593842043e-01  6.4899345268867614e-01  3.1857872621154817e-02  
q[34]:  2.7310509111945448e-04  6.5007770939391851e-01  6.2270279881442381e-01  5.9343874000544150e-01  4.2689687937721810e-01  
q[35]:  8.9654511349053764e-05  6.8575056214245189e-01  6.4162336296042355e-01  6.2479895770608296e-01  6.1100336425466184e-01  
q[36]:  1.9731710475261605e-04  7.7280230641847514e-01  1.2227231319557481e-01  6.5939513938722924e-02  3.5061432237163778e-02  
q[37]:  2.5907541553023977e-04  9.4892306868668130e-01  2.4254696556845856e-01  7.4473085877093823e-02  3.3653311070577320e-02  
q[38]:  3.8794539691229562e-04  8.7889316765589309e-01  2.4973391384735091e-01  2.1356985188857697e-01  4.1530418102364595e-02  
q[39]:  4.0627554528841256e-04  8.7663584239077952e-01  2.5974404884451402e-01  2.1880507756043369e-01  1.7675770664972207e-01  
q[40]:  1.3097707340311996e-04  9.1921817802439154e-01  4.8125053430888509e-01  2.2480433939702133e-02  1.5978824848619594e-02  
q[41]:  7.7908239770075791e-04  8.6382634430188121e-01  4.1136747211562874e-01  1.8451159488829755e-01  4.1049774527292165e-02  
q[42]:  7.5981213800428867e-04  8.2177584456652353e-01  4.1361431415391053e-01  1.9330427412459864e-01  1.6502907239798598e-01  
q[43]:  5.3011542949806380e-04  8.2673027078483230e-01  4.4910184602697006e-01  3.8912132536006244e-01  3.9565517385121478e-02  
q[44]:  7.5087068938492756e-04  8.3271438367733641e-01  5.9583741587582284e-01  3.2410401468177730e-01  1.5044770578427319e-01  
q[45]:  4.4789322023937588e-04  8.5310543687348228e-01  4.4177129810333821e-01  4.2278001883389538e-01  2.1764080558795268e-01  
q[46]:  4.3254577016913788e-04  8.3468492718415865e-01  4.6790975072019914e-01  4.2843120290789283e-01  3.9335526763583595e-01  
q[47]:  6.2402198079355346e-04  8.5137564648142150e-01  6.2782872178578630e-01  1.4603271366072074e-01  9.7969877599010657e-02  
q[48]:  4.3137266224984645e-04  8.3114227680023356e-01  5.9835588108300675e-01  1.5454772726140883e-01  1.9514593977275146e-02  
q[49]:  2.7698258539244274e-04  8.2223067859320764e-01  6.8591615365599101e-01  2.8095644270642689e-01  2.7980296496727053e-01  
q[50]:  5.1101267644913589e-04  8.5699231463875869e-01  6.6111609945449845e-01  4.3381000945202947e-01  2.1576054921670765e-02  
q[51]:  9.7824448177606920e-04  8.5455704223787476e-01  6.6211860324548844e-01  5.3446899872105613e-01  1.7929547880501862e-01  
q[52]:  1.2838842471383067e-03  8.3292653553986340e-01  6.5423593343968656e-01  4.4857734481728911e-01  3.3635001626163624e-01  
q[53]:  4.2164206854944098e-04  8.5191978307748883e-01  6.5943392938825496e-01  6.2400747182290506e-01  4.5917694169812145e-02  
q[54]:  8.6951555584761692e-04  8.5272978267319421e-01  6.9301287649790444e-01  6.4643997656837260e-01  4.3830017859715020e-01  
q[55]:  3.2692629475561359e-04  8.5056291597291755e-01  6.8724108016671448e-01  6.4802056051955326e-01  6.0809513108653790e-01  
q[56]:  1.5857422572891571e-04  7.9931273431625216e-01  7.1704960810939078e-01  4.0289638149038298e-02  2.8113499959531992e-02  
q[57]:  4.3251057936689993e-04  8.6523956707001226e-01  8.2496053732033925e-01  1.9947869858654935e-01  4.2835114592292826e-02  
q[58]:  8.8584086052610365e-04  8.5158357498371218e-01  7.9147222020230912e-01  3.7529851097400713e-01  1.9363285919509804e-01  
q[59]:  2.4208147566358673e-04  8.3333793563789149e-01  8.0763846886762347e-01  2.1571512105422261e-01  1.7600360239113000e-01  
q[60]:  3.8136539488053798e-04  8.3808874570658753e-01  8.0704150311100731e-01  4.2532191426970517e-01  3.4298533065144625e-02  
q[61]:  4.1663865394889649e-04  8.5585591513705961e-01  8.2755526299719007e-01  4.5676306015788481e-01  4.0244735333519532e-01  
q[62]:  2.8462429845910018e-04  8.5599971717280243e-01  8.0632354059465838e-01  6.8009487928851220e-01  2.4017153815748891e-02  
q[63]:  6.8773395558790942e-04  8.2649969704020854e-01  7.8298855285568114e-01  6.4959042011823265e-01  1.6169744425985022e-01  
q[64]:  7.4851613888196242e-04  8.0312211580890147e-01  7.6582308520406095e-01  6.0758945990979785e-01  3.4012084095101197e-01  
q[65]:  3.2984405435444204e-04  8.4117442430095957e-01  8.0341754632455298e-01  6.5003965325249957e-01  6.1759883339303023e-01  
q[66]:  1.7481967308509530e-04  8.3429862011550593e-01  8.0602318307982057e-01  7.8096336374397823e-01  1.4109840387896597e-01  
q[67]:  2.4640235568492054e-04  8.2898471497885096e-01  8.0038168415540234e-01  7.8012355955120971e-01  3.8312281114215246e-01  
q[68]:  2.4208990068015954e-04  8.4463898014694783e-01  8.1823939544807878e-01  7.7709035683714067e-01  6.5193780477465657e-01  
q[69]:  3.8821552283071469e-05  9.5252160543975761e-01  5.6208864253000972e-02  5.0242581886258880e-02  2.7833667590047222e-02  
q[70]:  1.3936087440070009e-04  9.8179852896557696e-01  2.9161994679500997e-01  1.9317495601019508e-01  1.7168149475687061e-01  
q[71]:  1.3827441670148267e-04  9.9447529149080816e-01  2.8871919482067787e-01  2.2081596416266580e-01  3.8407175322614333e-02  
q[72]:  7.0641971595212464e-05  9.9524268297918372e-01  3.0157358581417643e-01  3.0140923225971816e-01  1.9055078549565505e-01  
q[73]:  2.2450958533328641e-04  9.8744124322924165e-01  5.4960132621705582e-01  1.6512843176879660e-01  2.7177717015952559e-02  
q[74]:  3.2399259211545172e-04  9.7638180935598373e-01  5.2955553480160300e-01  1.6966834080221913e-01  1.3310319539160398e-01  
q[75]:  4.7976130243756218e-04  9.6624418793148337e-01  5.6687110157872089e-01  3.9642477777879115e-01  3.7510033386298304e-02  
q[76]:  8.9796784260757253e-04  9.5928684530230801e-01  5.0824465956011411e-01  3.5859493888491145e-01  1.9474326656653498e-01  
q[77]:  4.6200687568598580e-04  9.5685054796100388e-01  5.8645051761682176e-01  4.0176821814488928e-01  3.6993300407494034e-01  
q[78]:  6.6883818065136035e-05  9.6576605908288660e-01  4.9417014571963569e-01  4.8629551389862552e-01  7.8900136661537758e-03  
q[79]:  3.9130432632617103e-04  9.6430873410122797e-01  5.4788033031529559e-01  5.1859254499861906e-01  1.4908132647128325e-01  
q[80]:  4.0292913508371608e-04  9.6259847684479294e-01  5.8044845423204749e-01  5.4153848311219310e-01  4.0594518746258207e-01  
q[81]:  6.8570870979545962e-05  9.8114251820292298e-01  4.9015344284517215e-01  4.6354082882673159e-01  4.5570022056189080e-01  
q[82]:  2.7364458870203349e-04  9.7069891099412098e-01  7.8253681512671358e-01  9.6014810439238832e-02  4.6100769568868619e-02  
q[83]:  3.6318963574716599e-04  9.5254943076460286e-01  7.8194722455139720e-01  2.8106833729314956e-01  2.5196352307846996e-02  
q[84]:  8.6378157199408501e-04  9.6476136104158561e-01  7.5156502269988368e-01  3.8296655708284516e-01  1.5160848916852346e-01  
q[85]:  5.5260500386627217e-04  9.6514762406324162e-01  7.7402593477680515e-01  3.0480525280481663e-01  2.5590479472019045e-01  
q[86]:  3.6686301372072810e-04  9.4695175024279010e-01  7.9098201236536492e-01  5.6412861669637582e-01  5.3788454431815114e-01  
q[87]:  3.6869581306167999e-04  9.7282811644770717e-01  8.3499154084850080e-01  5.5758232240904382e-01  4.7825515690442959e-02  
q[88]:  6.9772639902628149e-04  9.6517202083283760e-01  7.6945820130756482e-01  6.4217702546778066e-01  2.2172302862776136e-01  
q[89]:  5.9685766843977511e-04  9.8013807926593954e-01  8.0894238015808817e-01  6.0022929041302853e-01  4.2406051624226493e-01  
q[90]:  2.4958152511401653e-04  9.8107362692674782e-01  7.8498744917324748e-01  7.2021209144952092e-01  4.9286567673862067e-02  
q[91]:  2.2194737972113597e-04  9.4341234891671388e-01  7.7958042821689721e-01  7.7708063178522202e-01  2.3349044861817608e-01  
q[92]:  2.8685559924382744e-04  9.7720784340605227e-01  7.8011777149252248e-01  7.4581051288964761e-01  4.5221306201198058e-01  
q[93]:  2.3050814033343547e-04  9.7464332488094452e-01  7.8359523228868821e-01  7.3686456529362554e-01  6.8620749990697538e-01  
q[94]:  4.1351687680240773e-05  9.5523168318450824e-01  9.3306782979682246e-01  4.5587667338508157e-02  4.8859758252055453e-03  
q[95]:  1.4461159939848473e-04  9.9345780598170841e-01  9.5271401656986565e-01  2.7441144400040030e-01  6.2956964140988600e-02  
q[96]:  3.5846611086038380e-04  9.7391962876646176e-01  9.3657423847784660e-01  4.4972075676285400e-01  2.5711329703829139e-01  
q[97]:  2.1080474372679094e-04  9.6085192024752308e-01  9.1986233328125167e-01  1.8918206136817170e-01  1.5445932479840238e-01  
q[98]:  7.1797151396772022e-05  9.8148984699660091e-01  9.6192917432634428e-01  4.8606023762885425e-01  2.0216337948060673e-02  
q[99]:  3.9376379533267433e-04  9.3716805663118319e-01  9.0426320385960934e-01  5.5265379939553805e-01  1.3490264007178540e-01  
q[100]: 1.7312939155424836e-04  9.8039758710678671e-01  9.4347007492341528e-01  4.8857344234475131e-01  4.5219278663947365e-01  
q[101]: 1.3292139056010003e-04  9.7292552586701420e-01  9.4879847905544679e-01  7.7706018140112809e-01  4.5374704412478553e-02  
q[102]: 3.7071624687605220e-04  9.7224710489171939e-01  9.3080035594706767e-01  7.0723735868437809e-01  2.5704240821231095e-01  
q[103]: 5.2537170000298294e-04  9.4697714085979823e-01  9.1554363248926784e-01  6.9752699485183289e-01  4.9098149777832611e-01  
q[104]: 1.2682680753765217e-04  9.8366894515134518e-01  9.5220387075245416e-01  7.8751237581517519e-01  7.4069002981173704e-01  
q[105]: 5.4919933703188239e-05  9.5039287580702148e-01  9.0845269522879379e-01  8.9801551913646738e-01  2.3912907763183097e-02  
q[106]: 2.1684958074373383e-04  9.7021252180539608e-01  9.3150018651989241e-01  8.7922777085720949e-01  1.8135028834866937e-01  
q[107]: 2.9292522218069607e-04  9.6407731264795860e-01  9.2880774838978364e-01  8.7613815678704732e-01  4.4632409023092312e-01  
q[108]: 2.0863529370152947e-04  9.6829116170705964e-01  9.2089375388541528e-01  8.8402683163856310e-01  7.0794311481575756e-01  
q[109]: 3.9051732079879068e-05  9.4553741426605642e-01  9.1682341913734788e-01  9.0058468574717954e-01  8.9149975953444105e-01  

