4 205
6.5564396256641150e-02  1.5293699877937592e-02  8.5275927792553816e-02  1.1842042495362488e-03  2.4154867948313107e-04
4.6327948877474628e-02  6.0827887884822206e-02  3.2837185569043437e-01  3.2590292468978049e-01  3.1417487398801051e-04
3.4433816981096321e-02  5.2933902598064020e-02  5.6681493507297798e-01  8.3130828235150112e-02  1.2791794170171206e-03
2.8064614205855997e-02  5.2689189656516595e-02  5.1029436483906221e-01  3.5820846782786481e-01  1.2904765045217265e-03
9.5500088312648682e-02  7.9777879735421248e-02  7.8460939069468116e-01  3.6823860312989987e-01  3.3911894499808410e-03
6.2380747753091756e-02  3.3887235884356832e-02  7.9634725698730580e-01  7.6613748479971722e-01  4.9966516091729180e-04
3.8676240147065222e-02  3.1837077836119110e-02  9.0295741107968230e-01  7.6838611331869547e-02  6.2721830665176195e-04
4.9508894928822949e-03  3.6486688103864962e-02  9.7189700271780899e-01  7.4375132276327205e-01  4.9347606535172334e-04
6.5622171568537391e-02  2.3646854069939208e-01  9.5871429429868801e-02  8.8615162451742155e-02  8.9127145737786097e-04
4.0104722476374997e-02  1.9553383910409489e-01  2.6712201238340255e-01  7.5721484172604492e-02  1.5159142167295542e-03
5.7908297186929067e-02  2.5133390798672084e-01  5.3977222552001725e-01  2.0854534527675828e-01  2.3182484338648535e-03
4.9662632104674316e-02  2.8452487012174321e-01  5.7951581248285899e-01  4.1716032588429941e-01  1.4238701527913131e-03
5.0810223102498268e-02  1.8992105245072685e-01  6.0879096569877234e-01  5.4739679505836958e-01  1.2954193744126410e-03
1.8657551233400887e-02  2.6136486511208268e-01  7.8716952534321949e-01  1.3565991619354889e-01  1.5554223682678124e-03
3.6243320376929331e-02  2.0979914456259738e-01  8.8859378911252052e-01  6.7828616349961379e-01  9.3864118449019508e-04
4.6607424194327611e-02  1.8886819257506823e-01  9.8680528963712688e-01  2.3185442534544143e-01  1.0967068244323119e-03
7.6701079861378668e-02  2.4591031106660244e-01  9.3745548963654857e-01  5.0827467043129204e-01  2.8672375213604842e-03
5.0267945529581040e-02  1.4405494025186141e-01  9.5357784794845024e-01  9.1600785001738072e-01  2.6084694792645002e-04
2.2721212776677914e-02  4.9650336181507732e-01  2.6555895457910150e-01  4.5965991853453771e-02  1.1265182945100665e-03
4.8031790131175832e-02  4.5937862864462131e-01  3.6022922103497879e-01  2.9103750638456094e-01  2.1539213404858284e-03
7.5498713344969659e-02  5.0061456173962560e-01  5.5185352469676052e-01  4.7798055603431214e-02  3.6491102061344005e-03
4.5698504611110628e-02  5.2021488371172042e-01  7.6969269376544103e-01  4.2706685452334281e-01  5.0687920783882619e-03
6.2759149609623074e-02  3.9671142927639647e-01  8.2095058373749696e-01  7.6236184618457559e-01  2.5974025414092845e-03
7.4330266845338319e-02  4.9872270055469592e-01  9.1055204569534831e-01  4.1382242680057899e-02  1.7592233301999324e-03
2.6478464633075908e-02  5.1876065239702052e-01  9.1693166788900227e-01  2.2952990910647972e-01  1.4650835154948996e-03
5.5558812345928826e-02  5.4856784165765249e-01  9.7074627566803040e-01  9.2813077914509534e-01  8.0519700541843199e-04
4.6588430784213944e-02  7.6822066783553755e-01  1.3056787273011436e-01  8.3491768334615843e-02  4.6995205414139486e-04
5.8835637411363439e-02  8.6115120422319524e-01  3.2172385687133070e-01  2.5835262270979091e-02  9.7905640453610347e-04
4.8020830822514668e-02  7.3911674921435899e-01  2.6595758593459468e-01  1.7673384255622329e-01  1.7863458844393442e-03
6.7265900426119837e-02  6.9496248339659727e-01  5.1165764590524698e-01  2.2067759124232394e-01  2.2404278276722633e-03
3.3482901205701993e-02  6.9993148622551471e-01  5.8691239848974019e-01  5.5306010804118688e-01  1.4336784658763673e-03
4.0862531239320529e-02  7.9627338130379022e-01  7.5767410171513927e-01  2.9847588662455637e-02  9.4113359661791461e-04
6.7743715195195911e-02  7.8499156541441628e-01  7.8759881860808201e-01  2.1620276923236714e-01  2.7999478970356035e-03
3.0003472789109968e-02  8.7245232006224627e-01  9.5980610247882869e-01  2.5822541434430132e-02  3.7616246053050764e-04
6.8894841314973851e-02  7.9879267296426537e-01  9.7426674922964651e-01  4.8448687591452005e-01  1.6000670587846834e-03
2.5534277478990435e-02  7.6622470907138873e-01  9.0280182681685139e-01  6.7504765535296463e-01  2.1607653747356226e-03
3.6686232319048218e-02  9.5175246036688776e-01  8.5332057278858814e-02  2.9555969933354281e-02  3.3472946543559493e-04
4.5569828607984350e-02  9.4775598732382871e-01  3.6301413293561041e-01  3.3408837379658773e-01  3.8725615262362207e-04
2.3493267368247781e-02  9.7238483893340566e-01  6.0045395440793081e-01  1.4729599864776788e-01  1.3855553389050062e-03
6.3585913857105783e-02  8.7981843629801437e-01  5.6802220905362266e-01  3.7686400082344407e-01  2.9070924190484401e-03
6.1203884591607957e-02  9.7439548137441467e-01  7.5483783439552676e-01  6.6686316315475647e-01  1.3066833221124737e-03
4.7997998449711352e-02  9.4409528874471549e-01  9.4566030513327648e-01  2.7159258823481175e-01  1.1309154557037364e-03
4.1134724393592163e-02  9.4083889490550143e-01  9.7663468798304276e-01  8.7388581907023666e-01  4.0159845992272938e-04
2.1257280791405925e-01  5.5009984148151926e-02  2.7687818249650059e-01  1.6628223906995221e-01  2.7825706220625502e-03
2.3853152415090748e-01  5.8309337963257206e-02  3.2269056541204444e-01  3.2170620744277845e-01  5.0908553817932429e-04
2.2524724147708119e-01  2.2767781274951374e-03  5.2297710410540610e-01  1.2859971887300561e-01  1.2847836938723641e-03
2.2275501082584995e-01  2.9950429249637745e-02  7.5994955745443626e-01  5.9489627852615234e-01  2.8535848889075783e-03
2.2823593668864789e-01  1.7242747030487476e-02  9.3176829065622224e-01  7.7637042469957743e-02  3.4311523830524144e-04
2.5093962239141993e-01  7.1226168192175532e-02  8.7258233672671903e-01  2.4361262029931710e-01  3.3287998156532692e-03
2.3799347794534340e-01  1.6063925655760546e-02  9.8762836447900915e-01  4.6709488379247777e-01  1.0374253484996907e-03
2.5019139753070346e-01  1.5016291936459511e-01  3.6778041837562647e-01  5.4249828307191108e-03  2.2384104593457530e-03
2.3171550471862756e-01  2.0182772064207974e-01  2.6182111342353992e-01  9.5486981554128506e-02  1.6888808278449881e-03
2.3903021248864226e-01  2.7537735116511219e-01  5.4762448620206017e-01  2.2573371382148050e-01  6.1282728967552227e-03
2.4203320328536862e-01  2.8626643174759775e-01  6.0300385939657430e-01  4.0969979257878464e-01  3.7141256355932243e-03
2.3202987973793479e-01  1.9560054479376293e-01  5.8706900023400876e-01  5.7035628281210549e-01  2.2122173922572521e-03
1.8718438722431041e-01  1.6402885789502644e-01  7.4695046826900036e-01  1.0020717405635978e-02  2.1129775275484995e-03
2.5306427678873250e-01  3.2598026601059810e-01  7.7414772024773126e-01  1.6176750529450429e-01  7.5887857556336206e-03
2.4915865566803275e-01  2.2433089433447451e-01  8.6752988738103887e-01  6.7134626816847409e-01  4.5222682336901890e-03
2.1410699487709958e-01  2.2152618496126905e-01  9.8355593327535107e-01  3.4252631290347189e-02  1.1194123041545620e-03
2.4020600794011743e-01  1.2777660108982986e-01  9.5468773046961997e-01  9.0691780107623088e-01  1.7552927951881092e-03
2.2456556021757412e-01  5.1358334904002512e-01  7.7529268223592865e-02  6.6739900500693786e-03  1.7141157342151019e-03
2.2906773576691708e-01  4.9564441130909803e-01  2.6053211244894975e-01  8.5777600621736713e-02  2.3038434847748191e-03
2.3259104075929982e-01  4.3945861660490815e-01  3.4545445171845474e-01  2.9085511062273217e-01  4.5972753441187852e-03
2.5102240374659451e-01  5.6899708515006620e-01  7.0133509662947391e-01  5.4579513437130445e-01  7.8414602008090011e-03
2.6023816518352272e-01  5.1577756197016733e-01  9.3211339310873564e-01  2.5184042153024566e-01  2.9122541816131654e-03
2.3832698223169319e-01  5.2210299346641176e-01  9.5147144490401803e-01  4.3768817148953509e-01  4.7189478114420215e-03
2.0331695180341441e-01  4.5196891055038685e-01  9.9358020481790943e-01  7.6532931952444483e-01  2.7078814835150289e-03
2.4539196842799613e-01  7.7070575820544562e-01  1.1022594659320357e-01  9.5940529693324644e-02  1.3736512784280159e-03
2.3061486256580865e-01  8.4604596743091964e-01  3.0977722121496715e-01  4.3369064729833866e-02  2.2748997548927784e-03
2.4153086546238847e-01  6.8799315053742083e-01  4.9980031605148334e-01  1.8741263603650815e-01  7.1725372023800698e-03
2.3855835231700792e-01  7.2282004009594603e-01  5.9414422885810014e-01  5.6694933825596483e-01  2.1731256058441992e-03
2.3899233654490862e-01  7.3368652190944628e-01  7.2891427145742727e-01  5.0648024935282331e-02  2.3702756241024787e-03
2.3741400622937159e-01  7.4173577969468996e-01  7.6363817100821108e-01  2.2600023869387137e-01  4.1735819704640572e-03
1.9696355235787391e-01  7.8385071204741930e-01  8.2806018534701420e-01  8.2203050651526699e-01  1.4100044036693489e-03
2.2764230137426544e-01  7.3597103670990605e-01  9.7888705418418309e-01  1.3670232497626325e-01  2.5985403227965082e-03
2.4815895354042042e-01  7.5198911300314764e-01  8.9123708355568532e-01  7.2640487679012400e-01  4.1221702221516830e-03
2.2378666594223753e-01  9.7982005662769334e-01  3.0106103478562718e-01  1.5741254676340999e-01  2.3395945482999878e-03
2.4857237070864002e-01  9.3343266974225636e-01  3.6079064851952891e-01  3.5865510298896275e-01  1.2057212504843068e-03
2.3259327404964533e-01  9.1972589925588266e-01  5.7903432933502463e-01  2.4964515335829555e-02  1.7506282413225238e-03
2.3407507916227582e-01  8.7057467005401556e-01  5.3660588523878205e-01  4.0726406779955437e-01  1.8371108793814165e-03
2.3076299979273046e-01  9.6962802718704566e-01  8.7727357225560476e-01  7.4971309253947335e-02  1.8806521014492468e-03
2.3120285502551530e-01  9.3589587229639348e-01  8.1380780376197803e-01  4.4626888809134119e-01  6.3322616686081034e-03
2.1411474126744273e-01  9.9119516517499051e-01  9.8994994980016315e-01  6.5679671362008296e-01  7.6485870849679095e-04
2.2246707637826460e-01  8.8554126894074159e-01  9.4508004439967541e-01  9.1674559997296567e-01  9.1808903856852053e-04
4.9635270806478476e-01  1.4156774299120975e-02  7.9604366980084898e-02  2.6125611688421287e-05  5.7069837975581123e-04
4.9607016358013073e-01  5.3071567419206073e-02  3.3586898197522724e-01  3.1843703333752205e-01  5.0032605271008320e-04
5.3106894159861562e-01  3.1808143151143858e-02  5.6322950792868587e-01  1.0171883147448693e-01  3.3762660459422497e-03
4.8845319765647194e-01  7.4673887330247019e-02  5.1163344972480107e-01  3.6034201469315202e-01  5.4236259385684596e-03
4.7576622030848287e-01  9.6090987955717660e-02  7.7282601825390529e-01  3.7834514572869776e-01  4.7276857559689911e-03
5.0549783197601006e-01  1.7808893104854628e-02  7.8213903788363037e-01  7.7238372875313765e-01  9.4788154553868966e-04
5.2260521847079655e-01  3.3619576615363661e-02  9.1868126962763985e-01  6.6910541741086751e-02  1.5953226056860043e-03
5.1532865608123057e-01  3.5323420777879470e-02  9.6913880620341653e-01  7.5849485942228190e-01  1.7198185696612729e-03
4.7247279167561113e-01  2.1158055974828890e-01  1.0727068649642238e-01  8.8262026378381667e-02  2.1650621737980512e-03
5.2220630690982384e-01  2.2692941651434995e-01  2.5781582148089544e-01  9.5149799131127297e-02  3.8062656723045502e-03
5.0040047394335430e-01  2.4972960908604516e-01  5.3581869316689290e-01  2.0484000865054083e-01  3.6006951281154008e-03
5.0397009095228962e-01  2.8006633044937451e-01  5.7967181275572932e-01  4.1905094909018248e-01  1.5326167160089256e-03
5.0281888322602686e-01  1.9265363312004158e-01  5.9193495925677397e-01  5.5217750506552044e-01  2.2194868763877164e-03
5.0155198778036603e-01  1.4121924024913107e-01  7.2308260064190888e-01  6.8759333874483908e-02  3.0017171276886167e-03
5.0431783132976238e-01  2.0764901209653966e-01  9.0156150283657865e-01  6.8322130842181650e-01  2.3337155765344834e-03
4.9566365012728986e-01  2.3381784993918989e-01  9.7377360900200116e-01  2.2917305167638885e-01  4.0562665209911307e-03
4.9195229327249962e-01  2.2337776760137279e-01  9.3510052180139724e-01  5.2772108646090077e-01  5.1311524851289612e-03
5.2108981365293983e-01  5.2047803796727399e-01  2.5824983500258186e-01  6.6366883252475944e-02  3.9257996571873894e-03
5.0566475246749443e-01  4.5642468988403545e-01  3.6842677589741368e-01  3.2361589620813069e-01  3.8488751814576209e-03
4.5967054058540385e-01  4.7744647882539215e-01  5.2156760829322613e-01  4.7772375097327374e-02  6.8171343982244793e-03
5.0521907864343651e-01  4.9650921813785809e-01  7.7111341449691184e-01  4.0715065575503262e-01  1.3381489463161849e-02
4.9616261764738040e-01  3.9907466550878323e-01  8.2734461671310700e-01  7.8343167815790238e-01  5.7321858731610971e-03
4.9274528851472205e-01  4.9287552476903818e-01  8.9552278640622973e-01  4.7925181903359725e-02  5.0069872509406451e-03
4.9666396624513703e-01  5.4352999007288116e-01  9.7739150660251561e-01  9.3328587498331284e-01  1.9758525711138096e-03
4.9801293544883102e-01  8.3677697104934989e-01  3.1579132182663899e-01  2.0252384803115905e-02  1.9186066671128361e-03
5.1703959896310614e-01  7.4839957177436600e-01  2.4287707922783208e-01  1.7675702589152639e-01  4.9281344897061418e-03
4.9705227042232919e-01  7.0142719736460324e-01  4.8895229744754209e-01  2.2226873828252128e-01  3.7670612346989629e-03
5.0418351931674166e-01  6.8698911365766158e-01  5.9160208584554175e-01  5.4368515160316000e-01  2.7544494212940777e-03
5.1208294236365659e-01  7.7109895662883143e-01  7.7249343621906541e-01  2.5124161745723850e-02  2.6426944947493393e-03
4.8944657015206339e-01  7.9014929043111937e-01  7.8631958907820954e-01  2.1463726838648090e-01  5.9265633595427343e-03
5.0018277046602355e-01  8.7319905319782876e-01  9.8798796635849861e-01  1.6697984042594774e-03  5.7588122380819798e-04
5.1809810230441067e-01  7.8057213719199880e-01  9.6592969162499998e-01  4.7973998911581689e-01  4.2628465444217384e-03
4.9748150568934962e-01  7.6958951916667473e-01  9.1906450801237272e-01  6.8006000524331589e-01  5.0034038369301459e-03
5.1285361996247025e-01  9.4005303233984316e-01  8.8505320102262655e-02  2.5723793342084245e-02  1.2650371776647435e-03
5.0921189941070366e-01  9.7537829335941639e-01  5.8336748733288379e-01  1.5274244145057420e-01  4.3886080157916271e-03
4.8960246950942932e-01  8.7891398685881061e-01  5.4015586184429509e-01  3.7870779285195982e-01  6.6451094514124003e-03
5.0541014620594127e-01  9.6748398589637830e-01  7.4576440609050143e-01  6.7582061664138549e-01  3.2663946652363445e-03
5.1074315254011837e-01  9.4036351321500533e-01  9.4953803229934763e-01  2.6073012721372424e-01  3.2078592007329632e-03
4.9376001199129266e-01  9.4105061776682952e-01  9.6988726603879749e-01  8.6267718893400858e-01  1.1972907685066638e-03
7.8934755651075816e-01  3.5750028175095434e-02  2.9430590223885950e-01  1.4292419230269243e-01  2.6778030152254020e-03
7.8561342675145285e-01  6.1978655427335723e-02  3.1810183009812798e-01  3.1354323280513424e-01  1.1833372821951193e-03
7.6286009184132098e-01  6.1917277289183170e-02  7.6963169579449953e-01  3.6859402014557702e-01  3.1158870917303051e-03
7.7669626923493307e-01  2.4411638221790804e-02  7.6093377975818999e-01  6.0299810809825372e-01  2.3429130468079610e-03
7.8124476030885626e-01  5.3239634480134856e-02  9.0292711136296455e-01  2.3360018701247756e-01  2.3319906576692055e-03
7.8012492023493163e-01  3.3545131026852595e-02  9.8555372929180940e-01  4.6816038401954474e-01  9.8857787264362883e-04
7.9471832953049926e-01  2.2223363888471268e-01  1.0941929635273838e-01  9.7893800668098760e-02  8.8188204077115616e-04
7.5237931990910367e-01  1.7090913374151326e-01  3.2006307367256664e-01  2.1785524058838102e-02  2.8285960927069533e-03
7.5650065577239967e-01  2.6565633997240490e-01  5.5211831188950589e-01  2.2599522613992284e-01  6.5186596604210056e-03
7.5738993223801199e-01  2.2004932426037807e-01  6.1899530905697109e-01  5.4333521359876358e-01  4.1718998711253990e-03
7.9467858920076462e-01  1.5243546467313127e-01  7.2393457825079410e-01  5.0838095090126514e-03  1.9162733057994830e-03
7.4001449181869083e-01  3.0878461542884139e-01  7.8803254707176928e-01  1.6655670271506717e-01  7.1719636957691280e-03
7.6556583287590241e-01  2.3418881353131252e-01  8.4261853810809617e-01  6.7703277138145113e-01  3.7741728926047585e-03
7.9214868859513310e-01  2.0917864643008921e-01  9.7496475792561133e-01  3.6629522085484263e-02  1.2884821460724155e-03
7.6190455223073394e-01  2.5008633884315179e-01  9.4520541318547524e-01  5.0393358413617095e-01  1.5814123152616815e-03
7.4885894164108335e-01  1.3622306765930095e-01  9.5803566342008728e-01  9.1102221623749047e-01  1.6981468959671572e-03
8.0316315495226176e-01  5.0347167690745398e-01  7.4220982162464311e-02  1.0813952977186439e-02  1.6681130213068985e-03
7.5637584329939789e-01  5.0468330470390699e-01  2.5160827645271350e-01  8.1022582486917724e-02  1.3150437129699920e-03
7.5779019933341096e-01  4.2841691564826911e-01  3.8002314106945706e-01  2.8417632036638640e-01  6.1731114878569695e-03
7.6371938368851489e-01  5.2561800265198644e-01  5.8777674916839984e-01  4.6538268725133003e-02  3.9393257519687221e-03
7.3043167829143707e-01  5.7258147363253575e-01  7.0740012921912176e-01  5.2666817277112243e-01  6.9947872787660091e-03
7.4248109672405893e-01  5.1247648956119263e-01  9.3222317198176541e-01  2.5583969221647940e-01  3.6321943817565344e-03
7.6768220902079276e-01  5.1823869381858656e-01  9.4632796929444529e-01  4.4001633502969612e-01  3.2101383452292028e-03
7.8764762612980554e-01  4.6738164940423982e-01  9.8392632480578612e-01  7.5257369931203966e-01  3.4782646547009770e-03
7.7571603617005214e-01  7.5125369226845962e-01  9.9692382578590158e-02  9.6864187134134416e-02  1.1031594990254111e-03
7.6894431707025990e-01  8.0818027173106777e-01  2.7376924027134775e-01  4.1670429492271503e-02  2.0595074186150536e-03
7.6583606632278078e-01  7.0343331211683335e-01  5.0593541123219155e-01  1.9617151106211347e-01  5.8591553586332642e-03
7.6880736517868808e-01  6.9973646967704617e-01  5.8197289369231830e-01  5.7739518665462042e-01  2.4466159394688587e-03
7.5294273939454748e-01  7.4456082109561250e-01  7.6629201182069762e-01  1.9611052022753775e-01  5.5416546204349916e-03
8.1229362372266267e-01  7.7099874744511110e-01  8.4645182172916267e-01  8.2602102302879921e-01  1.6367183410037323e-03
7.6657209782116442e-01  7.2219840599854157e-01  9.7925809729035462e-01  1.2207227311105487e-01  2.4144655124880752e-03
7.5155204654995544e-01  7.5824191910810346e-01  8.7423465807606471e-01  7.2522639354564122e-01  4.0730684037325613e-03
7.9646963600522513e-01  9.7697379274965002e-01  2.9131285994445283e-01  1.5605215460234678e-01  2.3549893883352811e-03
7.5086183262935835e-01  9.5175787639454223e-01  3.6468391158804631e-01  3.5704864635838812e-01  1.1885892436311232e-03
7.4414886491957932e-01  9.0238424636835513e-01  5.4655458455460126e-01  3.2630017697998698e-02  2.1738478391738936e-03
7.6688983173479075e-01  8.6494331599949836e-01  5.5810087058484781e-01  3.9095253779106731e-01  2.3151038814533112e-03
7.7750578983174046e-01  9.5591351322034535e-01  8.6534176950560715e-01  6.2830941133355758e-02  2.1096337333725481e-03
7.8445418091734331e-01  9.3289024580719904e-01  7.9707832280788382e-01  4.5206931284505447e-01  6.2660977706776319e-03
7.6319383843186495e-01  9.9976919066586145e-01  9.8367191604222326e-01  6.6350767520235188e-01  8.2687758751722688e-04
7.8277845023182913e-01  8.8557985442453835e-01  9.5594766939261666e-01  9.3251698919668358e-01  7.8724231626333145e-04
9.5974316038321639e-01  5.0583729102406425e-02  6.9743666683008576e-02  1.4030860115982837e-02  2.8889872852901673e-04
9.3339286471096250e-01  3.4045653137394820e-02  5.6485493924807628e-01  8.9697584706489086e-02  1.6476942871794286e-03
9.7782036382171789e-01  6.5063242513807365e-02  5.1744366301255340e-01  3.7205383763244493e-01  1.7122584879296734e-03
9.3699938347231526e-01  8.8141293437055776e-02  7.9588111206693612e-01  3.6464625495647146e-01  2.0172310818930179e-03
9.2937112942466205e-01  2.8185001147016508e-02  7.8203217306429462e-01  7.7084516326005892e-01  4.1945380663697425e-04
9.5385756303661184e-01  2.5735644960173165e-02  9.0537404725851656e-01  6.8632492423734218e-02  6.0247070455855790e-04
9.8120035656103288e-01  3.3531939198821713e-02  9.6294701080842304e-01  7.4804664762182216e-01  5.8420655302988045e-04
9.6649770579212380e-01  1.7705610520325962e-01  3.4950283207202953e-01  1.5447185091127757e-02  5.5884906967699989e-04
9.5575455218648409e-01  2.2115190055352171e-01  1.9549117134199837e-01  1.1973332025405863e-01  1.6126831691245633e-03
9.3019759272413416e-01  2.5880170948359899e-01  5.1905822708601723e-01  2.0755085455558148e-01  3.0093384174342945e-03
9.2119096420799851e-01  2.7844060948872063e-01  5.9154675685309532e-01  4.1330548342058054e-01  1.7075965778293217e-03
9.4676352563451105e-01  1.8457422727346554e-01  5.7487505056739507e-01  5.6842226274360641e-01  7.8587016606467583e-04
9.7267151100916982e-01  2.5416226163623007e-01  7.9088554320411408e-01  1.2930496334399336e-01  2.2217818590396813e-03
9.4356464883414437e-01  2.0943350152971832e-01  8.7069764902393565e-01  6.7837256681884206e-01  1.7770052782450450e-03
9.6182093839678362e-01  1.7992375348205575e-01  9.9494324537817991e-01  2.2427864069972955e-01  7.3205490289426607e-04
9.4542756170777764e-01  2.4194982218037012e-01  9.4666859779146073e-01  5.0817132703794621e-01  1.9987629880966126e-03
9.4292837537455421e-01  1.4597932591829885e-01  9.5210759786903920e-01  9.1899668438643234e-01  2.9222577169060005e-04
9.6796726241714370e-01  4.9686322638001973e-01  2.7692148136338601e-01  6.5884406767286893e-02  1.6974702512293478e-03
9.4637820415605689e-01  4.6105578082316706e-01  3.5496121320495150e-01  3.2328315434940980e-01  1.6059564137352240e-03
9.5417011482667657e-01  4.9258014926706833e-01  5.3751040652685234e-01  4.6023770406410563e-02  2.0314458286492406e-03
9.4382070890181813e-01  5.0397843057279612e-01  7.7374288743145525e-01  4.2169838952302313e-01  5.5844062668319525e-03
9.6791304615310170e-01  5.8298407150695686e-01  6.6951052649727727e-01  5.7536646647424972e-01  1.9532022616954308e-03
9.3744928347846079e-01  4.0166532782525372e-01  8.2350108307505165e-01  7.8138783870780915e-01  1.7669797647131683e-03
9.2082803668596480e-01  4.9443492975864078e-01  9.0780280081888587e-01  3.0746305728969660e-02  1.5522029971672220e-03
9.6502800626432006e-01  5.1120506949642519e-01  9.4310639236031746e-01  2.3461575149574015e-01  1.4561085146699137e-03
9.5487091348692077e-01  5.3678998316415405e-01  9.7078229956937800e-01  9.1751664431461466e-01  8.3304966730885107e-04
9.2513651289097409e-01  8.6457594065765331e-01  2.9576091212064826e-01  3.4393295405082056e-02  1.1573498962255803e-03
9.5403122973757915e-01  7.3216543485955221e-01  2.3600847370219122e-01  1.7402564029878836e-01  1.6990828491555995e-03
9.2607535649443540e-01  6.9942581147711880e-01  5.0048892864208494e-01  2.0465889895462505e-01  2.9262710207686843e-03
9.3455151749188636e-01  7.6089835382211346e-01  7.7678642182842961e-01  3.6751592221208523e-02  1.6045653663878210e-03
9.5727694732039592e-01  7.8091763052320218e-01  7.7694564510694863e-01  2.1189264729712731e-01  2.4270177594738736e-03
9.9282523261445876e-01  8.8688644939912242e-01  9.8701296973606900e-01  4.5392451305147574e-02  2.6934897126690928e-04
9.1621690585303894e-01  7.8846810111928967e-01  9.6687354667014036e-01  4.6568992793445968e-01  2.0926994296302853e-03
9.7731132721874647e-01  7.9048227148890182e-01  9.1511187755217593e-01  6.7381173342016265e-01  1.9744913340932532e-03
9.8142159446618382e-01  9.2821887849458173e-01  7.7283008147631713e-02  3.1833349544082443e-02  3.5010698435900076e-04
9.5546610500625995e-01  9.3500333636588817e-01  3.5792640807748061e-01  3.5404402645064603e-01  1.3512230079891702e-04
9.5472428564851941e-01  9.4860338650172049e-01  5.6293567581276760e-01  3.4859695457394473e-02  5.3492072543319467e-04
9.7970608303393569e-01  9.7513639125571783e-01  5.9961029225283868e-01  2.0254816594746866e-01  1.2418068926676096e-03
9.4517525725490548e-01  8.5490711153814980e-01  5.2708330013981775e-01  4.0851391026754869e-01  2.8621135199718944e-03
9.4838047642313839e-01  9.7008731668760173e-01  7.5313563155562591e-01  6.8271911360488646e-01  1.1562344122874207e-03
9.3220449922268278e-01  9.5493485869841011e-01  9.3682373862552226e-01  2.6795029023909622e-01  1.2807103405823668e-03
9.5089231889870418e-01  9.4610703804635454e-01  9.8030508902096103e-01  8.6980336071857867e-01  3.7176996720000095e-04
