deg: 7
dim: 5
nodes: 134
efficiency: 0.985075

q[0]:   2.2804409966268244e-03  6.1881721664727149e-02  1.2381672156961492e-01  6.4239200204409763e-02  5.4289561762857830e-01  7.9218982646247715e-02  
q[1]:   2.9368655599121157e-03  2.9636967882564413e-01  1.1525608904661754e-01  5.6154334267925578e-02  3.9329432685450572e-01  3.2533048720583491e-01  
q[2]:   1.5124517050395842e-03  1.5673013539597599e-01  1.2524333608936190e-02  1.0485961945957839e-01  9.6354649378690338e-01  5.1828462279557197e-01  
q[3]:   3.1544846715180902e-03  8.5630283083205624e-02  3.0575352247388825e-02  3.2163722222557245e-01  6.6712427534945618e-01  4.3011698674336057e-01  
q[4]:   2.9953385126974944e-03  1.9471711555763277e-01  4.3471570074226994e-02  7.1920990101495708e-01  8.7098480433710579e-01  7.7209928640433412e-01  
q[5]:   2.4147068192714133e-03  5.1789790443374145e-02  5.7905191130882050e-02  7.6453715168971670e-01  2.9380358500425546e-01  1.1380855839149018e-01  
q[6]:   3.3314824174748964e-03  8.2540467371594706e-02  3.5857147008101603e-01  5.9273576943060524e-01  6.2950705592599931e-01  2.3102227035011639e-02  
q[7]:   2.1849399549909551e-03  5.7918034397734117e-02  7.7379787078425064e-02  5.4706544779912081e-01  9.2616592748579507e-01  9.5160297016736756e-02  
q[8]:   6.2794641571234325e-03  5.4208525099144610e-02  3.4706781038834611e-01  3.9493076431357871e-01  8.8294436653160457e-01  5.4459674739696984e-01  
q[9]:   1.8503474825849939e-03  2.9171446185393191e-01  5.4133550006627215e-02  9.4000030281257752e-01  6.7317195317559042e-01  2.3625777077524265e-02  
q[10]:  2.3897269306379317e-03  1.1279644361981057e-01  1.0288342793095534e-01  9.3435760950730684e-01  9.2644116555226708e-01  4.1307773867641800e-01  
q[11]:  1.8870235997213091e-03  3.2655377936910500e-02  2.8124123710322207e-01  1.7336582471378395e-01  1.6200817534456249e-01  7.5175605707355000e-02  
q[12]:  2.1157836742116839e-03  9.5727760658374114e-02  2.5554071550944091e-01  6.5065270307494760e-02  8.8713831951568578e-01  8.2754151935387521e-01  
q[13]:  7.7619945984896792e-03  2.9555731407958946e-01  1.7766959450579817e-01  2.3517677302740106e-01  8.1389272069119833e-01  1.5389451001600576e-01  
q[14]:  1.2839222900234350e-03  7.8719971802809069e-02  4.1069055907735297e-01  9.1277682920124936e-01  1.2756850284001781e-01  1.0820167092568851e-01  
q[15]:  7.3660809448552285e-03  2.2920845109968771e-01  4.8713116947045099e-01  6.6839075364949530e-01  9.4838447857486163e-01  3.0420673575590551e-01  
q[16]:  2.4974029034449349e-03  4.5918055057109997e-02  1.7197234289229693e-01  4.5058367036007763e-01  6.0169505194652761e-01  5.6427618230123477e-01  
q[17]:  6.9378998990769179e-03  8.0567358051774285e-02  2.8802655418959833e-01  8.4471634892142378e-01  6.5359968509049804e-01  2.6470466150114980e-01  
q[18]:  1.3068815079452102e-03  5.1748237500115729e-02  2.7694977061403975e-01  8.6847444503421978e-01  9.6108667402835912e-01  8.5885861537550134e-01  
q[19]:  3.0112491738340922e-03  1.0840326513664715e-01  6.1788741303026018e-01  5.0336726184137215e-01  3.3673544160713181e-01  3.2303298183280887e-01  
q[20]:  1.9630688311531516e-03  5.4697361169366562e-02  4.2184559948957834e-01  4.8221592635129790e-02  9.5373131625738239e-01  1.7826870327036118e-01  
q[21]:  2.0476743825738786e-03  8.4437071314580503e-02  8.6925968474154580e-01  4.2933566990302693e-02  9.1787479015719375e-01  6.2750272441844701e-01  
q[22]:  4.4047963575455868e-03  4.4380579781899436e-03  7.2917653431486584e-01  3.6825043541890429e-01  7.6107600411277343e-01  2.5714276175150391e-01  
q[23]:  1.2744310596397729e-03  1.1639955361589593e-01  6.8878219950635600e-01  4.1184738481125072e-01  9.7614032761119096e-01  9.4971440583851641e-01  
q[24]:  2.8722319580544212e-03  8.7015368998477352e-02  7.0378583797798189e-01  3.6503469522483661e-01  4.4160214326717423e-01  5.0976508095792294e-02  
q[25]:  2.7027274853081255e-03  1.9667916693847012e-02  6.3645794319617610e-01  9.1865130765664227e-01  6.8195399251209199e-01  6.0417060641204900e-01  
q[26]:  1.8593948847946185e-03  4.3903163286049332e-02  6.5843856767470776e-01  9.3375592502015992e-01  8.8212982978924548e-01  5.5867429109411067e-02  
q[27]:  3.3126046932812829e-03  2.1439221099092359e-01  9.8761554050932654e-01  1.5160654187568434e-01  6.8700231068254780e-01  2.3461045127197405e-01  
q[28]:  2.0215509774656510e-03  3.4935660830477812e-02  6.6301126681469158e-01  4.2105151312657373e-02  5.0318293367501521e-01  4.1357761595051318e-01  
q[29]:  2.7717014283317218e-03  1.7371596411736159e-01  8.8514665513145041e-01  1.0187314385602671e-01  2.1289187890491876e-01  9.2883427581319053e-02  
q[30]:  2.0652745804318686e-03  9.6797585432992009e-02  9.8748230201052789e-01  3.2014738518443175e-01  6.8951488627703383e-01  6.4552180587190655e-01  
q[31]:  2.0405893312420110e-03  1.2449159359245528e-01  8.3561315877200648e-01  1.0004535370135706e-01  7.6075645045092688e-01  3.5438293023980993e-02  
q[32]:  2.8288494099780633e-03  1.6035984141214127e-02  9.1349201262317570e-01  6.6966737616702077e-01  3.2051289877611139e-01  1.2363469804154582e-01  
q[33]:  2.4696917074600697e-03  1.4073363366335848e-01  9.3235808521218588e-01  4.7402246099989898e-01  9.6271754353399197e-01  1.2884501452094968e-01  
q[34]:  1.6936876382963155e-03  6.6569496496115182e-02  8.3754200166984716e-01  6.2531685587450647e-01  9.7630547861193528e-01  7.9202368441031512e-01  
q[35]:  1.6908814014851030e-03  1.3535132169110148e-01  9.6667899672244173e-01  9.8128014060442104e-01  7.1311889166830444e-01  2.6656259036544688e-01  
q[36]:  1.6926822808087693e-03  7.0408295698815182e-02  8.9846134232932129e-01  8.2866670183628788e-01  9.7494020326558140e-01  4.7987674272429659e-01  
q[37]:  1.1453087945577530e-03  5.4704263326372649e-01  5.9248709464292344e-02  5.1002876350796818e-02  9.3029838897857908e-01  3.7752575828350447e-02  
q[38]:  4.1447174811399283e-03  4.8467670661210543e-01  1.0978688029026915e-01  1.1354249358139694e-01  7.3443556019400147e-01  5.7995394186959881e-01  
q[39]:  1.8914708663769952e-03  5.1586277797805946e-01  7.5265624970482559e-02  2.9322505578531577e-01  9.7409758076924202e-01  9.2038317859780594e-01  
q[40]:  9.3041712656803041e-03  1.8471248229271570e-01  4.9921931310789913e-01  1.9393029790951169e-01  5.2876695215968428e-01  2.8135615165920269e-01  
q[41]:  2.5154718375559834e-03  3.2540312334734289e-01  4.9333099280126601e-02  3.6671886317982733e-01  1.5808184366758299e-01  1.1196497617512431e-01  
q[42]:  5.1596180716242911e-03  5.0951243529848944e-01  3.0147959697283108e-02  6.4622946495456413e-01  8.5574957637457039e-01  3.1995042623741149e-01  
q[43]:  6.8038662980049163e-03  3.7329760868864953e-01  8.4446422066525514e-02  4.6785385506001137e-01  5.5606075197851490e-01  1.4683611309851202e-01  
q[44]:  4.2987625819032801e-03  3.5226921180616444e-01  2.6666375942084569e-01  4.4896011591243834e-01  9.9262891511391649e-01  6.9127154734712570e-01  
q[45]:  3.4481875547514194e-03  4.3462569087093783e-01  2.6250027081217353e-01  8.8158627749123963e-01  9.6144908006529473e-01  9.2206592239594806e-02  
q[46]:  6.2469382526689496e-03  3.7348655076494769e-01  3.6952777762646077e-01  4.2063061306993617e-02  7.8052561844999080e-01  3.9364144940303275e-01  
q[47]:  4.6038727864215175e-03  5.4401537514531384e-01  3.2467041200027297e-01  3.0891491742001254e-01  5.9440583834288119e-01  5.8893780162896558e-01  
q[48]:  5.8118632445107558e-03  2.9372604704834659e-01  3.7904801897794799e-01  4.4106084437356236e-01  2.7783393062172179e-01  2.8701663324568704e-02  
q[49]:  7.6055678744582763e-03  2.9426842959990657e-01  6.4444249792172681e-01  2.5004648887359548e-01  8.3875973210932020e-01  7.2429372969595629e-01  
q[50]:  8.4862894029842928e-03  3.1538383562144312e-01  6.5718651289514740e-01  7.3690348485990753e-01  7.2221393985055093e-01  1.5856605859338052e-01  
q[51]:  2.8570561814752669e-03  3.0123252870617140e-01  5.1308308549644122e-01  3.2336398444633624e-01  9.2975446451312893e-01  3.4547585809009511e-03  
q[52]:  3.9255072059315547e-03  3.2937607679478542e-01  9.9190569657414338e-02  9.6618050781031695e-01  5.3029782978222395e-01  4.4544616595609177e-01  
q[53]:  5.1229734035822278e-03  3.5906284831264662e-01  4.5558217776509813e-01  6.8174044149144908e-01  8.0240185767036487e-01  7.7302035195372620e-01  
q[54]:  3.6407010036268901e-03  4.2690015224270711e-01  6.6820660562473277e-01  2.4658113199547419e-02  4.8238038750146783e-01  6.7149259934419614e-02  
q[55]:  1.8311951441001087e-03  2.3913796447369451e-01  7.1428836369385562e-01  5.3414532336203213e-01  4.0712988178665740e-02  2.4516790800868809e-02  
q[56]:  8.4273396376286919e-03  2.5355092594774942e-01  3.4942770013190794e-01  6.5138287350331481e-01  4.2068869939776399e-01  3.0924811975184147e-01  
q[57]:  3.4926827024299180e-03  1.9977269389416732e-01  6.3050337807115375e-01  9.6556601611384629e-01  3.3366038104520757e-01  5.5932095127611568e-02  
q[58]:  6.3476137446686395e-03  3.5087986281319394e-01  5.6963771765250160e-01  9.4416139388651532e-01  8.9292103373034570e-01  6.2066238827608256e-01  
q[59]:  9.0473243768210924e-03  4.5822976914392910e-01  7.9903867568964704e-01  4.0898595325306286e-01  5.4353272573415023e-01  3.3870464572829961e-01  
q[60]:  2.0524060798878438e-03  5.5996194427167290e-01  8.9210910543696997e-01  1.1600813496357291e-01  9.5285279825045477e-01  8.8102697203841285e-01  
q[61]:  6.0958458344700737e-03  3.5275716102705790e-01  7.4540306109690468e-01  1.8205882278847590e-01  9.4782572843796831e-01  4.0396594389943596e-01  
q[62]:  4.0460046392096164e-03  3.1733121998612956e-01  9.4232113462745326e-01  7.2535639650583628e-01  6.4067361901727826e-01  5.2033831845874776e-02  
q[63]:  3.5027512001089872e-03  5.7200972373208780e-01  8.1846606989914994e-01  9.5901870925235189e-01  9.2684525895237946e-01  2.7340861168298686e-01  
q[64]:  9.6548452896733500e-03  2.0861562300740283e-01  8.3092560219234501e-01  6.9182827925354273e-01  7.0716367725496099e-01  4.8691045472865890e-01  
q[65]:  2.7144939669557235e-03  4.2871825501914879e-01  9.4631395113408456e-01  3.1475396851793874e-01  3.1755557697532411e-01  2.7666839748292860e-01  
q[66]:  2.8272593276430667e-03  3.1288900327784719e-01  9.1491642858000444e-01  9.2075326146130698e-01  3.3076374001638170e-01  2.8011416569179748e-01  
q[67]:  1.3570596428416025e-03  3.4696686710411229e-01  9.6943307284732261e-01  9.1459338351321573e-01  9.0876996992744286e-01  8.8047622002885573e-01  
q[68]:  1.7774597529560457e-03  6.5838531458685412e-01  1.8792001605400847e-02  8.0692806878177287e-02  3.6703443697105165e-01  5.6406919957871227e-02  
q[69]:  1.2363333914649534e-02  7.3539166787021204e-01  2.6312667032390735e-01  2.8946708208860294e-01  4.5807088144302460e-01  2.0650785979626102e-01  
q[70]:  2.5781543738070817e-03  8.2410930494374912e-01  6.3781001596818238e-02  2.6865156232716492e-01  7.5876049868172935e-01  6.8455901900544780e-01  
q[71]:  2.1296450898872941e-03  5.3109943965512452e-01  1.1721890769108488e-01  7.9795674796298743e-01  3.2487245266179937e-01  2.3282090898029417e-02  
q[72]:  1.4743348628629852e-03  8.3509471916750322e-01  3.8236085349616672e-02  6.1190253406190642e-01  9.1931453358905102e-01  4.2345596431847994e-02  
q[73]:  1.7944195927697768e-03  7.2860691377260023e-01  5.1550307991925011e-02  9.2407106624210478e-01  9.6101314911399882e-01  5.9561203049623035e-01  
q[74]:  1.6088525108559726e-03  5.3370650287577281e-01  3.3970916393074424e-01  3.3173828687263658e-02  1.2368238990908027e-01  2.0136785370213912e-02  
q[75]:  1.2356925433687143e-02  8.0017138192237625e-01  5.2733988043139179e-01  3.3323153659270693e-01  7.9686737564466570e-01  5.5140824038262881e-01  
q[76]:  3.8990955558755418e-03  5.5150333526035900e-01  5.0443588171129095e-01  2.2346915537338771e-01  6.7351762551066496e-01  2.3861869433972768e-02  
q[77]:  4.9890981018469761e-03  7.0321090613685100e-01  2.0452003870320373e-01  2.8720492609986858e-01  9.8923360463736432e-01  3.0176746064683208e-01  
q[78]:  2.2859623849917519e-03  5.4529099419510552e-01  1.7973557559695294e-01  8.8185212134397861e-01  1.1277714901152126e-01  4.5163202574429018e-02  
q[79]:  1.3313794529225723e-02  5.5360295542647564e-01  2.1728198201749260e-01  6.6006979886443684e-01  7.7190341132489160e-01  5.0754648708656225e-01  
q[80]:  3.3026788038484096e-03  7.1882423768400594e-01  2.8164578010991359e-01  7.0760722944526433e-01  2.5191334221794293e-01  2.3899546313199727e-01  
q[81]:  5.7359315997698316e-03  6.0293300227501545e-01  3.5366238738934103e-01  9.7521907554781428e-01  6.4240646784794264e-01  1.9241529372997429e-01  
q[82]:  1.4264438650021262e-03  5.9805435369995574e-01  3.1955113696889198e-01  9.5935758351035683e-01  9.6863401287313022e-01  9.0051978930067433e-01  
q[83]:  4.5833653518029807e-03  6.2936034722256806e-01  5.8416387958627236e-01  1.6149294476055431e-01  2.0478988858681357e-01  1.7117886439058561e-01  
q[84]:  2.3334621001457746e-03  6.0738371221932885e-01  8.6974218569259021e-01  5.3493373561213600e-02  9.5007099786776383e-01  1.1964521522495292e-01  
q[85]:  2.8780248065287698e-03  6.7673862666087370e-01  4.1218949065612931e-01  6.0646115832800003e-02  9.7834078908678457e-01  7.3710540636983157e-01  
q[86]:  1.1752437751001392e-02  6.1594372973879297e-01  7.0329636140249052e-01  4.1058593652647951e-01  8.1752078707296671e-01  2.1796144291063527e-01  
q[87]:  2.9087786521437725e-03  8.1963903448106368e-01  5.5855884556975399e-01  5.7977763273884397e-01  9.4978683830727895e-01  9.1776448215240325e-01  
q[88]:  1.1228088843627538e-02  5.7689098640972558e-01  6.1670406025376323e-01  7.8457804872539627e-01  3.8974246154931647e-01  1.9253864318218636e-01  
q[89]:  4.9723500833014911e-03  6.6066522022316676e-01  8.0878089091385530e-01  6.8760003046456630e-01  9.6423977922389215e-01  7.2469338149819196e-01  
q[90]:  3.6659252421196854e-03  7.1314813764453766e-01  6.3883693170428346e-01  9.3523666428812691e-01  5.6234176419149373e-01  5.2092292935112738e-01  
q[91]:  2.2800574055510401e-03  5.8412028962485374e-01  8.9234855954838455e-01  7.9026183888541768e-01  9.2185644523344323e-01  3.9248018920486627e-02  
q[92]:  4.1017899159669470e-03  7.7429720377543865e-01  9.3613751604983453e-01  4.9586304478698828e-02  6.3205508872931915e-01  3.3962185402482020e-01  
q[93]:  3.0853803874487276e-03  5.4014217452556679e-01  7.8532200287025811e-01  2.6301602992790395e-02  6.2286725948462129e-01  5.6692937566867863e-01  
q[94]:  6.0203600416345497e-03  6.1417776404851188e-01  9.0399550566383691e-01  3.7546696374018379e-01  3.8369490781442128e-01  6.1107236804915609e-02  
q[95]:  4.8048781409272641e-03  7.2089418665633176e-01  8.7019202614678093e-01  6.6528565718250399e-01  6.8221769356554807e-01  6.3565087279438681e-01  
q[96]:  1.5172576972329235e-03  5.5961876172718494e-01  9.3976765121409811e-01  8.0594506597596549e-01  1.0660335910525330e-01  1.5903763620469486e-02  
q[97]:  1.9655575535850226e-03  9.1658358526520911e-01  9.7223333287606550e-01  6.5715363660003456e-01  9.4567454023011721e-01  2.7946496160124912e-01  
q[98]:  4.5098076706785103e-03  5.1628898482617802e-01  9.9015089105660548e-01  4.3905035648756402e-01  8.9935228620750274e-01  5.2474254257874564e-01  
q[99]:  4.3159907177844356e-03  7.5521662599791595e-01  9.4158940830652216e-01  9.0739801206604420e-01  6.9805873706667720e-01  3.8813605244414628e-01  
q[100]: 1.6653220097038737e-03  8.5385562638058843e-01  7.9402713185690324e-02  2.1066633566630488e-01  6.3650501539096505e-01  1.1841564118693134e-02  
q[101]: 1.3760943827666047e-03  9.8776872729392540e-01  4.0719954002118836e-01  9.8971805773331367e-02  9.1429689156319782e-01  8.3581445658549913e-02  
q[102]: 2.5083339812853244e-03  8.5007937419121982e-01  3.9887506477078047e-02  6.5571377278754728e-02  8.4266037614816647e-01  4.5296942458422407e-01  
q[103]: 1.2814768707665009e-03  9.3596371391348410e-01  1.1099013397549563e-01  3.3845287087534187e-01  8.8958496134927637e-02  3.2443763450581475e-02  
q[104]: 4.0148414749686624e-03  9.8877973729914348e-01  1.4478610321926483e-01  3.9300332399672128e-01  7.7100514013317811e-01  2.5758489351083591e-01  
q[105]: 2.7502108724445124e-03  8.5175559093071018e-01  1.2004661266801531e-01  8.5293520382069676e-01  8.2352821898359485e-01  7.6256034404123862e-01  
q[106]: 3.0142731512174696e-03  7.9513487847609188e-01  1.2609605432670907e-02  5.7018436485082280e-01  4.2969004917661180e-01  3.5736003941278938e-01  
q[107]: 7.6324300306610708e-03  7.3188619781295150e-01  3.4844302111014158e-01  6.6487397833633755e-01  7.3899002163298821e-01  5.8065907138145058e-02  
q[108]: 2.8662058230969588e-03  8.6163765233748091e-01  2.1894316687296609e-02  8.4324271763406800e-01  5.1956103086607675e-01  1.9167970280807267e-01  
q[109]: 2.1096482335515297e-03  9.2143770280063397e-01  1.5464314463570902e-01  9.3447241399005421e-01  8.8470125637800745e-01  1.8713248650482522e-01  
q[110]: 4.6257103507723156e-03  7.9053654199897372e-01  4.1773525995077138e-01  4.1706473252674264e-02  7.6286495617362848e-01  1.8888469672304162e-01  
q[111]: 2.0870008000305812e-03  9.5264655389838671e-01  2.0524909445024297e-01  3.8376594577495364e-02  3.8105299647675206e-01  2.8591831579618787e-01  
q[112]: 1.4312974713175093e-03  9.3667120314520991e-01  3.8316622131499922e-01  4.2619751263343122e-02  8.6810651806680850e-01  8.3584502782420611e-01  
q[113]: 3.2438653062139243e-03  9.2917527066556416e-01  3.1332349490904260e-01  6.7357236375584184e-01  3.8413090903015418e-01  2.4880300801570235e-02  
q[114]: 1.1503489845493019e-03  9.4877351605132609e-01  1.8048165379918027e-01  9.7091617546209452e-01  2.7203646207147819e-01  1.4197751335823816e-01  
q[115]: 2.4205452784851994e-03  8.5974449077870729e-01  5.8261013682227403e-01  4.7923529907288115e-01  9.8844341416645809e-01  8.1919449617313470e-02  
q[116]: 4.1941275867547669e-03  9.0921572375174642e-01  3.8003382758005799e-01  9.0628444908513095e-01  6.8250446432064960e-01  4.6068328349101673e-01  
q[117]: 3.0173709552679001e-03  9.9879647222193779e-01  3.7927718468112809e-01  6.3095905174911437e-01  5.4865290499389507e-01  4.7148518120727206e-01  
q[118]: 2.2707526295970798e-03  9.7596909649620733e-01  1.5239718074959163e-01  4.8706072895591779e-01  9.6590954384600114e-01  7.3673266898927314e-01  
q[119]: 3.2570126787349451e-03  9.5781699169094003e-01  6.4832583682495193e-01  1.3381734195768669e-01  4.1399060969425089e-01  7.1564525659099321e-02  
q[120]: 3.9972893385990084e-03  8.4814920970927776e-01  6.1388190029346601e-01  5.3217213478894010e-01  1.5355134368433895e-01  6.0454916255376391e-02  
q[121]: 2.3370933264513882e-03  7.9838093137473154e-01  7.6713328292921146e-01  9.2384746780766491e-01  5.1705188927803358e-01  1.9283706179102834e-02  
q[122]: 1.2922024535630806e-03  9.7088684277871806e-01  6.8433279185404428e-01  9.4410296167649088e-01  8.6020949246102452e-01  4.6539078651556334e-02  
q[123]: 6.5630314989604767e-03  8.6156612142976241e-01  4.9091342031707047e-01  7.8119141786820656e-01  9.4133747197245754e-01  4.3102379984824418e-01  
q[124]: 9.3657249278428754e-04  8.8439898597437583e-01  9.3324730532267908e-01  9.1961251255591139e-02  1.2499672934440864e-01  5.1092538873986459e-02  
q[125]: 2.1498691197049551e-03  9.3971458477933101e-01  9.3909002351278792e-01  3.0589682054669198e-01  8.5850085967146861e-01  7.6322917213266406e-01  
q[126]: 3.8835719521924318e-03  9.1341656329840792e-01  6.8554317181346613e-01  1.8606761195371618e-01  5.2299125969346527e-01  4.3960971887069161e-01  
q[127]: 3.0210959995632994e-03  8.8325981104123896e-01  9.2924611136138691e-01  2.7199116330126449e-01  7.6882657205407035e-01  5.3237903245215407e-02  
q[128]: 3.1886239023770375e-03  9.4678284611549779e-01  7.8900382907029265e-01  1.3238871080234599e-01  9.4302589955655680e-01  4.8890078072633697e-01  
q[129]: 1.2561180658582105e-03  9.0443238720538133e-01  9.8883583110887585e-01  8.5172351616529607e-01  4.2635569423418823e-01  1.2316376391925335e-01  
q[130]: 7.3495729683514610e-03  9.4448604775873368e-01  7.4383570670683086e-01  6.1645998688407144e-01  6.4925574257334229e-01  2.3093107214559302e-01  
q[131]: 2.5719059488296362e-03  9.3041231357106091e-01  9.3981849191263789e-01  5.4231350855737281e-01  3.4477749640575761e-01  2.7989413761314441e-01  
q[132]: 1.3777688608372150e-03  9.2840325951756175e-01  7.1457979897597856e-01  9.6209622360649139e-01  1.7897576302816409e-01  1.1913952387155508e-01  
q[133]: 1.5792805652005859e-03  9.8663943372110052e-01  8.1921130803696307e-01  9.4061914646029010e-01  9.0614370079601614e-01  7.5460342645222900e-01  

