deg: 6
dim: 5
nodes: 81
efficiency: 0.950617

q[0]:  4.1372490999057937e-03  2.2525954064244794e-01  1.3964829349971888e-01  2.1407561209896209e-01  5.6592651657761350e-01  2.9448992340431464e-03  
q[1]:  2.3420755357251178e-03  3.8372603670034186e-02  3.0361066711709069e-02  1.0295406574384544e-01  9.2520557586841734e-01  5.4714463971926930e-01  
q[2]:  4.4988994362501625e-03  4.0181615047009546e-02  2.6035399773968776e-01  5.5714677924808242e-01  9.0579560958137217e-01  6.7567998639136329e-01  
q[3]:  4.3187142175060179e-03  1.2316068126085915e-01  4.0034283127545200e-02  5.4969755208902737e-01  8.7913550096383397e-01  1.3260254066509175e-01  
q[4]:  3.0366369784015040e-03  4.5985112149059308e-02  1.2931532111825039e-01  9.9388309850897716e-01  6.9950712008664395e-01  2.5383077777866248e-01  
q[5]:  3.4749978150782203e-03  1.9552872179423769e-01  1.0473216905658064e-01  8.8358968327762455e-01  8.7895589494207182e-01  8.1115109182479384e-01  
q[6]:  5.5899498428729471e-03  6.2425564049744947e-02  3.8516047446726154e-01  4.9979437095674262e-02  4.1560087231706844e-01  1.6930565939139758e-01  
q[7]:  3.1592646612554971e-03  2.6455310354129204e-02  1.1883151593691031e-01  5.6010265351997468e-01  4.5213720865549389e-01  4.5078097177641974e-01  
q[8]:  2.0504037842719691e-03  1.8422761591628065e-02  4.8831766292010947e-01  1.7690154141726158e-01  9.0907549735353410e-01  1.3251524366176621e-02  
q[9]:  2.4701560806501760e-03  3.6930815107397659e-02  3.8451152448716053e-01  9.0260363060723436e-01  1.5441022073987964e-01  7.6283601143321486e-02  
q[10]: 5.4091064921419898e-03  2.5731555479527449e-02  4.2284555081307945e-01  6.6169026687913168e-01  5.6928404695571966e-01  5.8801694463709940e-02  
q[11]: 1.0519688685770945e-02  1.1601013579173056e-01  6.1665295140761778e-01  5.0784715488847421e-01  9.4110209488146224e-01  3.4092162568000617e-01  
q[12]: 1.6655362461385367e-02  2.5469532458742028e-01  4.0679594302821498e-01  7.4679123783935863e-01  6.7443953317547722e-01  3.7617130399236359e-01  
q[13]: 8.8661086581887042e-03  7.5086843493132799e-02  6.0572101437706605e-01  2.7494496332757440e-01  5.9934452481685263e-01  4.8194132587525329e-01  
q[14]: 1.7504585068887325e-03  2.5098734833717768e-03  9.6042500608495607e-01  3.9439049161048297e-02  8.6645495220170476e-01  2.7874138422592515e-01  
q[15]: 6.6720388239739376e-03  6.6252549841792310e-02  9.0753681903327732e-01  4.7167431194021392e-01  3.8436107963373817e-01  1.1750394019009389e-01  
q[16]: 1.9400243980023490e-03  4.0333740319006980e-02  9.3340605728477211e-01  5.1491722131892781e-01  8.7065129691470744e-01  8.5357436541820442e-01  
q[17]: 6.0898105451833214e-03  1.4375146176868200e-01  9.0184363630495590e-01  8.0988582490858518e-01  8.3571279903349771e-01  1.1200553690956828e-01  
q[18]: 3.6983895114819534e-03  4.5097430053738168e-02  6.8020494371583951e-01  9.5144537463387979e-01  9.1665561924829508e-01  6.2489482904002647e-01  
q[19]: 4.8622921232152616e-03  1.2419284694812639e-01  9.1737553734675137e-01  8.9718866139369602e-01  5.6573518628822650e-01  4.2508013539200518e-01  
q[20]: 1.3562368790741486e-03  1.2109467558503294e-01  2.6034021883393422e-02  1.5547120968636544e-01  1.0682492964136485e-01  6.3168582250977795e-02  
q[21]: 5.8004404351628524e-03  3.9935227684800634e-01  1.5126129984820902e-01  3.7482297906091915e-02  6.9772201550249069e-01  6.2998680446486421e-01  
q[22]: 6.7289726426303957e-03  3.9466753451224490e-01  2.5541187734111404e-01  5.1307963938588930e-01  2.6682135189983869e-01  3.4019844451965424e-02  
q[23]: 1.1981060145060441e-02  2.1663395170478777e-01  1.4847641847675044e-01  3.1312664316355615e-01  6.5732634708520887e-01  3.2790310047226184e-01  
q[24]: 7.7877953902652942e-03  3.0256800863497590e-01  4.8424057000572514e-02  7.5640436714405213e-01  3.4928348341348436e-01  1.5079297153701729e-01  
q[25]: 9.4943797291756685e-03  4.7179899047585638e-01  1.2860197368433077e-01  8.0836376066167759e-01  9.4660055545558730e-01  4.6608936838957471e-01  
q[26]: 9.6810797847566282e-03  3.6551847345970662e-01  3.0158116385760431e-01  7.9232569484793416e-02  9.1682919048706002e-01  2.1729000286477460e-01  
q[27]: 9.4510928150023290e-03  5.1255326135118473e-01  3.8883660756092731e-01  3.3476671208611614e-01  9.7615399537867498e-01  6.7718560695402374e-01  
q[28]: 3.6266530398783559e-03  2.1416670244262787e-01  3.0844746623224734e-01  2.8425974230677709e-01  9.5566066340225986e-01  9.2403733514655340e-01  
q[29]: 1.6110256173213756e-02  5.7170523407434937e-01  4.6366240197397601e-01  6.6411288970220517e-01  7.2010263281306885e-01  6.6946107226889540e-02  
q[30]: 5.8480456787973947e-03  2.2535464577873379e-01  6.9518936490975480e-01  7.2399153391343618e-01  2.4924598009452523e-01  2.1923101931768565e-01  
q[31]: 6.5329787976833508e-03  5.5724765039808766e-01  2.8048672808193753e-01  9.9150425142203447e-01  4.9937682307661763e-01  4.3723639965157346e-01  
q[32]: 4.4176352458004543e-03  2.3624017862932520e-01  6.5314280034958705e-01  2.9567528801874154e-01  9.2751401698237354e-02  2.3278223943502620e-02  
q[33]: 1.6556386012543781e-02  3.1946675725142704e-01  7.4910450129527140e-01  2.2794643554823379e-01  7.0005904241267702e-01  2.2069143641621575e-01  
q[34]: 9.2011862866388412e-03  3.2347971075074466e-01  5.7158199442141155e-01  7.6409227454888984e-01  7.3817612926328402e-01  6.7152755276804377e-01  
q[35]: 7.5769668787613554e-03  3.6358173908951014e-01  7.1219453059125848e-01  9.6286208553138575e-01  4.3739665653062432e-01  6.9056874707946414e-02  
q[36]: 4.8603496660001725e-03  2.6487162732860264e-01  3.3349150344547213e-01  9.0727158908095917e-01  9.4254147713256564e-01  8.9780104560067048e-02  
q[37]: 2.9857226635189569e-03  2.8376983469540046e-01  9.6931628240808976e-01  3.8774642147642917e-02  2.9877292022801849e-01  2.5381263304300244e-01  
q[38]: 3.4357925556961193e-03  4.4397360920191875e-01  8.6128928808714045e-01  3.8474745710012748e-01  9.7095128880305936e-01  2.9632356635786408e-02  
q[39]: 6.9099799963211099e-03  3.2663328844461387e-01  9.8144722583007860e-01  4.4944828754387334e-01  9.2130504864564489e-01  5.9745318732710018e-01  
q[40]: 1.7105503731416401e-02  7.5949157751781537e-01  2.8008942274338727e-01  3.5817144513663524e-01  7.0429316076781201e-01  2.9567311087702719e-01  
q[41]: 3.7090666814525485e-03  9.3717134689603376e-01  1.0981284597135324e-01  1.5373651995235960e-01  9.3974454589570411e-01  4.7596145413900359e-01  
q[42]: 8.0880695288430508e-03  6.0595340470624059e-01  1.7688676798096315e-02  4.9368741321056919e-01  7.9700889954027632e-01  6.4994586378475883e-01  
q[43]: 5.4777005830584074e-03  7.3666642436379648e-01  6.4937251667263440e-02  9.3166308600775705e-01  6.3567386655278979e-01  9.0800053781362522e-02  
q[44]: 7.2118052661587764e-03  6.7081909359448089e-01  5.6612626997330195e-01  1.8790016224077971e-02  3.2939687429200210e-01  9.5095608244994870e-02  
q[45]: 1.2404479050814052e-02  5.1420569092357349e-01  3.1121212802309944e-01  2.7606851357079615e-01  3.2914474739661620e-01  2.6858474954317585e-01  
q[46]: 4.8459074664184212e-03  6.7743573967307757e-01  8.2805545569039005e-02  4.0489247098503994e-01  9.2680012885574392e-01  6.8532438295958759e-02  
q[47]: 4.3128493698299372e-03  7.5980929710474376e-01  2.5205060217173064e-01  8.3519136831563257e-01  1.0517743970501249e-01  4.6610467755386839e-02  
q[48]: 1.3893094491265450e-02  6.8028473665842992e-01  6.5393853497241416e-01  5.7642776862512668e-01  3.8160837047430390e-01  2.0365823086423540e-01  
q[49]: 4.7886767407726459e-03  3.9177337115917404e-01  8.4970849325236419e-01  1.3250235174068792e-01  6.3653253148254751e-01  1.8892933701972460e-02  
q[50]: 5.7828415348366415e-03  1.7423822619241111e-01  7.2422009638544083e-01  6.2026309405507692e-02  8.8707611286068244e-01  7.1119344859004818e-01  
q[51]: 2.1955028578200136e-03  5.6322128083963308e-01  9.8211673212281636e-01  8.7594035910217771e-01  1.2353006846562950e-01  7.5718182911662713e-02  
q[52]: 7.6030179372426794e-03  7.7774984823115512e-01  6.6302383820868593e-01  4.7332864708707173e-01  9.8112128470231097e-01  2.4569595824811730e-01  
q[53]: 1.2266918959858566e-02  8.3743948220732534e-01  4.6251277930749551e-01  8.7927523007176334e-01  7.9771091746826339e-01  4.4960798127865498e-01  
q[54]: 5.2717646521176168e-03  4.9895432354050911e-01  7.5113763346910767e-01  8.3042291053299766e-01  9.8029980223560209e-01  8.7707610243858569e-01  
q[55]: 1.0330437872217636e-02  5.4035613604615473e-01  8.3163920881679698e-01  2.9096732953515192e-01  6.3381074761813261e-01  5.7276492106720478e-01  
q[56]: 2.1895718873875484e-03  7.4099353932468648e-01  9.9149068264329887e-01  4.0956192845657213e-02  9.6301968719791009e-01  2.6906702712921132e-01  
q[57]: 3.9868609807178585e-03  7.0337801166383396e-01  9.4372498469670385e-01  4.2704003773905225e-01  2.9093254493994564e-01  5.2814043725671533e-03  
q[58]: 2.1518408931912123e-03  7.8657577804356738e-01  8.9957039817558215e-01  1.3471659244550074e-01  9.3679794298356833e-01  9.1464786004950516e-01  
q[59]: 6.2537704748377079e-03  6.0062298048605989e-01  8.2083333489131272e-01  9.5809782604087979e-01  9.2937452381794106e-01  3.4961823130346315e-01  
q[60]: 1.2886475108406062e-02  5.7071663448082477e-01  9.1054443263934370e-01  6.7816370759969546e-01  6.7672523312198840e-01  3.6447365579316737e-01  
q[61]: 2.5480331219151198e-03  8.2912410236863165e-01  6.5202715636945727e-02  1.7016469676951676e-01  1.6713370245216985e-01  1.1322326765771049e-01  
q[62]: 4.6382288309077162e-03  7.0565778330095708e-01  1.8828039581850187e-02  6.5223641262488197e-02  5.8802181696780376e-01  1.5618547380066725e-01  
q[63]: 5.2355745492403674e-03  9.7792186737862286e-01  3.8249781250557496e-01  1.0553903980678643e-01  5.9415121241545910e-01  5.0528843942207091e-01  
q[64]: 5.9009665302848730e-03  9.5566167828798110e-01  2.6205988997132629e-01  4.1864713922151836e-01  3.9952850830082914e-01  3.7216757603977947e-02  
q[65]: 6.4941478284570291e-03  9.2290632911145931e-01  7.5137398929178076e-02  6.9264298359796050e-01  4.9804070195866912e-01  3.7735364558796836e-01  
q[66]: 2.1855650142251623e-03  9.0559597182153984e-01  1.6374112971714291e-01  9.3734205898764211e-01  9.6156727563867306e-01  8.3871099053780163e-01  
q[67]: 1.9354304920635164e-03  9.1418681074029751e-01  3.9761928826075532e-01  3.1574695899570730e-02  8.6887285098566480e-01  5.4764380198143977e-03  
q[68]: 1.4518534791360738e-03  8.7061715116698002e-01  1.2209183778281452e-01  1.3326057066867325e-01  9.9022370855445052e-01  9.1580897334343203e-01  
q[69]: 3.8156430374679060e-03  9.9074534646637502e-01  1.6260832105587000e-01  7.2523568735932664e-01  9.1351042987531161e-01  2.3131981178189126e-01  
q[70]: 1.8482008065497319e-03  9.4246640295947837e-01  7.4852733083568990e-01  2.3658389404848659e-01  6.5897911184223334e-02  5.5460415680588043e-02  
q[71]: 1.0129333423993770e-02  7.1669293428952263e-01  6.3697755143886581e-01  7.0258823784435723e-02  8.5604862213279753e-01  5.5284501719028833e-01  
q[72]: 7.8058339546680190e-03  9.2718126336824391e-01  7.0678215282568879e-01  2.4214770334674124e-01  7.5157782491477809e-01  1.3246621882800352e-01  
q[73]: 4.6493097479525167e-03  8.9311080410195676e-01  7.6188092872278124e-01  6.4285725650751524e-01  3.5366964682103030e-01  3.3197002523815233e-01  
q[74]: 9.7207140281337194e-03  8.1957800129563552e-01  4.3360282236230191e-01  5.5157657692716633e-01  8.2190956988973440e-01  7.7137464262381872e-01  
q[75]: 5.9037709769364129e-03  9.5649000588236510e-01  6.6573917100582403e-01  9.0744840858972764e-01  3.9865654493663061e-01  1.3734868733230399e-01  
q[76]: 1.5212190689117787e-03  9.0494646020959024e-01  5.4423926683151325e-01  9.4265605394785357e-01  9.5688239491825811e-01  2.2251057064246321e-02  
q[77]: 5.7893781619862599e-03  8.9753355553778402e-01  9.4659673098408048e-01  1.6840004906494466e-01  5.2627546434017880e-01  2.9565762789619349e-01  
q[78]: 6.5360097394503705e-03  9.7553087831499985e-01  8.2486521338746321e-01  5.4801407614070297e-01  9.1938872712656938e-01  6.3810952834699297e-01  
q[79]: 4.6996749879698535e-03  8.7845790909880406e-01  9.5999408631166361e-01  7.5845118802631972e-01  7.5933717590916472e-01  8.5716731646428748e-02  
q[80]: 2.5503176769551958e-03  8.5334215645572498e-01  9.6112835121923268e-01  9.6239688189946293e-01  7.1667748234552531e-01  6.6551184125673968e-01  

