deg: 10
dim: 5
nodes: 511
efficiency: 0.980431

q[0]:   2.2671000523102531e-04  3.9440199988247465e-02  5.9389182497883101e-02  6.1308784394128048e-02  5.3344691606521411e-01  4.9828680090978411e-01  
q[1]:   4.3780075940033061e-04  5.6682794103174623e-02  5.6401898350162065e-02  3.0790293215105794e-02  7.0721359442069798e-01  3.5560721455645838e-01  
q[2]:   6.2954007833075935e-04  1.7251588727641021e-01  2.3987156640745522e-02  1.4879770792949826e-01  7.9470649081916434e-01  6.7143175192250759e-01  
q[3]:   1.3026624478401393e-03  2.7154289199146625e-01  6.7749755846814863e-02  2.8244195239323766e-01  5.7045797668063269e-01  1.1712344670467857e-01  
q[4]:   1.3653671233825168e-03  4.7859630186401006e-02  4.5586883079531515e-01  1.0552048679507638e-01  5.3881973746191303e-01  3.5618583995214731e-01  
q[5]:   4.9384879275801729e-04  1.0586433632528840e-01  9.3150372026977544e-03  4.0665248481483995e-01  9.6182229130681018e-01  5.9690922027891169e-01  
q[6]:   2.8478294420903705e-04  4.0127140777920199e-02  1.0229201267992817e-01  1.7206949565975763e-01  2.2206081938995417e-01  1.9091378161191008e-01  
q[7]:   8.8426009940339523e-04  9.5293299951798929e-02  2.4036164126791524e-02  6.2635643302748589e-01  6.0121741403142737e-01  1.1466963208693143e-01  
q[8]:   2.2542995108023803e-04  6.6911524017745500e-02  3.4178071504622272e-02  2.9886100933635890e-01  9.3964447912899585e-01  9.1479556989456778e-01  
q[9]:   1.5892831210374886e-03  1.5797226769607509e-01  1.1220040322132170e-01  4.3673943408435095e-01  8.6942475036687106e-01  1.8947638890626584e-01  
q[10]:  6.7671226982271918e-04  1.4379518466057721e-02  3.0686789003921428e-02  3.9015181076209304e-01  5.3743263283025089e-01  2.9586523882181898e-01  
q[11]:  1.0989949311199134e-03  1.0092682350379825e-01  1.0932332149365509e-01  4.8406786290510362e-01  7.7088803686477747e-01  3.8319499612875152e-01  
q[12]:  4.5768769254877101e-04  2.5502816615169399e-03  7.3557046362960926e-02  6.7351688037530633e-01  8.7645770069356810e-01  6.9638824068676686e-01  
q[13]:  6.4148007716998594e-04  1.1270347447218840e-01  1.6458457448678915e-01  8.1538380365808361e-01  2.1641433607240912e-01  2.7510482429986192e-02  
q[14]:  7.9763067382956888e-04  1.6909157025878020e-02  3.1760678779264856e-01  6.2107713613825044e-01  4.9823714005313829e-01  3.6131798716611124e-02  
q[15]:  4.5547952666087486e-04  1.4017500077943759e-01  7.9139682724359024e-03  7.3692673908258555e-01  5.8802224536719727e-01  5.6185458150506329e-01  
q[16]:  3.8122067918649902e-04  2.1233642108968196e-02  8.5546589731382822e-02  7.7436410564443636e-01  8.8365441214512230e-01  6.1596903669039929e-02  
q[17]:  5.6034882968023533e-04  1.5889258133737729e-02  1.0546738471119872e-01  7.4634261894627107e-01  9.3470387722468962e-01  3.5042701818153782e-01  
q[18]:  1.5492350563905616e-04  1.6597408626037398e-03  1.4529896792740653e-02  9.7225305079988156e-01  3.2367676302540788e-01  9.1548730404428333e-02  
q[19]:  8.3967527630773192e-04  1.9109267699677521e-01  8.0756929017369340e-03  9.0444487040224764e-01  8.3631952453423442e-01  3.8399149144010125e-01  
q[20]:  7.0571794518667927e-04  9.3966637041116241e-02  2.1124446014261708e-01  9.4142224793882434e-01  9.6594897454709083e-01  6.0111756229969271e-01  
q[21]:  1.4416316894496001e-04  5.9789616745395117e-02  2.1938276097804787e-01  4.8608407063737293e-02  6.1284506678543647e-02  3.8944358168208432e-02  
q[22]:  1.9550166014393810e-04  1.6572152841707176e-02  1.1484787361268323e-01  3.3355614200392986e-02  9.8171660020602303e-01  7.0927777934250302e-01  
q[23]:  7.7825398601086488e-04  2.4602125642589477e-02  2.3457352493933037e-01  2.0258081666136771e-01  7.7489394571234693e-01  6.5898099875594673e-01  
q[24]:  4.9271620899428675e-04  5.9931881389879649e-02  7.3504705429465036e-02  2.0036620941357908e-01  6.9850438219509470e-01  3.3601556982365742e-02  
q[25]:  3.2849467624854244e-04  5.1006794916330665e-02  1.8964366411866371e-02  1.6024888052013844e-01  9.3527925965846714e-01  1.5859451574804870e-01  
q[26]:  3.4968754541063300e-04  1.7096792129982195e-02  1.0481256327533212e-01  1.7119095710516899e-01  2.7183676736261292e-01  2.1447982077287639e-02  
q[27]:  2.7027003790949154e-04  3.3962544202941078e-02  3.0850518735457882e-01  2.7379502479279538e-01  9.6510526052404177e-01  1.8489862594482338e-02  
q[28]:  9.4724355596459463e-04  5.7815764381777157e-02  2.6234295585990608e-01  2.9525103946461412e-01  9.6989662449609226e-01  3.7567261105769084e-01  
q[29]:  1.0422519698849884e-03  3.2710858155010014e-02  3.2238203803549809e-01  4.8625323244576335e-01  5.7554105220100038e-01  5.1263412726063573e-01  
q[30]:  5.9049516708886923e-04  6.4701313559194368e-02  3.2603938970431418e-01  6.6695556088919183e-01  8.2973647473489276e-01  8.2447294715376163e-01  
q[31]:  1.4343637390059011e-03  8.1093371331600397e-02  3.4099821929996693e-01  4.2384812515399289e-01  9.2786351525822786e-01  7.4540844430609865e-01  
q[32]:  5.9714529720533683e-04  4.0770250919707429e-02  1.2045335296422204e-01  7.7168202079635617e-01  2.6957604223615583e-01  2.3617139899965606e-01  
q[33]:  6.6393919596532329e-04  8.4202310375671566e-02  3.0267167651279064e-01  9.6429139384544749e-01  5.1440838599649186e-01  4.6737663516304911e-01  
q[34]:  2.4460553634658849e-03  2.3410619319798268e-01  2.9503042079357361e-01  8.1467905739727509e-01  8.5811883571190528e-01  1.8399663778087208e-01  
q[35]:  2.9853305032833636e-04  8.0223314865773998e-02  1.7486601848987232e-01  8.0003874014916609e-01  9.9308106062896007e-01  9.2648895012619681e-01  
q[36]:  3.2034281623274604e-04  1.3119818954535839e-01  8.8550777358542873e-02  8.3171926409712571e-01  5.6132622277193978e-01  4.1401585437410158e-04  
q[37]:  1.1321122551205354e-03  5.8235224898521731e-02  1.2046068889688546e-01  8.5499834917344097e-01  6.2739200379796289e-01  4.0740160396262259e-01  
q[38]:  5.3092889402985217e-04  3.1945615721460610e-02  4.3541658122275279e-01  9.1923553637035871e-01  7.5802312031464159e-01  4.0927525293977127e-02  
q[39]:  1.7441314836334003e-04  9.6284992483727974e-02  5.2623428537011005e-02  9.8718029246005035e-01  9.5403787431141240e-01  1.5117860755007836e-01  
q[40]:  4.7255394848733112e-04  6.0421857455524808e-02  4.8259221656668894e-01  2.9501449104893388e-02  3.3129252455844499e-01  9.0967768005265195e-02  
q[41]:  7.2393698120353780e-04  1.2504410022326908e-02  2.7432894279712799e-01  1.3572054515132406e-01  7.5579156891735066e-01  2.9701312411071201e-01  
q[42]:  1.9987326008641734e-04  2.0464058427463471e-02  3.4079746264528038e-01  2.2942670278521409e-02  9.4908584729020384e-01  1.3907025227375722e-01  
q[43]:  2.5443730307394289e-04  4.3509222894702035e-02  4.0785008905695258e-01  7.6188477316754002e-02  9.6336322766691074e-01  9.1190383354578242e-01  
q[44]:  7.7260345217559684e-04  4.1272871005091126e-03  6.3992063187047055e-01  1.9389010940786763e-01  8.8874394615777497e-01  5.4883561954054927e-01  
q[45]:  7.6487905794867059e-04  9.1411171357423562e-02  3.8460510748663918e-01  2.5803633815281640e-01  2.4614001913158171e-01  2.0342799473834300e-01  
q[46]:  3.0997143312828457e-04  1.0262598432078474e-03  4.1238661304886842e-01  5.8408635096647699e-01  7.6431388136665029e-02  2.5259104662102103e-02  
q[47]:  1.3286507967620335e-03  1.6264755683339002e-01  5.9832663827177002e-01  6.7261649078133667e-01  3.0368147086835751e-01  3.5485144861684956e-02  
q[48]:  3.1339848802201453e-03  1.0804898479483269e-01  3.7615176385494281e-01  6.6555825705621563e-01  8.0576596836886427e-01  4.1711576429790931e-01  
q[49]:  5.1678447700187057e-04  2.7456095368815600e-03  4.3372873333923417e-01  9.3108063063994728e-01  8.2697177283163559e-01  6.4467456875782603e-01  
q[50]:  4.4278115475838677e-04  1.0831675069882991e-02  6.7432290232339953e-01  3.0601860182996121e-01  3.6452206107651597e-01  3.4799843624642385e-01  
q[51]:  8.9271299572344894e-04  3.7707707904086861e-02  6.1121969200311355e-01  4.0531111880500259e-01  8.6956425577492602e-01  8.1673613537238718e-02  
q[52]:  2.0590688551890266e-03  2.5119121080050116e-01  5.8164194518365286e-01  3.9469225442983613e-01  8.0299426330942525e-01  7.3734383997139530e-01  
q[53]:  1.8730003760943994e-03  1.6388348516015763e-01  5.2171507910558934e-01  7.7744020490044408e-01  7.2695211507629953e-01  6.0431965427481815e-01  
q[54]:  7.7941612140462442e-04  9.0253450629482146e-02  5.6517012647887011e-01  7.8333255489138787e-01  9.7063782561089540e-01  7.8708937703972914e-01  
q[55]:  1.4697306739809876e-03  1.6990720118672479e-02  5.2426852058189999e-01  7.6410946449732176e-01  4.5079810688979943e-01  2.3643264845981696e-01  
q[56]:  9.1763290883314919e-04  3.2016566346252877e-02  6.0527845525257329e-01  5.9999963745027496e-01  9.6930237707383593e-01  5.1658653055385839e-01  
q[57]:  2.8593766380687725e-04  3.1659372849682607e-02  6.0707038263405722e-01  9.4902563250006533e-01  1.3517156172063280e-01  9.6479682246698006e-02  
q[58]:  4.8456818778689080e-04  1.4426705933904466e-01  5.3915245629461173e-01  9.7663097570537716e-01  3.8586612492638384e-01  2.0757229797775292e-02  
q[59]:  3.8187718498278850e-04  7.0388424012846063e-02  4.9835812207909402e-01  9.8094659968488407e-01  9.7259232347213365e-01  2.7295634888638698e-01  
q[60]:  9.2710526807682355e-04  3.6480502649475950e-02  5.9926264268482643e-01  2.3193827039219958e-01  4.3860956573830301e-01  6.4767124297480980e-02  
q[61]:  4.9462211845036172e-04  5.1112113146063974e-02  7.2280484285678226e-01  3.8906835043665107e-02  6.7729931331490056e-01  6.3671082068491502e-01  
q[62]:  4.7194998804750762e-04  1.5686243009640947e-02  7.4580946431948325e-01  4.8769395623257411e-02  7.2367966599205502e-01  8.5156339944069043e-02  
q[63]:  9.8645923910856202e-04  9.9980796918509682e-02  7.7070332866444879e-01  1.3914971397238346e-01  9.1294479134147044e-01  7.8726384560571672e-01  
q[64]:  2.8828102925657290e-04  1.9331215418593853e-02  8.7542076793074741e-01  1.4722395750696454e-01  9.7630137347335955e-01  2.8065799552576737e-01  
q[65]:  1.3619259331962648e-03  1.4950935175796898e-02  8.2973048210465161e-01  5.6254227674586188e-01  7.1963333154067943e-01  4.9244815205072057e-01  
q[66]:  1.1935593039126720e-03  4.9465800071763162e-02  7.7460146955066844e-01  3.6808293129088110e-01  2.8128064678910647e-01  1.4289843559568696e-01  
q[67]:  1.0915645862117648e-03  2.3593411474809908e-02  3.1816110184251517e-01  4.2095649819803699e-01  7.4707835473911055e-01  1.5778673142870306e-01  
q[68]:  3.8063810041089594e-04  1.6478398337445903e-02  6.9227024765864342e-01  4.5551906821301352e-01  9.4347224999646684e-01  9.0209383949400568e-01  
q[69]:  3.5581605231487114e-04  6.5142777608507924e-02  8.8915253909483816e-01  7.3353069566487850e-01  1.5633510489026070e-01  1.0275669639899777e-02  
q[70]:  1.1418575745139440e-03  1.2122252265667721e-01  6.3623253382999523e-01  6.7720756751567313e-01  4.1983199795867532e-01  3.9757049204790657e-01  
q[71]:  2.2208114462086734e-03  1.5802604696247793e-01  6.7483896321720638e-01  8.4218993295751288e-01  5.9685431305092884e-01  1.4461337380713560e-01  
q[72]:  1.9247475710722683e-04  2.6066980225749450e-02  7.8094990786305218e-01  8.4593626228626007e-01  9.7076404494612578e-01  2.0070777403071133e-02  
q[73]:  8.1364003575083634e-04  8.7058307875751209e-02  8.1801430854429613e-01  9.6119567695767605e-01  4.4182311226204007e-01  3.0749276929857500e-01  
q[74]:  3.2481968482082928e-04  1.8701032073383941e-02  8.4588713861574605e-01  9.3446950623891223e-01  3.9389919183085731e-01  5.2759014188175531e-02  
q[75]:  5.1721010353405052e-04  2.3714074944145545e-02  7.6396754167472636e-01  8.6298141690636687e-01  6.8741444198250568e-01  6.5652472836576914e-01  
q[76]:  4.1416762167086936e-04  3.9617555908361496e-02  8.9466386743613413e-01  9.4288072641309284e-01  9.3227811667273108e-01  5.9235632508440694e-01  
q[77]:  2.0442615774643409e-04  3.9120303330287196e-03  8.4217636087141001e-01  4.7627816235573876e-02  1.6776543123075227e-01  7.6529766276812253e-02  
q[78]:  5.8070242076536612e-04  2.2610448067890653e-02  9.6127645346719082e-01  1.9854208651439778e-01  5.9546750180313790e-01  2.0338158714869070e-01  
q[79]:  1.5103436967868014e-04  2.3642230063422792e-02  9.7705675714809948e-01  1.6596783208191117e-03  9.3423107387233006e-01  6.7038043864880636e-01  
q[80]:  2.0172223866448834e-04  1.5932287800431588e-01  9.4639909943979139e-01  1.5074593086037355e-01  9.5169090776098475e-01  9.4738385910011869e-01  
q[81]:  3.0436698424237351e-03  1.1042424552054254e-01  5.7904133613935049e-01  3.9801984779741756e-01  6.4565495768683590e-01  2.4685980986371095e-01  
q[82]:  3.0274897717889036e-04  6.6152869926344338e-02  9.6564277749713612e-01  2.3109529938620185e-01  8.5141375190548041e-01  2.0223761024460680e-02  
q[83]:  5.1370041021689807e-04  3.7961501656539540e-02  9.6506029161727092e-01  3.3003316031960822e-01  7.4874788752157917e-01  6.8470256210621649e-01  
q[84]:  4.6283064296951027e-04  9.9724770744782226e-02  9.6302504892156238e-01  3.1215148866778369e-01  3.0798730859684109e-01  2.9153167788458050e-02  
q[85]:  1.3100548491480838e-03  7.6620221728708401e-02  8.0937268086651315e-01  5.4408563215345906e-01  6.0295911052876527e-01  4.9179017941266688e-02  
q[86]:  7.0058544982605584e-04  2.5975911545647233e-02  9.1474508223798545e-01  5.7153973403170233e-01  9.1218386417991348e-01  1.9183412374540001e-01  
q[87]:  7.0469102502921971e-04  1.1212442122965162e-01  9.7489222523724683e-01  3.8023423546907631e-01  9.3903836975663657e-01  4.8106955190431455e-01  
q[88]:  1.5440045873311122e-03  1.3518778508278503e-01  8.4336490409646081e-01  5.5597827260834753e-01  4.9180558952703873e-01  3.3568224040328387e-01  
q[89]:  4.2708008778410175e-04  1.1391750056285618e-01  9.8922051509259146e-01  8.8324530027399284e-01  5.3137915676172243e-01  4.6611892042365038e-01  
q[90]:  1.5363515061154521e-03  4.8102132744033972e-02  6.8747057691429936e-01  8.2783503647972090e-01  8.3876725944845920e-01  2.5626940913777441e-01  
q[91]:  2.5229909496360603e-04  4.7764842974600173e-02  9.7141462487680830e-01  7.8918292640796051e-01  9.4830862590528453e-01  8.6294235610216274e-01  
q[92]:  1.2169458512525314e-04  1.7457022741372041e-01  9.5335259569103215e-01  9.8700192479657067e-01  9.3078283727156319e-02  3.8388328559594308e-02  
q[93]:  4.3903934286717211e-04  2.3718800814052771e-02  9.8069223531115091e-01  6.7667400472322237e-01  4.7426048062711063e-01  1.7240433426561730e-01  
q[94]:  2.0801157537036919e-04  8.5000534974540038e-03  9.4472949656811855e-01  9.8885819343450310e-01  7.5864892785172788e-01  2.8021286570200948e-01  
q[95]:  5.6006824017233465e-04  1.9811198091154700e-01  1.8984534824351310e-02  5.3169140223652697e-02  3.1022596043846912e-01  1.3080677121924403e-01  
q[96]:  3.3374437134542481e-04  2.1357500031195636e-01  1.3814716544734884e-01  3.9963133019522833e-02  9.1004435616461987e-01  2.2203175160578938e-02  
q[97]:  4.3376037036312433e-04  1.7506145028685233e-01  1.9917588425619928e-01  3.8265375845816248e-02  8.4974096722590375e-01  8.2177103212879021e-01  
q[98]:  5.1973466636966756e-04  4.4716225216614791e-01  1.7782903411350800e-02  3.1056588794681450e-01  7.4100678486305571e-01  5.0830499321311319e-02  
q[99]:  9.7217132802635724e-04  2.5092881080591684e-01  5.1885683389589488e-02  3.4579374512158684e-01  3.6990668236860763e-01  3.2239826139991218e-01  
q[100]: 6.4079560210797914e-04  2.9840621551845531e-01  4.4686373280714127e-02  4.9561871956878500e-01  3.1983575022766314e-01  1.1883773146224267e-02  
q[101]: 6.2586974410483171e-04  1.0577043485153514e-01  1.2700202290110432e-01  4.2425588352009541e-01  6.4317635863899880e-01  6.0519502508179734e-01  
q[102]: 2.9765019635599158e-04  1.2573741480001469e-01  1.2450480025334451e-02  5.3625462691814629e-01  8.5227435133077720e-02  4.1949166171247658e-02  
q[103]: 3.3346974403494062e-04  2.5810477046720509e-01  1.5149850373829498e-02  8.0812499756784784e-01  9.7647093539701268e-01  7.9057586871446606e-01  
q[104]: 9.0672309291161440e-04  3.4620433768651299e-01  5.4865766205825763e-02  5.9148316537701351e-01  9.6310734647399743e-01  3.2156137120742251e-01  
q[105]: 3.6018042302463354e-04  2.6348855668851634e-01  5.7818075271047355e-02  9.8868139659458143e-01  3.0534400354626706e-01  2.4606484652811508e-01  
q[106]: 1.7008601784063060e-03  1.8015248127444264e-01  2.0491429820963919e-01  8.0589968190921890e-01  5.0538718955016881e-01  1.4624898762240951e-01  
q[107]: 5.2594287285035758e-04  1.6598049297051123e-01  1.2370131012756981e-01  9.7745899361752064e-01  6.7537229974658597e-01  1.0943772473141634e-01  
q[108]: 2.5212422750362380e-04  7.9735035806685006e-02  5.1159301658347395e-02  9.7775981048287264e-01  8.3997167261161598e-01  7.8373000941959103e-01  
q[109]: 5.0911069411309383e-04  1.1976871899812318e-01  3.2405749643850373e-01  2.4085580086666492e-02  3.7814082630990559e-01  3.0689549038642178e-01  
q[110]: 1.4287000416217273e-03  1.9191297946123592e-01  4.5283971543448143e-01  2.4648809754771451e-02  8.5352853662734052e-01  5.7949876080681317e-01  
q[111]: 6.0478134796671543e-04  9.9636892246820860e-02  2.1205821589367757e-01  1.6790551617558977e-02  6.2265943476602781e-01  8.0537527089084099e-02  
q[112]: 4.1735408240966090e-04  2.2172930772417296e-01  1.2246382260954869e-01  2.7925827431130118e-02  9.8223597505048521e-01  3.8255867307131641e-01  
q[113]: 1.6540081673366252e-03  3.9255432122635209e-01  3.6504645068023428e-01  1.6962090513693129e-01  8.6060081134254340e-01  7.0148765812221137e-01  
q[114]: 1.7897364107142500e-03  1.6462347702963395e-01  1.5010300340827937e-01  2.0188968694910128e-01  8.5776320181392429e-01  5.0798845830215467e-01  
q[115]: 7.2534251644088530e-04  2.6723610906798806e-01  1.8798698032545447e-01  2.8564260321275686e-01  9.8910490393683559e-01  8.8507996073902362e-01  
q[116]: 2.1606475346012607e-03  1.0000771377158034e-01  2.1057203046635231e-01  4.5395612412248920e-01  3.1448895201771487e-01  1.4256155588841929e-01  
q[117]: 2.6796907716054082e-04  2.2396264513470557e-01  2.8018097517816566e-02  5.3504793243460713e-01  9.9020203281902774e-01  4.1022288208806094e-02  
q[118]: 1.0383521198707110e-03  2.6383799285044879e-01  1.3052393996818393e-01  8.7384784235118140e-01  7.4440612994455713e-01  5.7795287545464802e-01  
q[119]: 2.4156332381075651e-04  1.8743436064006980e-01  1.7260320742335630e-01  9.2947487550026620e-01  5.1938581122456501e-02  2.8653514982064809e-02  
q[120]: 3.1232960764356835e-03  2.5274643772850081e-01  3.6128709571380052e-01  6.3034638532267584e-01  4.8857988724912976e-01  3.4399917284000420e-01  
q[121]: 5.4584200737072713e-04  1.6321066028364842e-01  5.2455606345087935e-01  1.8370693930912824e-01  7.2855109418241371e-01  7.1845138074293358e-01  
q[122]: 1.1964675744969792e-03  2.5913629629798540e-01  3.2429573067898126e-01  3.2862341110541488e-01  4.4091805098256670e-01  1.2194587274710835e-02  
q[123]: 2.0832521077205745e-03  1.7931150254072065e-01  2.4313862254077734e-01  1.7181882858287928e-01  4.9656944868617231e-01  1.5970655385468926e-01  
q[124]: 1.2775192304332024e-03  3.1213973096123210e-01  3.4629233688527555e-01  1.9356281086791516e-01  5.1286724567254938e-01  5.0460243465411592e-01  
q[125]: 4.4935767756223832e-03  3.4208381018388856e-01  3.7154914141882894e-01  3.6318430129273910e-01  6.7444633403226550e-01  3.6637450920187331e-01  
q[126]: 8.1301413165141560e-04  1.7647966931954717e-01  2.0524690828458189e-01  5.4033818149283508e-01  8.3480991380301606e-01  2.0448547948345795e-02  
q[127]: 1.9461676320863333e-03  1.9565349981738081e-01  4.6220201981732723e-01  1.2883643010485155e-01  8.6663093529309898e-01  1.4723985163685938e-01  
q[128]: 4.3111307528570297e-04  2.7146485708520368e-01  5.2466196639376317e-01  5.1677994211391920e-01  9.8757095717551746e-01  9.6901110468911644e-01  
q[129]: 8.0303396002597059e-04  9.2800088885687360e-02  3.8493847377170726e-01  6.8708114702626799e-01  9.8943183397986367e-01  1.3912703356038375e-01  
q[130]: 9.4249347118286137e-04  2.2094295817310006e-01  4.6746913305099219e-01  1.9157665693117534e-01  9.9907488427898405e-01  6.6383196554684054e-01  
q[131]: 1.1138458361864185e-03  2.5321240194782207e-01  4.1779103202978712e-01  5.1220083229080238e-01  1.4218483366752377e-01  1.2894487756932790e-01  
q[132]: 9.4922865931309824e-04  2.5891519902132348e-01  4.4338681388714785e-01  8.6661660602355095e-01  3.1291744890948558e-01  2.8112000455194297e-01  
q[133]: 3.0192460351196595e-04  2.0820215438058864e-01  2.7187665339356526e-01  9.4190937111880424e-01  9.5105640581614614e-01  1.2994105517699596e-02  
q[134]: 7.8810980316317003e-04  1.2364997953706344e-01  3.7298580222820799e-01  9.3233910716806867e-01  2.5925506991152591e-01  1.1793561979594938e-01  
q[135]: 7.2090054819562357e-04  3.7110071539185066e-02  2.6199858044477592e-01  9.5435963498712273e-01  6.8158930150476305e-01  2.3080929196938388e-01  
q[136]: 1.2017594554188055e-03  1.9507497020403730e-01  6.1738274072603072e-01  6.4246767758472090e-01  8.5185566354555053e-01  3.6204848871675119e-02  
q[137]: 5.9259249663803091e-04  1.9533953066963058e-01  6.2414944343229195e-01  7.1478149532039570e-02  1.5346602845063823e-01  1.1294587843650049e-01  
q[138]: 9.1659958415685162e-04  1.0614016996999040e-01  5.9073196167035680e-01  5.2825509533243456e-02  9.2244379237863749e-01  3.5243658152119356e-01  
q[139]: 9.5420423612102177e-04  1.7241610854558659e-01  4.8832716518506758e-01  1.8270891087516966e-01  6.9834943791803417e-01  8.8874437359424234e-03  
q[140]: 6.1888792243065740e-04  1.6330623398038396e-01  7.7134952396735346e-01  3.3329101595918698e-01  9.9464006750536726e-01  1.2937512569807144e-01  
q[141]: 9.1600741384596893e-04  1.6703960098268397e-01  5.1928918780559852e-01  2.4786260830489568e-01  1.2999150959558289e-01  1.5268964492904396e-02  
q[142]: 2.1327521889883175e-03  1.3248793002284912e-01  6.0042323596849378e-01  3.2932317400214972e-01  6.8918388527763608e-01  5.2388067246983627e-01  
q[143]: 2.9963034033552464e-03  3.2299735696410398e-01  3.8925908218364458e-01  6.0508423711787607e-01  6.5830086072206817e-01  8.6546324963705110e-02  
q[144]: 1.0764264507358177e-03  2.6410696705616293e-01  3.5848742465285938e-01  9.1399604131149081e-01  9.0338030565530025e-01  8.4086438143446274e-01  
q[145]: 1.5046794840407790e-04  7.8240422747993671e-02  6.8705429536049734e-01  9.9187860652402315e-01  9.5864576972868021e-01  9.3760671810189955e-01  
q[146]: 1.2973638776226835e-03  1.9230842457526634e-01  6.1550673678383994e-01  9.8796646420311740e-01  7.2997904487303877e-01  4.5996296269100895e-01  
q[147]: 1.4781472687163239e-03  4.2423856233739032e-01  5.9274729485171751e-01  8.7648318623974530e-01  4.7402687014438000e-01  3.5860120293938946e-01  
q[148]: 2.1693457189335854e-03  3.1487036317338268e-01  4.5985426587849015e-01  9.2615662536268450e-01  8.9265480923425078e-01  4.5354485947149303e-01  
q[149]: 7.7556653367702900e-04  1.8297915588066582e-01  8.3471624239799036e-01  7.1403199907934117e-02  4.4339168440424115e-01  2.6956655501728436e-02  
q[150]: 3.1863056745636004e-04  1.2461917752478867e-01  7.7924283093692259e-01  6.8301300670786672e-02  9.5626603335523730e-01  3.9419209876716321e-02  
q[151]: 2.3124549490208869e-03  2.6985775372677634e-01  7.2669097688418993e-01  1.2685366947716192e-01  4.3420634379705753e-01  2.0258033549145538e-01  
q[152]: 1.1567198922627167e-03  2.4122236501167785e-01  8.9872478456422256e-01  4.6158169223617529e-01  5.6948532808924157e-01  5.5053111113740050e-01  
q[153]: 1.6732063997798516e-03  1.8766978891248434e-01  8.0881588082905820e-01  3.2487454246035630e-01  7.7386801615831746e-01  2.0625450360467701e-01  
q[154]: 2.8199781314055855e-04  1.2825130219207848e-01  8.9085244598562963e-01  3.0064335348859395e-01  3.9406210404648791e-02  3.2604173682377287e-02  
q[155]: 2.5923110044351171e-03  2.6666097148135948e-01  5.6605937614996560e-01  4.4114044246028244e-01  9.5589664179148259e-01  3.0428164778935424e-01  
q[156]: 1.2791590876301323e-03  1.9435421177489279e-01  7.4523385685627885e-01  7.0118492935573673e-01  1.8915873631680885e-01  1.1308927632032272e-01  
q[157]: 1.0060282396510845e-03  3.6341499686696233e-01  5.0722061469937874e-01  8.5076204985447512e-01  6.4545678984802091e-01  1.4833100975630934e-02  
q[158]: 1.0490514667797579e-03  1.5661150968929227e-01  7.7602997501934867e-01  8.5115598239231260e-01  8.5739597891424457e-01  6.8326680947660101e-01  
q[159]: 1.2206686054923041e-03  1.9924620701464194e-01  8.3927566508554641e-01  8.1456203444330311e-01  9.7787974166152380e-01  4.1076956680610172e-01  
q[160]: 5.4769783827187768e-04  2.1191823875242391e-01  7.3208949689437242e-01  9.8662453099216230e-01  8.8476274722362247e-01  8.4817149162234054e-02  
q[161]: 7.1321182186178474e-04  9.0413197107996959e-02  9.5208295068836135e-01  1.3274221896571325e-01  4.1156866384604668e-01  3.3728104591941765e-01  
q[162]: 5.5435123973012802e-04  9.1670365178306928e-02  8.5741900263847826e-01  5.0864544928394106e-03  6.3309042474827337e-01  3.3629006533391337e-01  
q[163]: 4.7712999292001272e-04  1.9972775445483892e-01  9.8591892425845939e-01  7.1135540693519156e-02  7.1262254206654374e-01  1.4331836885845228e-01  
q[164]: 2.7558345933433015e-04  2.3384032647541908e-01  9.7363916762496994e-01  1.6110277627517291e-02  9.4822180848925308e-01  2.0390152591279842e-01  
q[165]: 1.4056393901420838e-03  2.2178823906251141e-01  8.7192947967416090e-01  1.5698108828284030e-01  6.5252577873714090e-01  4.8033375549983487e-01  
q[166]: 1.8112479266952516e-03  1.2810692583341610e-01  8.3525684218203378e-01  2.0018401094660657e-01  8.2008088338625640e-01  3.7180941739969880e-01  
q[167]: 5.3040246444103600e-04  1.0973948954200141e-01  8.7814270625057300e-01  4.0376235816728645e-01  9.9464101600326060e-01  7.6916536466832719e-01  
q[168]: 9.4918359170329198e-04  3.1241300391910853e-01  9.2524630479726511e-01  3.7820488904636013e-01  6.0184362795828128e-01  2.3805159082594545e-02  
q[169]: 1.0584543382220442e-03  2.2015359835523687e-01  9.7097891641622658e-01  6.5092371615025479e-01  7.6817283089313027e-01  1.8234115279570226e-01  
q[170]: 8.5230799174216664e-04  1.9502499330812953e-01  8.4087780240414955e-01  6.8416860068256180e-01  8.4773460157593994e-01  8.1665009773247221e-01  
q[171]: 2.7617783861377701e-04  3.9271663953532168e-02  9.5535462477103728e-01  7.2772817731186379e-01  2.0259260461225281e-01  1.9276885803793889e-01  
q[172]: 1.0149079257674152e-03  1.4406877915956817e-01  9.6611369520975632e-01  6.8183353050332840e-01  8.3200130544475015e-01  5.3428126751105509e-01  
q[173]: 1.1293667733751906e-03  3.1158630966541762e-01  8.5890757787858640e-01  9.0141693433877090e-01  2.6364473312000414e-01  1.4019717708527626e-01  
q[174]: 1.1343197766382214e-03  1.7170670176054220e-01  9.0919743305268685e-01  8.7078539164110347e-01  6.3964563035709188e-01  3.0998411474227100e-01  
q[175]: 4.4951570152506779e-04  8.6238477633597002e-02  9.3561035403521953e-01  8.4765436310714981e-01  7.2119684524528449e-01  2.4623452238916217e-02  
q[176]: 4.0013006506948204e-04  2.8667425863653645e-01  9.6644015795122096e-01  9.8529416482709531e-01  8.2623733485443385e-01  7.4957675831197501e-01  
q[177]: 3.1740786263518287e-04  1.5240018467830915e-01  9.7865144359447676e-01  9.1772488301156818e-01  9.6028229582206970e-01  1.5417438499113140e-01  
q[178]: 3.8944859662810622e-04  5.9115210429765885e-01  4.3694368887449014e-03  7.0507294129371734e-02  6.2797831773866486e-01  5.8823272701770513e-01  
q[179]: 7.8471328799125989e-04  3.1309342711759441e-01  2.2281157120485399e-02  7.7497396224083415e-02  8.0306174469362812e-01  2.5969548018897487e-01  
q[180]: 4.8741474896432695e-04  4.1598143353067046e-01  4.3957416729815992e-02  5.3206080293435175e-02  9.4847570323667196e-01  8.1284296900403874e-01  
q[181]: 4.3472106071915394e-04  4.5945934600056482e-01  4.3121530603813192e-02  6.2814895472177848e-02  4.8424746586285183e-01  2.2885441952645150e-02  
q[182]: 1.6350807723584679e-03  2.5279859081748074e-01  1.4342905614222121e-01  1.9630011367812661e-01  5.3334003529901108e-01  3.8421948723854860e-01  
q[183]: 1.0764643801304788e-03  5.0028172461971787e-01  4.7706914327920680e-02  2.2941077576705327e-01  9.3855428312525158e-01  4.9122680849846934e-01  
q[184]: 1.1479075088250657e-03  6.3312939663407586e-01  1.7034889946455228e-01  6.0284902716262934e-01  6.4328742594006816e-01  9.2398509423950049e-03  
q[185]: 6.6138250305527817e-04  3.6408381122642020e-01  7.7617072217911046e-02  5.9859984704191982e-01  8.9516131749156669e-01  8.7548401023476763e-01  
q[186]: 3.6646317781532625e-03  4.4979093738136844e-01  1.2098938904312949e-01  6.4407861823658119e-01  7.0064138898976225e-01  2.3727026453066719e-01  
q[187]: 1.1374390591037801e-03  2.3291984740962177e-01  1.2263959349474787e-01  6.6346002328769660e-01  5.5364252749202414e-01  3.9895230128214892e-01  
q[188]: 1.1912417864148673e-03  3.4453368088401232e-01  1.6351145615017007e-02  7.9777208538821465e-01  3.7666382495126016e-01  1.7848992764338001e-01  
q[189]: 7.3767495211742072e-04  3.9117441745593051e-01  3.5187475170822276e-02  8.6562904899635629e-01  7.9457151751666377e-01  4.6000879877590391e-02  
q[190]: 1.5764938498650037e-03  6.2499799054742966e-01  7.4583277340919449e-02  8.1251101502420153e-01  8.5150173868198797e-01  4.6443030636973887e-01  
q[191]: 5.8919940660874862e-04  4.7262532551641656e-01  1.0304783241541149e-01  9.8519108494009500e-01  9.2441948630497395e-01  7.1108709855352614e-01  
q[192]: 7.7903812857744374e-04  3.4703015736526310e-01  1.3057608133619966e-01  1.8377958606465683e-01  9.5339446662828314e-02  4.3443408153570381e-02  
q[193]: 1.0701664533384393e-03  5.3182904316969704e-01  2.0294218625410881e-01  9.0095087998626533e-02  9.3772990421185298e-01  5.8496958623991513e-01  
q[194]: 1.4272140004767319e-03  4.9748016348315521e-01  1.2750838987668969e-01  3.1920192034333228e-01  7.4014890424140722e-01  7.1118023828777277e-01  
q[195]: 9.6198097008076320e-04  3.6311448553190245e-01  1.9290115679957295e-01  2.2697371751858572e-01  9.8398859535180194e-01  1.4098857173264542e-01  
q[196]: 1.3713017286717264e-03  4.3208700493776031e-01  1.9890064636634086e-01  5.1595370522809636e-01  1.9518735580449864e-01  6.0847475802694916e-02  
q[197]: 1.6114635810397290e-03  4.4858298710854760e-01  1.9327025585080665e-01  3.3031367476746232e-01  8.2746418736084038e-01  5.6961121999742875e-02  
q[198]: 3.0314345876888940e-03  4.6915802547149438e-01  3.7628006948168602e-01  3.4796756105101312e-01  9.1042058692802919e-01  4.0664592418482204e-01  
q[199]: 1.7753106764000720e-03  2.4650134122866030e-01  1.3090089707901817e-01  5.8776624235929065e-01  8.3210407977239387e-01  6.8174669273741928e-01  
q[200]: 9.1064544133963614e-04  4.2156578122465560e-01  1.4601494196785639e-01  7.7065747131295781e-01  1.7919527575082803e-01  1.4067410132877989e-01  
q[201]: 1.2959954929319159e-03  3.9145875711840356e-01  2.6493442374213033e-01  8.7367846370330959e-01  6.7750618463988055e-01  6.5260128727201916e-01  
q[202]: 1.7347527590052435e-04  5.2186098729903796e-01  1.0381101248451327e-01  8.9298522274154157e-01  9.8693857196103485e-01  9.7653368277624431e-01  
q[203]: 5.3716569015694715e-04  4.0671750872212492e-01  1.7252831450220055e-01  9.7319420997074102e-01  4.7314619420653536e-01  4.0389744859136149e-02  
q[204]: 9.7727971257237909e-04  3.8291546590496561e-01  1.3260487714311253e-01  9.8037738051889156e-01  6.1391118648585830e-01  3.7255383253789748e-01  
q[205]: 5.8402144820771410e-04  4.7099617523913356e-01  1.2063885802590441e-01  8.9912521302847048e-01  9.6848287026774149e-01  1.3216112085256104e-01  
q[206]: 6.5949605275007880e-04  3.6727535711172316e-01  3.3145404191451500e-01  2.1146167918586041e-02  2.6113100421063290e-01  2.5853074801258844e-02  
q[207]: 1.9156177015461349e-03  3.7676909166277217e-01  2.5300537294060099e-01  1.1527086552147239e-01  8.0743745176844639e-01  2.6086831694362594e-01  
q[208]: 4.4264600025999715e-04  4.4284441182676282e-01  4.7917211752892608e-01  4.6743504588072665e-02  9.7365331328354821e-01  7.9684937945942669e-02  
q[209]: 5.4134306187757686e-04  3.9304140130125881e-01  4.7432089372764896e-01  1.7969144011904753e-01  9.3145507131361815e-01  9.1327752798590145e-01  
q[210]: 2.3473813940774711e-03  4.8650665625555212e-01  3.8037685038673091e-01  1.6969161279312350e-01  2.7703107463299065e-01  1.5117759225110614e-01  
q[211]: 2.5767866418141983e-03  4.0615391184319144e-01  4.8975202244822696e-01  5.5629477690706886e-01  4.0287949910121046e-01  1.2004369439406164e-01  
q[212]: 1.0066254730865234e-03  4.3651458491257183e-01  3.7679415397523552e-01  8.4213139238174362e-01  1.6438827657501254e-01  3.0045802104234496e-02  
q[213]: 5.3832590891093543e-04  2.9576439665326310e-01  7.5297138273634279e-01  4.4797947986298665e-02  3.3438025689750439e-01  3.2170252765756863e-01  
q[214]: 1.6385993548518826e-03  3.5164882336331876e-01  5.4392638551365102e-01  3.6620172646416718e-02  6.0573746326762523e-01  1.8981070436688136e-01  
q[215]: 2.5327168065311565e-03  4.1037217755930933e-01  6.4253310236308425e-01  2.4696530860156518e-01  6.6865012398396406e-01  1.1895838258953013e-01  
q[216]: 2.1200493029204640e-03  4.4558305356815597e-01  6.1279610352678426e-01  7.9693958776679438e-02  6.3127310522712943e-01  5.0939023311536269e-01  
q[217]: 6.4722183209563059e-04  4.2649103285907619e-01  5.6911913147365678e-01  3.0845191350280432e-01  9.5275768465205379e-01  6.2517693386007966e-03  
q[218]: 3.6276206804029738e-03  4.6058519180075369e-01  7.3601852479281615e-01  3.6006851342455437e-01  8.5985348747327395e-01  5.6304598584092203e-01  
q[219]: 1.6819350210188118e-03  3.8535283868383208e-01  6.7970940544731906e-01  4.2429053439176390e-01  2.9602780865656386e-01  5.6159326950034436e-02  
q[220]: 2.1246740579108697e-03  3.3408208142560925e-01  6.9585146261155972e-01  3.3362969701958822e-01  4.0242359100214370e-01  3.1994048655796931e-01  
q[221]: 2.3414472203962498e-03  4.9080075449200200e-01  6.1369446806958627e-01  6.4827703878254916e-01  6.4984707289449584e-01  5.9835515399725048e-01  
q[222]: 1.8199095821482439e-03  4.7551753298975324e-01  5.8879870989094896e-01  7.1303328548788680e-01  9.4608310246205807e-01  8.1518085218827019e-01  
q[223]: 1.8306229743523619e-03  3.7955916914233373e-01  4.1486941685725198e-01  9.5656218807032456e-01  4.4857857252947575e-01  1.9052931010485435e-01  
q[224]: 2.4694367398654608e-03  2.8695283485227957e-01  7.0678134596217768e-01  5.7551632521386931e-01  8.9934200105643058e-01  5.8163645731660585e-01  
q[225]: 3.7869704596387458e-04  3.3488367564929533e-01  6.6632066409194046e-01  8.1486012958149212e-01  3.3922426950408112e-02  1.6820909956522443e-02  
q[226]: 1.4341845100884893e-03  5.0520217378941112e-01  3.3299566595446756e-01  9.5090028113323188e-01  8.0093670396929040e-01  1.8969783940556451e-01  
q[227]: 2.9634515884302776e-04  3.7352743010207712e-01  9.1566731842784832e-01  1.0798848884292285e-02  7.2248097053052684e-01  7.0781013666788772e-01  
q[228]: 6.4961289086729545e-04  4.2162151066661896e-01  7.6521214420409056e-01  2.7915979747954352e-02  7.8178300155651359e-01  3.0428135942944363e-02  
q[229]: 1.1709842214877419e-03  4.4655488075860589e-01  7.8685065497012840e-01  1.5317363443714498e-02  8.0769100903215030e-01  3.4979719335752968e-01  
q[230]: 1.3114379598534727e-03  3.8747745027544422e-01  9.9222309042151324e-01  3.7110667297324484e-01  6.6881229667125541e-01  3.9028161986493476e-01  
q[231]: 1.0849297155939267e-03  3.2633533829123895e-01  8.3833687108833099e-01  1.1325386813368919e-01  9.7814728378131310e-01  5.3452363729899233e-01  
q[232]: 6.3444077928257782e-04  4.6998284986213473e-01  9.0069501083590275e-01  2.1171570340186471e-01  1.8467139609790023e-01  1.7202487992582849e-01  
q[233]: 4.0995251026476748e-03  4.2503655695626558e-01  6.8800405329536263e-01  7.8040301857773431e-01  6.5988343702479546e-01  3.1983914379980483e-01  
q[234]: 1.0861657785546067e-03  3.1637515646859615e-01  9.0014657365631412e-01  4.7196246643987932e-01  9.3127488166264527e-01  8.0961983178921515e-01  
q[235]: 5.0886928012399053e-04  4.9126405714435589e-01  9.3621646252390711e-01  5.7828213249017901e-01  9.6171776595055075e-02  7.4024901568979029e-03  
q[236]: 3.3268094419586993e-03  6.3661243323867922e-01  6.6433900358713216e-01  5.6077994019021449e-01  5.0209563623383269e-01  3.0233689823815513e-01  
q[237]: 1.2484460115144344e-03  4.4516696018124152e-01  6.5492656179805631e-01  8.8710518938329652e-01  9.4665722158589816e-01  1.6325592693222604e-01  
q[238]: 7.3483404874244223e-04  3.2950309909717007e-01  8.5740673103408649e-01  9.8545912370702715e-01  6.6944575380169591e-01  8.7322815097521905e-02  
q[239]: 5.7140322822625122e-04  3.6497741663366956e-01  7.1725949143276801e-01  9.6151224231655297e-01  6.4349648529786496e-01  6.1945328982409364e-01  
q[240]: 5.4976898486027912e-04  3.3401294857743197e-01  7.6842267763708172e-01  9.5733185780212360e-01  9.8672196509118337e-01  7.5371776408957636e-01  
q[241]: 3.5403693045907042e-04  2.6741587118555993e-01  9.6961685313499024e-01  3.2168945826263166e-02  2.0289723313302732e-01  7.1494098596185551e-02  
q[242]: 4.2160434278950930e-04  3.5986477951114709e-01  7.0590983496336046e-01  1.3746824404630202e-02  9.8144797854662502e-01  8.8109013706047590e-01  
q[243]: 1.6224950630826524e-03  4.0302108961306510e-01  8.9240823609079623e-01  2.2461842862509948e-01  8.6547302895158162e-01  1.1670937053975106e-01  
q[244]: 1.1350145720007297e-03  3.4018842257587495e-01  9.6467302326846727e-01  1.1756018936786194e-01  8.3219053674501309e-01  6.4569881661100414e-01  
q[245]: 2.3096119896889782e-04  2.5931886867686849e-01  9.7248994901094843e-01  5.1579877077977776e-01  9.7734182458103447e-01  2.2628121325791319e-02  
q[246]: 8.0283351992064753e-04  4.6628861862997079e-01  9.8002389872814111e-01  3.8249621574652787e-01  9.5760837624167539e-01  3.1503465978900447e-01  
q[247]: 7.5522654800830086e-04  2.7518527665406844e-01  9.8653937070948428e-01  4.3059415448358651e-01  2.5391759043704842e-01  1.6327355105691291e-01  
q[248]: 2.1815135424060389e-03  4.1692593953471979e-01  9.0112447959181008e-01  7.8130730475404930e-01  6.6422874090589201e-01  5.1811491169734158e-01  
q[249]: 1.1155175481511604e-03  3.2930354278091772e-01  8.1632698985551866e-01  6.7239804417877125e-01  9.0663505173600012e-01  6.6700594224314597e-02  
q[250]: 2.2701719697025427e-03  3.7765949941253207e-01  8.1941282135801985e-01  6.2475109141330687e-01  8.3615105829915115e-01  2.8334275230064770e-01  
q[251]: 2.6713955824479707e-04  3.9230881705900111e-01  8.9100147209793146e-01  7.9113842919127475e-01  9.9597048604268912e-01  9.6747244147827227e-01  
q[252]: 5.9613030015216143e-04  3.0098071007708393e-01  9.9550057057957120e-01  8.9100601636825016e-01  3.8763444795881286e-01  7.3977380679348573e-02  
q[253]: 1.2556510581658937e-03  4.4419165935362787e-01  9.3714788733502419e-01  9.4634531607459582e-01  8.4713185153410819e-01  3.6441270870307418e-01  
q[254]: 2.0815069488270789e-03  5.9797112595186619e-01  9.6854709915999801e-02  1.0190261188067380e-01  5.0373442189353490e-01  2.5342013236170002e-01  
q[255]: 2.1083228087811861e-04  5.7377988946240099e-01  5.6212781683679901e-03  9.4760863817316049e-02  9.1281768256130791e-01  3.1123395468498218e-02  
q[256]: 2.1561457787306845e-04  6.5657989838690589e-01  1.6023850719188165e-01  8.7188980766221350e-02  9.7441303791745704e-01  9.6995747810081734e-01  
q[257]: 9.6182370252379944e-04  8.4887927645009553e-01  1.2445343161108206e-01  1.0020690841633553e-01  4.7520389744746816e-01  4.2272515549868123e-01  
q[258]: 1.1837560936400369e-03  7.6944073154956327e-01  4.3995649974158238e-02  2.2988023433047050e-01  7.3479519417539052e-01  1.8451212165279518e-01  
q[259]: 1.9437435218278441e-03  4.4375687347673637e-01  2.1582945582929242e-02  4.0152442259975046e-01  7.0391742939790591e-01  4.6064660938103030e-01  
q[260]: 4.6190419156379137e-04  5.9469317023339530e-01  1.1181645317253283e-02  2.7340449762879654e-01  2.3907764231903308e-01  2.1797640252410586e-01  
q[261]: 2.9463622792230940e-03  7.4427635873354681e-01  2.5804451449334126e-01  2.9687514530898462e-01  6.2252887137010060e-01  4.7896791867992311e-01  
q[262]: 8.6882371140103163e-04  6.8636377600471832e-01  4.5165032607191735e-02  3.1163671570549956e-01  2.3591540984608741e-01  5.0871959837657736e-02  
q[263]: 2.1251469503014374e-03  3.2312270807825277e-01  2.3448062159503777e-01  6.3920834086221900e-01  9.5261890203985633e-01  6.1352494127848778e-01  
q[264]: 6.5519564831376901e-04  6.0928996875977737e-01  8.4714753185144050e-03  7.9004848108090009e-01  8.3973464128617470e-01  7.3288693648334180e-01  
q[265]: 7.6410235837902005e-04  6.0215433493463821e-01  4.9951802600739822e-02  9.1727933270183759e-01  5.3776386217988725e-01  4.8554446983285049e-01  
q[266]: 3.0200047475634309e-04  7.9675608006838006e-01  1.9057643095005503e-02  8.7350337078300833e-01  9.9733351912445978e-01  5.4337128452037775e-01  
q[267]: 8.4280442391903437e-04  7.3356259051354311e-01  2.0362178047892612e-02  9.4058285387395846e-01  6.3215935975219784e-01  1.4773471200810934e-01  
q[268]: 1.5766125765205168e-04  7.7257740788383966e-01  9.3731542712695737e-02  9.9805412796800486e-01  8.3253794333031217e-01  8.2836975517615263e-01  
q[269]: 5.1206692039617620e-04  4.5732037395419894e-01  1.6504309834451777e-01  1.6766464172335887e-02  2.7723155956270279e-01  2.3918570821493998e-01  
q[270]: 6.6463164266642978e-04  3.1864598165616270e-01  1.8939032138696452e-01  1.2288992023504357e-02  6.2916501454108809e-01  5.0881271705289544e-01  
q[271]: 7.5634477462305878e-04  5.6121635049472507e-01  2.1357599110667877e-01  8.0674507393368525e-03  7.3669862801121300e-01  8.4961244943336039e-02  
q[272]: 5.3150811754780936e-04  6.9339303296870003e-01  9.7656978514778420e-02  5.0517642686741991e-02  9.5609472521991978e-01  2.0522386266192691e-01  
q[273]: 1.1398365410350950e-03  5.3243686152174041e-01  2.3542051381581303e-01  4.3624734662228229e-02  7.0282932936373987e-01  4.6003508785412189e-01  
q[274]: 8.5636609019210097e-04  6.1231513489531109e-01  7.2953698161823760e-02  4.8997452810226838e-01  9.7601691721618422e-01  7.2231548289139835e-01  
q[275]: 1.3149560141023763e-03  5.8874014710823375e-01  8.1088961014623581e-02  5.3791840156579296e-01  3.8985757591861014e-01  2.0998015285758875e-01  
q[276]: 1.9403478341337311e-03  5.1461637230145063e-01  2.0078919118197167e-01  6.0044727261653574e-01  4.0950377584264125e-01  3.8235239546382693e-01  
q[277]: 6.7769382270361210e-04  6.0925435395922345e-01  9.0335603659693967e-03  6.1826963645370980e-01  8.9668695003361876e-01  1.8397358956579712e-01  
q[278]: 1.7134241631131916e-03  6.0077485690286203e-01  2.9699130646312732e-01  4.1940486346355260e-01  9.2979817558629996e-01  8.2682502755982012e-01  
q[279]: 1.7798609367868917e-04  5.6572609518151540e-01  2.4376298193372857e-02  9.7628824564943972e-01  1.4647961225531766e-01  1.8203691201431112e-02  
q[280]: 1.1919766306626751e-03  5.7033250794488355e-01  1.3417809713818152e-01  8.3782048527731612e-01  3.9568337996960690e-01  4.1859220899063798e-02  
q[281]: 7.2458704470320756e-04  6.2081596954219709e-01  1.4547134391608030e-01  9.8918608334119040e-01  9.2087360495827564e-01  3.2944968171237576e-01  
q[282]: 9.6491552708746764e-04  6.6886595510244085e-01  3.8320270366716169e-01  4.4391924017809552e-02  8.0181488628165931e-01  7.5100845789682680e-01  
q[283]: 1.2184211524884035e-03  5.8212351540977703e-01  4.1786294832228471e-01  1.3634338345790009e-01  5.2494001912900079e-01  2.2952882398757441e-02  
q[284]: 9.7630145674312547e-04  7.3499736552156425e-01  5.1129625474999219e-01  9.0342222823679028e-02  4.8527892483275681e-01  4.6179944105050497e-01  
q[285]: 8.8442491611632405e-04  7.1309479165605771e-01  4.0798123469048636e-01  6.7057846328942028e-01  9.0912870725668071e-01  8.8631235442974565e-01  
q[286]: 5.3308445522502973e-04  6.4305069520826286e-01  3.3793135033931754e-01  4.6671777466159309e-01  2.9995986213794477e-02  5.4985207294689711e-03  
q[287]: 2.2483328501667491e-03  5.9938229828030587e-01  3.6290741405600763e-01  5.3504380100116755e-01  9.3099308838005068e-01  9.6898802304782941e-02  
q[288]: 5.7244949139979623e-04  4.4531617786598587e-01  7.9738953072637786e-01  9.5158349161537159e-01  3.1909871769425385e-01  3.1362656168606567e-01  
q[289]: 4.6522395322786563e-04  4.4424657839223380e-01  4.7386883031750221e-01  7.9806700649958939e-01  9.7751514263238382e-01  3.3377024301390001e-02  
q[290]: 6.8455748809508065e-04  3.2786373034895983e-01  1.6726104750010201e-01  8.1687508870249670e-01  9.9371853080900685e-01  3.7948785888920383e-01  
q[291]: 4.8064075368152502e-04  6.5822702146065803e-01  3.4897215356269401e-01  9.8541677225962443e-01  1.5630650938362403e-01  1.3622586639400314e-01  
q[292]: 2.8426671023566272e-03  6.6068156085784990e-01  2.8952379934722783e-01  8.3139110274898631e-01  6.3775692900677272e-01  3.0935857658578159e-01  
q[293]: 4.8568529966845099e-04  5.6894605898070993e-01  4.3195663515470112e-01  9.6815630783235573e-01  9.5783631127699109e-01  8.2877785858649378e-01  
q[294]: 3.0132797998966705e-04  5.6108463048320978e-01  6.4709304110544474e-01  4.2807731946826792e-02  4.2003786506959892e-02  2.3968459665958019e-02  
q[295]: 7.2057141540239969e-04  6.1104691349251261e-01  4.6305355560293826e-01  2.6049376367724024e-02  9.7209103546805387e-01  3.8501444833953841e-01  
q[296]: 7.2899673010462800e-04  6.9017246577489844e-01  7.6144109621539613e-01  3.7604937364019139e-02  8.6892883459172487e-01  7.3599357404035659e-01  
q[297]: 8.5085810431211615e-04  7.4451418731573216e-01  5.0075673770711393e-01  1.2505623904153529e-01  8.3772070014114319e-01  2.1157751137521965e-02  
q[298]: 1.0976604243013784e-03  5.4085678179649055e-01  7.9295341533268759e-01  2.2194817608554446e-01  8.5151155498200437e-01  8.2421894499501469e-01  
q[299]: 1.1719281271224942e-03  5.5633301799719381e-01  7.0329676026342969e-01  1.3480696169335121e-01  9.7147009139617957e-01  2.5218567404071890e-01  
q[300]: 8.8473356658755364e-04  4.9507489434088264e-01  8.2277639255229007e-01  1.6858622749556901e-01  1.7851316279466553e-01  2.2925313358875633e-02  
q[301]: 2.6514118206441947e-03  5.9349528397451223e-01  4.7164856091817658e-01  3.2282640953353792e-01  3.6247110195321264e-01  2.7347234503287732e-01  
q[302]: 2.7824047056085417e-03  5.6615461691468705e-01  3.5416054996427321e-01  5.3157487786420321e-01  7.2908258935634385e-01  5.9026950991893967e-01  
q[303]: 3.3396051416683570e-03  5.8485564930701439e-01  5.5926306946320570e-01  6.2233275756476836e-01  8.5974491313835344e-01  2.6340093884730259e-01  
q[304]: 2.2105555833428249e-03  6.6520383832355801e-01  5.5604512004046824e-01  7.7372395291229057e-01  2.5635539590556555e-01  1.6298935806773085e-01  
q[305]: 7.2548425864422483e-04  6.0555353220843366e-01  7.3065170896157527e-01  8.9337887736438260e-01  8.7326034238113293e-01  8.6102522835107476e-01  
q[306]: 6.2655998147074891e-04  5.6634746232058342e-01  6.8461475434296470e-01  9.8494005987591216e-01  1.9455732352192903e-01  3.0680695608883445e-02  
q[307]: 1.4067678660010651e-03  6.6538060873455063e-01  7.0283589765099941e-01  9.6572428368521601e-01  6.1919976081437644e-01  1.7079273401041858e-01  
q[308]: 1.3767031997830809e-03  6.9945302779780505e-01  5.4802727940424889e-01  9.8295470555215403e-01  6.5177828713588537e-01  5.3670320158006957e-01  
q[309]: 5.7009777600111524e-04  6.0148012576622567e-01  6.7244694994510679e-01  9.7745452353563511e-01  9.7707127837127550e-01  3.9212396864581045e-01  
q[310]: 1.2079487365908564e-03  6.9654066568787143e-01  7.0321244383426329e-01  5.8109778665008757e-02  4.3992423303646067e-01  6.1818037196741546e-02  
q[311]: 3.2814295523400742e-04  6.5135476008774018e-01  9.2783894178778059e-01  9.0512467845348568e-02  9.7213784313766427e-01  4.4992596821185823e-02  
q[312]: 2.0632140657202633e-03  5.1186067675798985e-01  9.0461424422797576e-01  2.2822564277142901e-01  4.6628471936659255e-01  1.5488773240694459e-01  
q[313]: 2.5694554664715172e-03  6.3385480113426829e-01  8.3041223375240603e-01  2.8172207638728214e-01  5.9358757779421645e-01  5.1890194638741460e-01  
q[314]: 1.0902500871417238e-03  5.4840861336764268e-01  7.2093245744166035e-01  4.8708831762458554e-01  1.4022223591249458e-01  1.1053366752350291e-01  
q[315]: 1.5484910789242126e-03  6.1892822799042979e-01  5.4493078609745915e-01  8.6176954277689410e-01  7.1319021538557126e-01  6.3286539904801611e-02  
q[316]: 1.5980984079584328e-04  6.4726868588057207e-01  8.5206308118471497e-01  9.6887228057036523e-01  9.8977336852423392e-01  2.7149802161691005e-02  
q[317]: 3.3696511981354168e-04  6.1968958216609493e-01  9.8881897143924025e-01  1.1699825712898904e-01  4.7040414445495005e-01  4.4744422787704119e-01  
q[318]: 7.3267039618947353e-04  5.7936249932633732e-01  9.4739498868422667e-01  2.0141170505016952e-02  4.8493215328550465e-01  2.8934816495722759e-01  
q[319]: 5.4702076468216682e-04  6.0316305025799255e-01  9.7448607743823623e-01  7.5584475806294793e-02  5.7700747663395058e-01  6.3838182475336486e-02  
q[320]: 3.1021046085107922e-03  6.6552954080954885e-01  8.8031709595295160e-01  4.4638236886668659e-01  6.6400919355631949e-01  3.2128797587371860e-01  
q[321]: 3.8012972940624541e-04  5.7621277989238529e-01  9.6107859126448025e-01  2.6079594599560191e-01  9.9482881413126945e-01  8.7412430217696035e-01  
q[322]: 1.5961294192240996e-03  4.8223804738445131e-01  8.1806411741862739e-01  7.5970414433276057e-01  4.3410531194243640e-01  1.7904199740456532e-02  
q[323]: 6.4795396318442398e-04  5.9170091483207121e-01  8.4615233651541488e-01  4.1397767159884635e-01  7.8103472690227316e-01  2.1285036759996706e-03  
q[324]: 6.1142345495197317e-04  7.7475197771358284e-01  9.7756091726938776e-01  4.2428901306827965e-01  9.0869858277059412e-01  8.0394761804338299e-02  
q[325]: 2.0241421030626461e-03  2.8192491390348079e-01  8.8900008524856133e-01  5.4349127275767273e-01  4.6633893891507028e-01  1.6195466972494146e-01  
q[326]: 1.3854546495887670e-03  6.2556090740533654e-01  9.7955123118585874e-01  7.0488442168362153e-01  6.8067908442954705e-01  1.2502017129357132e-01  
q[327]: 6.4232106304754684e-04  5.6511039557148401e-01  9.9062369754922497e-01  5.6478242029007486e-01  8.1294777552515785e-01  7.7635856322837060e-01  
q[328]: 9.7815481944480190e-04  6.7015550545692870e-01  9.0261103965831169e-01  5.0875154778428711e-01  9.3074441941235919e-01  6.5138964823615331e-01  
q[329]: 1.4177750557980272e-03  5.0285986291990170e-01  9.3850909491248502e-01  6.9333903462841528e-01  3.8766065167627178e-01  3.2455110914560181e-01  
q[330]: 5.6771713821428347e-04  4.8163606991162056e-01  9.9337668074904772e-01  7.9761749508618007e-01  9.6827755343043709e-01  6.5165614147858009e-01  
q[331]: 1.9460899405001093e-04  6.4224097591802254e-01  9.8841390055627776e-01  8.8774113118787035e-01  9.3035438663838343e-02  9.1031556562590155e-02  
q[332]: 6.1439186709953350e-04  6.8042536003399856e-01  9.7345490670478574e-01  9.9004421728728542e-01  5.2043792263092481e-01  3.2885427725705990e-01  
q[333]: 5.9711392798795289e-04  5.3060350366097275e-01  9.4346670415263201e-01  8.6561571294830830e-01  8.5580121239718154e-01  3.4617366092131722e-02  
q[334]: 1.9391390903041206e-03  6.3993929644879188e-01  8.2714694850583936e-01  9.0345697201773745e-01  8.3936901207797188e-01  6.1862920397973464e-01  
q[335]: 7.8426956935888847e-04  5.8253925771519821e-01  8.8901676691070475e-01  6.8826280415262087e-01  9.9257388962579263e-01  2.0062613210865546e-01  
q[336]: 5.5761944382983571e-04  8.1705305841368747e-01  3.9668366228131115e-02  7.3131559798993682e-03  8.0435698574393077e-01  4.2441695339626889e-01  
q[337]: 1.5505710144907820e-03  7.6889129404998735e-01  9.9754201929141084e-02  1.8284470843126380e-01  8.5588467840329674e-01  6.6828362933563368e-01  
q[338]: 4.8260262886506375e-04  9.0262959381173258e-01  5.7350831313674341e-02  6.0310523021217782e-02  4.8685340518537473e-01  7.0664454153306772e-02  
q[339]: 2.8950044714213066e-04  9.3771229374187204e-01  2.6853091867555540e-02  1.7851489405862153e-01  9.9286991221566734e-01  5.0895399791854634e-01  
q[340]: 8.7736029719404052e-04  8.2570675484059453e-01  3.5827600753996179e-02  5.4659852383493945e-01  5.2548292524578410e-01  5.0267462480778402e-02  
q[341]: 3.7176389919301762e-04  8.1240198815724995e-01  1.1828484199034093e-02  3.6645704717147010e-01  9.4373236363320923e-01  8.9522089371033298e-01  
q[342]: 2.0234966659784192e-03  7.1807232149508815e-01  1.8642476068571684e-01  4.0946205211440689e-01  8.1583906056861477e-01  3.0909630982051783e-01  
q[343]: 1.1515129343357769e-03  8.1383478462046632e-01  2.6017359036433454e-02  6.5457885361598511e-01  5.2519337832639812e-01  2.9265070653726999e-01  
q[344]: 2.4574337906944025e-03  8.2108168408977744e-01  1.6712213249065505e-01  5.4960041458373010e-01  8.6611511956776865e-01  4.8658322725294778e-01  
q[345]: 9.4962074131001227e-04  9.0284515695836387e-01  3.5237862158064159e-01  5.6871987558999815e-01  5.9384573176074951e-01  4.1803595390447659e-02  
q[346]: 5.4834376283208479e-04  6.8712108346077527e-01  1.1665660545700433e-01  7.1397376058664286e-01  9.4226176279935825e-01  2.2519603803927046e-02  
q[347]: 7.3452791596399628e-04  8.7301873462473156e-01  2.3819808723798888e-01  9.2062591913329850e-01  9.5906714789187797e-01  6.8013281709577000e-01  
q[348]: 1.5163770451871286e-04  7.5718367790870966e-01  3.8771968053155130e-02  9.4570356472743339e-03  9.2639574132376432e-02  4.0199269701984813e-02  
q[349]: 5.0810490655255535e-04  7.9871361470198454e-01  3.0554834243218898e-01  1.3228898114023896e-02  9.6230906330356758e-01  6.8800866975165620e-01  
q[350]: 7.9062521256445723e-04  8.6101572585208186e-01  1.6864130846227446e-01  1.4203358748794281e-01  7.0847989803530831e-01  3.0165317572515969e-02  
q[351]: 7.3515321088809345e-04  7.5896061933915937e-01  5.4851378251456161e-02  3.4088608310276614e-01  9.4940532988892956e-01  2.2021196066333978e-01  
q[352]: 9.4255340867968346e-04  7.9771779370992335e-01  2.2906950178754637e-01  1.0972836323735939e-01  2.3765686048698995e-01  3.5001404944007719e-02  
q[353]: 2.5620620771320359e-03  6.0266562340879559e-01  1.9680191523199639e-01  3.1697699995658563e-01  4.8571857588788259e-01  1.1712272175373799e-01  
q[354]: 3.6632050239217994e-04  8.1635449666672621e-01  1.5409750611417972e-01  2.2790351893777774e-01  9.7776232158194087e-01  2.2671241260088296e-02  
q[355]: 7.7842166207805835e-04  7.0809390242758841e-01  2.5528366578738160e-01  3.5135615708571105e-01  9.8818825257276122e-01  4.2830027636759282e-01  
q[356]: 1.2798884429582717e-03  8.6601334845631783e-01  1.7484295880353498e-01  7.9046274926981708e-01  7.8671327748869502e-01  7.3104307807494318e-01  
q[357]: 5.2493486836941285e-04  7.3099267126292233e-01  5.4754409361382074e-02  7.4568447249536962e-01  9.5839327584493608e-02  6.4834040126919026e-02  
q[358]: 2.3222978561664371e-04  9.7940076640889751e-01  3.1892739275530418e-01  9.8517515953585100e-01  5.5130904198129171e-01  5.3237859300506796e-01  
q[359]: 2.1879704477812990e-03  8.5069081717829209e-01  1.8235211286068193e-01  8.0340251449320121e-01  7.9926483871815479e-01  1.1445163543843445e-01  
q[360]: 6.4416980261148248e-04  7.8423645241888551e-01  1.8806338011967216e-01  7.5857818805676680e-01  9.8571612878070325e-01  8.7709192248300361e-01  
q[361]: 8.5170065865332616e-04  8.6741737101305560e-01  1.3521672621839112e-01  9.4944331547246041e-01  2.9824783707158836e-01  1.2128021586502261e-01  
q[362]: 1.6938192837035893e-03  7.2198618662885439e-01  2.2305179585399887e-01  8.9875061672512124e-01  4.1008279374790008e-01  2.9708706567618853e-01  
q[363]: 3.7848400082177717e-04  6.8701767651648626e-01  3.3065198323555123e-01  9.9444131897639954e-01  8.3730081039291537e-01  5.1631610527583830e-03  
q[364]: 1.9134509307954759e-04  8.7456831285314018e-01  3.6733656699617159e-02  9.5210078989789793e-01  9.7006151102719917e-01  9.0678514881700756e-02  
q[365]: 8.2314053302224308e-04  6.9363368980662454e-01  5.3232878113897009e-01  1.9432005902568130e-02  3.0613958424639265e-01  1.7790385170202849e-01  
q[366]: 2.2421118062644131e-04  8.8192947215261996e-01  4.2631865220661630e-01  1.3162678329158316e-02  9.6627128995040346e-01  5.6339376603474031e-02  
q[367]: 4.1494820874238823e-04  8.7309884010689365e-01  4.7310107863002854e-01  1.0208081705845867e-01  9.7063055946371801e-01  9.0961171862585266e-01  
q[368]: 2.1200191939040659e-03  8.1853422813790278e-01  5.3121853493397364e-01  2.0719953432788843e-01  8.5590493456691652e-01  5.2011412717655048e-01  
q[369]: 7.4472123343313551e-04  7.9681971859236667e-01  3.1469037473080119e-01  1.7089583598952174e-01  1.4127197456314758e-01  1.3643015383007751e-01  
q[370]: 2.4101121427606937e-03  6.8178510217568489e-01  3.7548905468683086e-01  7.0566204287590273e-01  4.4138013975060686e-01  1.0586262499084347e-01  
q[371]: 1.0779265438583213e-03  8.1684019219295789e-01  3.7248113815453965e-01  6.8177509241848744e-01  1.9955649692822816e-01  1.5193617887567207e-02  
q[372]: 2.4474473509579751e-03  8.9642962585370523e-01  4.7137694332118124e-01  6.8453840736088589e-01  6.9787142186975060e-01  3.0112341737953219e-01  
q[373]: 2.7415563943240847e-03  5.5769118265160467e-01  3.0343053577736606e-01  8.1242296475304432e-01  8.0237232157262528e-01  5.6733773579427860e-01  
q[374]: 6.7117904217551898e-04  8.0199854948286031e-01  3.8382330990132779e-01  9.6434812182587659e-01  8.4527347428674759e-01  7.1154543249492685e-01  
q[375]: 4.6820533979761422e-04  7.7021274882734736e-01  7.9618372903597201e-01  9.6750690010205982e-03  3.4275479938849090e-01  2.5929347446994921e-01  
q[376]: 3.5948174872237723e-03  6.4696068001502915e-01  5.7036126135377441e-01  1.5044589345166212e-01  7.3293323512732045e-01  3.5652598764956689e-01  
q[377]: 2.1707682915056751e-03  8.9170591117199427e-01  7.1488478805051370e-01  1.7482419792815371e-01  5.3323342067552837e-01  3.3034670632735313e-01  
q[378]: 1.3275880463187177e-03  7.1024260089460400e-01  6.0568423281303674e-01  3.7202845968241233e-01  3.4376756155670884e-01  2.0143346204837414e-02  
q[379]: 1.0869783831979249e-03  7.9621383802771628e-01  7.6380599665898719e-01  5.1200430572453470e-01  3.1607969568161309e-01  3.1204889867923136e-01  
q[380]: 1.1510048019034336e-03  7.8479112334100443e-01  4.9048088202829587e-01  5.4242300973825153e-01  6.4419856044216151e-01  6.3859773380332885e-01  
q[381]: 1.0528161727756604e-03  9.0821306570198235e-01  7.2641379904330894e-01  6.8508171011399233e-01  9.6961190655348106e-01  8.0239685795826521e-01  
q[382]: 1.1819938124685593e-03  5.6404869096437649e-01  4.7759528989820293e-01  7.5008756745106775e-01  9.9264984177741244e-01  6.0431114189336577e-01  
q[383]: 4.8660425191534467e-04  8.4765442109062838e-01  7.1706962022035037e-01  8.6662103555646919e-01  7.5902860246956708e-02  4.4563993994667886e-02  
q[384]: 8.1151902598157401e-04  8.5413042249203774e-01  5.1520592492626061e-01  9.2400376628814629e-01  9.5892526832856939e-01  1.2148611914798359e-01  
q[385]: 2.6852821829969568e-04  9.4421040034803949e-01  9.3289203759754702e-01  9.9793352916481323e-02  6.1494499710562134e-01  6.0241745722732665e-01  
q[386]: 8.8581053179116005e-04  8.3902853203951677e-01  7.7104393047985598e-01  1.5278915196267574e-02  8.5218076539091026e-01  1.7170665523589129e-01  
q[387]: 1.3970157700623118e-03  6.1432519567815080e-01  6.0659822648971906e-01  1.8478938100095385e-01  9.5646281613477013e-01  7.3699103495257023e-01  
q[388]: 1.3296320082312881e-03  6.5617185082137353e-01  9.5042009255042048e-01  1.2752848621222504e-01  8.4457592939426018e-01  3.6009804103551996e-01  
q[389]: 1.3250424742917487e-03  8.4057429659278027e-01  7.4413969074454966e-01  3.2271437050381480e-01  9.7821643217362308e-01  4.5079997773374275e-01  
q[390]: 9.8115368080318901e-04  7.6369065073502795e-01  8.9006370545280944e-01  1.8672939853345774e-01  2.4096108244810061e-01  1.2330456862925207e-01  
q[391]: 2.5566824721742327e-03  6.2073655157105911e-01  7.0169073182074793e-01  4.7224997261202117e-01  6.9235086676578017e-01  8.3777137282196754e-02  
q[392]: 1.7362309236683868e-03  7.4625516596336217e-01  7.2024977767593723e-01  2.9800874562095947e-01  9.1213494787285099e-01  1.4977048213797453e-01  
q[393]: 5.9149193994632735e-04  7.6222499027809687e-01  7.4623395095402967e-01  3.8531171731427410e-01  9.8036515934383039e-01  9.4623441342107550e-01  
q[394]: 2.8994290543160484e-03  8.2449424471742305e-01  5.6507882783259977e-01  5.6523889424503670e-01  7.6744024105879594e-01  5.5646156074139808e-01  
q[395]: 1.6275313544580068e-03  7.6648548407575956e-01  8.3865655795699312e-01  6.0942322237120550e-01  8.2794745071514531e-01  7.1429570161475375e-01  
q[396]: 1.4636534988579945e-03  7.3687034044856847e-01  9.0034681009034767e-01  6.8956613760552188e-01  2.5091809123093139e-01  1.0724832224813748e-01  
q[397]: 2.2178066706651112e-03  8.7649781943886962e-01  7.1226334193291052e-01  8.3580684011125017e-01  4.9915546865552562e-01  3.7693282905074121e-01  
q[398]: 1.5770225780748946e-03  7.8798924209570498e-01  8.3002255823100268e-01  8.6474828556166083e-01  8.2377636689640199e-01  1.6839412525883909e-01  
q[399]: 4.6543744393274172e-04  8.2150367760706988e-01  7.3193198572795937e-01  5.2371811966870319e-01  9.9559143073104572e-01  4.3419550538340637e-02  
q[400]: 3.2502995822263737e-04  9.2402359895355834e-01  8.3186567900023045e-01  9.8433385215979496e-01  2.8571124318621954e-01  2.4137471464367441e-01  
q[401]: 2.3826320540029967e-04  8.4168866540764786e-01  9.3631202234698618e-01  9.8390596691826215e-01  5.8879403346714732e-01  5.9723795259119866e-03  
q[402]: 3.0730227081206756e-04  8.8217616524975384e-01  7.8152259990195483e-01  9.9948941455438456e-01  9.7668169680555084e-01  6.2080738955743386e-01  
q[403]: 1.3184654211996827e-04  8.1731486618717364e-01  9.9671993680609106e-01  8.4879704835258182e-02  7.3109688679406426e-02  4.3607108322385776e-02  
q[404]: 1.7133717528634509e-04  8.1610389827581242e-01  9.6077145498245919e-01  4.2036552065870127e-02  9.3276249128383149e-01  9.0311800408417198e-01  
q[405]: 1.7763566948010823e-03  8.4824876111264380e-01  8.6149083165585683e-01  1.8316577189096095e-01  6.6075963797888815e-01  1.5334568063684209e-01  
q[406]: 2.4706155151026505e-04  8.6526517641465894e-01  9.6869779376653820e-01  7.6975538080810924e-02  7.3797744511360941e-01  2.3002084104882789e-02  
q[407]: 8.6911160679028663e-04  8.5414605012592404e-01  9.7160015644883524e-01  2.8678545222392343e-01  7.9954944347330270e-01  6.5926975786131858e-01  
q[408]: 5.7508936773037098e-04  7.5256252928749090e-01  9.9306389397817629e-01  4.3488869402809466e-01  3.5814921592639587e-01  2.1716592959497402e-02  
q[409]: 1.0325691569352629e-03  6.5669948556858393e-01  8.6383091605895845e-01  5.7421208788431199e-01  9.7444922429115510e-01  5.1220668679922043e-01  
q[410]: 9.6676402900232675e-04  8.3143851022541726e-01  6.8350659890856291e-01  7.2475668462004317e-01  8.4194971250901940e-01  1.4515634478455604e-02  
q[411]: 6.9297409059063564e-04  7.9739867172318724e-01  9.3001183119743358e-01  8.5757141890506461e-01  5.9663219450872762e-01  5.8358265943567966e-01  
q[412]: 4.2823020033874243e-04  7.8777092499611878e-01  9.3947618645404829e-01  9.1122269176795967e-01  9.5851617521083177e-01  8.6862495747195456e-01  
q[413]: 1.2964106182176004e-03  6.5755631513028723e-01  8.6574404052591303e-01  8.9668125037134616e-01  4.1810272945750565e-01  1.5536079391487295e-01  
q[414]: 1.4712899386168400e-03  7.8214567070966945e-01  8.5200198683011852e-01  7.1129025095000564e-01  8.6460148905998735e-01  3.5271775444657222e-01  
q[415]: 3.6777794045150325e-04  8.2757537605965614e-01  9.7999693448681269e-01  9.5265706131495442e-01  9.4689170586095650e-01  2.8250449456117549e-01  
q[416]: 4.3640225762639278e-04  9.5195163519964399e-01  1.2454970719359488e-02  1.8673324800200233e-01  3.6351788937725260e-01  2.1170222875563230e-01  
q[417]: 2.4544190118408623e-04  9.9154227782742355e-01  7.9357779032285372e-02  5.1750162018214953e-02  8.8767177825625621e-01  1.0830654647198525e-01  
q[418]: 1.3179128697243686e-04  9.6508207757767039e-01  4.5788723563837737e-02  3.9260542966738834e-03  8.4852022833206320e-01  7.9213561467750937e-01  
q[419]: 1.3237663948728747e-03  9.6904474981207767e-01  1.3786859395520973e-01  3.4529076758366156e-01  6.9652511826793528e-01  2.2929409131041900e-01  
q[420]: 5.2976458900315772e-04  9.3871722941775870e-01  1.2721075823766539e-02  2.8337410311745720e-01  7.0365718129146826e-01  4.4003676212881943e-01  
q[421]: 7.8368375772811265e-04  8.5388977186285597e-01  1.4753261800398970e-01  4.2888539958600208e-01  3.1286766702640190e-01  2.7578613070637825e-01  
q[422]: 4.1249066270476829e-04  9.7879932413692583e-01  6.9832169277349074e-02  4.5767526205606601e-01  6.2031952964246873e-01  5.9524541044450219e-01  
q[423]: 2.3537861926251603e-04  9.7326392471511025e-01  9.0201110857267883e-02  3.3242938292798974e-01  7.6803463770434705e-02  3.5043751489257847e-02  
q[424]: 8.9800318461184542e-04  9.7110977251532948e-01  3.2813752710946764e-01  5.0228969780576171e-01  9.6242692989744727e-01  5.5873103434902716e-01  
q[425]: 7.5355610554752477e-04  9.4816625005099786e-01  6.6958860781140578e-02  5.8260925517800832e-01  8.9247249211375967e-01  6.7754613953822418e-01  
q[426]: 2.2712017202608715e-04  9.5761910193346900e-01  2.3915795480229936e-02  7.4618712639989782e-01  2.6260392600858279e-01  1.4648363512349485e-02  
q[427]: 1.0928006326744078e-03  7.7385221823004569e-01  5.2947689127448412e-02  6.0309411571175631e-01  6.0829935042746286e-01  5.2915678409652722e-01  
q[428]: 6.1943340899283804e-04  9.5585164219273777e-01  3.4965123437546292e-02  7.4176125316765218e-01  8.9065732444070289e-01  3.1845998574537049e-01  
q[429]: 2.4275813887926251e-04  9.6145962386007233e-01  2.3132143226622680e-02  8.7151648988143060e-01  2.9673529253872910e-01  2.8093417695045358e-01  
q[430]: 9.0059256692971094e-04  9.8704367585051422e-01  1.3932937895700243e-01  7.6115882358204545e-01  5.2546400981080987e-01  1.7216827516063396e-01  
q[431]: 1.4125595108423170e-04  9.9788171741379916e-01  8.7549249536380477e-02  9.6489164665155447e-01  6.9203510128666423e-01  1.4522487773166066e-02  
q[432]: 1.1334416391786766e-04  9.9095638303118361e-01  2.3045446138268380e-02  9.1520020705391913e-01  9.4787145355053248e-01  8.6523594231435985e-01  
q[433]: 3.3960466824205075e-04  9.7567106854205976e-01  1.9678479595271084e-01  2.8244992041212915e-02  2.9431168835659965e-01  1.9726516524032486e-01  
q[434]: 5.1728971686933276e-04  9.4868737279925519e-01  5.0066580837900310e-01  1.8324027413507450e-02  6.6430610953471414e-01  5.8044941649316695e-01  
q[435]: 1.3840975047819130e-03  8.5481075934796902e-01  3.4657272347621104e-01  2.6350825879416544e-02  5.9664608118316054e-01  2.4073236916404123e-01  
q[436]: 1.4579509575882430e-03  9.2148274139634889e-01  2.9167853865134724e-01  1.1887153640481370e-01  9.0778888397591428e-01  3.3513877275061360e-01  
q[437]: 9.0215153860276202e-04  9.8732988691743750e-01  2.4407966429044875e-01  1.2822189677760126e-01  7.3459533606780403e-01  5.0365490982766892e-01  
q[438]: 3.2883191308640648e-04  9.5002886226036076e-01  1.6225440967505425e-01  1.5135359047385527e-01  9.8749711437116305e-01  8.1603440863271237e-01  
q[439]: 1.4396892865418381e-03  8.9166757505369132e-01  1.8073711015545449e-01  5.3915266863323064e-01  2.6319758688539996e-01  1.4214399677249892e-01  
q[440]: 2.8100056822497933e-04  9.3464885454457280e-01  1.0988387673661735e-02  4.7487151236393754e-01  8.3837373905285706e-01  2.7211582553777845e-02  
q[441]: 8.2435780506079836e-04  9.1716028054688703e-01  6.9054226869055324e-02  9.5536717315688890e-01  7.1228820937963766e-01  4.6858202448299385e-01  
q[442]: 1.8076377697647374e-04  9.5711733596998028e-01  2.6272259034951873e-01  9.2022026471964791e-01  6.1790134553844626e-02  1.4660487924400629e-02  
q[443]: 6.7432440303066691e-04  8.6552688960467061e-01  3.3261630605643822e-01  9.4024874899728095e-01  4.7100762327873569e-01  2.9416032406307455e-02  
q[444]: 6.1171411749594057e-04  9.6746796828065740e-01  2.5887747886735957e-01  9.4198225829522819e-01  9.1816430503609170e-01  3.3334560531746055e-01  
q[445]: 5.7328208588718868e-04  8.8771399017070451e-01  1.9689209642733274e-01  1.9940423473310914e-01  7.9538340667576801e-01  7.7114113922052929e-01  
q[446]: 7.0205571306974836e-04  9.7543626685422458e-01  2.5081769988771235e-01  3.1361636358369555e-01  3.8718732731344863e-01  3.0148109653252337e-02  
q[447]: 1.2240389893739111e-03  9.1849290187112709e-01  4.8645651824792119e-01  1.6531243911914398e-01  4.0477008659491703e-01  1.3754232894655744e-01  
q[448]: 1.0063991184268511e-03  9.7074503022559799e-01  4.6531616552738869e-01  3.1537802744469434e-01  4.4967706556501003e-01  4.0032925296525790e-01  
q[449]: 2.1542817225411130e-03  8.4879256928284974e-01  3.1387773404708913e-01  4.0092977693793508e-01  5.1321039022903447e-01  2.6846494597958170e-01  
q[450]: 2.6141211206027973e-03  7.7498653806005946e-01  4.6157574931986295e-01  3.8456679882692135e-01  6.4404490381870017e-01  1.4336324008851276e-01  
q[451]: 1.5952647277577903e-03  7.0442013530227943e-01  3.4121221993168122e-01  1.5208066012739829e-01  8.2407298782901484e-01  1.5979633333036650e-01  
q[452]: 3.0232299842989599e-04  9.8140311066242936e-01  2.7239444084551889e-01  5.1969234113177620e-01  9.4997214664773344e-01  9.3047477655291122e-01  
q[453]: 1.6262344624297157e-03  9.6377045053183819e-01  2.9194286628158872e-01  7.3096614899792345e-01  5.8653434438086594e-01  4.3779932898993740e-01  
q[454]: 4.8029774043289975e-04  9.5506888697544101e-01  1.3750696045728542e-01  5.0792378278586281e-01  9.7476823561779202e-01  1.6381269756315980e-01  
q[455]: 8.8753810558401831e-04  7.9884161084405980e-01  4.9525838402823119e-01  3.9008154314621757e-01  9.8643571829538124e-01  7.2021395936061983e-01  
q[456]: 7.9830624155805463e-04  9.5689780481444497e-01  4.3837853258853654e-01  6.8032570109318080e-01  1.8376859823924171e-01  1.4896071499571023e-01  
q[457]: 8.5366469759092748e-04  8.1556729437251119e-01  4.1879560415583839e-01  8.1810699806695619e-01  4.1828026818910319e-01  4.0543800523436563e-01  
q[458]: 2.0772494159717459e-04  9.8978022379202923e-01  3.3453675256104254e-01  7.8366174679001699e-01  9.6245166652163328e-01  1.8912389603847415e-02  
q[459]: 1.4292537776039377e-03  7.6408076956973825e-01  3.2326011554645023e-01  7.2807006909534422e-01  9.8164430670216674e-01  2.9979934868082125e-01  
q[460]: 7.1064612984448987e-04  9.7185164642963462e-01  5.4792247894428425e-01  9.5220554986202222e-01  3.5247545082997800e-01  1.5352880210369163e-01  
q[461]: 1.0998458461623760e-03  8.8576112150971775e-01  4.1287159673002777e-01  9.7577673269985543e-01  7.0771312789519081e-01  2.7628168524659108e-01  
q[462]: 6.3196141189449844e-04  9.9426102322967402e-01  4.5529464023899574e-01  8.4242258204641296e-01  8.8843642170354309e-01  6.5022620326541547e-01  
q[463]: 2.8009936511342497e-04  9.6602844555329181e-01  5.0662788775904743e-01  8.7089611489300708e-02  1.0059700271171113e-01  2.7897030126425776e-02  
q[464]: 6.5093495337421620e-04  9.5989760478745334e-01  6.7734126363689640e-01  4.3486391189452640e-02  9.2771927920897168e-01  5.2831441943508484e-01  
q[465]: 2.1985679725007096e-04  9.8870968829606964e-01  7.4249114819590512e-01  8.4988237776942685e-02  9.3206503358094417e-01  8.6494490686452163e-01  
q[466]: 4.5257593453976294e-04  9.7878842047056269e-01  5.3574158402147476e-01  3.6721033655222023e-02  6.1600168513274178e-01  6.3721001521885395e-02  
q[467]: 8.7716231545569912e-04  8.9155841838501315e-01  6.8905331009099469e-01  2.7411436714698290e-01  7.7691315151505935e-01  7.5219033990625817e-01  
q[468]: 5.6371169460034192e-04  9.2684825057933273e-01  4.9584525005922936e-01  2.3285327169502293e-01  9.8925324023209549e-01  1.8161702644348143e-01  
q[469]: 1.2782149272559742e-03  8.3145719877847957e-01  6.3704244465370841e-01  3.2367358450415962e-01  1.5153668122021546e-01  5.6659841036979908e-02  
q[470]: 9.9929165473940183e-04  9.6951158767814349e-01  5.8268393358595127e-01  4.3929789383551088e-01  3.5666402080401960e-01  1.6943692251384615e-01  
q[471]: 7.1647661208117336e-04  9.9379471902502692e-01  6.3263902260365246e-01  1.8981308003582029e-01  7.6765147600211836e-01  2.0398699940727649e-01  
q[472]: 1.1563818814207473e-03  9.3969041888664684e-01  3.8203763399969087e-01  4.0214632125572725e-01  8.4543340471027317e-01  5.8155581042220419e-02  
q[473]: 1.4225988550525309e-03  9.4002743504656860e-01  4.4970224071765930e-01  3.4942655800870309e-01  8.5662922924574869e-01  7.2803463188885620e-01  
q[474]: 1.7788707256931966e-03  9.3229485480548546e-01  5.7431406298056886e-01  5.5578243821179663e-01  8.7073746315204525e-01  2.4656013687890269e-01  
q[475]: 7.6716621546772158e-04  9.4938437499018358e-01  6.4068907876520664e-01  8.4565024565395819e-01  8.0391217551856220e-01  7.5452961263471785e-01  
q[476]: 3.7237131734986186e-04  9.9827066807330977e-01  7.3201422511591618e-01  6.6152907941360706e-01  2.5179630823904170e-01  1.9119060493978820e-02  
q[477]: 1.6808459902101119e-04  9.2422549764905715e-01  5.3735275783671554e-01  9.5616496155212849e-01  9.8572068695764792e-01  9.5646262181714736e-01  
q[478]: 1.0325854143631097e-03  8.4316937734873931e-01  6.2968307748840968e-01  8.7827522288642856e-01  4.2884661666206148e-01  5.3753526715831466e-02  
q[479]: 1.0588552679345864e-03  9.4450835812953815e-01  8.0723293891170822e-01  9.2407665335822919e-01  7.5134711928794251e-01  4.0322294944595000e-01  
q[480]: 2.3482734976289239e-03  7.7144720942238221e-01  5.7207872065213050e-01  8.4628779564757850e-01  8.9855952976349984e-01  4.8723183185931757e-01  
q[481]: 2.6271408070653677e-04  9.1852400102978460e-01  8.5607115706217229e-01  1.4768757133555006e-02  2.7099422671926537e-01  2.4932202511889719e-02  
q[482]: 1.1500755436813970e-03  8.3886017486429343e-01  8.3726637257350589e-01  6.5881871479057011e-02  7.4349490828390807e-01  5.4906816463755925e-01  
q[483]: 3.0973507810194359e-04  9.8377053733055664e-01  8.1081574323625927e-01  1.7685403003840111e-01  9.2352273259554374e-01  2.9387912369730904e-02  
q[484]: 4.4188748699613615e-04  9.6684775898876740e-01  7.9782653548045412e-01  1.0213857712980400e-01  2.5301606900535084e-01  2.2416751206412086e-01  
q[485]: 9.6822580810687012e-04  9.8115737394729341e-01  8.4695210632632223e-01  5.5945383032286433e-01  6.0555444597438512e-01  5.2606306928737612e-01  
q[486]: 3.3296471145638636e-04  9.4077545368457183e-01  8.8023322927835623e-01  4.5954598256237605e-01  7.0179395990776300e-02  3.7964265492438899e-02  
q[487]: 4.8690577642933807e-04  9.5783705089783178e-01  8.7128651465828799e-01  6.4843444252003690e-01  9.5737758700579378e-01  1.7762936353947911e-01  
q[488]: 7.0624935792894554e-04  9.9096836522730858e-01  5.4925814737757495e-01  7.9015210107926914e-01  6.6845994928395258e-01  7.9327210803434564e-02  
q[489]: 4.2298418524223686e-04  9.8450979393792604e-01  7.0620541353743183e-01  7.9590576079428843e-01  9.8391040953626008e-01  3.8105570328302479e-01  
q[490]: 3.0772876283141030e-04  9.8050913851356358e-01  7.6018117210290781e-01  9.8209508862224060e-01  8.3822062645736528e-01  9.7213764364370209e-02  
q[491]: 1.0128349217718739e-03  8.6749448120531203e-01  9.7883901332981937e-01  3.8243589583492321e-01  4.0267051954293148e-01  2.9634553025572763e-01  
q[492]: 3.4334658163009626e-04  9.7976953902015540e-01  9.7707676728833337e-01  3.7135423765613143e-02  6.2778426798652642e-01  3.1863288730376893e-01  
q[493]: 2.4255064021533329e-04  9.4424930825290709e-01  9.5887196208258285e-01  8.6112639365819782e-02  9.8317873658594546e-01  2.6297369989489605e-01  
q[494]: 4.7012513924225640e-04  7.3274000729971978e-01  9.3887470643260107e-01  5.2848549925224572e-02  9.6387572988415360e-01  6.2805789552327240e-01  
q[495]: 1.0145279290146934e-03  9.0372208026782574e-01  9.4805206884466409e-01  3.5143984099291803e-01  8.7285532178159586e-01  3.5534941244841867e-01  
q[496]: 5.4559734299821163e-04  9.6392227510297990e-01  9.0470489729708359e-01  2.4648120114607552e-01  9.5312269096729041e-01  7.3381536423654670e-01  
q[497]: 4.8373379519877453e-04  9.7891662680373859e-01  9.3582182439933670e-01  2.3743189601093026e-01  3.6658773040900899e-01  8.3286404843714745e-02  
q[498]: 6.5599238130837256e-04  9.0488132708627089e-01  7.3208281255773022e-01  2.8627486750437620e-01  5.7389953064568344e-01  2.3980911342364858e-03  
q[499]: 6.0130451489096655e-04  9.6364840069544289e-01  9.4663847938827350e-01  4.8107635814492705e-01  7.5809327983217423e-01  9.5986016473759719e-02  
q[500]: 1.0292792049730398e-03  8.3764893727734524e-01  9.8371676175803158e-01  7.1851564442038784e-01  7.0030168798500070e-01  4.5106211318238920e-01  
q[501]: 2.3090586900645956e-04  9.6031671478650105e-01  9.4673034736158712e-01  5.8931585398424358e-01  9.2299290009835877e-01  9.0878515577850028e-01  
q[502]: 1.2497681270868938e-03  9.9031320454234151e-01  7.7043921278833005e-01  4.2193511574219478e-01  7.6533871339779713e-01  4.2774036672273635e-01  
q[503]: 3.1913369272453315e-04  9.8311200330579041e-01  9.6086661917369287e-01  7.5375983808607827e-01  2.7063829110103715e-01  2.0590315758474242e-01  
q[504]: 2.3731972515589278e-03  8.8320728808707438e-01  7.9795964569218392e-01  5.8463223536118858e-01  4.8669873715922701e-01  1.4988993504548323e-01  
q[505]: 4.9593556171220927e-04  9.4801427919911696e-01  9.7035411904476432e-01  7.4976210755177009e-01  9.3976007834998776e-01  5.7857644303760891e-01  
q[506]: 2.8718570794722848e-04  8.9983890662698085e-01  9.3790602047409743e-01  9.2603787055687903e-01  2.0486320189853252e-01  2.1692836240216479e-02  
q[507]: 6.4691223454017594e-04  9.6168716972574342e-01  9.5807034787058643e-01  8.5403281214798310e-01  5.7616274871560136e-01  1.7886572780020960e-01  
q[508]: 5.5634824919523521e-04  9.0556654317847973e-01  8.5523177087140090e-01  6.8484863483389014e-01  5.9339831284880662e-01  2.6269764580858869e-02  
q[509]: 2.3210306391055911e-04  9.7739845900269740e-01  9.3154487078969095e-01  9.7758037909977880e-01  7.9599377653881009e-01  6.9125307336490127e-01  
q[510]: 1.5217930367268689e-04  9.4430874618103122e-01  9.6303314666246786e-01  8.3918425241648253e-01  9.3921394998742758e-01  3.2473152377734932e-02  

