deg: 9
dim: 5
nodes: 337
efficiency: 0.991098

q[0]:   3.9494962469905942e-04  8.6184106274324490e-02  4.2297694151557784e-02  1.4614728423894097e-01  1.5942055985984802e-01  1.3527765201742900e-01  
q[1]:   1.0198356908581660e-03  6.9484988685200338e-02  2.6402869511336746e-02  1.0173916473711717e-01  6.2425152576168097e-01  3.8741681272225986e-01  
q[2]:   5.7262440539420701e-04  2.0852593131610755e-03  2.0966603881048892e-01  1.6403781138491211e-01  7.6844038696620054e-01  7.4546017628864025e-01  
q[3]:   5.1997325917497398e-04  7.7640379746562543e-02  5.9736963258388384e-02  7.4862490954627839e-02  9.5385678627612280e-01  6.6015665791944544e-01  
q[4]:   1.3023764156575755e-03  2.9390499054385219e-02  8.1941931913873708e-02  3.5646686094326829e-01  9.2046136277967827e-01  2.8388132237849428e-01  
q[5]:   3.6168706385848206e-04  5.2964412145421164e-02  5.3160557777085761e-02  3.2185354660805032e-01  9.6397018505723742e-01  8.4917533037786019e-01  
q[6]:   5.6260208279132354e-04  4.4586060909208428e-02  1.0051400899762549e-02  4.9253079623815782e-01  6.1475326038245193e-01  2.1311631214187141e-01  
q[7]:   1.1330939452916999e-03  1.2115471268246279e-01  7.8375019546135835e-02  4.5976823832822311e-01  2.1090605377289787e-01  5.1508503478051720e-02  
q[8]:   4.5149450887061306e-04  7.0489471457567426e-02  1.4711677394730310e-01  7.9866757896895912e-01  7.9571776950987577e-02  4.5479844772012147e-02  
q[9]:   6.0014060830740899e-04  1.2755475103541480e-01  2.3265903836882068e-02  4.8259915402308623e-01  7.7001612294943045e-01  1.5946442040663922e-02  
q[10]:  7.8605497892586128e-04  4.5016823377682758e-02  7.8970908283402128e-02  7.1854013082473567e-01  7.7677462345476078e-01  7.3227702431414110e-01  
q[11]:  9.4659429655979651e-04  5.3851674046880342e-02  3.2255626901240002e-02  7.8067050645359992e-01  5.0193221202949190e-01  3.7090561726343907e-01  
q[12]:  6.2235079349704349e-04  1.7273516622576202e-02  9.0784462523927273e-02  8.5011907916996154e-01  4.6923095046637936e-01  4.9206014782359267e-02  
q[13]:  1.9810756394609821e-03  1.5423693090553641e-02  3.6861011466865984e-01  5.5636724205617805e-01  6.9981805473041891e-01  3.8758287414274206e-01  
q[14]:  7.3001028713801845e-04  8.2282789729569358e-02  9.3293136984973254e-02  8.6402225351940531e-01  9.3332064349857546e-01  7.9085235199467627e-02  
q[15]:  6.1178286642872798e-04  3.6765412381879081e-02  1.2854061072276346e-01  1.2192678294434224e-01  3.6316955147784757e-01  3.4659093654748799e-02  
q[16]:  1.1576937956290516e-03  4.0498937374325250e-02  4.4782103148354135e-01  2.3701967551943592e-02  7.8389367335953675e-01  5.2043460452419654e-01  
q[17]:  5.3157037484148151e-04  8.5015126681650025e-02  1.7314158304545363e-01  1.6576229420297986e-01  9.3926582906747447e-01  2.3753317495455749e-02  
q[18]:  2.0911779276789580e-03  3.8015957973196762e-02  3.3004986603758568e-01  1.8288407196518258e-01  6.7521501374968151e-01  1.5859906242258828e-01  
q[19]:  1.8855094078345594e-03  2.2652687711580971e-01  3.3791064596530718e-01  3.7237516137833898e-01  9.9219968528872693e-01  4.4578476645930387e-01  
q[20]:  3.2249458108509616e-04  3.3725569682935275e-02  4.7370779548178804e-01  3.0249734440842287e-02  1.1045602303819210e-01  5.4231822742667489e-02  
q[21]:  1.2587124572107941e-03  1.9934341551814873e-02  2.2175669800954040e-01  4.2150896470135568e-01  3.2730915976915531e-01  2.3169397998193453e-01  
q[22]:  2.3489699933293444e-03  3.2119959432910079e-02  6.9831637349718312e-01  3.1446495887322484e-01  5.5481711538159295e-01  4.3283367403840900e-01  
q[23]:  8.7611232288249544e-04  6.5133350076491897e-03  3.9236569001730837e-01  6.0490560221841250e-01  8.6991297192985784e-01  6.9648226236246474e-02  
q[24]:  1.2400835482512989e-03  1.0178891910893119e-01  4.1548652846934281e-01  4.2718076200589411e-01  8.2868766917316405e-01  6.9522405155485156e-01  
q[25]:  1.8975497886368352e-03  5.0462904470870644e-02  1.9373104674235139e-01  6.8995269042722474e-01  9.3417922059503145e-01  6.1655056225808880e-01  
q[26]:  5.8645788955909758e-04  1.8570848454654149e-02  4.3322997337892111e-01  7.4446559055841033e-01  2.8896174844126293e-01  2.7045483329978898e-01  
q[27]:  1.0209769336458709e-03  1.2337908121148401e-01  4.4896811642327256e-01  5.6211674091565678e-01  9.9875526490457855e-01  1.4760911178011185e-01  
q[28]:  6.5913129732005169e-04  9.1599011667225061e-02  3.1274038923212344e-01  8.3301290687257379e-01  9.7677829556321139e-01  9.2682259996553584e-01  
q[29]:  6.3240865673333557e-04  2.8538100040856735e-02  3.7750178740016738e-01  9.5466579548408803e-01  2.9623283922463062e-01  7.3468759581428719e-02  
q[30]:  2.8231780246238129e-03  1.0853835726609599e-01  6.0925196729445064e-01  8.4194435895383501e-01  6.2647747632359940e-01  3.9267686382818323e-01  
q[31]:  3.0157794942691414e-03  1.6667243870588860e-01  3.1998628774929255e-01  8.0579950817499457e-01  4.7981479655845394e-01  1.9146416038856079e-01  
q[32]:  9.7606895584005009e-04  4.9847247344856446e-02  1.1049620514881366e-01  9.6763500851382533e-01  7.6418785714918247e-01  3.5399928592295626e-01  
q[33]:  4.9535662970449782e-04  2.1946315539280636e-01  7.8411849513210596e-01  7.4393937954213160e-02  2.8302046196512448e-01  2.7470222685514042e-03  
q[34]:  6.5735710543599112e-04  5.3528298592579425e-02  6.9348244438054862e-01  1.3107048186555931e-01  6.6350169971837292e-01  1.9527514127869363e-03  
q[35]:  1.5638359947500449e-03  1.1001679328437210e-01  7.6346701068105938e-01  1.8641345078105630e-02  5.1119797764084463e-01  1.9325033977000358e-01  
q[36]:  9.8706498668610213e-04  1.4456785463880828e-02  6.3686349223240901e-01  2.0437904660177927e-01  9.5808991012962919e-01  5.2846093662121363e-01  
q[37]:  7.3718791925110995e-04  3.5157656778101003e-02  6.5706888194033441e-01  4.0415404140591965e-01  9.5605972100468040e-01  9.1335825021397310e-01  
q[38]:  7.3713482885219615e-04  1.3530854452978627e-01  6.9730259812955897e-01  2.9862267846714552e-01  9.5039842691517251e-01  2.2948461544805773e-02  
q[39]:  2.1409479843187834e-03  1.4937655529251512e-01  3.8877758406948415e-01  2.5628166789940482e-01  9.3201989012143116e-01  7.2607894283337160e-01  
q[40]:  1.2133525249870523e-03  6.5566968841665824e-02  5.6374722810468991e-01  6.1360152929385214e-01  1.8521944124482914e-01  2.8891780840184005e-02  
q[41]:  2.3864848131756947e-03  9.3919492030990245e-02  6.4761378213230958e-01  5.6883383864297721e-01  5.1711536005959502e-01  8.7799925932452991e-02  
q[42]:  1.0735280734981681e-03  6.4735394060090851e-02  3.7674544713281571e-01  9.3065311447454346e-01  9.5036370336821741e-01  3.1359318920202395e-01  
q[43]:  8.7133704549644279e-04  9.7198184553724636e-03  5.3851041761286134e-01  9.5334794472603956e-01  8.0809197827620705e-01  6.8364926976824592e-01  
q[44]:  5.7513802511083832e-04  6.0747746704585791e-02  9.0726930746303391e-01  7.8865324826279531e-02  3.9331388994833077e-01  3.7153213735948254e-01  
q[45]:  4.6012981725224969e-04  6.4683983137261911e-02  4.5193611725691796e-01  1.8979567590796963e-02  9.7849510293909325e-01  1.6372241713995073e-01  
q[46]:  3.5256719893428845e-04  3.7203466619398662e-02  8.8187480548965447e-01  4.3554388159095354e-02  9.6101468099615306e-01  8.3024005682212998e-01  
q[47]:  1.1305178922140582e-03  5.0108778784287322e-02  4.9632552942553188e-01  1.4122151442134023e-01  3.1785587658513637e-01  1.4368418528571550e-01  
q[48]:  8.7340344552911222e-04  4.8634179216570286e-03  9.1428945157537123e-01  3.1627719525056341e-01  3.6992652799405407e-01  6.7228249632168710e-02  
q[49]:  2.9132655659002407e-03  2.1091558305998501e-01  7.9815170221466625e-01  2.4721822763347567e-01  8.1001583454779003e-01  6.0819399025782972e-01  
q[50]:  5.5287188861622306e-04  5.0668345329675159e-02  7.9377391852387424e-01  4.1795307260442977e-01  8.8593692863857862e-02  7.3741688003549966e-02  
q[51]:  7.4373118722886379e-04  1.9268768218774431e-02  8.4373157267107712e-01  2.1339182432566237e-01  9.2786198446601753e-01  2.5080888172694005e-01  
q[52]:  3.5443664164665819e-03  1.1091267627767956e-01  6.5499678349601187e-01  5.5678523695512161e-01  8.8005844192972449e-01  4.0267827925667099e-01  
q[53]:  6.1560526408416521e-04  3.8758585524190592e-02  8.1783228522309281e-01  9.5838641200702834e-01  2.5493652209892304e-01  1.8309041063004672e-01  
q[54]:  1.0668572591902223e-03  1.3056974815293881e-01  8.5141663395689915e-01  9.1598394267189143e-01  4.7950686999675857e-01  2.9005633935503226e-02  
q[55]:  1.3906217634613444e-03  1.1260646398128068e-02  6.9472979849555927e-01  8.5946304376686267e-01  7.4207392011865703e-01  1.4713038709371257e-01  
q[56]:  9.5050828962644606e-04  5.2481442218581059e-02  7.7207293799757126e-01  7.7880704931332367e-01  6.2293530497326532e-01  5.9506047342652379e-01  
q[57]:  3.8475839856411543e-04  1.3372056236261776e-01  7.5794322020327864e-01  9.6374913614107593e-01  9.7696016098765426e-01  5.0969074092351629e-02  
q[58]:  1.0531106681976607e-03  1.5881063670439502e-01  5.9009648390426173e-01  8.9424637949406294e-01  9.9627671839744469e-01  6.6529327623539891e-01  
q[59]:  3.3639042350404720e-04  4.8574456184979548e-02  9.5241877670017716e-01  3.6190211325199867e-02  8.4732159985933608e-01  9.5858382543937942e-02  
q[60]:  1.1426179237934988e-03  7.7107959105436330e-02  9.6797704491492331e-01  1.2647124693149334e-01  7.3086896601321139e-01  4.3776672818311790e-01  
q[61]:  1.6719295909385268e-03  5.1819503874326441e-02  8.8460135114608640e-01  6.6599121254313787e-01  9.0628007954039391e-01  6.8724329902286951e-01  
q[62]:  8.2706620303264853e-04  8.5223010286969297e-02  9.7383096924645429e-01  4.3622878096011358e-01  7.4746276816920043e-01  7.0228779298326549e-01  
q[63]:  4.5271402276950189e-04  2.3444545444633213e-02  9.0551585334293949e-01  6.4099473274336427e-01  9.1112144148629692e-01  3.7318753691321323e-02  
q[64]:  3.1724427603866057e-04  1.2929722121682580e-01  9.6705594158647967e-01  8.2083169519615096e-01  9.3175551184955616e-02  8.8322486007150341e-03  
q[65]:  1.3855973408478802e-03  7.5474459735282967e-02  9.3327083541335776e-01  4.8287053325922352e-01  7.7952842505041375e-01  2.7990600344750100e-01  
q[66]:  9.9967109972680184e-04  2.4290181101197104e-02  9.6367929587756285e-01  7.7551368954324784e-01  5.0846653139146369e-01  2.5563233445059358e-01  
q[67]:  3.9038331483819225e-04  3.2292973352432329e-02  9.3430421183868362e-01  8.6529608037690531e-01  9.8999529694468225e-01  4.0382899964008168e-01  
q[68]:  2.4589391276985022e-04  9.3443639641740295e-02  9.5499514534904673e-01  9.6281609762522924e-01  9.4953581945215837e-01  8.6078217667231316e-01  
q[69]:  2.2653862897255351e-03  3.1988272106682841e-01  5.3386719124561895e-02  2.8699976891956780e-01  5.2429070544388012e-01  8.2120056315888451e-02  
q[70]:  6.1739381418229975e-04  1.0855376865889492e-01  8.2492737810686778e-02  2.2803458861098247e-02  7.3878855042260094e-01  8.5804001405720573e-02  
q[71]:  8.6434191170261913e-04  3.2985719809349368e-01  3.4057256311185002e-02  1.2314237309144872e-01  9.5626742380751295e-01  1.7362033052112202e-01  
q[72]:  2.8285994427092874e-03  1.5805715124876510e-01  1.8808542650052010e-01  3.4283747314590168e-01  7.0764758084671608e-01  5.5080620147730430e-01  
q[73]:  7.4787657858612559e-04  2.7989085224173338e-01  6.0779756407658571e-02  4.4557283473596287e-01  9.3976556431670455e-01  9.1354522539163785e-01  
q[74]:  1.1123584065270164e-03  2.0607842048000211e-01  6.2522761153755421e-02  3.3038282007484254e-01  4.9521146162145141e-01  4.7804713761092954e-01  
q[75]:  4.1146385398299666e-04  3.8481428766481857e-01  4.1166142248277221e-02  5.0030531069867412e-01  9.8894826121269053e-01  4.1187366458880187e-02  
q[76]:  2.5167149541246024e-03  2.8647470531779057e-01  3.2001051799227499e-02  4.8459157882079162e-01  8.3486656032470086e-01  5.5719379804660873e-01  
q[77]:  8.3289111294765068e-04  3.2249277686433259e-01  8.3258828531559984e-02  6.2422190081521767e-01  1.9226754954629241e-01  1.8314426070220646e-01  
q[78]:  1.3340234537262590e-03  3.0728550985414005e-01  6.8198176729074396e-03  7.3595335498673220e-01  4.1223561378940377e-01  1.7974190269091120e-01  
q[79]:  1.2294306717543831e-03  3.2563895211074034e-01  7.4510140006514208e-02  9.5716709063646344e-01  6.6897978651614554e-01  8.7055492251843114e-02  
q[80]:  3.8108067304665791e-03  2.0007378611637716e-01  1.3882795658145716e-01  6.7952068711524782e-01  7.6033924927973628e-01  2.0682827068797788e-01  
q[81]:  7.4704031123447897e-04  2.3444754794820810e-01  2.8720305321334788e-04  8.1881732602078550e-01  9.7011001107425521e-01  3.9695253106026385e-01  
q[82]:  6.0506173983221085e-04  1.7823476798599464e-01  3.5032293263269912e-02  9.5936732517550305e-01  9.2862756265938196e-01  7.7146324440496550e-01  
q[83]:  1.6822054895846812e-03  2.8705789992931391e-01  1.5864749893599425e-01  3.7201849174370104e-02  3.5283802911048401e-01  1.7793681767485481e-01  
q[84]:  1.0566282799460683e-03  1.2759184153736855e-01  2.8008883694441716e-01  4.3880682372591517e-02  4.4222809062544705e-01  3.9442074767572627e-01  
q[85]:  3.1133880653643458e-03  1.6368112004013277e-01  2.6216471153060650e-01  3.8154890223568239e-01  4.8957074045785098e-01  2.2475148312743601e-01  
q[86]:  1.8224651147395170e-03  5.3099752130069278e-01  3.8778560478745228e-01  8.9867103671871715e-03  6.9930921083796471e-01  4.7613861418049575e-01  
q[87]:  6.9923659944924588e-04  2.0653028535751708e-01  2.6742454335028953e-01  5.6332259364423709e-02  9.6414146743086437e-01  9.1215235162564023e-01  
q[88]:  2.0108410678343265e-03  2.5692389633524088e-01  4.5904968818939457e-01  2.4860014786275467e-01  3.3853744884029541e-01  2.1215260305529223e-02  
q[89]:  8.1210916981595837e-04  2.4291964979223682e-01  3.0772783053466690e-01  2.4126287673136121e-01  6.0750059605538899e-02  1.0878983787235090e-02  
q[90]:  1.7808509194247766e-03  1.1582120485306324e-01  3.0293432110828666e-01  5.7592145397060490e-01  5.7748545937744589e-01  2.5635144738984820e-02  
q[91]:  3.1222362401624043e-03  2.6050320151451456e-01  4.6333789899165934e-01  6.3942632707177915e-01  8.0658985735733069e-01  7.5791885070977372e-01  
q[92]:  3.6852179201730621e-03  3.1682352198153385e-01  2.1061882488340086e-01  8.3112003702559212e-01  7.2839533859048233e-01  5.5682361217585497e-01  
q[93]:  1.2037136789429359e-03  1.3744439842863579e-01  2.0242136749421680e-01  9.4412493982906487e-01  4.0577194455993659e-01  3.4513862973805909e-01  
q[94]:  1.1231576822050620e-03  1.5061047496061475e-01  4.0065086465793770e-01  9.4971881346160347e-01  7.6167395231930979e-01  3.7524881267915117e-02  
q[95]:  7.0569322983572301e-04  2.0006964617434614e-01  2.6636429175668719e-01  9.8632938822496474e-01  6.8446655579569338e-01  6.4483170651976662e-01  
q[96]:  8.1678635784487570e-04  3.6042044707742643e-01  3.4561950411766390e-01  8.0714076194042084e-01  9.5267813593668593e-01  8.0526906276558296e-03  
q[97]:  2.3221878475804189e-03  4.0044309806796008e-01  2.8126436467905658e-01  9.4022171598929716e-01  9.2468013886214850e-01  4.9173062926040306e-01  
q[98]:  1.5248445161405231e-03  3.7064965090074581e-01  5.4747239927410485e-01  4.0148703536184042e-02  8.4092061558885567e-01  7.4336742160034358e-02  
q[99]:  1.5053943425717231e-03  1.6963755780251644e-01  6.8827423528806975e-01  8.1499924589303094e-02  7.7283533024134665e-01  7.3543625918687339e-01  
q[100]: 1.7702673528707351e-03  4.0963929179359504e-01  6.2271508091685468e-01  5.0385709705713051e-02  9.5758532856334067e-01  7.0664754247357964e-01  
q[101]: 1.6174375116268067e-03  1.8783741248007405e-01  2.3321098842435509e-01  6.0736232118099386e-02  9.1713701744624354e-01  3.8374021693339078e-01  
q[102]: 1.7019344350405097e-03  2.2554127968683207e-01  5.6798690082893433e-01  2.8892552619110284e-01  2.3500740717121396e-01  2.0652219402283070e-01  
q[103]: 3.0544583514590406e-03  3.0415327865126535e-01  3.1477932153100935e-01  3.6613960305995624e-01  8.7523148860471922e-01  1.0867159483821301e-01  
q[104]: 2.9468234369331454e-03  1.4441857401797850e-01  6.1268590298729730e-01  2.3149195768737443e-01  7.9694146773933860e-01  1.4941042981250829e-01  
q[105]: 7.2712247884601413e-04  2.3087103542400081e-01  4.6726801558360481e-01  8.7431381101896055e-01  8.3294101176977095e-02  6.6229372050036164e-02  
q[106]: 1.9536951278857151e-03  1.4774767403840208e-01  4.4666986593710795e-01  5.9066048355224965e-01  5.1734073741249886e-01  4.8851663976940823e-01  
q[107]: 3.7651502798424596e-03  3.4982710630007591e-01  4.7097143717229206e-01  8.1857091465977827e-01  8.2182551480862787e-01  2.0829817615745375e-01  
q[108]: 3.0322393521104250e-03  3.4711861520025017e-01  7.2124175740008678e-01  8.7898466152247823e-01  8.8399610767442360e-01  6.7218892710173972e-01  
q[109]: 1.7656108199093272e-03  2.7706749679161430e-01  4.8614921124302984e-01  9.9225976539522065e-01  5.0556626704442387e-01  1.8160948831205578e-01  
q[110]: 1.0328814017855101e-03  3.1371025360130605e-01  9.7666310219353158e-01  9.6622284015928997e-02  5.8868188464122817e-01  7.7479409256593038e-02  
q[111]: 1.6095494612032885e-03  2.5573298885733720e-01  8.2697623256071673e-01  4.2386072815205594e-02  9.2121920725537321e-01  3.8490329800310297e-01  
q[112]: 2.8759846837435755e-03  2.7227958255276236e-01  6.9745997016214101e-01  2.2683312429639635e-01  3.6825792940784402e-01  2.0167638035429883e-01  
q[113]: 1.5570936064702137e-03  1.9705390778102580e-01  9.2332662032454516e-01  4.4332649723312417e-01  6.7534116841621594e-01  4.3862227457377514e-02  
q[114]: 2.3330486167472205e-03  5.1479914169201257e-01  7.8578960480988869e-01  3.4003363642049428e-01  8.5632033949287034e-01  7.4270240105358365e-01  
q[115]: 3.0351240421037252e-03  2.0856434722417844e-01  8.3671027441813650e-01  3.9767862349382105e-01  6.1810441302142083e-01  2.3644538252776209e-01  
q[116]: 1.8950305679300474e-03  5.1755724494462685e-01  7.9855057448622357e-01  5.5335997899158751e-01  9.9105017101921722e-01  4.8587743698599667e-01  
q[117]: 2.6021533919606136e-03  1.8404712168715157e-01  7.1820616512739133e-01  7.1093106094575265e-01  3.2818617464239225e-01  1.6114549083372776e-01  
q[118]: 2.2763412887593336e-03  2.1268881126532468e-01  7.7198260486819936e-01  7.3513877780966264e-01  9.3853398447999636e-01  2.3779945570511790e-01  
q[119]: 1.3993839856151682e-03  2.8718206044286565e-01  6.2464206823166146e-01  5.2677581117088446e-01  9.8374211125540745e-01  8.2029323813749344e-01  
q[120]: 7.1890209362236810e-04  3.0913080657008546e-01  7.3422574996760981e-01  9.6570242933064077e-01  1.7226348306626124e-01  4.3547469280473268e-02  
q[121]: 1.2650027196648437e-03  1.4891229149584498e-01  8.6571939473210513e-01  9.9586402477215108e-01  7.8807190649967396e-01  4.0724546089965102e-01  
q[122]: 8.1560526302050951e-04  1.8317872211379135e-01  9.4114669852055266e-01  1.1914733059927587e-01  1.5453018227257698e-01  6.4191934683467913e-02  
q[123]: 4.5145397798664348e-04  2.7667091857644321e-01  9.5775502594257766e-01  1.8792933814212551e-01  9.3374681117905134e-01  9.0897283052140831e-01  
q[124]: 4.5818124327832494e-04  3.1144381897970819e-01  8.9056381602018031e-01  9.1953868213672366e-02  9.5803009066454270e-01  3.4191867051423776e-02  
q[125]: 1.1333267073134654e-03  2.4333315671926423e-01  9.5790292111532571e-01  2.6566053120876953e-01  9.8146192143597555e-01  6.1571191817807991e-01  
q[126]: 1.6435444539795977e-03  4.6910680614307959e-01  8.6685037249936203e-01  3.3937122315004059e-01  5.9480765432109162e-01  5.8689433326286189e-01  
q[127]: 7.5590299499709624e-04  2.1665307503175610e-01  9.7719014350239630e-01  3.7983007808838970e-01  9.7175683673278068e-01  1.8466367232213962e-01  
q[128]: 1.7844927398850796e-03  1.8765055766025182e-01  9.3205843838068347e-01  5.6379993934237937e-01  3.0900673248950483e-01  2.5353042108374468e-01  
q[129]: 2.0763433912881412e-03  3.4725791385828036e-01  9.7345304873802363e-01  7.3238573193459944e-01  8.5639763146237624e-01  4.6615057012752603e-01  
q[130]: 1.1641038387811625e-03  3.3292582249358904e-01  9.7518446284069360e-01  6.5986212778889719e-01  3.3891195306674377e-01  5.6958418550145322e-02  
q[131]: 7.5227076607662291e-04  2.2297577815801531e-01  8.1677606200085928e-01  8.3818916654986186e-01  9.0471112945851984e-01  8.9780385231066484e-01  
q[132]: 1.0742850100769769e-03  2.1842501013827387e-01  9.6111791802421220e-01  9.2466603442456230e-01  5.9110435360340385e-01  5.0563117226466114e-01  
q[133]: 8.0064075612823037e-04  1.8017139492741049e-01  9.8867838926674845e-01  9.0021917027988663e-01  7.9701062864487815e-01  1.0170893814294861e-01  
q[134]: 4.5129752618438071e-04  4.5996135304185204e-01  3.6320438314742937e-02  5.8623926127652354e-02  1.4033125869057869e-01  2.4538412347836925e-02  
q[135]: 3.2826221368125741e-03  5.2837025907828827e-01  1.4151290165639088e-01  1.9266508930758180e-01  5.0908567279806893e-01  2.6724472096069424e-01  
q[136]: 1.1981340849053408e-03  3.8279450892044053e-01  4.6853500212410949e-02  4.7820904841719344e-02  7.7349781310462862e-01  6.9560282706278631e-01  
q[137]: 3.2108491002922094e-03  3.0401531493309286e-01  1.6337354644550398e-01  1.9191326853185470e-01  7.8586824710576730e-01  3.6059954566182301e-01  
q[138]: 1.3013075974732246e-03  6.1376048574217701e-01  1.1323642491841607e-02  2.4183193443796483e-01  3.3793249971735412e-01  2.6635682404582445e-01  
q[139]: 4.0327089417590426e-03  5.8737220978065530e-01  1.9082856368943116e-01  6.4324925371605568e-01  6.2893916885046630e-01  2.3499149024925567e-01  
q[140]: 3.4619104875644336e-03  4.5853809559617592e-01  1.4238158845351634e-01  5.8259623195780696e-01  5.1846661548295403e-01  4.1308147724549060e-01  
q[141]: 1.3441085784229301e-03  6.2950128478543954e-01  3.1481002739306228e-02  7.5302553398722738e-01  8.0205866091218414e-01  5.1740542185651939e-02  
q[142]: 8.0733716560777509e-04  5.1020772999661201e-01  1.1976145391541559e-01  8.6105373590243384e-01  8.9746232550689431e-01  8.6932505131312832e-01  
q[143]: 7.0662813135342537e-04  5.1307406687663626e-01  2.2333117791095692e-02  8.2861857180708176e-01  6.2705477330641890e-01  6.1945202202013561e-01  
q[144]: 1.8125226557645414e-03  5.3307605051016282e-01  2.4344374282731496e-01  7.3824945142114151e-01  5.5058345147157361e-01  2.5263660220115492e-02  
q[145]: 7.9860836300941346e-04  5.4188458382956073e-01  1.3159302015026925e-01  9.8560451662863424e-01  9.4969917195633879e-01  1.3967116558798198e-01  
q[146]: 7.2480850106757596e-04  6.2380150372845977e-01  2.7478942242017201e-01  6.1196221795853580e-02  9.6953368920204386e-01  4.6365249374754315e-02  
q[147]: 9.5762537478380320e-04  6.5411543914079529e-01  1.1706631092105367e-01  7.1547872573530296e-03  9.1255035102888460e-01  4.7874707073789685e-01  
q[148]: 2.3561847343732561e-03  5.9780199400738765e-01  1.4478582046102131e-01  6.3442054368662582e-01  9.4658031804918163e-01  4.0269566867888951e-01  
q[149]: 1.1195909876126888e-03  4.9184073468387673e-01  3.0172328027747708e-01  1.7013106390313024e-01  1.8195607264000022e-01  1.7179986695058094e-01  
q[150]: 3.1533098944139387e-03  3.4584315251165954e-01  4.8361678925345397e-01  1.4460280277732510e-01  5.4685288595659298e-01  4.7320561044102682e-01  
q[151]: 1.3005895449668208e-03  4.3620839320934357e-01  2.4142285574757069e-01  2.1165336580654318e-01  7.4593524314237603e-01  2.1796135833447876e-04  
q[152]: 3.2068847257761515e-03  5.4608686539400597e-01  2.5331793958202137e-01  1.8553023420723963e-01  8.8222517239386478e-01  6.9711009652812084e-01  
q[153]: 1.7820287290979109e-03  4.4954714311978872e-01  1.8577991032328114e-01  6.4489748197883068e-01  9.7773634083146743e-01  7.5871603537209076e-01  
q[154]: 3.1042345695374515e-03  3.7905346449366734e-01  2.9732456815546188e-01  5.4217874596366866e-01  2.4777488133051098e-01  1.2514713185146939e-01  
q[155]: 1.2786482726650811e-03  3.6268583842582280e-01  1.7806868470527545e-01  6.7857532084214767e-01  9.5594201694596526e-01  2.0902365909076098e-01  
q[156]: 3.2771880797482421e-04  2.4433853382899745e-01  1.8460062564697097e-02  9.9401747809021124e-01  1.9395987862559691e-01  9.3389472699071552e-02  
q[157]: 1.7736006648647617e-03  3.8333983291062179e-01  1.7762637148442834e-01  8.4842170300213882e-01  2.7858383241063223e-01  2.6649783683253016e-02  
q[158]: 2.2643707453328696e-03  5.7119378404224286e-01  5.3996062174374193e-02  9.3116651754288093e-01  6.9202838766555919e-01  3.8970857302234962e-01  
q[159]: 8.3544946795834963e-04  4.8792474461385377e-01  6.9680420158788992e-01  2.1744715544654687e-02  1.3174268894146290e-01  7.9736054144551205e-02  
q[160]: 1.1541979396009505e-03  3.3434746506605573e-01  3.4878572551497100e-01  1.3050634530119119e-02  5.1706105510171063e-01  5.2299051118891132e-02  
q[161]: 2.4679019243519862e-03  6.6454121534913313e-01  5.8596660812664492e-01  7.5418679415793666e-02  4.7864393769959213e-01  1.8670702180593696e-01  
q[162]: 3.8259377615720283e-03  2.9253138300748849e-01  5.1144897865406103e-01  1.4864709220069619e-01  7.0864779245179343e-01  3.3118115976667623e-01  
q[163]: 8.7585165909989562e-04  5.4203946392450508e-01  6.2080171480203028e-01  1.8848723111366364e-01  9.7092907862354294e-01  9.5065613150192274e-01  
q[164]: 5.9837230362858214e-03  5.3596147740312283e-01  4.9925583301341131e-01  4.6483248174245478e-01  5.9125413743064492e-01  3.6204475793006480e-01  
q[165]: 6.5775384021969537e-03  4.6490829019675406e-01  5.2007902622739943e-01  4.6772283228203271e-01  8.6758092331510384e-01  4.4355668531795545e-01  
q[166]: 2.7770544593104418e-03  5.8783099060718136e-01  1.7938568862412249e-01  4.0743963209004552e-01  8.6206048312785377e-01  1.3736426332743365e-01  
q[167]: 2.3751878582570344e-03  4.3545063718031141e-01  4.6299614897245678e-01  7.4859457898724335e-01  2.8540600071107036e-01  2.2032857719706250e-01  
q[168]: 2.6039697310555401e-03  3.5422012788321050e-01  7.1277488763026531e-01  6.6605021187663993e-01  7.9955264573554063e-01  2.5961250955071340e-02  
q[169]: 4.6505495512465054e-03  6.6001874268269689e-01  4.5307059205547190e-01  7.3494015560270753e-01  8.4928737329181669e-01  6.4494806112388259e-01  
q[170]: 3.0489130745804810e-03  5.5028758942714917e-01  5.1219013229516586e-01  9.1953004114039139e-01  5.4563366743806696e-01  3.8247878372394933e-01  
q[171]: 1.6330305715375592e-03  6.9310838263984154e-01  4.3841652333272174e-01  8.1865407727757100e-01  9.8640730253193987e-01  2.2774909988987854e-01  
q[172]: 6.3496650511075026e-04  4.5697932337981778e-01  4.3284867917844982e-01  9.9454917616042993e-01  9.4494257664674808e-01  8.6268046163990397e-01  
q[173]: 1.4231228713110196e-03  5.1461706810202867e-01  8.0614689994134991e-01  4.8774426257711584e-02  3.6990529116385595e-01  3.0753876168424893e-01  
q[174]: 2.4149502797972790e-03  4.8054971764467219e-01  8.3169584883529635e-01  9.6204290527622527e-02  7.2383095300389610e-01  2.4182221113953814e-01  
q[175]: 1.6226190097749309e-03  4.5104048183508966e-01  7.0089554683310762e-01  2.0879738410818766e-01  9.7587170133147438e-01  2.0622117078586058e-01  
q[176]: 8.8471222176580099e-04  7.1108610166341690e-01  9.1815505622444071e-01  6.0650077075305432e-02  9.3474957049443730e-01  8.1434565913411172e-01  
q[177]: 2.9513693166853447e-03  5.2174109079071918e-01  8.4515659914485664e-01  3.6913267906270270e-01  2.7555987178913144e-01  6.0803312766633248e-02  
q[178]: 1.1321792434292367e-03  4.6390774497084836e-01  7.3682267176233818e-01  4.9020102351975942e-01  6.4913937092289736e-02  2.0686541046907689e-02  
q[179]: 6.1954862282644673e-03  4.8505589828795936e-01  5.1677639588500290e-01  4.5940670460464561e-01  5.6941286378242983e-01  1.1447657557139662e-01  
q[180]: 4.9685784169157515e-03  3.3507330354016079e-01  8.0972322012232723e-01  5.8342796775053152e-01  6.3750633727181338e-01  4.6993177411940240e-01  
q[181]: 2.0715235334049262e-03  7.2618280255944179e-01  7.1071896172431548e-01  6.0119640208055714e-01  8.2743884307555060e-01  7.8087821103165744e-01  
q[182]: 3.1304767680778007e-03  5.0640864867363622e-01  8.8715625473081994e-01  3.7338980537670374e-01  8.3268821383899938e-01  1.7246442372926823e-01  
q[183]: 1.6036862459202223e-03  3.6537973194651729e-01  7.2069835304998886e-01  9.1362979830422320e-01  4.0053522064208336e-01  3.6779800329050322e-01  
q[184]: 9.7027759239710356e-04  3.6811974549816573e-01  6.5729715985037784e-01  7.5346135690070648e-01  3.5336251031734867e-01  3.3702171985830411e-03  
q[185]: 1.5267933113543375e-03  6.3996023049191542e-01  5.8748071710022531e-01  9.7572448729669625e-01  8.1136913711458414e-01  3.3948336691884212e-01  
q[186]: 1.9799312981496472e-03  2.0124429897843463e-01  4.2161282711159542e-01  7.8442201756978047e-01  7.9320130529823873e-01  4.2302822853187921e-01  
q[187]: 9.6407050898674026e-04  5.5672095506908659e-01  7.0218535958516282e-01  9.7022961944176744e-01  7.1204436918715508e-01  6.8866075117735848e-01  
q[188]: 1.0154600677289068e-03  4.2737224030075810e-01  7.0920907570792491e-01  9.8103156542917658e-01  9.2651332294692623e-01  1.7239158845421157e-01  
q[189]: 2.2377171683388426e-03  5.8534346665935943e-01  7.6661348766278514e-01  1.6689259068498469e-01  5.4745127466067711e-01  3.6224361830482700e-02  
q[190]: 1.7140078229238465e-03  3.9467978143789056e-01  9.8883276737632375e-01  2.5402920071476537e-01  4.6193855515864007e-01  2.9125515492649606e-01  
q[191]: 7.5721721725816081e-04  6.5817361817376152e-01  9.4741967052313592e-01  2.0676829421402837e-01  8.6445589717380245e-01  2.4364912389371149e-02  
q[192]: 1.0993107573650993e-03  4.3602541835196229e-01  9.4421851531207213e-01  1.8947887065544535e-02  7.0144246936408594e-01  5.7629217365491503e-01  
q[193]: 8.6680355113924793e-04  3.9199446989448045e-01  9.2864021413875009e-01  5.7204680750299308e-01  9.7589541962424331e-01  8.8533095575295251e-01  
q[194]: 1.7963699829200090e-03  5.8775275445283925e-01  9.6251790161793260e-01  7.9184273423975837e-01  7.7526554540601522e-01  6.8549138213929683e-01  
q[195]: 9.4359159104624561e-04  5.2185455535672109e-01  9.4020030903233676e-01  7.4984124663714402e-01  9.6331519722788761e-01  6.7744521929069934e-02  
q[196]: 7.9096654628153036e-04  5.1992964111004714e-01  9.1129146964965835e-01  8.2668108645778071e-01  1.2600875771791328e-01  1.1426086136821924e-01  
q[197]: 1.1299040508790507e-03  5.4620689704885805e-01  9.6285775502457382e-01  9.7414479160648548e-01  3.7186629232304025e-01  1.6025534589823903e-01  
q[198]: 4.7327729042437004e-03  4.4341998221348106e-01  8.4268988852011395e-01  8.2309676470932702e-01  6.1128115080404077e-01  1.9377803432230309e-01  
q[199]: 1.0528777397092741e-03  5.1957844129754671e-01  9.0769049706320748e-01  9.2102745923299878e-01  9.5183040867166768e-01  3.8819089232675469e-01  
q[200]: 4.7307956990091888e-04  6.4726916980514937e-01  9.5538393123041321e-01  9.6949630243444185e-01  9.8601699322168068e-01  7.7807343989531941e-01  
q[201]: 1.7215730782082516e-03  7.8933589831452555e-01  1.5883234322064677e-01  1.9905151948811461e-01  5.5423815270349497e-01  4.1170781399923841e-02  
q[202]: 2.6784168328016019e-03  7.2924896114451510e-01  2.8021041668077629e-01  3.3394905625604238e-01  2.6401859618258067e-01  1.2170749503512449e-01  
q[203]: 9.3646664495468206e-04  5.5265726790552705e-01  2.7565489402228135e-02  5.1183542510602004e-02  7.4038560963134481e-01  1.5295105411693088e-01  
q[204]: 1.0284132352837083e-03  8.3481092689491798e-01  9.6817212562689534e-02  2.7299157368576205e-01  9.8269990389910733e-01  2.3370777892581429e-01  
q[205]: 9.9167583084975512e-04  4.9889100674861109e-01  6.9500986201411583e-02  2.1787290780648300e-01  9.9297003524973315e-01  6.2945571509737863e-01  
q[206]: 3.8166893528832828e-03  8.1441628401613098e-01  2.0420481758236966e-01  3.3645343640681830e-01  8.1571468629234756e-01  4.4794326436124604e-01  
q[207]: 6.1405394710876591e-04  7.4890671726598157e-01  2.9197496366320966e-02  2.1050660518729972e-01  9.4773654956941389e-01  8.7754801841576202e-01  
q[208]: 1.9305829161080253e-03  6.6021248848462133e-01  2.1105342641479735e-01  2.3330613509396325e-01  6.2723495067608637e-01  5.9287929125068617e-01  
q[209]: 6.3213474310931303e-04  8.6241992063987238e-01  1.1925924645209678e-01  5.5478526598266042e-01  9.6531210879577989e-01  5.1107757204876987e-02  
q[210]: 2.9032824334779077e-03  7.8663697295577140e-01  6.9299760408491215e-02  5.3161632411719162e-01  7.6757288421943759e-01  6.5388711096206042e-01  
q[211]: 1.3531182647986682e-03  6.5773121858365280e-01  5.7386323046291356e-02  4.6222813448612138e-01  3.5747432076435648e-01  2.7352192226439722e-02  
q[212]: 4.8827963669595691e-04  7.7678103454407688e-01  2.3513371941706104e-02  8.2218897922134226e-01  1.2004951254561495e-01  5.1315040374191191e-02  
q[213]: 4.0885281615169161e-04  8.8672578035265781e-01  2.5706228827337127e-02  9.4629085811770686e-01  4.9461569928503352e-01  2.7924285901881805e-02  
q[214]: 1.6683159033173028e-03  6.4369067335036745e-01  3.3809077068752847e-03  3.9202998460184851e-01  8.0001133476042596e-01  3.2434149635119791e-01  
q[215]: 1.1797626222227169e-03  8.7979380864520718e-01  3.4419761263689543e-02  8.2657530967591564e-01  9.1556203781444689e-01  3.1628349331231825e-01  
q[216]: 8.9382253185096361e-04  7.3086094628391240e-01  2.9962329553557109e-02  8.1582280876755620e-01  9.3259641882988986e-01  7.1747897975354180e-01  
q[217]: 8.9402195481699451e-04  7.9814906519238737e-01  1.9747827520316202e-01  1.8665507314732894e-02  3.9333721272261191e-01  3.6611066535680109e-01  
q[218]: 2.3608646671140977e-03  7.0966167062406249e-01  2.9233081177874920e-01  7.0587320255457248e-02  6.9520092533079758e-01  1.7447037280694067e-01  
q[219]: 1.6080396811375686e-03  9.5154645286061146e-01  3.2756533491436490e-01  9.6975451958370179e-02  8.4420165739095465e-01  6.4046641305030971e-01  
q[220]: 4.5671805876105380e-04  8.3903319211223648e-01  1.8457424354415111e-01  3.1601121608772403e-02  9.6774389872390898e-01  8.7755027595550539e-01  
q[221]: 2.0656286984312498e-03  6.7969657076448209e-01  3.9347077526384966e-01  1.1431619444309674e-01  2.5120034968226895e-01  4.7734302088848352e-02  
q[222]: 6.6894667103789931e-04  6.1764723414261680e-01  1.0498524303138866e-01  5.0785342201427675e-01  5.7316258937771605e-02  2.1001523619639036e-02  
q[223]: 1.8764455681359567e-03  4.9483420924878718e-01  3.2567313493456401e-01  3.4500226817470880e-01  8.2286633187028779e-01  7.9721190683488052e-01  
q[224]: 1.5999922557368904e-03  8.1445513135946090e-01  2.8561685418064037e-01  5.3739601528787873e-01  7.6733396884250205e-01  5.4463251292901513e-02  
q[225]: 7.8676825091775519e-04  6.0803339951781865e-01  2.6666782582672477e-01  6.4205394415724237e-01  9.8690644490704560e-01  9.1408066893354722e-01  
q[226]: 1.4414353407631079e-03  6.0214677768958302e-01  1.4213388688197653e-01  9.3368339052290228e-01  3.0883832551844470e-01  2.4137164401369260e-01  
q[227]: 1.8852738519319207e-03  5.7571119743170207e-01  5.6224772177146343e-01  9.1630886672451162e-01  5.8047952434616479e-01  4.3843524645644699e-02  
q[228]: 2.6612469310754346e-03  7.4278425226039968e-01  2.9853452879203246e-01  8.3990833688132660e-01  7.3818083758266617e-01  2.1910163706665514e-01  
q[229]: 9.9464786192128563e-04  8.1898061535661049e-01  2.7121065763292623e-01  9.7477123190053405e-01  8.2852355295631408e-01  7.2234530041712286e-01  
q[230]: 1.0267177854860051e-03  7.6082455836060559e-01  3.8285091570758600e-01  8.9609588295757203e-01  8.7112766189821933e-01  2.1745003755146118e-02  
q[231]: 8.8961639544442739e-04  8.2022004074515109e-01  1.8431782891376705e-01  9.6338839221257055e-01  9.6347000526192683e-01  6.1333804581098161e-01  
q[232]: 8.1621831925848419e-04  7.8983934416358914e-01  7.5843719297664614e-01  8.2021215189215738e-03  8.2553354295089265e-01  7.1490829449960380e-02  
q[233]: 8.3033032812255528e-04  7.8752336834312398e-01  5.4922374994143697e-01  2.3871369400533336e-02  8.0426543985731913e-01  7.8869572306790126e-01  
q[234]: 9.8623095344655093e-04  8.5529126611977346e-01  5.9967489822172793e-01  4.9826370524063274e-02  9.7712197878154694e-01  5.4591417919930141e-01  
q[235]: 2.5454346818348456e-03  6.2507462194771612e-01  4.3444381611172478e-01  1.3782730965069659e-01  9.5796837444152450e-01  3.2063807715550530e-01  
q[236]: 3.0508999739404809e-03  7.7500501734774374e-01  6.3576378549330237e-01  3.3678167101687517e-01  2.8152214284028637e-01  2.3537451215665378e-01  
q[237]: 3.3381291304371711e-03  8.5994373114440470e-01  2.8606667647349177e-01  4.7204392001660622e-01  5.2246933184138389e-01  3.8148546506661596e-01  
q[238]: 1.2639003074447306e-03  6.5081552629645312e-01  5.9413546449798538e-01  4.3304588851161951e-01  9.7412679812387004e-01  4.0206210884754817e-02  
q[239]: 3.4368050721695054e-03  8.3829992398013464e-01  4.7927412004400655e-01  2.3035904641074806e-01  8.2754617792827057e-01  2.1329637230195422e-01  
q[240]: 6.1574375340300738e-04  6.3956771543409052e-01  3.7294600516305593e-01  9.5227914753423315e-01  8.2810211123586899e-02  3.4443577934149483e-02  
q[241]: 1.4976708424280583e-03  5.8151047158219338e-01  5.1855785794080278e-01  5.6093493153898755e-01  4.8609837492770258e-01  4.8361629861996824e-01  
q[242]: 1.9466593148173132e-03  7.6134035402706046e-01  2.6208743096891968e-01  9.6071766064302477e-01  4.2670435686846675e-01  1.3001522453367390e-01  
q[243]: 6.0003004142271897e-04  7.9418431831966529e-01  9.4967842713379091e-01  7.6173433892560210e-03  3.4805944958590773e-01  5.7544855973772131e-02  
q[244]: 6.5062778813852285e-04  6.7327862845176656e-01  9.9397295843292577e-01  4.5517209494340009e-02  9.3373403663089938e-01  3.1228208052748380e-01  
q[245]: 3.5856205967411060e-03  7.7292808715373995e-01  5.9237085669966394e-01  1.6322655230672117e-01  6.4879879023614762e-01  5.2008021439192398e-01  
q[246]: 1.8772098196405396e-03  7.9749279016743746e-01  6.5080895659396110e-01  3.3561574033257746e-01  7.4679028778257628e-01  3.5183957946884323e-02  
q[247]: 4.6748761370665817e-03  6.8024842432380450e-01  8.1314309293165110e-01  2.2570579484966757e-01  8.3837039494322385e-01  4.9426037762235764e-01  
q[248]: 3.0916143383283830e-03  8.7220345120404341e-01  8.1669406147080936e-01  3.4747841741788099e-01  5.2357395847484323e-01  2.1373169524882943e-01  
q[249]: 2.2717327071480661e-03  7.4825198407440785e-01  6.8681677301796018e-01  8.0075816485288953e-01  9.5839971426965775e-01  5.4648092763074985e-01  
q[250]: 3.4823170217963832e-03  7.0989658221557006e-01  7.2844415995528466e-01  7.6062585527003901e-01  3.1036238404320649e-01  1.4649723694760164e-01  
q[251]: 3.7890188195812526e-03  7.2844544020782931e-01  8.1558116919416201e-01  6.6370088663845550e-01  5.5657860217779032e-01  3.8834575328978910e-01  
q[252]: 2.5924850323380991e-03  7.0802371075538273e-01  6.4526230244771221e-01  6.3178515020199211e-01  8.8054802203650417e-01  1.4601756103668428e-01  
q[253]: 1.9424760641309018e-03  8.0597435930404804e-01  4.7007297974129175e-01  3.1983328118946180e-01  9.7501806716844563e-01  7.4154306347458587e-01  
q[254]: 6.0740598355518683e-04  8.2333591513153770e-01  7.5589439492251587e-01  9.5444393362967861e-01  2.8866232416965149e-01  3.7870074471494943e-03  
q[255]: 2.2335867635968447e-03  8.0673011710867548e-01  8.2505532916028823e-01  9.5630154248969002e-01  7.3880403680196338e-01  4.6616800324475416e-01  
q[256]: 4.6584997911526901e-04  6.8817416162500655e-01  9.6905680454487342e-01  2.2743248061442270e-01  9.0787646350597787e-02  6.9128826462431972e-02  
q[257]: 6.4684362697253425e-04  8.4580817918016749e-01  9.6499955678338545e-01  2.6380029776597513e-01  7.8745603939768716e-01  7.6104569948849465e-01  
q[258]: 8.3949346882571227e-04  6.1324544450814766e-01  9.9565188917443648e-01  3.7294924979360178e-01  8.5800314987797011e-01  5.7838600411044661e-01  
q[259]: 9.9969873705223482e-04  8.9570318995860487e-01  8.5393452877550846e-01  1.1284858214014459e-01  5.2839011689929338e-01  4.9193407381207516e-01  
q[260]: 1.9708845647880184e-03  8.5397075526624400e-01  8.7360498845241574e-01  4.7318570554367212e-01  9.5437521384307933e-01  2.6954334785068912e-01  
q[261]: 1.3528630833010136e-03  8.1538007632791609e-01  8.5543990903939005e-01  4.9891625179457794e-01  9.6694699988590438e-01  7.6660069486197069e-01  
q[262]: 1.0513922544749179e-03  6.6629776594861279e-01  9.3109389103191342e-01  5.3360006082052502e-01  3.4088263572929767e-01  3.2270930406008419e-01  
q[263]: 2.1662866441787940e-03  7.0034401461175477e-01  9.8175213808285733e-01  5.7284939298150739e-01  7.2632106465563950e-01  2.7759267159382278e-01  
q[264]: 6.7881771254595547e-04  8.5951979833173087e-01  9.8216560512774531e-01  5.5394460629043152e-01  2.1259539502849203e-01  5.1870093906177570e-02  
q[265]: 1.6152738941191040e-03  7.6074677028576232e-01  9.4400627725377306e-01  6.3022113004838909e-01  5.4365651010398219e-01  2.5288471179965809e-02  
q[266]: 6.7868894769240100e-04  7.0392024865220382e-01  6.7350622013057226e-01  8.5172170865636387e-01  9.7701897445645969e-01  9.4342608750134105e-01  
q[267]: 8.8656831282768857e-04  8.5196189870975292e-01  9.6335222396732845e-01  8.7775082572591756e-01  4.4169393973992260e-01  3.8118486221898429e-01  
q[268]: 2.8014544980811350e-03  8.0635964891306122e-01  7.6365885254219967e-01  7.8412985841607552e-01  7.6561184553730266e-01  2.1742027492705671e-01  
q[269]: 8.6586465265889605e-04  6.7963373705516794e-01  9.1223361411772186e-01  9.6356348768276534e-01  7.6882006196626329e-01  4.1343250727479242e-02  
q[270]: 9.3984841597115961e-04  9.5066659483568483e-01  8.3444519728037417e-02  2.7037335178806976e-01  1.9032075246879732e-01  9.8923824157100257e-02  
q[271]: 1.5096489866045736e-03  8.6504223419617465e-01  4.4781536212691993e-02  8.4641128123033330e-02  6.3007873635468814e-01  4.0884517864971215e-01  
q[272]: 4.1030268970474685e-04  9.8491705413324615e-01  9.1680822044115665e-02  1.6693665186525031e-01  7.3104002173396243e-01  7.1896453189286635e-01  
q[273]: 5.6864297691417169e-04  9.5031816149963622e-01  3.1831425860644066e-02  1.7530104984424097e-01  9.4428626793296622e-01  5.4484344369696069e-01  
q[274]: 5.7102747178993871e-04  9.9290613038810061e-01  9.4438689539720705e-02  5.6301827783009661e-01  9.5678976801793569e-01  7.6627177569995808e-01  
q[275]: 4.6498468326524640e-04  9.5890455814911624e-01  1.7376640081398331e-02  5.1847538781302915e-01  4.3542510056154887e-01  3.8230765745356099e-01  
q[276]: 1.3687055129037041e-03  9.7780089962218020e-01  5.4632032836034440e-02  4.2602743773574586e-01  7.0909780785586174e-01  1.4502109759259885e-01  
q[277]: 1.3954466229011363e-03  9.8919136271679853e-01  1.4755883410263579e-01  8.0768300986740549e-01  7.4626392892991622e-01  4.7634124565955516e-01  
q[278]: 2.6408560528495130e-03  8.5204413990849415e-01  6.7134400367869995e-02  6.9515647766382427e-01  4.5247366887355006e-01  1.8082802060523664e-01  
q[279]: 2.1494356876898524e-03  7.6864360868284765e-01  3.4254397441892509e-01  8.4364355868332441e-01  5.7647266944198017e-01  5.3017613412023690e-01  
q[280]: 8.1485025375176710e-04  9.6114167729076849e-01  2.5423731766353225e-01  7.3765465065881242e-01  6.5270307037434583e-01  2.2016416954159967e-02  
q[281]: 1.8345803634939759e-04  9.0902172814902626e-01  5.2488073660576624e-02  9.0523137080708904e-01  9.6142153060991864e-01  9.3763610675386333e-01  
q[282]: 4.1488888837903757e-04  9.4041088875238399e-01  3.1517399006621989e-02  9.8537936349232480e-01  5.5208862626198174e-01  4.6568570461806652e-01  
q[283]: 1.9977231174109005e-04  9.5294530467879679e-01  8.4277181826944020e-02  9.1674355320312506e-01  9.5722048394744552e-01  4.6449327830479288e-02  
q[284]: 5.2336280740279727e-04  8.9635460337960937e-01  6.4187913435599181e-02  2.4258397014548929e-02  3.6677887764162026e-01  6.0670486428948331e-02  
q[285]: 2.1200884317840313e-03  9.6383290835795432e-01  2.8459848630576234e-01  2.0733732154528739e-01  5.6063680189782017e-01  2.2659722400562271e-01  
q[286]: 5.1162247637786748e-04  8.5595756692877867e-01  4.0417097538863064e-02  1.2252571302664139e-01  8.5946058821390570e-01  2.5478666524391645e-02  
q[287]: 7.1625512683269588e-04  9.6623489694842102e-01  2.0412036614880258e-01  2.7235271259702772e-02  9.0006088452263344e-01  2.1610765410954258e-01  
q[288]: 3.0447918841633459e-04  8.6162095976562780e-01  2.2438800771911144e-01  5.8167931211624377e-02  6.1921267954929110e-02  5.9196596233751883e-02  
q[289]: 9.5595406362339005e-04  9.9173547210586011e-01  3.9191047739513657e-01  3.1133109671560555e-01  4.6231103527303513e-01  4.2167886807312382e-01  
q[290]: 1.0032501846460689e-03  9.5376514459410411e-01  3.1206340428432305e-01  5.3357995453715357e-01  2.6612219520092789e-01  9.3943594705432100e-03  
q[291]: 1.8640084272599788e-03  9.1134910007056291e-01  3.0299063253251568e-01  5.3533067377608889e-01  9.6565413811658285e-01  5.0036644057048163e-01  
q[292]: 1.3314353946323944e-03  8.6340947859686157e-01  1.8843716515262610e-01  7.3291635026107749e-01  2.8167551195491414e-01  2.6090993661066508e-01  
q[293]: 1.1931990461764132e-03  9.7056549160275929e-01  3.7764869101869569e-01  6.4821680865468523e-01  9.4556154399487502e-01  1.7230085098858794e-01  
q[294]: 7.9492064081741200e-04  9.3085037645053814e-01  2.7478259265620186e-01  7.5828486255634764e-01  7.8965178575258033e-01  7.7434477120506540e-01  
q[295]: 4.2175571302270105e-04  9.9766808018232100e-01  1.9145804439962719e-01  9.1270995429851065e-01  1.6573628736058252e-01  5.6241603689785064e-02  
q[296]: 3.1089880963881774e-03  8.5057984448557844e-01  5.1409296227500867e-01  5.0222844155099966e-01  5.1036357823655853e-01  9.5367748857749984e-02  
q[297]: 5.7363268715464051e-04  9.4828708581728471e-01  5.9463660004964447e-01  9.8168572890173078e-01  7.0971720420023154e-01  9.6959251603562169e-02  
q[298]: 1.0747017384113815e-03  9.2031251730220232e-01  2.1303003480020632e-01  9.5682365227510446e-01  7.8930073547601765e-01  1.8566702317487987e-01  
q[299]: 6.8733925091708022e-04  8.9676101185221579e-01  6.8878265295039443e-01  1.6920157159394869e-01  9.3199903038071144e-02  7.8557117983559036e-03  
q[300]: 5.5112852179611490e-04  9.6990510405357533e-01  4.9708676010343639e-01  5.2709501246226170e-02  5.9344401743135666e-01  1.4482580578016930e-02  
q[301]: 1.1850264783193672e-03  9.6259898599463478e-01  5.2449506755926878e-01  5.0307807524873592e-02  3.4401096096902933e-01  2.0167551042286283e-01  
q[302]: 8.5721684414726506e-04  8.9699411138514729e-01  3.2627453627381764e-01  4.3174676255164407e-01  9.4586682360864061e-01  9.2138560260084268e-01  
q[303]: 2.6954383287101907e-03  8.5970020737664621e-01  4.0377222197665202e-01  7.2611645596354812e-01  7.7744098972857523e-01  4.0880262656445615e-01  
q[304]: 6.9235336670757613e-04  9.6511360723194595e-01  4.4217898536732297e-01  2.3419851210014214e-01  9.2242826176354531e-01  3.2802877248493172e-02  
q[305]: 1.7969992590867467e-03  6.8671401530236098e-01  4.7827091893015056e-01  7.2084094513633434e-01  2.0871939545526763e-01  4.3918692526913584e-02  
q[306]: 2.0238348475642297e-03  9.5598336932930394e-01  4.7410561532113649e-01  8.2268084687919329e-01  4.2466448878236868e-01  2.2536169165380684e-01  
q[307]: 8.2917112939218487e-04  9.4812276830897069e-01  5.2171036177241303e-01  9.5911679978849007e-01  6.3554146660502753e-01  4.5345585343453354e-01  
q[308]: 6.0120633533581626e-04  9.7825498601692362e-01  5.8484195139510331e-01  9.6631131973458728e-01  9.6316440608261567e-01  3.9945407810993427e-01  
q[309]: 1.0376520168545911e-03  9.5207122391827326e-01  5.3750081006016914e-01  8.6151150049546898e-01  9.5420092280234525e-01  8.0950112884126135e-01  
q[310]: 4.3344804154080808e-04  9.4026316206040361e-01  9.2230406612758331e-01  1.0229326967759764e-01  2.1210743269743293e-01  1.6698988265015960e-01  
q[311]: 1.4847769918617884e-03  8.8334822400347368e-01  7.2034860358556230e-01  3.5559709065538556e-02  7.3170818715602215e-01  3.2237279849424233e-01  
q[312]: 5.7636974716218062e-04  9.0309196765881916e-01  8.1184175537086234e-01  9.4667715143360573e-02  9.8582272640693236e-01  1.1689002412735366e-01  
q[313]: 1.0541668806967053e-03  9.9559078949806834e-01  6.8648120308221239e-01  2.7352089953811753e-01  9.2373293746969942e-01  3.6997205664802874e-01  
q[314]: 5.0396329506282060e-04  9.8566530730718549e-01  7.6899882600905478e-01  1.5901016086819469e-01  9.5796571008667930e-01  8.8361138710722842e-01  
q[315]: 1.0455931176835541e-03  9.5563442100315932e-01  7.8159431217976849e-01  2.6579380696006794e-01  3.7648739299822265e-01  3.8746352921634163e-02  
q[316]: 9.3702159713568119e-04  9.0188246853518605e-01  4.9146071151808274e-01  5.9162959169980656e-01  8.1353507810801015e-02  6.6543752970588038e-02  
q[317]: 2.5271981281213365e-03  9.3887842700842528e-01  6.2766545742496382e-01  4.1812491326971241e-01  7.8478425637833571e-01  6.6568638279716807e-01  
q[318]: 6.8130725720842126e-04  8.9446108033292904e-01  6.4830941773941630e-01  9.8849012707036443e-01  2.4910274311688263e-01  2.1846288411970527e-01  
q[319]: 1.1481808842685962e-03  9.2162008406630269e-01  6.3800170376825449e-01  8.1789746982004874e-01  4.7304059329891357e-01  6.3134369244101388e-02  
q[320]: 2.5917162887314662e-03  9.6267610601095177e-01  6.4706391350894987e-01  5.5360372860592943e-01  7.4428922437831813e-01  3.4223785487260605e-01  
q[321]: 1.2575590106766183e-03  9.5003820945960504e-01  7.3421485843803558e-01  7.4160056350202108e-01  5.8527868251495752e-01  5.5483813628076017e-01  
q[322]: 5.7351957452237399e-04  8.9069122676230461e-01  7.3745600947998491e-01  9.0644121708317760e-01  9.6923768023791890e-01  5.6638789760346302e-02  
q[323]: 1.4124447193656793e-03  9.5652946171580544e-01  9.1460166548650101e-01  7.3424729748254625e-01  8.9715858201790699e-01  5.9462163805038082e-01  
q[324]: 1.6214131781020469e-03  7.3346880448917573e-01  9.4153708963530613e-01  1.5711664595478891e-01  4.8165657408483553e-01  2.6550165203993942e-01  
q[325]: 1.1238701432047917e-03  9.5800216830407481e-01  9.5457833975688566e-01  1.8119035414630807e-01  7.2021742896083862e-01  1.2761251243855362e-01  
q[326]: 5.2491543836359644e-04  9.7923424384293722e-01  8.9869676599896386e-01  2.3903449212398422e-02  7.5625129682398384e-01  5.1802160374793405e-01  
q[327]: 5.6216030612981640e-04  9.1738469625860219e-01  9.6186796176043576e-01  1.9259284294290271e-01  9.6341276454577973e-01  5.6562076581088716e-01  
q[328]: 2.8493198251036000e-04  8.9238053574683873e-01  9.5287616348476878e-01  6.1884732425066791e-01  9.5650027000115401e-01  9.4418984517742865e-01  
q[329]: 9.4390996794293592e-04  9.9816538403413502e-01  8.5195306693724127e-01  5.5982208726956850e-01  2.6592727126153781e-01  1.7245090249512171e-01  
q[330]: 2.8218115652041881e-04  9.2308619844130535e-01  9.6222999339115223e-01  4.9111766465526951e-01  9.4359550082964216e-01  2.1772122772677809e-02  
q[331]: 4.5780930732022265e-04  8.9349408262721741e-01  8.8095018736957575e-01  8.6995262648790728e-01  9.1148907258355921e-02  2.8770350268068737e-02  
q[332]: 1.1007109470688497e-03  9.4105296482833678e-01  9.7820566055459479e-01  4.3040055375804326e-01  6.4214298996102004e-01  4.7923731199618980e-01  
q[333]: 8.6036394891690789e-04  9.7286877672313210e-01  9.4511479558534728e-01  9.0567973157785708e-01  5.2510075573554649e-01  1.6300579535210441e-01  
q[334]: 9.8989456260167277e-04  9.7903797482386268e-01  8.1167944454041552e-01  6.8719190515276263e-01  7.9671622989616853e-01  5.5256728515658597e-02  
q[335]: 7.1072976324031872e-04  8.9489808031235485e-01  9.7780985463808512e-01  8.9695785256970262e-01  9.2163493880432112e-01  2.5247741212026309e-01  
q[336]: 4.4558480860481788e-04  9.4159016419872421e-01  8.8309352455395329e-01  9.5559439943317148e-01  8.4853457802777543e-01  7.9666384733457984e-01  

