4 361
7.2037715648912926e-02  2.4318318650148045e-02  8.6325532858608389e-02  2.6931046686273725e-02  8.9637419348687823e-05
5.4221786286299097e-02  5.2370355971780649e-02  2.5379399570702754e-01  1.1470121978616363e-01  1.6470673302201858e-04
4.3668563671097213e-02  2.9178914208361720e-02  4.9553765820129897e-01  1.0294907756354621e-01  2.6662170933349790e-04
5.8109394252959960e-02  3.4602687333021423e-02  4.3116949367455393e-01  4.0301346289081552e-01  1.8405590805352200e-04
3.2388571227740866e-02  2.3428061992105814e-02  6.6665881926306858e-01  5.1054080941164326e-01  1.3828933991239632e-04
4.2951475397272232e-02  2.8732687913424038e-02  8.3362006806875300e-01  3.2498905190523286e-02  5.5496712697334795e-05
4.7903401264677618e-02  4.7883528191900497e-02  8.9263675555997790e-01  1.5429166755319454e-01  1.7890427887287100e-04
3.5993773688686566e-02  3.4854302623407961e-02  8.5352139846159347e-01  5.6141547378053891e-01  1.3912252758972144e-04
5.6966400706904535e-02  4.4392922653594978e-02  8.6453203314008475e-01  8.3909814102420655e-01  1.1826717600752335e-04
5.0712040856723352e-02  2.7301555753150599e-02  9.8077735174482605e-01  3.6645067007952742e-01  6.5792843086437167e-05
4.0563052891343952e-02  2.8269821250949751e-02  9.7350480536558082e-01  7.9169886183541072e-01  5.4746327963711223e-05
9.6327246642225736e-02  2.0475736415831298e-02  2.0092803268375736e-01  1.6289805379820976e-01  1.7004539659858545e-04
1.3852166534594512e-01  2.7242127155412684e-02  3.0350316083124063e-01  2.5283124286388507e-02  3.0667471250544033e-04
1.2002916820591994e-01  1.4760019040938321e-02  4.3416378066127093e-01  2.4592751815122502e-01  5.4339787560963042e-04
8.2988049302800668e-02  1.8320979811147952e-02  6.7568737079537189e-01  2.4003845799799379e-02  1.5490319695552566e-04
1.4001484943437828e-01  1.3092979458448482e-02  7.2361176032142804e-01  1.4793097899977811e-01  4.8024458300663733e-04
9.8738471453300711e-02  6.2048119986414574e-02  6.6469797247930495e-01  3.1796559692658194e-01  6.3785867828423264e-04
1.1263925121182403e-01  1.8159199509089514e-02  6.6635501012336984e-01  5.1370282924659949e-01  3.6057168828412052e-04
1.4973625354864831e-01  3.2668203347286366e-02  6.7656933393676788e-01  6.5408756042749006e-01  2.7787252932389724e-04
9.4702882135780639e-02  2.0617934728623326e-02  8.5782364232206132e-01  3.3551390593398939e-01  4.9750923350564628e-04
1.2355595896497476e-01  2.3717178587026967e-02  8.8525795508666250e-01  7.3225576373403301e-01  3.5992764135405619e-04
1.0643401879516280e-01  2.8072949881905215e-02  9.5212734251817799e-01  3.0482200706495974e-02  1.1437458587416618e-04
1.1911099535554948e-01  2.5111469277711417e-02  9.9994329688779804e-01  1.5761191012661349e-01  1.1907184719891360e-04
1.0784118198777008e-01  3.8195186080856314e-02  9.6782341162931818e-01  5.7127685426345898e-01  3.0382684989779373e-04
1.1324195870645490e-01  1.9229981763489879e-02  9.7985465265515848e-01  9.2161275486526117e-01  9.8583805204582834e-05
2.0200558942668759e-01  1.5749900524126736e-01  1.0528262250425287e-01  2.0160324169981987e-02  1.7206988741571560e-04
1.9372308796356311e-01  1.7105039337105082e-01  1.9520135955055290e-01  1.6810820617386502e-01  2.7377658312944685e-04
1.9475440578722206e-01  1.4952171810006093e-01  2.8291606893780280e-01  2.7317356074020485e-02  2.9498705659879604e-04
1.7617428137628693e-01  1.3086552578628580e-01  5.1044367936772661e-01  2.4690357590622210e-02  3.8362041727546813e-04
1.9392877316075802e-01  1.5309371577424929e-01  4.5657739094288008e-01  3.0814621329361458e-01  1.0919194957877312e-03
1.8727938442364472e-01  1.5274611888918402e-01  7.1596671703351034e-01  1.6229745813322274e-01  8.9855340767348673e-04
1.7520879652388482e-01  1.3712778171749346e-01  6.9051743218869110e-01  6.3490324161173906e-01  5.4178945531056972e-04
1.9994207872472891e-01  1.3272146992993550e-01  8.4364095988700305e-01  3.6726836582513245e-02  3.8036420241553638e-04
1.9465032266917845e-01  1.5663086818722793e-01  8.4122410430849104e-01  5.5546847385143205e-01  8.8668224771283632e-04
2.0775751542049595e-01  1.7290026066621947e-01  9.7559519750909762e-01  3.3284182525101395e-02  1.4809160522204624e-04
1.8889571446234737e-01  1.5990615638837843e-01  9.6444181787696204e-01  3.4484632694805206e-01  4.7859726791158440e-04
1.8885922341290989e-01  1.6050357386134900e-01  9.7429713670063522e-01  7.8265831803301622e-01  3.2108930873030715e-04
2.1592479688942703e-01  1.7278045540585732e-01  9.5568064560268218e-01  9.3250125348719248e-01  1.5178460215397661e-04
3.0303458423992807e-01  3.2500625910135292e-02  1.2609941361783253e-01  2.7519517959779437e-02  2.9388486585716457e-04
2.8704514325972791e-01  1.8081223003832893e-02  1.8304003849123929e-01  1.4573844500388994e-01  2.6259366543355666e-04
2.9258326948893881e-01  5.2734860076654407e-02  5.0461088516345298e-01  2.5257830079176587e-02  4.0554824687274316e-04
3.1686903593546045e-01  8.3709834313062462e-03  5.0477400421084395e-01  1.2560268023450788e-01  6.9780453676356036e-04
3.0366354290968306e-01  1.8456088406169812e-02  4.6775897800628397e-01  3.9031259355660369e-01  6.7677461266462270e-04
3.3201859393404842e-01  4.2174583048682747e-02  6.6215385866956433e-01  3.3073431369683826e-01  1.1366220526721320e-03
3.0107480440769424e-01  3.9024299769999750e-02  6.9411931457938314e-01  6.4050383669160804e-01  2.8158783187323666e-04
2.8778512210122309e-01  3.1853652921396740e-02  8.3382043742416867e-01  3.0935589467479020e-02  3.1458211646393918e-04
3.0181193152610253e-01  2.4014979228455163e-02  8.7078886432160885e-01  1.6522484807742438e-01  4.8997762416588234e-04
2.6736565452001049e-01  2.3066412443266564e-02  8.5457667037445129e-01  5.5600002054205944e-01  9.1528424589692244e-04
3.0608668082140017e-01  3.8071250114176634e-03  8.7682590017661266e-01  8.7205564023436899e-01  1.6836531530580026e-04
3.0968663954031217e-01  2.1059369792785575e-02  9.7117171720010653e-01  3.0007685148849494e-02  1.0256192602900266e-04
2.8312514137505879e-01  2.4449136493830126e-02  9.7012745060380601e-01  3.6557838173464302e-01  4.6369287821829917e-04
3.1893083193434291e-01  4.2381339975614427e-02  9.7972395065105111e-01  7.8077137608196323e-01  4.4249500571745754e-04
2.4094921226800184e-01  1.1255036897638061e-01  4.1829336643370608e-02  4.0979933444744043e-02  1.5515894187007363e-04
2.7616052702706739e-01  9.9149594307693101e-02  2.8507068752706338e-01  1.1881251125068483e-01  1.2407078562862348e-03
2.5284732917554770e-01  1.0199343902013353e-01  2.9999622451852748e-01  2.7161799498925548e-01  4.0359211572874292e-04
2.5497249436238789e-01  1.1434387522673012e-01  4.9576815896750703e-01  1.4725341435326236e-01  9.2751349958680794e-04
2.5808113060212934e-01  1.1263815224603793e-01  4.4880067531300571e-01  4.2190518117454390e-01  5.2103649944214888e-04
2.7280626597128882e-01  9.9530063670765917e-02  6.8570796787379407e-01  4.8441127764830054e-02  6.4707694089392908e-04
2.6446107942710267e-01  1.1616820399683675e-01  6.5576207730301528e-01  3.0865456422706888e-01  1.1057827573741177e-03
2.8703478125630838e-01  9.5157784227663814e-02  6.8194022378950503e-01  4.9777840050210798e-01  9.9555775822813631e-04
2.5206417261482678e-01  1.0843521951682072e-01  9.2381206633752788e-01  1.6420900780376427e-01  1.0208532791648509e-03
2.7818111113174010e-01  1.1217655640235288e-01  8.3596979695932216e-01  3.4179169418968069e-01  1.0197922666112566e-03
2.6966140186496151e-01  1.1975668024510244e-01  8.6181742635365577e-01  7.7017807982695241e-01  1.0953482251506964e-03
2.7499044126497496e-01  1.3376629580329841e-01  9.6966442152651267e-01  5.7298456785942098e-01  7.6077515911676153e-04
2.5570935688836682e-01  1.0586198159708722e-01  9.8685054458808563e-01  9.5877053790015632e-01  1.1046255141110279e-04
2.9594980020543232e-01  2.6865966183512002e-01  2.6642559820853734e-01  8.3836865220175014e-02  3.5156005860700071e-04
3.0345333928757745e-01  2.8265518596790234e-01  4.8025606083514905e-01  1.5917978077364375e-01  7.6122875228210962e-04
3.0284092901333820e-01  2.7829817965793996e-01  5.3140684577094166e-01  5.1768728571556244e-01  2.6674987390264279e-04
2.7926843438890731e-01  2.6976563827975170e-01  6.9615033979832086e-01  1.9418414927678904e-02  2.2154359042468307e-04
2.8207081457547606e-01  2.5594199116547267e-01  6.6857358321125626e-01  4.8847435638618947e-01  5.4950462917998483e-04
2.9190460634726723e-01  2.7762489096405712e-01  9.2810746643312547e-01  1.3487840796279779e-01  2.8499440610747643e-04
2.9387125247868617e-01  2.6852673425337797e-01  8.3899240186193536e-01  3.7062758459755435e-01  7.6143820423858950e-04
2.8110341362683616e-01  2.7088196982580220e-01  8.5866554756544977e-01  7.7749616878730954e-01  2.4076879534715769e-04
4.9782250660150534e-01  1.5978186218112839e-02  1.0154475773698413e-01  3.2417355402673827e-02  1.4760003899031096e-04
5.1139133485235799e-01  3.6373379531165567e-02  2.9113323155566512e-01  1.0772752757340956e-01  8.8125987446433635e-04
5.0335117643908822e-01  5.0638594673218247e-02  3.0611250324112715e-01  2.8945547582542658e-01  3.9472517520949937e-04
5.0410098701651562e-01  3.4246746431692801e-02  5.1199976576798056e-01  4.0174591287490645e-02  4.9948696235694798e-04
5.3250324052078968e-01  3.4519924283421585e-02  4.2687597574161101e-01  2.8603120721836583e-01  6.5190611564526371e-04
5.0161205031643485e-01  2.9627978690687382e-02  6.9973279608806682e-01  1.4494381491336483e-01  4.5501369328434171e-04
4.8526796492152102e-01  3.2256432282752150e-02  6.6226607930255366e-01  5.2905673907662376e-01  1.0533978268257942e-03
5.0878859563757384e-01  1.8967904807074196e-02  8.3427542847889269e-01  3.7014926125930048e-02  3.0673958580581411e-04
5.0078658793082664e-01  2.1964274928240848e-02  8.5127971442294259e-01  3.5577817262442063e-01  1.2025265625768607e-03
5.0931626359591842e-01  2.5677633937579467e-02  8.5149623543442687e-01  7.5277319695638578e-01  6.0507954439303164e-04
5.0530199780374219e-01  3.6951577459283520e-02  9.8219285172167414e-01  1.4258774215932191e-01  3.7446585492166079e-04
4.9994935546704844e-01  3.2839265754716893e-02  9.7556155677932510e-01  5.7424452875372700e-01  2.7315436904506443e-04
4.8345440053053651e-01  1.8902151087231124e-02  9.7540412731306403e-01  7.9797921636388613e-01  1.6840313902950489e-04
5.0106144561029742e-01  1.4312895370150339e-01  5.6443409489636338e-02  3.4951895526350044e-02  2.8713636079501155e-04
4.9916399261445588e-01  1.5778595243390797e-01  1.8979752279496664e-01  1.6233387308783773e-01  7.2472718609145961e-04
4.8342918944980978e-01  1.3423403017439514e-01  2.9572661898731334e-01  1.8530723054003204e-02  1.0307831439815205e-03
4.9634947990348371e-01  1.5209618738770098e-01  4.3866455059923698e-01  2.6010184711343826e-01  2.7219374097146080e-03
4.6709138126747302e-01  1.3314044147766468e-01  5.3298550747187046e-01  5.3208598091631898e-01  3.4550702867715922e-04
4.8381914008290344e-01  1.3028277063575958e-01  6.7709917145717824e-01  6.4608120027265731e-03  4.3309244249019883e-04
4.8973129333507820e-01  1.3412844558121098e-01  7.1247370150675293e-01  1.5518874201188662e-01  2.3546498805152648e-03
4.9512941391420612e-01  1.3905198962119444e-01  6.5271841347154780e-01  3.1067382940415872e-01  1.2096020967798024e-03
4.6831193266114624e-01  1.3254398886586610e-01  6.7831714199886273e-01  6.5285293327983507e-01  8.7407005121919849e-04
5.0154803809627380e-01  1.1906910190097453e-01  8.8246500411072659e-01  1.6005048303006086e-01  8.6799841512929534e-04
5.3255811081164683e-01  1.3944962982599959e-01  8.6128108633075906e-01  5.8226038938035385e-01  2.6807429449402292e-03
4.7297597571497391e-01  1.5462834255095664e-01  8.5513041501817999e-01  7.5737791570744639e-01  6.0226905032850916e-04
4.5030555415796852e-01  1.5204723609232379e-01  9.5563787999192062e-01  3.2770419556876762e-02  5.6419692901701858e-04
4.7767362584376721e-01  1.3534628415809749e-01  9.7570467013701201e-01  3.4752993080710148e-01  8.1843313723803921e-04
4.6683197019802414e-01  1.5425132627281132e-01  9.6957379407707833e-01  5.7772913620909083e-01  5.4004251885351540e-04
4.6497075409217736e-01  1.1570225315540858e-01  9.6472354311738140e-01  9.2164301328552090e-01  5.2051615837224344e-04
4.3814721755316244e-01  2.7036532263004753e-01  1.2988631226694278e-01  1.7416466354191279e-02  5.2486784070007709e-04
4.2593210216967448e-01  2.9259394124173110e-01  2.1550971738189462e-01  1.3785354192999874e-01  1.2684894294858954e-03
4.4104225625860677e-01  2.5981365006246648e-01  5.0158566768452950e-01  3.0931289001979733e-02  8.7767098277367591e-04
4.4056740751732115e-01  2.8216602118841749e-01  4.8485207005553577e-01  1.3188194875847306e-01  2.1004822823167167e-03
4.3932798264203687e-01  2.7665283018739756e-01  4.6710179792589651e-01  3.8777053930267080e-01  1.5064421975707061e-03
4.0906045929251100e-01  2.7962524689807106e-01  7.3628205420498349e-01  1.2934566912618509e-01  1.2760574162353486e-03
4.2709540950992381e-01  2.5753341500363153e-01  6.6821147012059645e-01  5.1518529167164162e-01  2.0350671361766405e-03
4.4193288331312258e-01  2.7510107999160066e-01  8.2724962366271537e-01  3.6449371444176690e-02  6.9012416914432883e-04
4.4570002003730080e-01  2.6069763921404387e-01  8.6760234357541521e-01  3.5261418801014621e-01  2.1906146099704422e-03
4.1150639628480518e-01  2.7779097011971271e-01  8.3438925492995553e-01  5.6773178819409043e-01  1.1615739627923584e-03
4.1944160326952529e-01  2.8700571849003625e-01  8.3807202150968385e-01  8.3623603695463922e-01  5.2698071067882690e-04
4.1934942846784828e-01  2.8007838364963844e-01  9.8211947577204539e-01  1.5620890794342819e-02  8.1915144200779509e-05
4.1179574406680752e-01  2.6828597673687943e-01  9.9844165348713265e-01  1.6181511704001034e-01  4.1903420124872373e-04
4.2119438255505776e-01  2.7376906155756808e-01  9.6514422587305015e-01  3.5181689125567522e-01  3.3437545710455065e-04
4.5492223251674219e-01  2.9098135590951552e-01  9.6319721867985308e-01  7.9242769406454705e-01  1.2286120255985190e-03
4.1309395417764333e-01  3.9280424497217853e-01  6.8473420041498298e-02  4.2075376879710275e-02  1.9966754053240147e-04
4.4822105138413726e-01  4.0056914588815767e-01  2.9627260696286462e-01  1.8631740841789240e-02  4.0599918915875657e-04
4.4599573397378522e-01  3.9215142495338712e-01  3.0640748685014429e-01  2.8843247696420865e-01  4.9094754964198507e-04
4.6445483762193546e-01  4.2147453974512766e-01  5.0195185139020171e-01  2.2553190552417737e-02  3.7066268397014849e-04
4.4195962146540990e-01  4.3466957233003994e-01  4.3114629513899028e-01  3.0734514576886629e-01  5.5582001616183419e-04
4.3668019129203506e-01  4.1177394262767902e-01  7.2657917061070876e-01  1.5418620797313556e-01  5.5138570774753803e-04
4.6875206946156783e-01  4.0791258075127385e-01  6.5677657253543931e-01  3.3307197956613399e-01  2.2648890367990946e-03
4.6443662474586089e-01  4.0206711573760634e-01  6.7632008175367453e-01  6.3861944506247181e-01  7.4029090815795433e-04
4.6104983257356547e-01  3.8280899221451442e-01  8.6639385807820113e-01  1.2793246025954230e-02  3.2143124988550536e-04
4.6256001227870353e-01  4.0383417250288117e-01  8.9586400229628349e-01  1.5890582916618032e-01  8.4461935267238339e-04
4.5726278886083122e-01  4.3801652804222091e-01  8.5773943479790438e-01  7.1645859928726030e-01  7.3492699237129192e-04
4.5187944225891036e-01  4.0524937912622078e-01  9.9073362553009525e-01  3.4598443793008937e-01  2.7920873679134053e-04
4.2604148904103795e-01  3.8705971128413208e-01  9.6589025531300088e-01  5.8936900663994751e-01  8.0845125271453784e-04
4.3775917809323678e-01  3.9594351742166700e-01  9.7785921195687775e-01  9.2690880815665022e-01  2.4426955528598210e-04
5.5847983767855713e-01  5.2320718136602273e-01  2.7608774908445688e-01  1.1015463902700794e-01  7.3856387189177560e-04
5.5020977858574516e-01  5.3253359588797222e-01  6.5513170765166528e-01  4.0681401349566493e-02  3.5693442290028353e-04
5.3553065164003255e-01  5.3374309252465924e-01  8.5606622726793458e-01  3.4739854376246343e-01  3.9780994404466200e-04
4.9794443526069687e-01  4.8660498367520100e-01  9.6941565162245047e-01  5.1904166915851098e-02  1.6549071903437573e-04
6.5941213975993263e-01  3.9865930708409443e-02  4.0344017719358083e-02  3.9576042729369841e-02  9.7743002106995665e-05
6.8500567412004376e-01  2.2117564490340549e-02  2.0068895919408111e-01  1.4284910286236630e-01  3.1699768087087499e-04
7.1515675790108535e-01  3.5854081713456193e-02  2.7949859722550441e-01  1.9513598473913329e-02  4.0408585829941184e-04
6.6419529262861565e-01  2.4758148762037784e-02  4.8545487853052138e-01  1.3602725116349212e-01  5.2368831843458872e-04
6.6850813618212857e-01  1.1733140234382971e-02  4.4795834965896819e-01  4.2975641176856927e-01  2.9126964565456262e-04
6.5753634713013187e-01  2.9250993140819810e-02  6.8323297367539604e-01  3.1512534001629698e-02  4.2840556582486524e-04
6.6882404629760106e-01  2.9007298581538287e-02  6.5280936526243916e-01  3.3438043504913173e-01  1.4994600846968604e-03
6.6027688923119165e-01  4.6737466399401240e-02  6.7831205716997289e-01  6.3799517290784991e-01  4.0003967760177979e-04
6.9251442393439067e-01  3.2647358358674612e-02  9.1220005459579523e-01  1.7132052138941298e-01  7.3893098083222008e-04
6.7771434824232268e-01  2.7666835436013046e-02  8.5979568265487383e-01  7.3315230574065582e-01  4.6548720998674527e-04
6.8829651399645619e-01  2.8741517323869589e-02  9.7775497052407045e-01  8.9084707887220147e-03  9.1641928569320393e-05
6.7160402275728159e-01  3.4532135186978091e-02  9.6538455747941310e-01  5.6990835328751244e-01  6.6440975320280940e-04
6.7966588238889669e-01  3.5244757728608064e-02  9.7611018178454145e-01  9.3691931389989125e-01  2.3164002099386802e-04
7.3903922310319614e-01  1.4768912917067201e-01  1.2299613260204816e-01  2.3255273726494687e-02  6.5582294046627378e-04
7.1665809110730194e-01  1.5663112758820480e-01  2.2102566247658328e-01  1.5357392608058235e-01  9.4547949598984126e-04
7.2531183619051409e-01  1.7433362724842585e-01  4.9250715143961155e-01  2.2448169667563373e-02  8.0948617166473136e-04
7.0817187857043362e-01  1.4722803381802560e-01  4.7932524886392708e-01  1.4862818853931886e-01  2.2223002842436728e-03
7.3532511366200570e-01  1.4170926328259814e-01  4.5430942351624282e-01  3.8373993400324807e-01  1.7042716208013305e-03
7.2338974732994543e-01  1.3867127523270442e-01  7.4384129070971450e-01  1.4684175743549957e-01  1.4156219003050969e-03
7.0990150167491306e-01  1.5727240540599396e-01  6.7822579842238340e-01  4.8212908229343726e-01  2.2025055996113493e-03
7.1575671663136975e-01  1.3492315647369735e-01  6.7193167905797846e-01  6.5021021814368907e-01  3.8304690883685289e-04
7.0354024405031912e-01  1.5261611040245782e-01  8.4696429162593601e-01  3.2291833771233132e-02  7.8129482350675680e-04
7.4203234788749128e-01  1.5805916133476594e-01  8.4353130424440437e-01  3.6723979084148278e-01  2.3083324216808727e-03
7.2075971345749568e-01  1.4493286535513336e-01  8.5395602509326740e-01  8.4044694973612788e-01  6.3374716213356519e-04
7.1769698933067716e-01  1.3805678334526628e-01  9.6265554059961234e-01  5.1030631780182620e-02  3.4515304806265331e-04
6.9426021501419621e-01  1.4855067708316286e-01  9.7349448377610570e-01  3.3455999759516075e-01  9.5067710561926836e-04
7.2238999141211413e-01  1.6356376220160640e-01  9.6447220464152872e-01  7.8031306164815484e-01  1.3379159997776206e-03
6.4046838867146083e-01  3.3159183191690911e-01  8.6677923309399399e-02  2.5926073876166706e-02  3.4859153806792088e-04
6.7655017563901088e-01  3.3158485164778084e-01  2.6564484725101289e-01  9.0141674437167016e-02  2.1484825434936014e-03
6.6292237920698782e-01  3.0892276178077710e-01  3.0008242187224743e-01  2.7417352391292643e-01  6.0123019214983046e-04
6.7559198428531941e-01  3.0676084381213298e-01  4.9580294037592643e-01  9.2302331690820541e-02  1.6804573660396001e-03
6.5425294899005126e-01  3.4367380330374880e-01  4.4260264392251170e-01  4.1782681110416464e-01  1.0955738927482265e-03
6.6025875468232986e-01  3.3924488816831411e-01  6.6754286351380487e-01  3.4858304317599842e-02  1.0256924299394724e-03
6.5494443662625534e-01  3.5331930007960627e-01  6.6438626062563844e-01  3.1080479592295807e-01  3.7968794749841514e-03
6.7174059363092131e-01  3.1261521477948023e-01  6.4556470048108139e-01  5.2117045067300827e-01  2.1283577152950029e-03
6.6731679537476596e-01  3.1871994795799408e-01  8.3273893252613895e-01  3.6148895342662198e-02  6.2501163356443526e-04
6.3589217385457719e-01  3.3128616724468046e-01  8.9619723263853235e-01  1.5986260869354446e-01  1.3385326269772916e-03
6.5418055555281429e-01  3.1879479638616026e-01  8.5390762362471173e-01  3.5201467999938552e-01  1.5851520396879357e-03
6.5203907239282044e-01  3.1898400466044019e-01  8.3604593568268926e-01  7.5883150557206158e-01  1.7495744781059115e-03
6.6977714301148328e-01  2.9697814581196219e-01  9.7140447239835603e-01  1.3962454786036735e-01  7.6627405850365283e-04
6.5898446393033505e-01  3.5214481899329914e-01  9.7485559502642805e-01  5.7819164954499769e-01  1.4578956781737978e-03
6.5703974395613873e-01  3.2764218384556132e-01  9.9417696599219496e-01  8.0594777761821101e-01  2.2425632707440469e-04
6.6355245172290633e-01  3.2197678222331821e-01  9.7093702939545135e-01  9.4350652112559852e-01  3.8404471339642044e-04
6.6460442065011061e-01  4.9261288064931014e-01  5.0070864087810828e-02  3.9330342422539785e-02  2.8127290050077920e-04
6.5615198306670752e-01  5.0084189080480213e-01  1.7866640654353580e-01  1.6252295434400554e-01  5.3513353163729064e-04
6.7310192188987028e-01  5.0927187200132107e-01  3.2367016426308659e-01  3.1834235485318059e-02  1.1796587052898275e-03
6.5437330217491352e-01  5.0312379570280341e-01  4.3165888509350875e-01  2.5519902858825294e-01  3.2430583322825284e-03
6.6741216841360818e-01  5.0940153310556868e-01  6.4197678945541536e-01  3.1038158206928117e-02  8.0416330493936824e-04
6.6903697174878285e-01  5.4272975470925111e-01  7.0287939042706704e-01  1.6657611346725221e-01  2.2406638444504197e-03
6.7364478358009150e-01  5.2148813804263472e-01  6.6668345100664794e-01  6.2812859195832216e-01  1.2963134720770030e-03
6.4760000149591535e-01  4.9029037423854788e-01  8.8559480256532441e-01  1.6824800031531095e-01  9.1451822947263297e-04
6.4244803203642975e-01  5.0790091290125450e-01  8.4635932756277676e-01  5.5923339789259330e-01  2.6972242773312225e-03
6.6640535789015365e-01  4.9278830632736775e-01  8.5964587139419424e-01  7.4145814333368154e-01  9.9169285327095559e-04
6.7955291303018639e-01  5.0741521825418723e-01  9.7083950792092433e-01  3.3860219820725422e-02  5.3619836979510447e-04
6.5606864155261491e-01  5.1647319291196170e-01  9.6881611846806637e-01  3.6029967921309797e-01  1.2506002841372447e-03
6.5068875470496967e-01  5.1679103241262381e-01  9.6248994971847757e-01  9.3020417681967327e-01  4.0761649543215387e-04
6.8164164528698656e-01  6.2705284061102096e-01  1.1114093724226431e-01  1.3770776646030720e-02  3.3296732657146473e-04
6.9075040443115621e-01  6.7179139751706918e-01  1.9599177240118115e-01  1.4466262809116381e-01  3.6544571481939752e-04
6.8287878898693799e-01  6.5879017126441586e-01  4.9606759971698322e-01  1.2265480480069536e-01  1.2030208106640137e-03
6.7891300979428060e-01  6.3260504318297273e-01  4.5919512357786196e-01  4.2857912231529888e-01  7.1155520122598976e-04
6.4262900590336691e-01  6.1999574219331099e-01  6.6510668584718968e-01  5.0585037174696945e-01  1.1641087417281518e-03
7.0707042148013188e-01  6.6232737310347978e-01  8.3067511067426048e-01  3.7465841101561141e-02  6.3288434297329008e-04
6.7476435109835264e-01  6.5355980721851004e-01  8.5507062790502342e-01  3.3209110090934651e-01  8.2347245279677924e-04
6.7289259808141666e-01  6.5417230036113916e-01  8.7062633484169327e-01  8.3973385832478165e-01  3.7445275465350028e-04
6.9943387039149973e-01  6.6899696423535782e-01  9.6838259370169644e-01  1.6492802168350512e-01  4.2213286961811106e-04
6.9126878876657971e-01  6.5026780585826471e-01  9.5325159776665125e-01  5.7664627336533836e-01  5.2185904799835069e-04
6.9615444934878179e-01  6.5074442685417633e-01  9.8200209946447781e-01  7.9800883282843260e-01  5.0894017849130381e-04
8.8683181772490161e-01  9.1120545765947091e-03  8.3522317004431662e-02  6.3535071033684444e-03  9.1297295732893378e-05
8.3933442899391064e-01  4.9020802841387413e-02  1.7051494697838154e-01  1.4663855484840371e-01  2.5926410785696976e-04
8.2966424088153390e-01  3.4158885214246149e-02  2.7440588259003806e-01  9.8339100863000101e-02  3.0048695835855059e-04
8.4557557406520878e-01  3.3772410118888790e-02  4.9730543680159611e-01  2.6840073377227470e-02  3.8054226918941554e-04
8.4573101883804291e-01  3.0622435508879366e-02  4.3034419382402345e-01  2.7102406124870337e-01  1.0602468916992495e-03
8.3098650859559442e-01  2.8989725426779068e-02  7.1808318994278364e-01  1.6087307056861794e-01  9.4995060328457114e-04
8.5285338470485328e-01  4.7070210560177204e-02  6.5702477843024931e-01  5.1120005539873148e-01  3.9046340583141298e-04
8.2812960554619319e-01  9.7431125658784187e-03  6.6611015783054606e-01  6.3330822967874068e-01  2.2496730725298777e-04
8.4971117671561902e-01  2.4479102853121042e-02  8.7522987485334636e-01  4.2598864505069986e-02  2.6877876795321497e-04
8.1153422426085731e-01  3.8594429583194124e-02  8.3478993712073357e-01  5.7028286111625837e-01  1.2156865745288066e-03
8.6446456012903994e-01  2.4982951034325223e-02  8.6630829515921171e-01  8.5181752071176298e-01  1.6505893196635144e-04
8.2094416428367112e-01  1.9556318619739787e-02  9.6044667088693658e-01  3.3264962139268456e-01  4.2234086699157602e-04
8.7721157803044059e-01  3.0996192194836191e-02  9.7294924022212725e-01  8.0869083189183810e-01  3.3010652304836996e-04
9.3587872230150382e-01  1.2986872467106564e-01  5.3144123201314598e-02  3.9216731768770788e-02  1.7127990002625780e-04
9.0110366407821441e-01  1.6789168309591890e-01  2.7018213123657125e-01  8.9035750946452719e-02  1.3157706951375840e-03
9.0252480238421873e-01  1.4492342443541303e-01  3.0482555179732274e-01  2.9101004942145564e-01  5.3689769819074528e-04
8.8957747309528235e-01  1.3346007099311752e-01  5.2149738979624316e-01  1.2174911989220796e-01  9.5207744610023288e-04
8.8518666218166409e-01  1.5081490032123615e-01  6.7073139256653092e-01  3.0992844092580275e-02  5.5103940619072192e-04
9.1177447855837201e-01  1.7327984306508051e-01  6.3640662435067030e-01  3.1845975520478570e-01  2.1545402968566585e-03
8.9641736910584591e-01  1.3795865898915843e-01  6.3145970324599321e-01  5.4664496361984327e-01  1.0115392136701583e-03
9.0937468605593330e-01  1.3350466127964034e-01  8.4157951983582868e-01  2.0822445863107445e-02  2.7280190164150438e-04
9.0710059398650589e-01  1.7078963693178756e-01  8.9097301145816854e-01  1.5338375805721716e-01  1.1169610124823124e-03
8.7097270924997194e-01  1.4995630443961408e-01  8.6750797484388553e-01  3.5014073371318949e-01  7.0688444629647316e-04
8.9182086085878676e-01  1.6036851759424731e-01  8.5262531909355332e-01  7.4397101321812720e-01  1.2379894546322558e-03
8.7413949272488745e-01  1.1255078613452021e-01  9.9804010487670014e-01  1.4056754717717515e-01  3.0156782260776346e-04
8.9967498109661370e-01  1.4781220707473852e-01  9.7203269295473971e-01  5.6240913216132837e-01  9.3970411925479796e-04
9.0872911413736324e-01  1.5731538246582369e-01  9.7434963413205777e-01  9.4760275755197432e-01  2.0706509733292764e-04
8.5685560092576840e-01  3.3982147720309919e-01  5.5711531419778332e-02  3.3207563968770087e-02  3.4395923567604440e-04
8.2303336116695169e-01  3.6302177403452290e-01  1.8020592592814136e-01  1.5545930935465635e-01  5.9086274771219473e-04
8.7157612300629450e-01  3.5038442996167740e-01  3.1986135981653946e-01  1.6097628077643818e-02  9.8642980438596391e-04
8.5674826954124128e-01  3.4083681347020578e-01  4.1672075172397893e-01  2.5948004323131763e-01  2.8534493475208646e-03
8.6804423181009871e-01  3.2880727618197592e-01  5.2987408447203554e-01  5.2331024779811630e-01  4.9215218005376111e-04
8.7179662893376442e-01  3.3923488275615710e-01  6.5103388116559502e-01  3.5499032709404119e-02  9.1631025967134165e-04
8.5112736637466302e-01  3.6425522585791348e-01  7.1831055857867776e-01  1.6656706603921542e-01  2.0864568643969767e-03
8.5660271480066352e-01  3.5035144976921279e-01  6.4122718046013094e-01  3.0756680441243878e-01  1.4842135374031158e-03
8.6092531010068885e-01  3.7030669487886358e-01  6.9641334438544622e-01  6.5521666517712829e-01  1.0448707073282006e-03
8.3861706526739643e-01  3.4605893682418687e-01  8.9330924805694378e-01  1.6392245740179670e-01  1.0842998234228554e-03
8.2464457126419510e-01  3.2765537640612785e-01  8.4794357348116800e-01  5.7335020075574661e-01  2.3450473778510632e-03
8.7235575599308524e-01  3.6052011106322684e-01  8.4214702143428699e-01  7.4418811463110557e-01  6.8191266078412773e-04
8.5228028478545848e-01  3.3058498253495783e-01  9.7060413575654036e-01  2.0519715618068743e-02  3.9331383486732464e-04
8.4726956072441140e-01  3.5735822192605921e-01  9.7187721888271050e-01  3.3442135571540610e-01  9.3951365379045797e-04
8.5066897227187532e-01  3.4833650524240767e-01  9.7029061279057638e-01  5.7955272122544077e-01  6.4509736163105298e-04
8.6724399525838025e-01  3.5463638918944673e-01  9.6691076570097245e-01  9.1667429316835225e-01  5.1232028451886856e-04
8.6263567740769331e-01  5.6593222732367088e-01  1.5217439557359089e-01  2.5461449017117194e-02  7.2364714875111755e-04
8.4398539421437424e-01  5.5774456332884048e-01  2.1073523914919445e-01  1.4927222174906229e-01  7.8627430752173280e-04
8.2119813439378830e-01  5.7070853871124849e-01  4.8185016928532587e-01  2.3913525525272972e-02  6.8092302625593476e-04
8.6300961870882054e-01  5.5663554253747660e-01  4.9797106347012543e-01  1.4493517773264666e-01  2.2284339035066642e-03
8.3656575826240009e-01  5.7106761490176494e-01  4.1319523347790160e-01  2.9696961909363789e-01  7.2274967590603271e-04
8.3441213944192372e-01  5.8343463001856433e-01  4.4606970440275506e-01  4.0201246001121771e-01  9.0184088831587778e-04
8.3699172922910414e-01  5.7798524063253887e-01  7.4316741113697793e-01  1.3822827264061355e-01  1.2517113315393621e-03
8.5723904546972329e-01  5.6621754895586740e-01  6.6586647487158934e-01  4.8036414189622378e-01  2.8451198765851709e-03
8.4046182258889857e-01  5.7019384337059464e-01  6.6819681596755032e-01  6.6709140417545798e-01  2.0762509233358811e-04
8.5349983244933469e-01  5.5296567569888044e-01  8.5623158193110704e-01  3.0625344230199684e-02  1.0111982008554092e-03
8.2074938750800197e-01  5.6184231605340174e-01  8.4827480245301790e-01  3.5789897412794103e-01  1.6795256669017644e-03
8.3664287196504927e-01  5.5134733967870064e-01  8.6751174151823918e-01  5.5788505448780790e-01  9.3468467529068369e-04
8.6333303672936001e-01  5.6821277031204342e-01  8.4914579744022756e-01  8.4608438478020653e-01  4.9494091067838581e-04
8.6027273164104023e-01  6.0306885999610482e-01  9.9515401038902240e-01  1.6230826490841380e-01  5.2515186103739954e-04
8.6781685973129352e-01  5.5687518826760674e-01  9.4966991538786938e-01  3.5577407255565119e-01  8.2397003214642044e-04
8.3236122090593867e-01  5.5160288246816047e-01  9.6210251175880623e-01  7.8952787772620281e-01  1.2741741255204002e-03
8.8837088840690281e-01  7.4881031602744175e-01  4.1050308061220890e-02  2.7790054078782562e-02  1.4602258238717675e-04
8.4709437374770524e-01  7.3661533967362547e-01  2.3955666885722937e-01  9.7979395752402498e-02  1.0808274954725707e-03
8.4990486335488724e-01  7.6145560976249715e-01  2.9490695337021827e-01  2.6656993920524774e-01  5.9630077155990453e-04
8.2449987241615330e-01  7.6043496242842945e-01  5.0624948902334987e-01  1.2845207727185575e-02  3.3902630366761815e-04
8.8877654110044613e-01  7.5869570779097673e-01  4.8221966651761988e-01  1.4195735350264976e-01  1.3409300248675745e-03
8.9123264949819736e-01  7.8017926667231852e-01  6.8576347402138838e-01  2.2542366189484499e-02  5.4310660575145368e-04
8.0583574398007662e-01  7.2366326839555928e-01  6.7496617774440382e-01  3.3977014310656267e-01  2.0875253872220819e-03
8.5835605671562831e-01  7.5452680433215480e-01  6.1223588322067513e-01  4.9650213702251500e-01  1.0815095861393155e-03
8.5821376721173304e-01  7.4758015956930557e-01  9.0040254057386571e-01  1.4643545702409774e-01  1.0922941209927264e-03
8.7600605638099294e-01  7.6626796258951158e-01  8.4671126910764138e-01  3.3058626944260089e-01  9.9346561880978446e-04
8.4930466316289177e-01  7.4744098725200070e-01  8.4239961808597830e-01  7.4557474764208653e-01  1.2538626470247605e-03
8.6765272371863911e-01  7.3547684753086107e-01  9.7583434121592527e-01  5.7468965426219365e-01  8.7821188227008961e-04
8.6800077658638075e-01  7.2251987305296950e-01  9.6693796235882967e-01  9.3811950841036085e-01  2.1806593069582882e-04
8.6850650748772673e-01  8.6284438672409036e-01  8.1057072493857268e-02  6.1383262557147100e-02  9.7429515692379511e-05
8.4936185162174049e-01  8.2365046232908690e-01  2.9564734785978958e-01  1.5851712803578090e-02  2.8803874235551019e-04
8.4702066885768490e-01  8.3547780993441534e-01  4.4432689766434186e-01  2.8712482733946804e-01  6.7076877731220340e-04
8.6553539069578356e-01  8.5870310466978639e-01  7.3281039172735929e-01  1.2800195675093792e-01  5.8996021089847029e-04
8.6844581341454585e-01  8.4983204874660567e-01  6.8414911776554010e-01  6.7283595733514490e-01  2.6895678156047638e-04
8.4766821050976238e-01  8.3676992007675999e-01  8.5718775967388872e-01  5.8831751831895329e-01  6.6232117127299991e-04
8.5635663764834702e-01  8.1931131174879490e-01  9.6196773794175827e-01  1.9582795526784009e-02  1.5604467092575992e-04
8.6593072933315141e-01  8.4054652704618449e-01  9.7811875562210127e-01  3.5751048084773451e-01  3.4609023207592457e-04
8.8230532819667806e-01  8.6238667033944050e-01  9.8482678677818436e-01  9.4826342404149822e-01  9.1706029618308639e-05
9.7781570909669568e-01  2.7974356960229062e-02  1.9825698332818237e-01  1.3535653169249914e-01  1.9922659160896667e-04
9.6202891523501832e-01  5.3957036140272661e-02  3.0098385527876537e-01  2.7429535028349598e-02  2.4440748524565928e-04
9.6470317741230538e-01  1.9681226580366910e-02  4.8715771144948267e-01  1.4100852333471953e-01  3.7223549395495686e-04
9.5498099678650072e-01  3.4246952996725526e-02  4.4693236789495977e-01  4.1762603542277460e-01  2.6299428087667918e-04
9.7156079580488297e-01  3.2578763136050154e-02  7.0256962452572147e-01  3.1689816346769456e-02  2.0352867952218320e-04
9.7201025195480062e-01  4.6611920640729283e-02  6.6906856781803670e-01  3.1468808629348377e-01  3.0522817294851304e-04
9.6999902610428335e-01  2.4452461337025892e-02  6.6177768958105310e-01  4.9609323119832988e-01  3.4886589106331755e-04
9.8081882714333446e-01  2.8550118191068043e-02  9.0581185329081237e-01  1.5397721838616374e-01  2.1360172557967759e-04
9.3140365559648497e-01  3.4580537289973831e-02  8.2685709427852783e-01  3.5447170926550658e-01  6.9653616172041222e-04
9.7484008418522683e-01  2.5784200821959331e-02  8.4507106449915159e-01  7.7098715367420290e-01  1.9188172776187802e-04
9.3463273518445111e-01  3.2063448259333910e-02  9.7063521898021998e-01  4.2551027801702501e-02  9.9775129498202728e-05
9.6261379134120639e-01  3.7983427483959054e-02  9.9720198250024750e-01  3.2716296823631813e-01  8.7303938939913613e-05
9.7174861042017768e-01  2.1667291551674461e-02  9.5181563783186951e-01  5.9992229759298654e-01  2.1435332761717747e-04
9.7326395906840113e-01  5.7551982112952600e-02  9.7149672328591019e-01  9.3736423375053957e-01  6.7983008305623607e-05
9.9451633376364024e-01  1.3605036577037422e-01  1.2920147598585985e-01  2.6473672603897404e-02  9.1983703815531670e-05
9.7953754469984144e-01  1.9802447222492622e-01  4.7300957987922176e-01  2.2914303941202301e-02  3.5689761348743604e-04
9.9283351807786557e-01  1.5180207056078751e-01  4.1800545822661256e-01  2.7032201367071973e-01  6.5910076274366990e-04
9.8898744154792428e-01  1.4018139804935634e-01  7.2206128519649604e-01  1.4755265764064948e-01  5.3547099452804859e-04
9.7630136345393215e-01  1.4083186120251062e-01  6.7935325262304502e-01  6.6668988328580037e-01  2.8370387744165466e-04
9.8583173106510202e-01  1.4427211943290100e-01  8.3365416430693284e-01  5.7395418677586851e-01  6.0959614223559722e-04
9.9620362283029351e-01  1.6664085665310480e-01  9.5375948300257740e-01  2.1410886327944380e-02  1.0294449227275742e-04
9.8533590380753511e-01  1.5914941798736551e-01  9.4376697306148905e-01  3.3646003403379282e-01  3.9258286262901189e-04
9.9186035568880981e-01  1.4073274314260789e-01  9.5970001718353160e-01  7.9914302703182760e-01  1.6471733505157607e-04
9.7537862410908971e-01  3.6097135051171564e-01  1.4727903985577803e-01  1.3586024442909269e-02  2.4219662677943445e-04
9.7010766531350856e-01  3.2124347841167050e-01  1.8978533676210388e-01  1.4419417501470394e-01  5.4041259522490256e-04
9.7787762799785605e-01  3.6830362515093090e-01  4.7703796549682520e-01  1.2578790707879861e-01  1.0691009382652714e-03
9.6787187755153237e-01  3.3363364179907046e-01  4.5298049786768968e-01  4.0559458881813065e-01  5.8887105410863254e-04
9.7680162725598152e-01  3.4816543999416277e-01  7.1835588306727594e-01  1.5481313459526777e-01  5.8592919331735454e-04
9.7329184698895910e-01  3.4818405281219056e-01  6.6427613991045509e-01  5.0151673733806734e-01  1.1866609981219401e-03
9.6890797183727251e-01  3.4792386545448056e-01  8.2573231053721263e-01  3.1382414496925276e-02  4.5307106464328800e-04
9.6991907584666093e-01  3.3981427346268500e-01  8.3834633583697937e-01  3.5928460940638834e-01  9.7543312034540427e-04
9.5587045392075687e-01  3.4209683898247883e-01  8.6659408199445431e-01  5.5420483496780681e-01  7.6151886458218296e-04
9.8752623946583895e-01  3.2876156949075969e-01  8.6920430469684529e-01  8.4484219767613644e-01  3.0698806721550910e-04
9.6393395635592294e-01  3.4772199173370938e-01  9.7139159810061693e-01  1.3350546668361093e-01  3.7383125221194212e-04
9.7983730598100194e-01  3.7142910006509333e-01  9.8444318824336108e-01  3.5954034250064221e-01  2.7020533909368567e-04
9.6628635889417069e-01  3.3539776742366156e-01  9.8013110862257669e-01  7.7969254182674608e-01  4.5798621425251717e-04
9.7712538046834885e-01  5.9695741233127719e-01  6.5231070417033660e-02  3.5026231611512040e-02  1.7898451477535026e-04
9.6827750995561324e-01  5.4624710579438118e-01  2.9874099128842652e-01  1.2440714647664577e-01  1.0253099803061024e-03
9.5370243596994586e-01  5.8029981942334563e-01  2.9183277694466614e-01  2.8061337932168756e-01  3.7859453908716906e-04
9.6221478420830797e-01  5.8635888845565853e-01  5.1296107563811943e-01  3.1039189283600211e-02  5.1970607234757909e-04
9.7269760818647699e-01  5.7854549940395150e-01  4.6283378484354298e-01  3.8579712852604348e-01  6.0824498672264096e-04
9.7664458155997558e-01  5.6751673112149315e-01  6.7390040648473992e-01  3.1371502677677604e-02  3.8201749860630366e-04
9.7591313367235188e-01  5.8543238802695963e-01  6.4004381797690157e-01  3.2606336729394020e-01  1.3465100535125394e-03
9.7892305063418583e-01  5.6418747291737470e-01  6.8710904946520102e-01  6.4025729510665164e-01  4.2570773205594038e-04
9.7115947886211740e-01  5.7559038653064210e-01  8.9622334732643238e-01  1.4941891692034276e-01  8.1094601382355916e-04
9.5482228706042582e-01  5.6117589696851267e-01  8.2955391878977025e-01  3.3051648105655335e-01  1.0621840729877002e-03
9.6488134576585338e-01  5.7425941162288385e-01  8.6386976017599737e-01  7.2055128081332975e-01  1.0348155136265043e-03
9.7425702832194927e-01  5.8535589003094513e-01  9.6891210069953659e-01  3.6311032467869230e-02  1.7039686874114170e-04
9.7101384791317868e-01  5.7213948649402002e-01  9.6524079132204854e-01  5.7207055578344013e-01  6.9736372773642949e-04
9.7211523789026077e-01  5.7522660082530896e-01  9.7616488073709407e-01  9.3529680724710773e-01  1.7869812925808777e-04
9.7155654319430995e-01  7.8392242125743616e-01  1.7172026566810894e-01  1.3149511203729627e-01  3.4925548780190442e-04
9.7721751084437292e-01  7.6271888493317208e-01  3.0748166849805930e-01  2.9547561490171594e-02  4.9150216879788821e-04
9.7500694359588014e-01  8.0530963030593794e-01  4.4218017938824322e-01  2.7783471041714586e-01  1.0294554034308593e-03
9.5322415425398477e-01  7.7199346576793937e-01  5.3941620048093986e-01  5.2819337735056004e-01  2.9756171667592732e-04
9.7018560672840515e-01  7.6381203262360964e-01  7.0557501886588492e-01  1.5165184789033090e-01  1.1078402690842535e-03
9.7296923926979229e-01  7.8962396609280094e-01  6.5697048517212930e-01  3.2369729529578678e-01  2.6833021359709601e-04
9.7113731472584708e-01  7.8103983275469424e-01  7.0154379505623365e-01  6.3645932409181238e-01  4.7712091534645931e-04
9.7769812223080543e-01  8.0976637258025397e-01  8.1557523733203685e-01  2.5328118475898657e-02  2.1730488961923695e-04
9.6590474406509863e-01  7.9287152785279524e-01  8.3469985914148004e-01  5.3551339470835913e-01  1.2699547404266844e-03
9.7574281449699207e-01  7.8972493246171938e-01  8.7125899268392482e-01  8.3306065799563866e-01  1.7502829410478507e-04
9.5739464846939071e-01  7.9844935457547106e-01  9.6452458490048421e-01  3.8641506790793784e-02  2.0706142394599094e-04
9.8163561570082158e-01  7.8015974042384939e-01  9.6724646283855553e-01  3.1898175820455887e-01  4.8251603777755859e-04
9.7418026692953286e-01  7.9858704899489930e-01  9.7928639047920463e-01  7.8244584683659257e-01  2.5109155651688612e-04
9.7432541349911506e-01  7.8489701377044363e-01  9.7813586926061591e-01  9.3048633067376385e-01  7.4824824856786011e-05
9.7081311416032345e-01  9.0089025247737897e-01  1.0275624110410897e-01  1.1869641226380592e-02  1.3004036016621274e-04
9.8218536127104350e-01  9.4816807081119225e-01  1.9629910082169019e-01  1.6387813056548378e-01  1.0035214200214445e-04
9.6354032343685991e-01  9.4066105371395003e-01  3.0965578006998640e-01  1.1176989258480297e-01  3.1115533135404292e-04
9.7864110946285710e-01  9.2709144623233508e-01  5.2954092575760525e-01  5.5622634983436177e-02  3.6693513768273770e-04
9.6336090167272093e-01  9.2024016388343333e-01  4.3150004606028447e-01  3.9389933886561262e-01  2.8465726507788213e-04
9.6411173583020626e-01  9.2760771164737232e-01  6.3864310476733732e-01  2.8263221306029490e-01  5.7784916835291577e-04
9.7512018951498969e-01  9.4281607130128553e-01  6.9472588611637465e-01  5.4877887751179599e-01  4.2608155893811631e-04
9.7308699802387932e-01  9.6734704748878964e-01  8.3480392820162286e-01  2.0534466003002530e-02  7.2886478285354186e-05
9.8297187725941504e-01  9.1781264673952956e-01  8.7946179128305324e-01  1.4408627813228889e-01  2.4589463232521197e-04
9.6666211182064488e-01  9.2755213637340106e-01  8.6391689063659449e-01  3.4237988610743686e-01  4.0566094197522191e-04
9.8980720451197224e-01  9.4701997987590203e-01  8.7286847725512284e-01  8.4802514334204104e-01  1.0780935302860820e-04
9.6139548919289874e-01  9.3259926900372736e-01  9.8420766372552371e-01  1.3906958516845311e-01  1.1086265946911149e-04
9.8519557628115995e-01  9.5293710334523585e-01  9.6445202666702290e-01  5.6055866541237931e-01  1.5388378586288231e-04
9.4804369386002141e-01  9.1081025822816208e-01  9.4740351761024177e-01  7.8185570597861875e-01  2.9591833175027183e-04
