4 580
5.6975301800203132e-02  2.3075684231776545e-02  6.6380213917343306e-02  2.0082690592422604e-02  4.3777846249664783e-05
6.7871563151935918e-02  2.4590536248165009e-02  3.1112463251341332e-01  5.9702368018600708e-03  7.7864086909508438e-05
5.7547132861700830e-02  2.4938960229492761e-02  2.4470022172764233e-01  1.3112999401874317e-01  1.2548340997723588e-04
4.1973642136311384e-02  1.7756632040614558e-02  2.7217071606939014e-01  2.5008554107529124e-01  6.1886050727025157e-05
3.1194932703840217e-02  2.1899015966360579e-02  3.6484049115423339e-01  1.1489397072628128e-01  8.6788532628348283e-05
5.0812450714289976e-02  3.5978975811825332e-02  5.7208632081967314e-01  1.3742673998083363e-02  5.3723140584013845e-05
4.5033878780638789e-02  2.3573149513706256e-02  6.1052284601789164e-01  2.4563271974599243e-01  1.9492172806068880e-04
6.2302495883376365e-02  2.0264858480749975e-02  6.4460483190176321e-01  4.2199017181033049e-01  1.9631238792793646e-04
3.9061874519207500e-02  2.0198847566704300e-02  5.7132258423221116e-01  5.0205399443070287e-01  1.1256388949774591e-04
5.4572200334831816e-02  1.8867033655431600e-02  7.1462216007171642e-01  8.3148484451942922e-02  1.4607551993886186e-04
3.0010120634904974e-02  4.2554080018752834e-03  7.6202570542748604e-01  6.8719466245864491e-01  4.8805247072317972e-05
4.6408736426719721e-02  2.3001842793603476e-02  8.6923876399930988e-01  1.0905107580769748e-01  1.1298809560485339e-04
3.5463892375093432e-02  1.1852302798790196e-02  8.6663213517833459e-01  4.2165260229667340e-01  1.6342548685557720e-04
4.3935857071455357e-02  2.0371257462811404e-02  9.0658550808676019e-01  7.9686952094694119e-01  8.5264428112901102e-05
4.8184935815517242e-02  2.8036867389942599e-02  9.6552229706931358e-01  2.5623786162126988e-02  3.2849192500068827e-05
4.3945039889787540e-02  1.9498659365424064e-02  9.8026862321548003e-01  2.8704514808338588e-01  6.5385763259755175e-05
6.0025291209629517e-02  2.8420145462454548e-02  9.7008797792101509e-01  6.8760177896864005e-01  1.1949780864210229e-04
5.1789819928210433e-02  4.0482002612118817e-02  9.5651221712510093e-01  9.3403591208750281e-01  2.8831254117439536e-05
1.7271323168434616e-01  2.3782328794175914e-02  1.9553497126301239e-01  3.9487196950721976e-02  2.1589857977096484e-04
1.6191146365278314e-01  1.5319661495843887e-02  1.2994443334360500e-01  1.0790295683432197e-01  1.0946319587511012e-04
1.4491593774649866e-01  2.0600739873895796e-02  4.2826022881808362e-01  2.8194432088370874e-01  5.3685287600215394e-04
1.4833136210300085e-01  3.2236458367809945e-02  4.7936558211337077e-01  4.7233875832151706e-01  1.8666931190865023e-04
1.3167916326392223e-01  2.1643924806037537e-02  5.1384393854992427e-01  1.0125645230786463e-01  4.2017074431759739e-04
1.6710408094280763e-01  4.2286212322344675e-02  6.7752027517233637e-01  1.0623097831244687e-02  1.5584556645226890e-04
1.7606872282724750e-01  2.1262901302435307e-02  7.6082454257136301e-01  2.1930097807168358e-01  4.4992903321066247e-04
1.6123520835174607e-01  3.9535361511145277e-02  7.5046123175859047e-01  4.1429108671532799e-01  5.4479233258717644e-04
1.5657805915392403e-01  2.3268338135875387e-02  7.4958117518927636e-01  6.6386073209997565e-01  3.8213483867112084e-04
1.5359883678502279e-01  1.2399737624420466e-02  8.6988607480986713e-01  2.9620835429638229e-02  1.2480704355751821e-04
1.4298312906868013e-01  3.4275772825193278e-02  9.1021820926738228e-01  2.4862880508944304e-01  3.8404926123059740e-04
1.6104655387046768e-01  1.5925876745398623e-02  8.8482552472887066e-01  6.1224730175117448e-01  3.1105259342365562e-04
1.2428354085743269e-01  3.7811226382392364e-02  8.5438054491659465e-01  8.5023604258061747e-01  8.1886409590077168e-05
1.3367366492442448e-01  1.3890579400910883e-02  9.9366020154376067e-01  1.0807210621164312e-01  6.6917170876785252e-05
1.6469009408063306e-01  3.0554454485699427e-02  9.7644510858211930e-01  4.9579067002753369e-01  2.5280712661421002e-04
1.4061294586058651e-01  1.9127833642911971e-02  9.8396959525972849e-01  8.6673179487455732e-01  9.7008513547272582e-05
1.4825389979895132e-01  2.3078775850229952e-02  9.7564407933538722e-01  9.5744156282660609e-01  3.6439022656330494e-05
1.3438532780542176e-01  1.2308321915835449e-01  1.5117881625817839e-01  3.4328198826470126e-02  8.5897548086306247e-05
1.3901296771306057e-01  1.0838466784121874e-01  1.1966724556902532e-01  9.8217829347625726e-02  1.2131333940930144e-04
1.5506954241700635e-01  1.3112007838178924e-01  3.3685076553804727e-01  6.9450076530323646e-02  2.3998861048605362e-04
1.5262557716516822e-01  1.0584307511879240e-01  4.6351455502589523e-01  2.0446292015960388e-01  4.4322167923997773e-04
1.2373633273358947e-01  1.0209543435834290e-01  4.0499094587160372e-01  3.3119041809941047e-01  3.2216841954965105e-04
1.2288288475148240e-01  1.1479905486206440e-01  5.8397771084824346e-01  8.0871186900242684e-02  1.6632845221012892e-04
1.1828801373098749e-01  1.1302117776279151e-01  6.2140668569166080e-01  4.1778299536669022e-01  1.8307876655446290e-04
1.3600159305063042e-01  1.0807602508894389e-01  7.5232073645562902e-01  2.3789289810933306e-01  4.7602121993577166e-04
1.1830935619260172e-01  8.8820066938590153e-02  8.2201186269861393e-01  5.9183060679445676e-01  4.9046739679837873e-04
1.2359742512394697e-01  9.7668928063018537e-02  6.9338048607046310e-01  6.7610126077999233e-01  1.8056071012779854e-04
1.3610335339156704e-01  1.0305635410459302e-01  8.3629140574390004e-01  1.4879568393746441e-02  1.4496213732325455e-04
1.1995101578637914e-01  1.0504531180101183e-01  8.7307755804360443e-01  2.7846006671865975e-01  1.7812941205861484e-04
1.2852953120748406e-01  1.1181703890217216e-01  8.8610085483917278e-01  7.9657492557587128e-01  8.9442604696029186e-05
1.3663621623554886e-01  1.1452560612563958e-01  9.6533349488705389e-01  1.3147217938053452e-01  1.6469405624088958e-04
1.2021092884628891e-01  1.0187170808738374e-01  9.7180896811896289e-01  4.9472214873139753e-01  1.8205906818815192e-04
1.5646590716324066e-01  1.3128429866900634e-01  9.8469729850314702e-01  8.6712005499071720e-01  9.4681350692525187e-05
3.2443400284090534e-01  1.3468543040369572e-02  5.0137199995815666e-02  8.0583783273798608e-03  5.9478688758370794e-05
3.1583873565917042e-01  2.9956246618925424e-02  2.8654949665090962e-01  2.5254754011203445e-01  3.6364830301678245e-04
3.3155526237762367e-01  1.7336617538791368e-02  3.1503873948012762e-01  1.0590367549266315e-01  4.9825746765744272e-04
2.7596038042748144e-01  1.9594673967505378e-02  4.7724288253037672e-01  2.1852434258628952e-02  2.2435008207889360e-04
3.0396393804688909e-01  2.2822774633453891e-02  6.1178496884815625e-01  2.4071056594929549e-01  5.7629168103740934e-04
2.9917715364146674e-01  2.3055466386487804e-02  6.2027783829635907e-01  4.1868585757925647e-01  5.4781020500377549e-04
3.1369148419747017e-01  1.7053213779880488e-02  5.8025615555998877e-01  5.1235918701980931e-01  3.8181371516849002e-04
3.2733452481319747e-01  1.6416483107757018e-02  7.4258483504925810e-01  9.0278780884568338e-02  3.5709999122334141e-04
3.0913260824333944e-01  2.4302543550686596e-02  9.0872178993946928e-01  1.0112555269060473e-01  2.9136117628316365e-04
3.1589456025018448e-01  2.4426744397216250e-02  8.7611733049560525e-01  4.2753705672892484e-01  4.8983871173472024e-04
3.2879196069154837e-01  2.4250636501121862e-05  9.2337447997119027e-01  6.3983370899680847e-01  1.5600126255694340e-04
3.2198668523922758e-01  3.0732576365495548e-02  9.3754299308655542e-01  8.1458682119405590e-01  2.9495485359318024e-04
3.0316535486127405e-01  5.5584758932262493e-03  8.5977922279345509e-01  8.3045911554638230e-01  1.3179218696760003e-04
3.5260690232138642e-01  3.0711744112911589e-02  9.8065263824748417e-01  1.7665352858481552e-02  6.9962160884356366e-05
3.1441837053246324e-01  1.6335149502067627e-02  9.7679757127626765e-01  3.0844471640858223e-01  2.2387408300128382e-04
2.4089044324778394e-01  1.0742986730247385e-01  2.8754735472752386e-02  1.9120080704200411e-02  7.9830347210271872e-05
2.2726328174489763e-01  1.3567864786464268e-01  1.5934187305846312e-01  9.6573959132787244e-03  1.5534387746937798e-04
2.3485103306408056e-01  1.1096026587040650e-01  2.5267236675865007e-01  1.4150464826428155e-01  6.4331138188189127e-04
2.2429216816517883e-01  1.1134739508603106e-01  2.7911955016794532e-01  2.6527966424500798e-01  2.1787886400278389e-04
2.3289958211341924e-01  8.9438826276593955e-02  3.7999730069604354e-01  6.6855773056337289e-02  4.2972251931692676e-04
2.2228159357468644e-01  1.4984749225427060e-01  4.9424136267689178e-01  1.9848578904426366e-02  3.5485440766710059e-04
2.5252907917273565e-01  1.3262768684527076e-01  6.2239364873641723e-01  2.5273895139059116e-01  1.0188395671859259e-03
2.3330352487261216e-01  1.1413392600746615e-01  6.5337674653181343e-01  4.7309152177876640e-01  7.3797636152243731e-04
2.5812623311226268e-01  1.4225086081057614e-01  5.7035814794143103e-01  4.9558962794796535e-01  7.9675530432225675e-04
2.4678939654875928e-01  1.3343206877717922e-01  7.3356012278108795e-01  9.8546587666306334e-02  8.5978237050182498e-04
2.4314717681513062e-01  1.1614140220762487e-01  8.9977618159827122e-01  1.1586007706254475e-01  4.4078554649384694e-04
2.5363241816756465e-01  1.5662015903911211e-01  8.8964689587016055e-01  4.3777663306347625e-01  1.1122670272405667e-03
2.4665100066291673e-01  1.0633183497097586e-01  8.9310667950160327e-01  7.7238213561886659e-01  5.3773561953991255e-04
2.4339348316738038e-01  1.4043480045229714e-01  8.7329375856376046e-01  8.4098277532389598e-01  2.3835042730352443e-04
2.2026724360913377e-01  9.8402130043750313e-02  9.6847360194577869e-01  2.2784935348676611e-02  1.3897219723137024e-04
2.3262809341805701e-01  1.2932057228994642e-01  9.8802958435539645e-01  2.9393031493448435e-01  2.6798762938399926e-04
2.3923642686465871e-01  1.2310790936213643e-01  9.7010585268923000e-01  7.1134756256494502e-01  4.1115100730002875e-04
2.1850836296064807e-01  1.5862059884250221e-01  9.8384998360627196e-01  9.5336865941215554e-01  7.7255093773389720e-05
3.2232857086728334e-01  2.8274619765112480e-01  5.8152099065018552e-02  2.5403944129810344e-02  1.4392338694000766e-04
2.7255994496080271e-01  2.7131071321870909e-01  2.3904115044497889e-01  1.2845406999226691e-01  1.8773819207113687e-04
2.8903089801065052e-01  2.4592518251424483e-01  2.5555864975112785e-01  2.3298819165156429e-01  2.5619452175217592e-04
2.8718083610521256e-01  2.4279342272435803e-01  4.6865409647627326e-01  2.4744859922248705e-01  8.0923533811710793e-04
2.6825495824713480e-01  2.4821444994043029e-01  4.8517654744216787e-01  4.6529918740635695e-01  2.0477562268835086e-04
2.7809455825389667e-01  2.6520147993151866e-01  5.7821052104092785e-01  1.0571718798419605e-01  3.1492443647316654e-04
2.6895574255613441e-01  2.6424412062399194e-01  6.1270473044607221e-01  4.1883152278885505e-01  1.8517725959277424e-04
2.5220012583084483e-01  2.4393903231086855e-01  7.3022647786185246e-01  2.2581950130812559e-02  1.1649668465952113e-04
2.8636418159590277e-01  2.6383222837346493e-01  7.5453003171036692e-01  3.8052996216731089e-01  6.7034370808556935e-04
2.6597724093259822e-01  2.2463275894700815e-01  7.5264593723758244e-01  6.5226526525536921e-01  5.2964939589234526e-04
2.6813450107418085e-01  2.4048431497216319e-01  8.6200274005582989e-01  1.0892630600980474e-01  3.4795839915850415e-04
2.5287326596184184e-01  2.3532197024631976e-01  9.1770392655499466e-01  6.2670349664316005e-01  3.1405070307866789e-04
2.6296401469175457e-01  2.6031381327059344e-01  8.8024781811391051e-01  8.4491267758009525e-01  1.1849873596323629e-04
2.7874181168084194e-01  2.5210122593629170e-01  9.7514725618638431e-01  2.6410867847929377e-02  9.6875001333722219e-05
2.8200832326107578e-01  2.6859875676599437e-01  9.5702454158011707e-01  3.0765431288719119e-01  2.7210962021686851e-04
2.8000001410249553e-01  2.6903807959069626e-01  9.9551450203311231e-01  7.2346670398050406e-01  7.9924337304524415e-05
3.7488536643455861e-01  1.2192899087979045e-01  1.1857047688843236e-01  3.2367171344396657e-02  2.9944512832803875e-04
3.7619974734716638e-01  7.2232187830973585e-02  1.3810947598727949e-01  9.7008036244716281e-02  2.6674100411205399e-04
3.9083682914262624e-01  1.0020649668234018e-01  3.0999030527110533e-01  6.2982522845896928e-03  3.4632281253954171e-04
3.7611057817793597e-01  1.0601925749572719e-01  4.6554775604738258e-01  2.1132658922514339e-01  1.3443097781668275e-03
3.8749462956031255e-01  1.2792075458891652e-01  4.0668534285674895e-01  3.3299378881987701e-01  1.0883045951170706e-03
3.7442943284719860e-01  1.1391948319953107e-01  5.8906679218565372e-01  1.0316828750346671e-01  8.4391701421707740e-04
3.4986268395959297e-01  7.8852917954762305e-02  7.0328423849259658e-01  3.0240376595599881e-02  3.8495245248587449e-04
3.8519099897348730e-01  1.1445068467177877e-01  7.7874084868356153e-01  3.6033795384128531e-01  9.1398484421876148e-04
3.6936591917879519e-01  1.0184064037546452e-01  8.1283908647597580e-01  5.6957155324011410e-01  1.1543881757059339e-03
3.9532302661890789e-01  8.0592790395457956e-02  7.8231806163066198e-01  6.7140537442904691e-01  5.0418700801320643e-04
3.5012603533338982e-01  9.2516514024960375e-02  6.9341017516665349e-01  6.8209898453270090e-01  4.4899944791297218e-04
3.9776797944710168e-01  1.3585397012362527e-01  8.6881541212047420e-01  1.1771439563967331e-02  3.1740900071269878e-04
3.6695647524137626e-01  1.0421703939750296e-01  8.8321082283632857e-01  2.5899623633801977e-01  9.1273053959711314e-04
3.6811844570451840e-01  9.8894371534299003e-02  9.7587075100554688e-01  1.3723292161330994e-01  3.3765906036249856e-04
3.8418260650932501e-01  1.2145467706786785e-01  9.6924192888893179e-01  4.7833069714199877e-01  4.7999803116747044e-04
3.5416731092371351e-01  6.8324969122323692e-02  9.8897801673823882e-01  6.8523581791664656e-01  3.0484642016411314e-04
3.5771758453966906e-01  9.1045529371630837e-02  9.6973103610771194e-01  9.3960356774023313e-01  2.3048858527437323e-04
4.4059294307623237e-01  2.4350228441537897e-01  1.2862957361603131e-01  1.1265531635413775e-01  4.2514762324826014e-04
4.1642412021824809e-01  2.3434518865595186e-01  3.5243496231323868e-01  7.9966282416516862e-02  9.9530630324521589e-04
4.4588585202194253e-01  2.6089385328925685e-01  4.5488153070209963e-01  4.4661898960732954e-01  4.8930391951312272e-04
4.5345874025924204e-01  2.4745816690010808e-01  5.1886542327240515e-01  2.2224389712049528e-02  5.5816675737238835e-04
4.3890734655046038e-01  2.4802037088715270e-01  6.1218001491181551e-01  4.0143446399479776e-01  1.3147058463369239e-03
4.6230027824038500e-01  2.4834128173305967e-01  7.4996494554260129e-01  2.1351858237158605e-01  1.5829148245375317e-03
4.5375013952088744e-01  2.3674891186614297e-01  7.7696058989597450e-01  6.5841426855278407e-01  7.8367534920062573e-04
4.7726783312714471e-01  2.4129525243828376e-01  8.5619517766035691e-01  9.3897094415024418e-02  6.5108448232399651e-04
4.3594844293789631e-01  2.4486367817483268e-01  9.2045183186954660e-01  6.0148094380729000e-01  9.8931689235014545e-04
4.4556936285776072e-01  2.3837390090746036e-01  8.7702236632814845e-01  8.4907933051954765e-01  4.8388927857671024e-04
4.7073680335091944e-01  2.6749010689678426e-01  9.6686520130546560e-01  3.5841113599022180e-02  2.5097913874176897e-04
4.4825631787733072e-01  2.4850553526791372e-01  9.6577938104067729e-01  3.0023418136486418e-01  5.7928887396722255e-04
4.6482524991889840e-01  2.4765340001824143e-01  9.8957122291556943e-01  8.6100545042947474e-01  4.2645406796251522e-04
4.1346353752136578e-01  3.0394927863505372e-01  1.5507509751790594e-01  2.4954242137416049e-02  2.6181047179508549e-04
3.3886495914906500e-01  3.0307323171119316e-01  3.1331177857034470e-01  2.3477921289401925e-02  3.5087616866023581e-04
3.8086206332504430e-01  2.7160483506524802e-01  2.4262203467225432e-01  1.3121896303191558e-01  5.9957573266287392e-04
4.3039739810326355e-01  3.2398324713958421e-01  3.9680156027709540e-01  2.9430816267922799e-01  8.5697644090270710e-04
4.0816166612399368e-01  3.2011818809343900e-01  5.5540953961165140e-01  1.3190228826272496e-01  1.1517065865250544e-03
3.8513393627097292e-01  3.4939673414943645e-01  5.9188659630817730e-01  5.0454498001461656e-01  3.3664314665577289e-04
4.0389126471766174e-01  2.9827899854727091e-01  6.9470458530374557e-01  2.1459437843675655e-02  4.8798154271425224e-04
3.6777469147235425e-01  3.3086309962254740e-01  7.5729182808334694e-01  2.0202706289402145e-01  3.7699052403330450e-04
4.1481083616054676e-01  2.8601682909505505e-01  7.2137888164147745e-01  3.8519479122828737e-01  1.0047687835588542e-03
4.1891459604407105e-01  3.3265371004226518e-01  8.1574003261074846e-01  5.8120133459356582e-01  9.3425987104175478e-04
4.0459447493500056e-01  3.0759310993298944e-01  7.0158420927984499e-01  6.7609395912934911e-01  5.2151655603742604e-04
3.9206832556832288e-01  2.9191089904482403e-01  8.7570357737305160e-01  3.6554180851271406e-02  3.0774862294254227e-04
4.0652583727265351e-01  3.2165022789376002e-01  8.8253833629373379e-01  2.4688867026248823e-01  9.6833332653193716e-04
3.7427530029625439e-01  3.0101275521500315e-01  9.3659781135102271e-01  7.9383882538251016e-01  5.3436369698646447e-04
3.7697732793256217e-01  2.7299083825258708e-01  9.8497436121107584e-01  1.3674978904319479e-01  2.7665139604790226e-04
3.8871684228178255e-01  3.1154102283356633e-01  9.9242019283864580e-01  5.1584426849088394e-01  3.6749421433861451e-04
3.8956217279657640e-01  3.1805057781622953e-01  9.7163938440922171e-01  9.5644090886843924e-01  1.1811828351526500e-04
4.8530640880036902e-01  4.6266399545115000e-01  1.3665476039356578e-01  1.1054964202684174e-01  2.0912256370822570e-04
4.6980675819751411e-01  4.6504121492416028e-01  3.5629248245277761e-01  1.2455156883379270e-01  2.8760581732406267e-04
4.9066063060563275e-01  4.5432341429903861e-01  3.9206153754329243e-01  3.0336776929210307e-01  4.9056344849461304e-04
4.7081678917677494e-01  4.6632007903768924e-01  4.7729869603337938e-01  4.5568402674597852e-01  1.1520198691407616e-04
4.6747887034857288e-01  4.5373433249964962e-01  5.1722147869500890e-01  1.0047300821414336e-02  1.6587603486702739e-04
4.8621943697947989e-01  4.6145265603529007e-01  5.6798365616563340e-01  2.3963907232181172e-01  4.8620684501685693e-04
4.6551573750724862e-01  4.5401383644150184e-01  6.3510843353203683e-01  4.2117358760404633e-01  2.5997799874673787e-04
4.7402161995388592e-01  4.6320428796972418e-01  7.4566890734348923e-01  1.0762629468751440e-01  3.5372785468266435e-04
4.5694284137273339e-01  4.5358465875934134e-01  7.8789974289635090e-01  6.4278692850667762e-01  2.7546570135551047e-04
4.8556334338058016e-01  4.5476287705438567e-01  8.9194918546769653e-01  2.1073800077732189e-02  2.0225079649030571e-04
4.6941026482663473e-01  4.6064816786532181e-01  9.1101019032401631e-01  4.3175351110378735e-01  4.0859219096507979e-04
5.0474721846475468e-01  4.6216944052608605e-01  9.3398485599759395e-01  6.1539530829884304e-01  4.9432093223740925e-04
4.6539622040837908e-01  4.3645596877292892e-01  8.6410305955288336e-01  8.4793274233127258e-01  1.3246602022716993e-04
4.6930739034886870e-01  4.5788290956170069e-01  9.6970557114676881e-01  1.3532622519468582e-01  1.8926424606327991e-04
4.7119580197031025e-01  4.6155322873968752e-01  9.8127535590389736e-01  8.7813113466776238e-01  1.2238074338591235e-04
5.1056412027890830e-01  3.4146808173645390e-02  1.9001862884905094e-01  1.8988429043390171e-02  2.6114053019200178e-04
5.1741428450153482e-01  1.6063046001442784e-02  1.4051069211019862e-01  1.0416443355191826e-01  1.9649249533237171e-04
5.1940733090312308e-01  1.7763885603757253e-02  4.0806490497129538e-01  2.6128563977700076e-01  6.7794336609139014e-04
5.0837488398689545e-01  2.7703876480995246e-02  4.6719244439959562e-01  4.5251295465149943e-01  2.8565501490847956e-04
4.9803648259926031e-01  1.4107782610038753e-03  4.9631412858104734e-01  2.7592775052603623e-02  1.1821172347274673e-04
5.2088073670083068e-01  3.4264009325405437e-02  5.2723142393877909e-01  1.1062544458926324e-01  7.6526832630004801e-04
5.2654147808519136e-01  3.4609420177226631e-02  7.0654218715275818e-01  9.8047559189517654e-03  1.7836180321152632e-04
4.7997843426102943e-01  3.4070154217837080e-02  7.6629601658574675e-01  2.2577784521009989e-01  6.6863453227050673e-04
4.8414682987783819e-01  6.0771958822032693e-03  7.3258657179311903e-01  3.9397336834321395e-01  3.4856870470117648e-04
5.0819980515976193e-01  3.5393421422874237e-02  7.8126062917847539e-01  5.8938406421734002e-01  6.5744087594355111e-04
5.3112219945948125e-01  1.4543014252253570e-02  7.6058443100685114e-01  7.0666716431696974e-01  3.2689811365533433e-04
5.0106087090182516e-01  1.6769043634801251e-02  8.8580619592550425e-01  1.9233612069988498e-02  1.4861879931594020e-04
5.1733999805174635e-01  1.5580115035813436e-02  8.9674301017057667e-01  2.4802404086034027e-01  3.2422763673887166e-04
5.2181189900987746e-01  2.3501670695146481e-02  9.3034155954401032e-01  6.6971025450834798e-01  2.9105445072723956e-04
5.3528755541613404e-01  2.2212732555684189e-02  9.8391529357289353e-01  1.3927589609517022e-01  1.7353914805526928e-04
5.1896423654352986e-01  2.5976111184052728e-02  9.8135024693795647e-01  4.9825391958762333e-01  2.4845377574246792e-04
5.1425519557247112e-01  3.5360319596650244e-02  9.9626251606043603e-01  8.6986628674868893e-01  1.4220292047678729e-04
5.0852937573250867e-01  1.2424890082218511e-02  9.7163743853746398e-01  9.5858179638774410e-01  5.2396286913883566e-05
5.5890725302806565e-01  1.0330875987513391e-01  4.5143479611550956e-02  3.4720792479171765e-02  1.2254042880267341e-04
5.5075068380839198e-01  1.2701239112347376e-01  2.5223152746741107e-01  1.3911695479144356e-01  1.0792884025337957e-03
5.7555628301878914e-01  9.0396394367073724e-02  2.7398945837475785e-01  2.6369943900023363e-01  2.2763663348200321e-04
5.7989118317109722e-01  9.6803078877990792e-02  3.5017521287134296e-01  5.5307160525336824e-02  5.8002680953440824e-04
5.6155973561211114e-01  1.3635124381835911e-01  5.4443846179852429e-01  1.8821568712143126e-02  4.7913550706832873e-04
5.7514479133737650e-01  1.2888126314474480e-01  6.1067603903689927e-01  2.5319645994050682e-01  1.1203189487063378e-03
5.4517596601930840e-01  8.6954724001593028e-02  6.0596056133672560e-01  3.9679431990066122e-01  1.2800313696828855e-03
5.4956359631243168e-01  1.2477960824121515e-01  5.7223362127490329e-01  5.1429662675507104e-01  9.4278986744676056e-04
5.4239495504767932e-01  1.2128463223564126e-01  7.2890760389563225e-01  1.2397674472790719e-01  8.2201268025490243e-04
5.6918607146658329e-01  1.0164962229970577e-01  8.7727195298145222e-01  9.5990340067272417e-02  8.7429537265769689e-04
5.6492031465714276e-01  9.0906670755905611e-02  9.0290913667378569e-01  4.4903819911137866e-01  1.1533640443171227e-03
5.6238336760800911e-01  1.4007380134346897e-01  9.1598619003021819e-01  7.9020009318604290e-01  9.1163121994896170e-04
5.6357867188311428e-01  8.7231437994631525e-02  8.7093718967702394e-01  8.4679443048102410e-01  4.0941031897264102e-04
5.6777415453463786e-01  1.3413797700963737e-01  9.8442389694637844e-01  2.7917208344063707e-02  1.7081578103211319e-04
5.6067714079629327e-01  1.2810205277765224e-01  9.8002062453613370e-01  2.9036928583821131e-01  5.2233452425636830e-04
5.6649519952093463e-01  1.3862421051554855e-01  9.7930635366135277e-01  6.9315193282253595e-01  2.6875793756188230e-04
5.9092952776350516e-01  2.3442272626612892e-01  4.0082110023036327e-02  8.5550362915795455e-03  1.1936652242100315e-04
5.6624914230194301e-01  2.5988518226708329e-01  1.6137584977306144e-01  3.1105196757342655e-02  5.6163384896185174e-04
5.9012599298512092e-01  2.5053901988836386e-01  2.7548963669244658e-01  2.5407862373246243e-01  6.7224090288547813e-04
5.9697801741678791e-01  2.3148176360833936e-01  3.6116090958746150e-01  9.4656200893892803e-02  7.8785597190273945e-04
5.6865193049001272e-01  2.9657695097654302e-01  4.2943301881159313e-01  2.4907321831743290e-01  1.6297380859084699e-03
5.9141647448133594e-01  2.5945107694392172e-01  5.6816694685625302e-01  1.1120438801035239e-01  1.1232582177328741e-03
5.9362330708428390e-01  2.5129409824467991e-01  6.1397501994540959e-01  4.8963929475323525e-01  1.0637721227508350e-03
6.1177011751692401e-01  2.5512421093202603e-01  7.4779565116311453e-01  1.9114585614839343e-02  6.1080133158087670e-04
6.0589552521962009e-01  2.2620281394259256e-01  7.5951489813744744e-01  3.8799249595127872e-01  2.2137495273219700e-03
5.6644428659106305e-01  2.7662498880109543e-01  7.6801759261049285e-01  6.6396185495531412e-01  6.8991459598130610e-04
6.0226541281108059e-01  2.3117520076859116e-01  6.9429344814985050e-01  6.7595136501380126e-01  4.3620905548561996e-04
6.0617695998281940e-01  2.6626049447615918e-01  8.8444983835641500e-01  2.2236870051957480e-01  1.0261510528820547e-03
5.7668031253782670e-01  2.2691522857454621e-01  9.2183317063430736e-01  6.4654084642821519e-01  8.5589443982658016e-04
6.0532423459407192e-01  2.5016725564007425e-01  9.7179375193018669e-01  1.1370000996803663e-01  3.8800471005594103e-04
5.8120969195758743e-01  2.7714349495345419e-01  9.7801887542310040e-01  4.8588376281821327e-01  6.4472353455286252e-04
6.1375117333168239e-01  2.4384626598436809e-01  9.7756566381288512e-01  9.5931798595875040e-01  1.9232380048215145e-04
5.9024592572125889e-01  4.3883285693870161e-01  4.7779213383380086e-02  2.3107635028300291e-02  2.3117772437459671e-04
6.1719781788244932e-01  4.1749865179031598e-01  3.1573413110746579e-01  1.1210140196464035e-02  5.8553201706702687e-04
6.4428272027683209e-01  4.5648418335880531e-01  2.2673863227279387e-01  1.3270175026828634e-01  1.2300937943629129e-03
6.2145375545266213e-01  4.2922922228159954e-01  5.8316168974882554e-01  2.3397856557994107e-01  1.9882722470693291e-03
6.3960902915911211e-01  4.4146957861708652e-01  5.4807282213885655e-01  5.0748833904886281e-01  1.1578127637617546e-03
6.3670386798764822e-01  4.4052084798282909e-01  7.2093164647167052e-01  8.7466899886570804e-02  1.4801279811146963e-03
6.4819770427241463e-01  4.2840348486650215e-01  8.0027905528817023e-01  5.4574212430818814e-01  1.3514585934952695e-03
6.3308799176774744e-01  4.1939051140247785e-01  8.8078601634903586e-01  2.5783326889495504e-02  3.1701649528799268e-04
6.0741425365019408e-01  4.2551733585586099e-01  8.9744184555549400e-01  4.0413063198750326e-01  1.9090966362693812e-03
6.4261712211073552e-01  4.4260942857750818e-01  9.2747413503035259e-01  7.8590327692169182e-01  7.2457739065579874e-04
6.3579386806122773e-01  4.3552646408011830e-01  8.6211605601378538e-01  8.4128997002836969e-01  4.1251818507043035e-04
6.2831646480459680e-01  4.3886827144580115e-01  9.7043055587982352e-01  1.5064277672556045e-01  4.7536121370304272e-04
5.8552045646997875e-01  4.5322665247230731e-01  9.9519625460419481e-01  6.9191472542298427e-01  3.5850077007068684e-04
5.4488044663236790e-01  5.0666538562297492e-01  1.5674888091661401e-01  2.8280085961369529e-02  3.0810691555068994e-04
5.7514810289424867e-01  4.8377576858011123e-01  2.7884594589986966e-01  2.6592412055277936e-01  4.0522919298059283e-04
5.7288345429000742e-01  4.8597823352208497e-01  3.6197421479183017e-01  1.1117119322947358e-01  9.2980813433060443e-04
5.9216055061058614e-01  5.0501544565763334e-01  4.9990630463667546e-01  4.5497759616922123e-02  6.1418751096201573e-04
5.7754926414902219e-01  4.8094956680124190e-01  5.9988928580048528e-01  4.4149932945222992e-01  1.2777744871886574e-03
5.7605738047872446e-01  4.9618429354983956e-01  7.0039964863205173e-01  2.0436326380063343e-02  2.5052617456849225e-04
5.7571004712751428e-01  5.2274413908893669e-01  7.4490656607784289e-01  2.3433500559504178e-01  7.9483824733523137e-04
5.7575095300979529e-01  5.1311329829867303e-01  7.7242013121951003e-01  3.9784271401507815e-01  9.0710119882947741e-04
5.9051028548291951e-01  4.7845701542811570e-01  7.6211329514626469e-01  6.7391811732185347e-01  5.3579552480432309e-04
5.5580872985066210e-01  5.1848157238482251e-01  6.9541531416193303e-01  6.8380017664291792e-01  2.3465556776701131e-04
5.9275453292546321e-01  5.0274112981494234e-01  8.8903410274390493e-01  1.3633637251252043e-01  7.7831202229063621e-04
5.7582274671673195e-01  5.1025209764834656e-01  8.9839389674855175e-01  7.7950345965708778e-01  5.1501686399673199e-04
5.8238516929836670e-01  4.8342370919411148e-01  9.8655621914610314e-01  2.1626100592014738e-02  1.2199347167955678e-04
5.8241473201675109e-01  5.1479108420596242e-01  9.8921162598918200e-01  3.1925404784392969e-01  3.8561049486321100e-04
6.0036688918342040e-01  4.7841337434676390e-01  9.7640046862455110e-01  9.4353710887769893e-01  1.8312174915436364e-04
6.8948911970682836e-01  2.3181913788286733e-02  5.5954470038948330e-02  1.6549980416055963e-02  7.8591538039348907e-05
7.0716491770607592e-01  9.3438233172960967e-03  3.4961570542962056e-01  2.1807338680765207e-02  1.5340052699752037e-04
7.1655315346174486e-01  1.7014545739694222e-02  2.4998405566956103e-01  1.1055149779179502e-01  3.3132713825564979e-04
7.2946111198877706e-01  2.4628230992119853e-02  2.7670599316036504e-01  2.5164324545464239e-01  2.5066129478718642e-04
6.9365657193172936e-01  2.4266637304719084e-02  5.8811390717911916e-01  2.4112450554336354e-01  5.9884025631951683e-04
7.1438967202932002e-01  1.6247719687170536e-02  5.9188594400051331e-01  4.8403026670254795e-01  5.8373705223251093e-04
6.9451631279871617e-01  1.6014464567475031e-02  7.3546981924734955e-01  7.7835706744356525e-02  4.4825295398392116e-04
6.9994551278099160e-01  1.4673415448474225e-02  7.6227256920284769e-01  3.9122295130829310e-01  4.7375620880265760e-04
6.8951729890690638e-01  1.6232118113193823e-02  8.9773410832185552e-01  2.4524759289710854e-01  2.9052888233844522e-04
7.0366030933979806e-01  2.8497036337440693e-02  9.1781952481834950e-01  6.3543777137131729e-01  3.9892011100285083e-04
6.9730518824991194e-01  1.7896472569864756e-02  9.2550915472573203e-01  8.1787043651844549e-01  3.0888615438387404e-04
7.1128355356426143e-01  3.4377095381315267e-02  9.6698649036874773e-01  3.7353929255376013e-02  1.5907206047902618e-04
7.1568092675556838e-01  1.8906584769220144e-03  9.9575185460705506e-01  4.5836686301262169e-01  9.4691638824532002e-05
7.3528199200881761e-01  1.1047700053122635e-01  1.4232456072537342e-01  2.9491164889068118e-02  4.4209724277085362e-04
7.0495770390690971e-01  1.0958556593820115e-01  1.2600430247257219e-01  1.2123665559887239e-01  1.5720245985212242e-04
7.1689559420262172e-01  6.0873325551979308e-02  3.8408585737788214e-01  1.1716122953488778e-01  5.5463940630033452e-04
7.4462217500674943e-01  1.0720373517537350e-01  4.9531820218881828e-01  2.3545184448938092e-01  7.2890327757519605e-04
7.1502658487558513e-01  1.0382483019167771e-01  4.0622715978157276e-01  3.2354943924502033e-01  9.4525918833963018e-04
7.4632967768037273e-01  9.1863753271621010e-02  5.1478299092576918e-01  2.0939713724472977e-02  4.6877780182636770e-04
7.3376592440805632e-01  1.0180025037421217e-01  7.1715842328872137e-01  3.1046741579596863e-02  3.6688386082970074e-04
7.4094200528079646e-01  1.1046665289895512e-01  7.4522969792477989e-01  2.1873139833462077e-01  1.4587504397688639e-03
7.3217824037119394e-01  1.0712863460541835e-01  7.7772823296826177e-01  5.4140052138536277e-01  1.1252362136838663e-03
7.3902469935038606e-01  1.1544354424983644e-01  7.6681700421159227e-01  6.6686004553682077e-01  9.3120854324418997e-04
7.2936752096024315e-01  5.6642564154051230e-02  6.6347131217457678e-01  6.5460703785819008e-01  3.1166413390006228e-04
7.5115832075641298e-01  9.9471409081759776e-02  8.7429778189276530e-01  1.3778709039242712e-02  1.4400857521171186e-04
7.4516114630003538e-01  4.7558846224668654e-02  9.1727272570096652e-01  1.2621412510376684e-01  2.5377145662224465e-04
7.1555956691973677e-01  8.2161135832542906e-02  8.7567530249580083e-01  4.4063789124788189e-01  5.2108118218723086e-04
7.4595792508723369e-01  9.0191491778471106e-02  9.7053960535760897e-01  2.8230723171987016e-01  5.1646642570610029e-04
7.3468654155775115e-01  9.6339485179405132e-02  9.9100019006518658e-01  6.9377145956789787e-01  3.3860666363799236e-04
7.4542266239945398e-01  8.0227712153357333e-02  9.7462426391321777e-01  9.4696653680578136e-01  1.8567148138316805e-04
7.5478378373905131e-01  2.4548104843456806e-01  5.5444308629746086e-02  2.5072191834164998e-02  1.4188858168157431e-04
7.4964670927063148e-01  2.2756915768565047e-01  3.0804972692112270e-01  1.7535359878166224e-02  6.0052264093287343e-04
7.6022563261460652e-01  2.3733816820141140e-01  2.3231629167044937e-01  1.4505267208864253e-01  9.1702599366368055e-04
7.3082134042748348e-01  2.3547814232036443e-01  4.4548338716479002e-01  2.3306879477325088e-01  9.5577853695268502e-04
7.4699438849814515e-01  2.2187092328430197e-01  4.7167221658130765e-01  4.6059737335541645e-01  5.9371052952308695e-04
7.4749851261131139e-01  2.2343311206961455e-01  5.4680138987012628e-01  1.1820141620078703e-01  1.0949440439589695e-03
7.6539093884745790e-01  2.5197785335959549e-01  6.1250104097797875e-01  4.2653121777531999e-01  1.5753875225599648e-03
7.7679402403877473e-01  2.4594526524429983e-01  7.3527884540842992e-01  8.7432820140490211e-02  9.5951796757162862e-04
7.6148580544968714e-01  2.3583737209865438e-01  7.6446339802698626e-01  6.9959399897852037e-01  4.2975400469825960e-04
7.4795648862644903e-01  2.1035304474918370e-01  8.9569803834124040e-01  1.8459106447413741e-02  3.5335950902192289e-04
7.3770054900322468e-01  2.2084839413964052e-01  8.8247092920201453e-01  2.7048513590311446e-01  1.0855592687490946e-03
7.4532932797785301e-01  2.3211665040517160e-01  8.8623094891372312e-01  6.1884112295951854e-01  1.0601582113250374e-03
7.4833637208330872e-01  2.3470704428242414e-01  8.5772951465612324e-01  8.5038240649870223e-01  2.7956442334625795e-04
7.7845206430150193e-01  1.9395829664124090e-01  9.7489210932543069e-01  1.1822719815443083e-01  3.9703838872056182e-04
7.6117132488555816e-01  2.3497808776853282e-01  9.7842642800306889e-01  4.8940811086024855e-01  6.6467299653939142e-04
7.4063803952594398e-01  1.9016668002818549e-01  9.8193192861302026e-01  8.6399066019906068e-01  3.3365456295409433e-04
7.7127799993223523e-01  4.0476984885426515e-01  1.5966278967889086e-01  2.8257223426710845e-02  4.7853085487624462e-04
7.4583754865496354e-01  3.7691897851061579e-01  1.2372543001641235e-01  1.0522964990373325e-01  4.2320537202274205e-04
7.5781619793040866e-01  3.9306191538106722e-01  3.7499671779265142e-01  1.0529087961697577e-01  8.1770261320276310e-04
7.4771528273944543e-01  4.0380303137310253e-01  4.0625638077648857e-01  3.2632415459899755e-01  1.4496840527738247e-03
7.2257403323246461e-01  3.8160900179555668e-01  5.2649589128819174e-01  2.9580751328731072e-02  7.8369844103318132e-04
7.6188143364420513e-01  4.2748934375445047e-01  6.0279254067313170e-01  2.6529629547023720e-01  1.2211487978782511e-03
7.7014482485681290e-01  3.7985258908953801e-01  7.3739237115587208e-01  2.3591941331524793e-01  1.2896772365250104e-03
7.5075208665390947e-01  3.9914542449464663e-01  7.8139534923923204e-01  5.6658708276819714e-01  1.0470904387881862e-03
7.4870485661748498e-01  3.7280690474194617e-01  7.1268472639532576e-01  6.6505001884391957e-01  6.1895489508043784e-04
7.4595870110449847e-01  3.7328530177058833e-01  8.7246374856552122e-01  1.0712508250793586e-01  8.3304282099235698e-04
7.8623390942213811e-01  3.7277577445334009e-01  8.6100095735947590e-01  4.2615238308352288e-01  1.1723641210170284e-03
7.2886759144892788e-01  3.6486280422333039e-01  8.9228498637214149e-01  8.0896888137782785e-01  5.9225029708301509e-04
7.3383534787465843e-01  3.7374979105888451e-01  9.6877975907279712e-01  1.5660050784765078e-02  2.1462979421765376e-04
7.4015670082787510e-01  3.9743447743818572e-01  9.8068693843782950e-01  2.8081926896959319e-01  6.4152603435186240e-04
7.4367485324811422e-01  4.0568970004176486e-01  9.7558302354752124e-01  7.0282593554208073e-01  7.9605886143396744e-04
7.2843686155849063e-01  3.8063050320908409e-01  9.7269671856581075e-01  9.2093075269149982e-01  2.1951187349002270e-04
8.3309318567533452e-01  5.7635238322473348e-01  5.8531283781439437e-02  2.5778370115063474e-02  2.5043942876574869e-04
7.9429155982523403e-01  5.5775616626481728e-01  3.0421737783496050e-01  2.7488822404498053e-01  4.4994118358258515e-04
8.0722429339985646e-01  5.5809585767239400e-01  3.6221217622990182e-01  1.0198558527909524e-01  1.2585711561376408e-03
8.0993205245297717e-01  5.9798487558257085e-01  5.1832787660570345e-01  1.7181624792870127e-02  5.5041648207556531e-04
7.9584384207802017e-01  5.7503104776545100e-01  6.4477195141250343e-01  4.2656488831441863e-01  1.9252409339841656e-03
7.8292597703237565e-01  5.5021725572031510e-01  7.5025430024279649e-01  2.2380098927119549e-01  9.3007943902735201e-04
8.2647939904942436e-01  5.6694781808896322e-01  7.9862584983119644e-01  6.7641809017712540e-01  5.6223545560843175e-04
8.1903654835625750e-01  5.5287968490475292e-01  6.8365227717588561e-01  6.8288023048166935e-01  3.9557465385924246e-04
7.7694807197020788e-01  5.6899858591886399e-01  8.7024648509174596e-01  1.9566663921053874e-02  3.8656372166363508e-04
7.9317005554401687e-01  5.6835480644796654e-01  8.9398329692157119e-01  2.5959188937622152e-01  8.6474202936247951e-04
8.2678666496611730e-01  5.5275716962131416e-01  8.8620061777947223e-01  4.2831063707601114e-01  4.4947227489425403e-04
7.9713142289901318e-01  5.7719356142032507e-01  9.7899628534558125e-01  9.7473690186069564e-02  2.6560834797080345e-04
8.0466248208837765e-01  5.8726723646510659e-01  9.8077300095205144e-01  4.9657335922651902e-01  6.2761345184421987e-04
8.3461711907175595e-01  5.8326671571346222e-01  9.6819853068637141e-01  9.4843262115343985e-01  2.2364464422990329e-04
7.7986122146337900e-01  6.5360346126665536e-01  1.7413206471606632e-01  2.2783076396173330e-02  4.8823164142368738e-04
7.4499101695088710e-01  6.5988159232720989e-01  1.2112560412124559e-01  9.9609334725907370e-02  2.7804953075255274e-04
7.7424482517669002e-01  6.6098586818459415e-01  4.4184172864921112e-01  2.4593062572156982e-01  1.0416709952546508e-03
7.8496638868233137e-01  6.4886706707375730e-01  3.8149167098741399e-01  3.1499347108187764e-01  5.6171241955507375e-04
7.4315051573032176e-01  6.7749995914580230e-01  4.6792129321097969e-01  4.5766152420816475e-01  2.8708210984459720e-04
7.6805728075527657e-01  6.6559909114655136e-01  5.4197320122072490e-01  1.0568822810642060e-01  1.0512634220700597e-03
7.8084323701008795e-01  6.8333255002224935e-01  7.2303377349857545e-01  1.7647395028394619e-04  2.1772841374011713e-04
7.7515660105383299e-01  6.7706933521438761e-01  7.6719424428455363e-01  2.2707710509293338e-01  9.2184065186659840e-04
7.6978614503704046e-01  6.8915661209184798e-01  7.6517862486322996e-01  4.0078599545993671e-01  1.0006622572438690e-03
7.6864859109015593e-01  6.5832825572729625e-01  7.4195703629447529e-01  6.6361177782419634e-01  8.6931472395789097e-04
7.5684790004287417e-01  6.8191684037120159e-01  9.0608075461973325e-01  1.0331569935640574e-01  4.4598575453385486e-04
7.5478444456932547e-01  6.3756986470342469e-01  9.1032330999999866e-01  6.1753999148031835e-01  1.0888156746164783e-03
7.8535525483954649e-01  6.5796391850191693e-01  8.5730677467897920e-01  8.4798996943772220e-01  1.7496067149296881e-04
7.4831267953020475e-01  6.8402615840407610e-01  9.8029564852929707e-01  2.7936647205738643e-02  9.5539708618459397e-05
7.8348561839397068e-01  6.8084591976139519e-01  9.6402250410923496e-01  2.8637404997861532e-01  4.7449731497886807e-04
7.7483212778938559e-01  6.6805953643756855e-01  9.8549475622976823e-01  8.6547528838067211e-01  3.2388991820056940e-04
6.9409698971015132e-01  6.7976503611062189e-01  3.3477396296424530e-02  1.1828033326883647e-02  5.2262717226300712e-05
7.0724604070006136e-01  6.8248455687770138e-01  3.3176044282739703e-01  1.8805594220902090e-02  2.6780113861114645e-04
7.1510678153734430e-01  6.8870704726204990e-01  2.4768630830151658e-01  1.2998438273227947e-01  4.0633603222306366e-04
6.7966864838023355e-01  6.7216655649623624e-01  3.1683590518423960e-01  2.6458916720491660e-01  1.8605592879974230e-04
6.8668146869656765e-01  6.3057393209446666e-01  4.7026205354768857e-01  2.7152394026355425e-01  5.7196198368534451e-04
6.8770147669525439e-01  6.7689953379411461e-01  5.5995096781027254e-01  9.4662316851816225e-02  2.8432832799816040e-04
6.7439487266657028e-01  6.6962683292883152e-01  5.9286020426306241e-01  2.7531809760518600e-01  3.6153798053770246e-04
6.8536544178742020e-01  6.6261505529486531e-01  5.8463077062392099e-01  5.1330056235080235e-01  4.1489825844340109e-04
6.9069518564620702e-01  6.6331703415462484e-01  7.3983696308187130e-01  5.4103801344889964e-02  3.4960910594490332e-04
6.8854755803038625e-01  6.6922828798944611e-01  7.9574362317743885e-01  5.7660923656992547e-01  5.8694845787241122e-04
6.8564767580241459e-01  6.7092187377705526e-01  8.9228877913964744e-01  1.9367943009443625e-02  7.5516494844768257e-05
6.9556833598251488e-01  6.8741113267386134e-01  8.9703031491307794e-01  2.6498843729577803e-01  4.1420743999059099e-04
7.0291735728149318e-01  6.8244890331986019e-01  8.6810250470222927e-01  8.2087456597061514e-01  2.2690424336200012e-04
6.8711305828875335e-01  6.7948403151188852e-01  9.8849744155439245e-01  8.9391944704760570e-02  5.7042736532308701e-05
6.8993194493851617e-01  6.5051702415032242e-01  9.6601872724846416e-01  5.0119071866830522e-01  3.6275387725547882e-04
6.7633433225397332e-01  6.6365200200366836e-01  9.7871096117728218e-01  7.3713105510508725e-01  1.7456154158361001e-04
6.8933062976213766e-01  6.6069486742968375e-01  9.6844077745346557e-01  9.5138119755173345e-01  7.9478093689074145e-05
8.6108580456205552e-01  1.6151576066368981e-02  3.8212771130800433e-02  2.4133275996831814e-02  3.6122486428233018e-05
8.9567977010533961e-01  3.9556122998453257e-02  1.5344978097105211e-01  1.3597756571377489e-02  1.0156372264609501e-04
8.7980412211987058e-01  2.3869028122061344e-02  3.0189385026872145e-01  2.7256478950984514e-02  9.8669924525507380e-05
8.8277461877418795e-01  1.7149736094185034e-02  2.2401994983121848e-01  1.3855041309259161e-01  2.0073397156184709e-04
8.7909683108300885e-01  1.4997756803738355e-02  4.7344656179594485e-01  2.5314012652724555e-01  3.7523447679254729e-04
8.7330493511353213e-01  2.1909582779563473e-02  4.3951389101805627e-01  4.2588419618080242e-01  1.8097046745079687e-04
8.6718113796549989e-01  1.9530014033870848e-03  5.3257020551580092e-01  2.2467076184661223e-02  6.4840220614141033e-05
8.4086294080661173e-01  2.8193578232627924e-02  5.7074136483357607e-01  1.0466485424781032e-01  4.0796524222044161e-04
8.7359559428556555e-01  4.4187306842914824e-02  6.2393953966514648e-01  4.0574730008815285e-01  5.5476256542874027e-04
8.9189102031882173e-01  2.1646290725024411e-02  7.5731540769408345e-01  2.1579749324399147e-01  4.0594524323625775e-04
8.5962314968085551e-01  1.1698388976484250e-02  8.0023509979316854e-01  5.8031657195920294e-01  2.1274729711484076e-04
8.8017456402102590e-01  2.8265064573729175e-02  7.8131586603226166e-01  6.7435036925431946e-01  2.9844713905171786e-04
8.5459208498788264e-01  2.4896059760443345e-03  8.6426589512176077e-01  2.1814179597169647e-02  8.8314772877372922e-05
8.8161345151035175e-01  1.4925136758402808e-02  9.1941024969868879e-01  2.7498037087526461e-01  1.1800786365333835e-04
8.5085794642800661e-01  3.1751205913010103e-02  9.0110726575732347e-01  4.1501501762356574e-01  4.6734516665658830e-04
7.9948664871969000e-01  1.2939039343083885e-02  8.5808800075193692e-01  8.4319480743796638e-01  9.7435056567537172e-05
8.6451431543910451e-01  1.1935262068411593e-02  9.9695968960645143e-01  1.5500319204108085e-01  7.9027424022868549e-05
8.7021202490879146e-01  2.0360765869952838e-02  9.6147569360224316e-01  6.9703145513162157e-01  1.8294788184565665e-04
8.8752407112615572e-01  5.7397006417311401e-02  9.9993186194579498e-01  8.6324575108547674e-01  9.9230712966475053e-05
9.0431656585216946e-01  2.4074103910832591e-03  9.7108697232478125e-01  9.3903111902711400e-01  3.6841386910017441e-05
8.6067351820904248e-01  9.7341442054816749e-02  1.3869677457764112e-01  1.0609087153154693e-01  3.3237176918719406e-04
8.8203762325475010e-01  1.0489729057093426e-01  2.9800370975017293e-01  2.2997965920066765e-02  2.4976202368789008e-04
8.8330722798622041e-01  1.1943438053735850e-01  3.6745497828933538e-01  1.2507239636585671e-01  6.9703903208976747e-04
8.5731266821388386e-01  1.1116372124887265e-01  3.9820233629423191e-01  2.9190575648556305e-01  6.1054711468005703e-04
8.9351436364109527e-01  1.0802169940889302e-01  5.7194025586161168e-01  1.1385500100781007e-01  5.3691755706525811e-04
8.9011249754563038e-01  1.3031885478816382e-01  5.6146735308204887e-01  5.0429287089355146e-01  7.6517969906997265e-04
9.0131252743623447e-01  8.1972685329002745e-02  7.1465641024235316e-01  9.4994893550706273e-03  2.3945582431264537e-04
8.7765552778489164e-01  1.2358887064126151e-01  7.3085974117486230e-01  3.7407612986867927e-01  1.1665598153505715e-03
8.8529166610975984e-01  8.5435143147808368e-02  8.8064924591463556e-01  1.1729049679352140e-01  7.1079143967979269e-04
9.1949367437514196e-01  1.2562003285155571e-01  8.9630475061854875e-01  6.1032247123574379e-01  6.0312765396790388e-04
8.6931513329923404e-01  1.0639688635113398e-01  9.0898979012527725e-01  7.8868101128107060e-01  4.5064687078654223e-04
8.8905313377775241e-01  1.2525121544822809e-01  8.6884496327183758e-01  8.4178000545267351e-01  2.9417205116153626e-04
8.8679757560515593e-01  1.1311497779979221e-01  9.8574491620354554e-01  1.6097364586833432e-02  9.9733719497089514e-05
9.3028335116799366e-01  1.0555974540162111e-01  9.9191033867590706e-01  3.3001623923030293e-01  2.1690510192784332e-04
8.6211545727267591e-01  1.1454451968562671e-01  9.6723684800165444e-01  5.0785774319534904e-01  4.1288064237058957e-04
8.8708166990485804e-01  2.5290746770487810e-01  3.5198409850316366e-02  2.0360277706890056e-02  1.0675997448525878e-04
9.1510544845376751e-01  2.2650222641840922e-01  1.4195904611657184e-01  3.1360177881299668e-02  2.6774334005280241e-04
8.9564974571885192e-01  2.6289475258401906e-01  2.5463559701846811e-01  1.0832230544437099e-01  3.6935563193992934e-04
8.8419875751642585e-01  2.6423239596784776e-01  2.8705948993523966e-01  2.6282956504159594e-01  5.7088868938811547e-04
8.7779878529056332e-01  2.6891298502313887e-01  3.7348665212186188e-01  1.0628815092865709e-01  4.7946024029473942e-04
8.9605564231738188e-01  2.5904554986539258e-01  4.9479937587284650e-01  2.0578202391377198e-02  5.2939902702899087e-04
8.7450153242363571e-01  2.5750541483586797e-01  6.0314651787656837e-01  2.7312760983920609e-01  1.4307174384025744e-03
9.0538671749891486e-01  2.5121606828453596e-01  6.1107574095664707e-01  4.6103668274944343e-01  4.9140406027293267e-04
8.9880097788105151e-01  2.2622320379994820e-01  7.2341428383390705e-01  8.7792521981866295e-02  6.9567771735463729e-04
8.9804790818762614e-01  2.6361716805024810e-01  7.7710408637007911e-01  5.6397623037352884e-01  6.5969577530710960e-04
9.0380893896414283e-01  2.6338863487397751e-01  6.9656483899342025e-01  6.7142513674612458e-01  5.1926861329303184e-04
9.2039401632610773e-01  2.6180749738450060e-01  8.7181854416262383e-01  3.3558311555342897e-02  3.9983317704257693e-04
8.9116891108633933e-01  2.2550812425213940e-01  8.9445190067104741e-01  2.7634384744894436e-01  8.7584293984916957e-04
8.8133814866332272e-01  2.5717294632049531e-01  8.7674184041235448e-01  4.4144076537173343e-01  7.1920632849982848e-04
8.5452034698857893e-01  2.7834366376055514e-01  9.2208220569989874e-01  7.8705195307735321e-01  6.6805998242677603e-04
8.7301906256169248e-01  2.6475279406554414e-01  9.7898888188740052e-01  1.3274117002939823e-01  2.8885653769160938e-04
9.0546490218975884e-01  2.6437710174899293e-01  9.7528714344617662e-01  6.8945685493451658e-01  4.0075568807420664e-04
8.8761382802960864e-01  2.8430277219233696e-01  9.7103082962664511e-01  9.4986089769216153e-01  1.8547353655859147e-04
8.9093739060043042e-01  4.3717732662429104e-01  1.5971580340935235e-01  1.9218646849647702e-02  1.9141980885003008e-04
9.0925504307567295e-01  4.3992256414314246e-01  1.3201703157955247e-01  1.1280094734408823e-01  2.4486341276696113e-04
9.0053073722252230e-01  4.4593531581724327e-01  3.2559813095689660e-01  2.5341788527387891e-02  4.0057381208353100e-04
8.9989410216045818e-01  4.1840287773129797e-01  2.4425901578132075e-01  1.2473284571873650e-01  4.4908132551204342e-04
8.9502705101032975e-01  4.4199503326288786e-01  4.2996107256041538e-01  2.5595090671955384e-01  1.1600695684761157e-03
9.0145656405570695e-01  4.5482543268406250e-01  4.5458452701122443e-01  4.4431964061450807e-01  3.9635128637865042e-04
8.8474282173171437e-01  4.3933602869689609e-01  5.6768017417103789e-01  1.1747456651975004e-01  1.1377115629070658e-03
8.6186492140067550e-01  4.0334757702892837e-01  5.7964458322746704e-01  4.9257706302068138e-01  8.8040301400870227e-04
8.5621151452362010e-01  4.2420090200264243e-01  7.0382141701192813e-01  1.1418614833185138e-02  5.6037531866202873e-04
9.4178599692703135e-01  3.9552828892537373e-01  7.6588379623039338e-01  2.3112017583531999e-01  1.0632928975080119e-03
8.9824080467025280e-01  4.3756810345071551e-01  7.4374788413120430e-01  4.0099901417871792e-01  9.6291045331197420e-04
8.9354989836035348e-01  4.5094016265931147e-01  7.9396511462675246e-01  6.5095627980475068e-01  7.0151093295862108e-04
8.7927354445256711e-01  4.4114894946388267e-01  8.8893159237644737e-01  1.2238785128359614e-01  8.4717273910606128e-04
9.1977690346943675e-01  4.5068533579739639e-01  8.7329681251944680e-01  5.8856737198850839e-01  5.4510124365493931e-04
9.0176643643789733e-01  4.6507033868006065e-01  8.7069633688449188e-01  8.3520436246664531e-01  5.4203549155713219e-04
8.9423616784474935e-01  4.3744863677425427e-01  9.7713173506118534e-01  3.2250315254916138e-02  1.9626626711816258e-04
9.0047218844353394e-01  4.2768781002855161e-01  9.8118349230446578e-01  2.9347581453452620e-01  4.1965366838818673e-04
8.8961463883086556e-01  4.3143337286274624e-01  9.6162135481738686e-01  4.8666325381314340e-01  5.7872140544636824e-04
8.8090335096084138e-01  4.7528839558108871e-01  9.9417466020669032e-01  8.5125571376867182e-01  2.7017093013615492e-04
9.4469724749681439e-01  6.2899290053246271e-01  3.3833051404968623e-01  1.3050966508416341e-02  2.5652554656398972e-04
9.0393159602952866e-01  6.3046907386094952e-01  2.2231003561450874e-01  1.2647880190846861e-01  6.6726775480747719e-04
8.8321413656253400e-01  6.3101325299417543e-01  2.4174688870075600e-01  2.3892992408512667e-01  2.2569256558120564e-04
9.1315250759031663e-01  6.2043526184686704e-01  4.7297737382828342e-01  2.4672373259636055e-01  7.9265607733849323e-04
9.3233164170618565e-01  6.2682483171532466e-01  5.6419184850297111e-01  1.1278820619713434e-01  7.1896547411853394e-04
9.0821578813980541e-01  6.3616145977164951e-01  5.7335787480266576e-01  4.9595841326669055e-01  8.8611557058056016e-04
8.6553336710299977e-01  6.1160272410054073e-01  7.3571822314893931e-01  9.9942938624449015e-02  9.3384701244583691e-04
9.2922953135973796e-01  6.4302582649578444e-01  7.4501019498407284e-01  3.6852622363679494e-01  1.2511445334215169e-03
9.1462395007855735e-01  6.3829318901524768e-01  8.8328991639066834e-01  3.3524314523481515e-02  2.7767466017370449e-04
9.3492764907707737e-01  6.1171685880312854e-01  8.9598813165609770e-01  2.5217676672736233e-01  8.2129645310927396e-04
8.9534270958626028e-01  6.0198173701117452e-01  9.1771398846706742e-01  6.1001095201138977e-01  7.8202209376139877e-04
8.6734140283145300e-01  6.3472140363913243e-01  9.1217847173138389e-01  7.7567310314705740e-01  6.3396320900440957e-04
8.8869843701044748e-01  6.4379667458123568e-01  9.8763240229954441e-01  1.2051471514809468e-01  2.2451904068633956e-04
9.2489552129640051e-01  7.8676085830185749e-01  3.3273063859365196e-02  8.8003435421169628e-03  6.6140491673507924e-05
8.7420818289316271e-01  7.9681843334636782e-01  1.3888594657634656e-01  1.1417220824695877e-01  1.8958418357250579e-04
9.0410589230025906e-01  7.7726057330734311e-01  3.3441236455421341e-01  3.2183656324191491e-02  4.4504923151024033e-04
9.2378539309717911e-01  8.0206128964880197e-01  2.5272766803470209e-01  1.3314277490665238e-01  4.6373049437192603e-04
9.1687227174475339e-01  8.1856403173070147e-01  3.9500346499337669e-01  2.9813453387279099e-01  3.5512036768279198e-04
9.1705560017207077e-01  7.8494020504298190e-01  4.7641155893971232e-01  4.7411706285752386e-01  1.8414170672064386e-04
9.3033020461438409e-01  7.8994112031519292e-01  5.4594453084043537e-01  1.4330303242512285e-01  4.7170548340443746e-04
9.2094798707254022e-01  7.8007339291494471e-01  5.9966196735092780e-01  2.6529476304047112e-01  8.9975010521556494e-04
8.8325890481270830e-01  7.8056876211972348e-01  5.8141020081301720e-01  4.9903441178317637e-01  4.9552267063817691e-04
9.1576121095020757e-01  7.8903447924407988e-01  7.4011212797265613e-01  6.1811567947723051e-02  5.0482926153751749e-04
9.1650452568336505e-01  8.1578525469896712e-01  7.8380041152576541e-01  5.6892511674799606e-01  8.7833642099401728e-04
8.9436456743850890e-01  8.0571885011153654e-01  9.0008062179047721e-01  1.0534889461163743e-01  3.7640616908336745e-04
9.1002942029185441e-01  8.0765074044095131e-01  8.6032832633465606e-01  2.6431090711548783e-01  3.3875145605746104e-04
9.2138072250716363e-01  7.7862065258575563e-01  8.7654261605328176e-01  4.3461670269855396e-01  7.1783217842870525e-04
9.2544989431394786e-01  7.7793692864191100e-01  9.4949162033505863e-01  7.9790496250341725e-01  1.3923976226291117e-04
9.0345134811856675e-01  7.8845922318482742e-01  8.6769662144417525e-01  8.3426494675048446e-01  2.8820523206872040e-04
8.9949387654824275e-01  7.7271644691167962e-01  9.6882788720821644e-01  1.2737949619850225e-02  9.4074723257294124e-05
9.3131479300095521e-01  7.7958869031514433e-01  9.6779588466998556e-01  2.8951147273740840e-01  3.0147963181140344e-04
9.2428116309499631e-01  8.0513143498470208e-01  9.8872811336509558e-01  6.9349878101351892e-01  2.8207764008210938e-04
8.7447998497744706e-01  8.5687450486100292e-01  1.1896436101665794e-01  2.9170167372259290e-02  1.2871496855248999e-04
8.7016320190640462e-01  8.6057905467077755e-01  2.6120099334567659e-01  2.4791034910223533e-01  9.2977066680910740e-05
8.6407662626718151e-01  8.3820793092963952e-01  3.5826250472935439e-01  1.0662751577206994e-01  4.5944158587904032e-04
8.7170982878932102e-01  8.4684275249239238e-01  3.8950458693642737e-01  3.1031868333952400e-01  1.9845668204899122e-04
8.7480683853746299e-01  8.4067611772247941e-01  5.4514564472814608e-01  1.4632258307327306e-02  2.3055987950818771e-04
8.6630978733141406e-01  8.3905022693391729e-01  6.3293889219947741e-01  2.2964808847957321e-01  4.7508616125853587e-04
8.5520103959667415e-01  8.3494987158937339e-01  6.1483446141471243e-01  4.2910448046859073e-01  5.3571484839143302e-04
8.5937501136823335e-01  8.4195013591334156e-01  7.4827060562670711e-01  1.1934448668388407e-01  3.1316402126111640e-04
8.6246302523903673e-01  8.4510852741568165e-01  6.9933022866004602e-01  6.7875283321769397e-01  1.9341423841190395e-04
8.7236243503706135e-01  8.6095129311599383e-01  8.9080086341425202e-01  2.4439872354609538e-02  9.7318152900223901e-05
8.5079381246509656e-01  8.3378472057613495e-01  8.7138100992988377e-01  4.4070946368253028e-01  3.8138007714007960e-04
8.5410275503666355e-01  8.2662442235997113e-01  8.9537222885008350e-01  7.5537405187136897e-01  3.0726643837124858e-04
8.6277914906135622e-01  8.4160124457733010e-01  9.8986321216072626e-01  1.8182465240750231e-01  1.2950585193666333e-04
8.6558268482301359e-01  8.2370866043870994e-01  9.8054060261932241e-01  4.8426957364902234e-01  2.4175259271641566e-04
8.6522937616278495e-01  8.5143290217622225e-01  9.5640384812882706e-01  7.1441852928947613e-01  1.1514227669989599e-04
8.8201035462860189e-01  8.4984950577814078e-01  9.6845448911624643e-01  9.2661124373402692e-01  1.0443070791973954e-04
9.8357031778040449e-01  2.8260378112609195e-02  1.4405010806919688e-01  3.6387907597971593e-02  5.8431577960061188e-05
9.7803991000560730e-01  1.4147514374236985e-02  1.2767082410882269e-01  1.2448746482838365e-01  2.9505462963450036e-05
9.7315052173310568e-01  1.7707974091796037e-02  3.6948536660099662e-01  8.5307599653369717e-02  1.5476207665854566e-04
9.7006881533758460e-01  3.5363274581176732e-02  3.5597331538790056e-01  2.7765682191084823e-01  2.1882185746402146e-04
9.6977186509849400e-01  5.0114175697039839e-02  5.1491862923873100e-01  1.9365035695483784e-02  1.3505071721484191e-04
9.8005285497642280e-01  3.6075307428301770e-02  5.8670125209554780e-01  2.3043610645741472e-01  2.5934845480792999e-04
9.8328674350713208e-01  1.2984432289377798e-02  5.8012943185389143e-01  4.9073749352647356e-01  1.2252052042418474e-04
9.7493917061598745e-01  1.6063123795612533e-02  7.4640623923337457e-01  7.5024784113723736e-02  1.4451336402266160e-04
9.7287523537555820e-01  2.1611734172447470e-02  7.7501984900515708e-01  3.7524047829438001e-01  1.7556784488772961e-04
9.7257124294930108e-01  2.9683195139340156e-02  8.2592017847564891e-01  5.5467516082566060e-01  2.2578237553791430e-04
9.3968971280560354e-01  3.5273594272227267e-02  7.0514884770945840e-01  6.7215229855863756e-01  1.7665766799925190e-04
9.8147400997597056e-01  2.9742325089409601e-02  9.3429126203562152e-01  2.3926041844113372e-01  1.6055960584721396e-04
9.8041601327698724e-01  2.3216540798544440e-02  9.3926189188115050e-01  8.0117215691493648e-01  9.7213866787965357e-05
9.8401313685068126e-01  3.3037855638975676e-02  8.6769716764002058e-01  8.3866313859730635e-01  5.6687451371119376e-05
9.6709227026115563e-01  2.6445005691120370e-02  9.5533983215527007e-01  4.3219721804389294e-02  7.5463379216196712e-05
9.6288807195588577e-01  1.7645652700083680e-02  9.7849678599471213e-01  5.2799670139281674e-01  1.0607280090388427e-04
9.6826692740984110e-01  1.0909564938287947e-01  5.0413859675554541e-02  2.0716214333770803e-02  7.2329432984633992e-05
9.8683376774120191e-01  1.5572224239794569e-01  3.3246146061531978e-01  1.7576682009074127e-02  1.4173164081670824e-04
9.7855401614913140e-01  1.2602955202616029e-01  2.4727276361894254e-01  1.1936093377251690e-01  3.0453517615542546e-04
9.5438435065055238e-01  1.2274946183876517e-01  2.7283401731280288e-01  2.5836117559891680e-01  1.8874236441937758e-04
9.7752133594525314e-01  1.2604631831996754e-01  4.7073811447060421e-01  2.4632875065797263e-01  2.9902281240840360e-04
9.9702986257549875e-01  1.2930724893170659e-01  4.7530251518393718e-01  4.6756333485449142e-01  7.5658909033036128e-05
9.6984748382417318e-01  1.4939925128427617e-01  5.6491633619336135e-01  1.0493536313220532e-01  3.7689099569010513e-04
9.7402052710157139e-01  1.2410023714161235e-01  6.3009301547516450e-01  4.4294212248546927e-01  5.1297455702719252e-04
9.9564557952392307e-01  1.1314411712641569e-01  7.7080809716999854e-01  8.4840807626849604e-02  1.1532196167443255e-04
9.6623896828402756e-01  1.3410432575431322e-01  7.7797682202900220e-01  2.3632780245079157e-01  5.5913026849330465e-04
9.8167297527633413e-01  1.3921502241039882e-01  7.8768687716525598e-01  6.6669384311182522e-01  3.2779517839877110e-04
9.8440857147340954e-01  1.2819408615945319e-01  6.8982807778878463e-01  6.8979625117602639e-01  5.5093310362614565e-05
9.8371587426327467e-01  1.1789728490880118e-01  8.7217544100987254e-01  1.2795642418693668e-02  8.1134822145181103e-05
9.8487462488867994e-01  1.2767117979528761e-01  9.0479500330657392e-01  4.1777036093928599e-01  3.3840603204637101e-04
9.7364720710117214e-01  1.3954274760473528e-01  9.1376075148202940e-01  7.9332304169266277e-01  7.9334259845962736e-05
9.7658356059643192e-01  1.4613557839430458e-01  9.7488018692204192e-01  1.2192620262019963e-01  1.6271783349054570e-04
9.8640005332805702e-01  1.1146048224790728e-01  9.7858805998034737e-01  6.9498409027533237e-01  1.2684731067549407e-04
9.6685699885646392e-01  1.0345869524532136e-01  9.7431886212580798e-01  9.5094948243558264e-01  7.5186763458306782e-05
9.7965015006410239e-01  3.0736930881013119e-01  1.7616571074607534e-01  7.7875113251978925e-03  1.1086143402251322e-04
9.8760017850542936e-01  2.8357197682958279e-01  1.3860416329380382e-01  1.0739733055673481e-01  1.8581683710127759e-04
9.7428831482680955e-01  3.4037878857326354e-01  3.9906396968708840e-01  8.7667785131522014e-02  4.9376830310797297e-04
9.6442007233372018e-01  2.7936583644714158e-01  4.1081729981196480e-01  2.7993805561395829e-01  7.1840378288323507e-04
9.8489267533252156e-01  3.2198883560386632e-01  4.9397442607053221e-01  4.4795041053777840e-01  3.4288025113327303e-04
9.8238992695191973e-01  2.8226958942223146e-01  5.8725689877694842e-01  2.2170775105210530e-01  5.0493847906959782e-04
9.8398193688625890e-01  2.7915261312321926e-01  6.5968184711910782e-01  2.5445794642325954e-02  2.4040927305716089e-04
9.8748654889585452e-01  2.9696224369142776e-01  7.7449144032310313e-01  4.2960674302859120e-01  5.3191900708071942e-04
9.6567222419964627e-01  3.1004322938983392e-01  7.6051363325021148e-01  6.4782367140260555e-01  4.4849264020247614e-04
9.8659790187573593e-01  2.8974243223240226e-01  8.7628487933162158e-01  1.4684620976705864e-01  3.2003613946541274e-04
9.7770630427873473e-01  3.0245255979160962e-01  8.9926567083136466e-01  6.0880809999494157e-01  3.2246823436449999e-04
9.8498788490884770e-01  2.8486984333760246e-01  8.6727121133437712e-01  8.4317974124175321e-01  1.6107643932922666e-04
9.7750476765982908e-01  3.1452823745574338e-01  9.6967277789959927e-01  2.6216300390902152e-02  9.5324071681885549e-05
9.6732957501571148e-01  2.9299533562301489e-01  9.6274359918889829e-01  2.9151919306588420e-01  3.0882617619320206e-04
9.7880580924105376e-01  2.9296622657878207e-01  9.9053304602123493e-01  5.1424483431262380e-01  1.7718217954769476e-04
9.7281911950989852e-01  2.5197186742626099e-01  9.7670458638717172e-01  8.6128517228572521e-01  1.9505956758666238e-04
9.6642599500548310e-01  4.9185786010655114e-01  5.3444507064286023e-02  1.8897683095379151e-02  1.2836565850379405e-04
9.9116171753573556e-01  4.9591217499228873e-01  2.5222692565151861e-01  9.3278564651199478e-02  2.9659731027277092e-04
9.7627814416531389e-01  5.1558998264119793e-01  2.9204949504093280e-01  2.5131260761463653e-01  4.0045822001573249e-04
9.7821337346085691e-01  4.9549759404951582e-01  4.9267860150285858e-01  2.6489541247593746e-02  2.7544550188287914e-04
9.8099131572587539e-01  5.2585697105843920e-01  5.4225604813824912e-01  2.3551047285014523e-01  5.3246899961921555e-04
9.7721913071421607e-01  5.0221348570993884e-01  6.3459747265654576e-01  4.4819295432338224e-01  8.6797718293623401e-04
9.8048623385496592e-01  4.7395025598718599e-01  7.2371386612967592e-01  1.0987839882981588e-01  4.6739180134920482e-04
9.7984299446399103e-01  5.0596298288884956e-01  6.8306336063595818e-01  6.5824908874573906e-01  2.9507802224889375e-04
9.7280102890008502e-01  5.0215147287374751e-01  8.4458598689788988e-01  2.4494487560028675e-02  2.5010533496327942e-04
9.8872697439461965e-01  5.0863359860486979e-01  9.0387825235603547e-01  4.0357969422643625e-01  5.2797451542662213e-04
9.8567518297556145e-01  4.7946028586560213e-01  9.0909426793726278e-01  7.7127948841388694e-01  3.6096634143965937e-04
9.8574694912321559e-01  5.0321169910985464e-01  9.7044343447715720e-01  1.4063276046722059e-01  2.2107408351052221e-04
9.6438745949288363e-01  4.8535409965800752e-01  9.7930113281757769e-01  6.8505692476007707e-01  2.5162998135550935e-04
9.7456686000062087e-01  4.7792934259849185e-01  9.8013391217962265e-01  9.5498431059494693e-01  8.4532906963354269e-05
9.6697177024940828e-01  6.8201990509007748e-01  1.7216366914193346e-01  2.3885438726491851e-02  2.2405311123790031e-04
9.8378734549732849e-01  7.2738102822830986e-01  1.0874859146252323e-01  8.6589812376924091e-02  1.4726943955404009e-04
9.9271617926184663e-01  7.0349047650106789e-01  4.0125826874599047e-01  1.2111866949581174e-01  3.1304965875865123e-04
9.7201908946861582e-01  7.1248224467229748e-01  4.0285943978964434e-01  2.9409414505631826e-01  4.8694845184198729e-04
9.8973501594512103e-01  6.9874972256913526e-01  4.7385426300562988e-01  4.4518444057007411e-01  1.8697410063602039e-04
9.7263761875502053e-01  6.8334725237647798e-01  6.6477354811881972e-01  2.7066826276073500e-02  3.0477042943867169e-04
9.9715554573271503e-01  7.0441787727848615e-01  7.2994999630177970e-01  2.3623513560487952e-01  3.6627518773902642e-04
9.8689612174870422e-01  6.8689192548329481e-01  8.1949376996554846e-01  5.7571186019097575e-01  4.8250207331756648e-04
9.6035838742287938e-01  6.9635592924847378e-01  7.6093483192612366e-01  6.7919847592964155e-01  5.5339149683803824e-04
9.8261890049041178e-01  7.2419779629298631e-01  8.7572337865089400e-01  1.2397074134953998e-01  3.2740785248757759e-04
9.7944547616123445e-01  6.8104299646851874e-01  8.7731632379222779e-01  8.6506809179815236e-01  1.2534774780194360e-04
9.7825994360635082e-01  6.8081201856452067e-01  9.7232188546240217e-01  2.3000111570030242e-02  8.4053719647549997e-05
9.7346727929687382e-01  6.8663053638240878e-01  9.9604459464162909e-01  3.0246011277197260e-01  1.0740044426377793e-04
9.7013430929206090e-01  6.8053353679880779e-01  9.8481458099809827e-01  4.9613360265685569e-01  2.2121662813509775e-04
9.8149842989905856e-01  6.9815086924547576e-01  9.7121368767775551e-01  7.1045450431783408e-01  1.4637573595139886e-04
9.6914860254337831e-01  6.9414049449232629e-01  9.7355541058212147e-01  8.8782093196554279e-01  1.8426182648525306e-04
9.8079794634880468e-01  8.8757999440391044e-01  1.3424319733420845e-01  2.6784203072270890e-02  1.0895039738325364e-04
9.8312944624044918e-01  8.7742706126878478e-01  2.7142840707783411e-01  2.4664487615948077e-01  1.6551134556689213e-04
9.9403785420245905e-01  8.7180320785775789e-01  3.5430127430086433e-01  1.1266643689416957e-01  1.9013152909406726e-04
9.8174797968303207e-01  8.4144753870916189e-01  5.1519677927518592e-01  2.8177344614606116e-02  2.0805945291272465e-04
9.8903971222910592e-01  8.4432261109520079e-01  6.1058228944311799e-01  4.1215119457871141e-01  4.6491781182777316e-04
9.8327715326343457e-01  8.8195036229652635e-01  7.5333863706520321e-01  1.9381102398655883e-01  3.9424564835197643e-04
9.7634269365053605e-01  8.5960174908001352e-01  6.9901487477943980e-01  6.7528131263585078e-01  2.0568875193732988e-04
9.8261567458512711e-01  8.6222027711025817e-01  8.5037840666982356e-01  1.1219554999993992e-02  9.2810043311719893e-05
9.9337609341331046e-01  8.5210021154797866e-01  9.1903815971291447e-01  4.3600529567554325e-01  2.1548296685338348e-04
9.9466196255014450e-01  8.6538145509878850e-01  9.0141203087309107e-01  6.2083344795021300e-01  1.1127126766247656e-04
9.8786558896655441e-01  8.8579800237396777e-01  9.1775286511019805e-01  8.0929562684322276e-01  1.7650447675429283e-04
9.8490506657295795e-01  8.5993092482863420e-01  9.6817967091677160e-01  1.2758048544728476e-01  1.3231390063763671e-04
9.6188725428961419e-01  8.3767860530547222e-01  9.8538604546485475e-01  9.7549661366463836e-01  4.4105159063371644e-05
9.6848439704958056e-01  9.3699292235705978e-01  4.2794974003110303e-02  4.2687304507002984e-02  2.3598246162019754e-05
9.6992410392193240e-01  9.4885855441233946e-01  2.9299276689171933e-01  1.6224264228295412e-02  8.0909588027657986e-05
9.7921946770992885e-01  9.6629440655413712e-01  2.0234484439294800e-01  1.2663749989587442e-01  8.4495248457753920e-05
9.6894578152990107e-01  9.3945161101202934e-01  4.5296221340557108e-01  2.3941311060513068e-01  2.9886757818810262e-04
9.6706208751483369e-01  9.4733089031126216e-01  4.7640698336507548e-01  4.4025376294236646e-01  1.0855806464858885e-04
9.7448971273329998e-01  9.5051462891858707e-01  5.5939717237804631e-01  9.5152350716809136e-02  2.0626331298182198e-04
9.9007431504157495e-01  9.5197585653836281e-01  5.7177141352866989e-01  4.9226506927156488e-01  8.5208019887975992e-05
9.7314610489002695e-01  9.4531795487943104e-01  7.4369434469490769e-01  2.8070410637656092e-02  9.2646109592671262e-05
9.7573084077233485e-01  9.5129266881617691e-01  7.4439639869878571e-01  3.8060585114534262e-01  3.0063693346764299e-04
9.6544353390252957e-01  9.4479620596108327e-01  7.7351336792650738e-01  6.5363851266930784e-01  1.9721516250273749e-04
9.9011150421594485e-01  9.7631094161234444e-01  8.9429852878297145e-01  1.2069237078773067e-01  6.0681050958341317e-05
9.3689653669015760e-01  9.1891349194657534e-01  8.7248346243687280e-01  2.4690538166551657e-01  2.0027676987339663e-04
9.6962399169773317e-01  9.4683054201782235e-01  9.2681611078472570e-01  6.1906857015531236e-01  1.6507478348095969e-04
9.7627250165920465e-01  9.6159522851298884e-01  8.8651203153654201e-01  8.7011166857173283e-01  4.3736376276091695e-05
9.6219656904096718e-01  9.2902266507358500e-01  9.7730879905856205e-01  3.9422218862429671e-02  5.3837005819417728e-05
9.7344956657700099e-01  9.3887528600671699e-01  9.6732367502552419e-01  3.1779627063924165e-01  1.1024395298511595e-04
9.8614007274408677e-01  9.5277388929341034e-01  9.8897649057838033e-01  5.0499092302427040e-01  3.6886612577148890e-05
9.7662431698330066e-01  9.5613594080422049e-01  9.9916176803296741e-01  8.7307358398951418e-01  3.2905684519963313e-05
