4 186
8.8882568160093545e-02  4.1429620313241176e-02  1.0841335334827741e-01  7.2414880561377834e-02  2.1682336476191110e-04
7.8482956189649414e-02  1.3163293097674585e-04  2.9465265995632650e-01  6.9659957912677054e-02  3.4632846051604145e-04
1.0067224140094402e-01  5.6483052553265051e-02  5.8283256934843874e-01  3.6111548394673107e-02  5.5046926172528981e-04
1.0158292226606280e-01  7.7466256506149153e-03  5.4900278467071650e-01  3.3460988058606900e-01  8.3958629486860948e-04
6.3251452786799500e-02  1.0330834083336847e-02  5.8887907270898698e-01  5.7797642652411663e-01  1.9921462757170908e-04
8.9762427117320673e-02  5.9783705076622866e-03  8.1504418050559657e-01  3.0485900244543004e-02  2.2708080558356362e-04
7.5085797089316716e-02  3.8393106617272708e-02  7.9294337847844487e-01  3.2660762961796969e-01  8.5465897035693641e-04
8.9341728796656333e-02  2.2091301360683276e-02  8.2606190709266125e-01  7.8531163651833547e-01  2.0606529861390068e-04
8.4280283539714715e-02  3.4202953652347412e-03  9.4424784991612798e-01  2.0924143941927209e-01  3.1930755871118101e-04
8.7048166044573633e-02  9.2514320215445183e-03  9.5676556330375306e-01  7.4215015963341657e-01  4.0305062375055952e-04
9.8813208860611512e-02  9.7288014914374540e-02  2.9678200248122583e-01  1.3471192074249583e-01  3.8298303402165544e-04
1.2829287108567364e-01  9.1236313347588180e-02  3.5614343538733817e-01  3.0408374325964388e-01  6.4203388628796356e-04
1.1798423512052179e-01  1.0865601860094477e-01  5.6795270825715138e-01  1.6496267018287428e-01  5.7222044079326248e-04
1.2252394527338976e-01  9.5357932661852329e-02  7.6535951118985246e-01  6.0584039647205035e-01  1.1869486174561998e-03
1.1166492758995304e-01  1.0264162300257616e-01  9.4270040444136516e-01  7.1873329666620120e-02  3.3036126352293285e-04
1.1691436635700839e-01  9.5634635891170355e-02  9.5393343302665778e-01  4.6797166147653030e-01  5.3303991479426076e-04
1.1829502091418585e-01  1.1393537218433090e-01  9.7641634161248891e-01  9.4776428752516795e-01  1.5484677043099807e-04
3.0157854244000115e-01  4.1441787256153807e-02  1.0566614005222268e-01  9.5144264680565444e-02  4.2492018531420286e-04
3.2047512611752110e-01  3.3707809382247288e-02  2.9790021283363094e-01  1.2209465217127395e-01  1.5848323540783474e-03
3.2754193145992760e-01  2.8302966022013088e-02  5.7998341150812083e-01  4.9993857863677361e-02  8.9826997784805734e-04
2.8596687833315365e-01  8.6502368206807484e-02  5.5583265051208497e-01  1.6761756391527660e-01  2.2638609647903781e-03
3.1217876341366013e-01  2.8305115911062030e-02  5.9214095774782050e-01  5.5475745595931258e-01  1.0742846973908068e-03
3.2108029989560111e-01  1.3280764442703388e-02  8.1427420582832100e-01  2.6391297783720593e-02  4.0924267398486297e-04
3.0095507069466032e-01  2.4629390432311767e-02  7.9707534256590806e-01  3.8350821200915775e-01  1.7859164169166026e-03
3.1494678464700210e-01  4.8305745894048603e-02  8.0376998652477583e-01  6.0081516344233155e-01  1.8126650433042462e-03
3.0194581377146690e-01  5.2329352054109247e-02  9.5920080711514155e-01  2.1850494602331311e-01  9.9091960972000348e-04
3.0696927436036964e-01  3.0188049421679311e-02  9.6425152477692666e-01  4.9652862013135396e-01  3.1332774936589287e-04
2.8935617549520787e-01  2.3765306442669450e-02  9.7938969871891124e-01  9.2704046301304710e-01  3.6273276155511253e-04
2.5725315790315578e-01  1.4362113861689710e-01  9.3954771198120249e-02  1.9389789481460624e-03  4.8481924183835999e-04
2.7965695626536652e-01  1.6479000513437914e-01  3.2501225985856086e-01  1.6730916199222682e-02  1.1648753517453083e-03
2.8405369326524704e-01  1.1882552886794005e-01  3.3841544373353522e-01  2.9868893411206343e-01  1.4510544892427485e-03
2.6417023759141051e-01  1.6861017477633880e-01  5.7083131656956765e-01  3.5352375911297605e-02  2.0774397381251403e-04
3.0192016277537936e-01  1.7521181156197013e-01  5.6591926375452051e-01  3.6808987442697627e-01  3.6980902437725939e-03
2.6078071455495377e-01  1.3888874831928769e-01  7.9070701414759259e-01  1.5657201480787108e-01  2.8766094403696323e-03
3.0439637291759053e-01  1.5914766713045317e-01  8.4436242398434258e-01  8.0796927350631353e-01  1.7112816880325132e-03
2.9240317119425879e-01  1.1199631035122978e-01  9.6993889656104360e-01  3.0770790344409032e-02  5.8355905377413249e-04
2.7501747102711221e-01  1.3169961005664230e-01  9.6891750632350637e-01  4.8111023721273177e-01  1.2788076055103958e-03
2.7870135235033483e-01  1.3740400488601337e-01  9.3801108197397498e-01  7.0437645859630571e-01  1.3428562942116224e-03
3.3924981402627696e-01  3.0191444719125571e-01  1.1378359097250393e-01  9.2198463499622699e-02  4.6892363161290320e-04
3.6345608887129222e-01  3.1766720790421799e-01  2.9795394073879333e-01  1.3343459530626189e-01  1.4532493510392276e-03
3.2051066924259924e-01  3.1667262239699562e-01  5.3309851720374768e-01  1.3766526161011680e-01  1.0788871111949054e-03
3.3582787992688523e-01  3.0898490358275366e-01  6.0575652839813410e-01  5.5521838807217561e-01  1.4981866256490281e-03
3.5087669024699492e-01  2.9798241242003948e-01  7.9692568889793070e-01  3.2495494849991244e-02  1.1958246545044154e-03
3.5107076532514930e-01  3.0101847072573396e-01  8.0638810770450076e-01  4.2178843384222120e-01  3.2151994741100210e-03
3.2045093958629828e-01  2.9049804863278167e-01  9.6673542813816737e-01  2.3033879786091466e-01  9.0343924725687147e-04
3.5306876269007559e-01  3.3242450090858017e-01  9.6185119334416569e-01  7.7907055028303818e-01  9.0820864783494951e-04
5.9436114455236477e-01  3.4188796254205379e-02  9.2891408302553602e-02  1.3266141487918763e-02  4.5359021617923372e-04
5.6767876988381960e-01  3.7686888823055237e-02  3.0632199836066920e-01  1.8377112470104259e-02  6.1210068264692073e-04
5.6429378790726115e-01  4.9871439741042155e-02  3.3303740374836593e-01  2.8244285348506787e-01  1.4727479552413432e-03
5.8276145374098598e-01  5.5327379191572670e-02  5.5120462315673413e-01  1.9175527632683484e-01  2.7632775928192578e-03
5.6467393541107136e-01  1.9000362144462317e-02  5.7177764041391632e-01  3.9720962289336587e-01  1.5122578538239273e-03
5.5305884057044075e-01  1.9856925998800134e-02  8.2902676789618579e-01  1.6381170592719579e-01  1.5037397995629061e-03
5.6830066146866887e-01  4.8847382738756662e-02  8.3724579574420899e-01  7.9937107996526047e-01  9.6486462755564239e-04
5.7549438780214979e-01  4.6467299550935662e-02  9.6468645885202697e-01  6.1572807702532643e-02  5.8769733901413695e-04
5.6515059022002267e-01  6.2556689264831350e-02  9.5346599472636795e-01  4.7005176710202956e-01  1.8489018294604866e-03
5.5145948101096531e-01  2.2026661154944199e-02  9.4163161611444002e-01  7.3264608950275301e-01  9.1032123037306043e-04
5.6588639362911930e-01  1.8235271735524447e-01  1.1516389403775178e-01  6.4561524262282524e-02  8.7552816424174389e-04
5.4242055815895684e-01  2.1571422653238095e-01  3.1465903348787638e-01  5.0155390214927112e-02  1.6554648688398544e-03
5.4219441784871336e-01  2.0633848192650714e-01  2.9061152013567648e-01  1.6321752408889864e-01  2.2063419588624128e-03
5.5586132709137359e-01  1.4642190921128667e-01  5.7097467779809852e-01  3.7320834688097888e-02  1.7144520501536122e-03
5.3344528828739823e-01  1.8754554635103118e-01  5.5450233251231040e-01  3.9059323998289147e-01  2.8392131756168511e-03
5.8048125278757035e-01  1.7577747352984271e-01  5.9993343586671444e-01  5.7118964811632922e-01  1.1876109828304476e-03
5.5456138360887108e-01  1.7580269981519400e-01  8.2381465372462404e-01  2.4938011689041591e-02  1.3294545686646116e-03
5.1371211888061419e-01  2.0640195337361891e-01  8.0227081901930242e-01  1.6114766437951047e-01  2.3380169784792820e-03
5.6014515530354880e-01  1.8990949749969652e-01  7.8776945582645064e-01  3.6648180929397872e-01  4.9538068135992529e-03
5.4735950754878593e-01  1.4113963576505772e-01  7.6431617864282630e-01  6.3086907729919328e-01  2.0231932244848851e-03
5.5350904775255982e-01  1.7709821785204485e-01  9.8052969036846893e-01  2.1201560744526585e-01  1.0841680583942134e-03
5.4603389791103485e-01  2.0735379421322425e-01  9.7699185271853262e-01  7.4180776069700882e-01  1.7181202802795152e-03
5.7434229581253460e-01  1.6805742013091088e-01  9.6062690960140018e-01  9.1123669198853086e-01  7.4722475820114954e-04
5.6703617599798717e-01  3.4617406295824410e-01  8.7724655963798276e-02  4.6243339094962609e-02  7.0833377485711143e-04
5.1394491050990676e-01  3.9121264324336796e-01  2.6605611452036271e-01  1.5399243411496819e-01  1.3896730296138124e-03
5.4489053254602038e-01  3.6500880266597235e-01  3.2946804812139779e-01  3.1233351627826661e-01  1.1444251027797041e-03
5.2804968085791182e-01  3.7249389099406571e-01  5.7028074837554776e-01  2.7371248163442708e-02  1.8674887911389968e-03
5.6932370308377467e-01  3.8851240090475586e-01  5.5146074121003963e-01  1.8826534189781904e-01  5.5423560818311157e-03
5.9704280575926283e-01  3.7592447623971076e-01  6.1054810336423349e-01  5.7688163926941483e-01  2.4377617459593647e-03
5.5412119060597864e-01  3.6550906819433865e-01  8.1512656689320573e-01  6.1774304156451199e-01  3.7198445487328304e-03
5.4474648542175796e-01  3.6571040530269000e-01  9.4427477267290860e-01  4.9055548738068118e-02  9.5518069222689812e-04
5.4078677149232357e-01  3.6982441522814785e-01  9.3795607199553110e-01  2.3951658077482219e-01  2.1616292511063635e-03
5.5895920305945712e-01  3.6814979557058974e-01  9.3899858118433588e-01  4.8045070879848711e-01  2.3976990409530601e-03
5.2608003604125630e-01  3.8764390196334225e-01  9.6438459528174847e-01  9.1523994216329208e-01  9.6364227642435803e-04
6.4132781935544736e-01  5.9656162366061050e-01  8.0895814210071179e-02  1.1544264211602585e-02  4.2873189386116105e-04
5.8424720216050730e-01  5.5287494077733668e-01  3.1921012864950682e-01  3.6274551125566636e-02  7.9907591187236766e-04
6.0002046988354574e-01  5.7332246324315017e-01  3.2270043323585174e-01  2.8726333117920244e-01  8.1856140385983705e-04
5.9391396390885787e-01  5.8862211953443822e-01  5.6634951699676273e-01  3.1980437555300463e-03  3.0038978703867699e-04
6.1895042453906735e-01  5.6811322593162883e-01  5.5693476642742457e-01  3.6692954235251923e-01  3.1186123173300925e-03
5.9283788204894128e-01  5.5880512918039693e-01  7.8781610505397248e-01  2.0405777054674332e-01  2.7232489172993460e-03
6.2571684826831897e-01  5.7356025516166553e-01  8.1462244175328902e-01  6.0638877782949785e-01  1.6255525883940491e-03
5.7741264020194782e-01  5.4154212616725439e-01  8.4037929761200170e-01  8.0409282372205015e-01  8.9644290634081187e-04
5.8065953966750594e-01  5.5032563131424383e-01  9.7762231434562585e-01  5.1247455598739000e-02  4.3541977235205139e-04
6.2887674736115151e-01  5.9451074984671270e-01  9.7828232762974920e-01  5.2524005511915162e-01  1.1611834253164440e-03
8.2012566655208075e-01  3.2432496379195978e-02  2.7649395075025890e-01  1.4573100771885478e-01  1.6112531294115919e-03
7.8890686990878267e-01  3.3988153675741171e-02  5.6811432200761292e-01  4.1006675607250360e-02  1.0925750642853443e-03
8.0834951524074994e-01  4.3968696013346638e-02  5.8561968397345499e-01  5.5272213482730614e-01  9.9040187159057502e-04
8.0109831100175943e-01  1.6304887968619307e-02  7.8444184152405749e-01  2.1951295273968560e-01  1.1649211105892912e-03
7.7396472915501180e-01  2.9533560883469194e-02  7.8843533353099393e-01  5.7934569178982709e-01  1.6442751216505791e-03
8.3037444364622548e-01  3.6396667696294356e-02  9.5641127299002182e-01  2.8298851945949371e-02  3.2884084501319462e-04
8.3071868135603288e-01  1.9912575463279941e-02  9.7482404326844585e-01  4.3409787124089799e-01  6.0306524752475738e-04
8.0466931223492477e-01  3.5998069047664477e-02  9.6235873933744009e-01  9.1893289096401409e-01  4.2527206807819323e-04
7.9196429038877070e-01  1.2314858670514055e-01  1.0014449151110008e-01  9.7943620867597878e-02  5.2956672872362363e-04
8.0851232971794085e-01  1.7796131662637724e-01  3.0307392991498783e-01  3.4466424264619579e-02  1.8048540933390885e-03
7.7593124175329020e-01  1.9938324966038437e-01  3.2327896777159898e-01  3.0578321653223928e-01  1.3896874984584526e-03
7.8447997596542163e-01  1.9276673191956598e-01  5.3395665254276858e-01  2.0987673755082267e-01  3.9529608576121282e-03
8.1781989911905451e-01  1.4849685787941352e-01  5.4157197884440578e-01  4.0243836995322280e-01  1.3129623126151005e-03
7.9676522935700633e-01  1.4987185910355966e-01  7.8460158239954592e-01  3.7031647059792852e-02  1.7271259646134704e-03
7.9285136902350684e-01  1.3674052427141706e-01  7.9593732499695558e-01  4.3007309693773726e-01  3.5808836870360869e-03
7.8502449216040171e-01  2.0195938636248589e-01  8.0935234655723320e-01  7.7345426560549091e-01  1.6027614032237524e-03
7.8486246556425054e-01  1.4850739960025253e-01  9.4782556663441486e-01  2.1718240650468001e-01  2.1006661708097788e-03
8.2795148715762834e-01  1.5654281166343448e-01  9.5523061216040595e-01  7.2485053035060243e-01  1.9028578737274866e-03
8.0386651735710901e-01  3.6279308882865113e-01  6.9594207256784932e-02  5.1329756835772258e-03  5.0581159784681025e-04
7.8649629097467988e-01  3.7814160884990283e-01  2.8338156642730006e-01  1.4517458132665478e-01  2.9284115403552112e-03
8.1801734318356945e-01  4.1287105474494412e-01  5.4913315168142718e-01  5.5813487898502254e-02  3.1572249772074852e-03
8.1235012516789751e-01  3.7202360823684405e-01  5.4787963587793986e-01  4.0798493505493827e-01  4.0459951604993744e-03
7.7974222725368958e-01  3.8751513357049444e-01  7.7105711545692290e-01  1.7241142521639979e-01  4.3552636945761837e-03
7.9461462212994616e-01  3.7565120197461643e-01  8.2618620641860796e-01  6.4435779383257452e-01  3.7879693058246325e-03
7.9055635435077098e-01  3.7422522711671335e-01  9.6060173245779501e-01  5.1336460897382273e-02  1.4107919663791700e-03
8.0577297910485790e-01  3.6022699211419312e-01  9.6010169205245266e-01  4.6561616460946137e-01  3.1217986966524535e-03
7.8257525368771730e-01  3.8440630145068561e-01  9.6194885868902824e-01  9.2013597591566165e-01  9.3715638574709634e-04
7.8729456524570995e-01  6.2400264853063503e-01  1.0623301063152378e-01  1.0143149444978172e-01  6.5718543999074503e-04
7.6618927495406020e-01  5.7860482814748770e-01  2.7681076244070452e-01  3.9407665815217756e-02  2.3690679709273969e-03
8.1325365538437633e-01  5.7901525233577178e-01  3.4706258956719027e-01  3.0523743022706079e-01  1.8476763603791962e-03
8.1190034007856526e-01  6.0914216287152290e-01  5.5306889511147084e-01  3.2646106930198915e-01  3.3539605498058836e-03
7.5631687895643351e-01  6.0475481584174928e-01  8.0505174354531273e-01  4.9990272562503484e-02  2.4627848228955702e-03
8.0354488401517643e-01  5.8659468879252452e-01  7.8387742891950796e-01  3.7923196355303784e-01  4.5950489974033041e-03
8.0414747402968301e-01  5.9381564820226251e-01  8.1144139888613331e-01  7.7263769050471887e-01  1.9049520116295345e-03
8.0853957874884630e-01  6.2145014399546550e-01  9.6008938133789801e-01  2.3861439909813259e-01  1.8032518385053969e-03
7.8711578080638622e-01  6.0943347451473540e-01  9.7089457903125131e-01  7.3541196984936819e-01  1.8943576611991865e-03
8.1738120860254948e-01  7.9060913336623428e-01  2.9027966926741949e-01  1.6142286904687400e-01  1.2254367156690083e-03
8.2738120045650609e-01  7.7590886889821309e-01  5.6002149565570403e-01  1.1352626665153159e-01  2.5385334848062012e-03
8.4908652121986039e-01  7.8188614312821947e-01  5.7983247678136207e-01  5.3567997135639600e-01  1.7318330375736171e-03
8.7528783305948621e-01  8.2912286037430505e-01  8.2998501665318203e-01  4.0867717135976700e-01  2.0536313696879914e-03
7.9451040745677126e-01  7.8938991535369241e-01  8.0166021921146524e-01  6.2928531757003037e-01  6.0140231242826730e-04
8.2620680383561329e-01  8.1313506461110374e-01  9.1002298916870983e-01  5.6801158096844183e-02  3.3637524181437530e-04
8.2541743483740626e-01  7.8029832928250231e-01  9.5431176590695543e-01  2.4662676162794628e-01  7.6066446135881994e-04
8.2792681301519511e-01  7.5843036103842010e-01  9.2363745985397794e-01  7.6123345314225788e-01  6.3565212698335493e-04
7.9928570236892349e-01  7.7422051701382522e-01  9.8330298134322003e-01  9.4550840913836576e-01  2.5292719470465074e-04
9.4760954501784012e-01  4.5170380911036964e-02  8.8143684343066075e-02  4.6198663621310934e-02  2.2269606265721339e-04
9.7406682597542238e-01  2.7711984655120741e-02  3.1605756309986266e-01  1.4418070356359846e-02  2.5967907640731740e-04
9.9901896040961857e-01  5.3296241701415274e-02  3.0186534565136647e-01  2.8151893238082842e-01  2.2033040351829812e-04
9.4597463622136602e-01  6.5916685013631779e-02  5.5749631328049909e-01  1.8371816241182959e-01  1.6201306149773820e-03
9.3998663678040895e-01  3.7069509934975514e-02  5.3619061818703861e-01  4.0745493486332185e-01  9.6704912257252222e-04
9.6830763880336890e-01  4.0953080411460716e-02  8.0594933351119646e-01  5.7665400031792720e-02  5.0859638958949385e-04
9.7035544265294271e-01  4.7115955598754741e-02  8.1870868848432266e-01  4.1892428033326723e-01  9.6009765320622937e-04
9.6461186861928572e-01  4.2922097782537638e-02  8.3308955040052091e-01  7.8226620720151741e-01  4.9041419066200257e-04
9.5615389696525799e-01  5.7499541919374862e-02  9.6428046258718969e-01  2.0421313356732512e-01  5.0573053333378937e-04
9.5171047487255955e-01  3.8699088798309578e-02  9.6182615656496440e-01  7.2231713955036903e-01  4.4701221531125932e-04
9.4314732833067760e-01  2.1770399060853196e-01  8.8503381319352453e-02  1.4443398533072964e-02  3.6380119398331327e-04
9.6364620694258696e-01  2.1518537749957906e-01  2.8314676643278036e-01  1.1996813509409697e-01  1.2895570581670120e-03
9.5738133151857330e-01  2.3490338224748208e-01  3.2055905233201665e-01  2.8422798413032330e-01  5.9370142054703087e-04
9.6723553575619903e-01  2.3178793903446304e-01  5.7136724251049142e-01  4.0926536279721662e-02  1.1994971028389044e-03
9.6153658527451202e-01  2.3595292473150509e-01  5.6663162209664575e-01  3.6830095391685580e-01  1.4494999803464814e-03
9.2528406554629927e-01  2.1715088122049239e-01  5.8972655575510802e-01  5.8682247473980698e-01  5.8678582279395790e-04
9.3862124331174324e-01  2.4011316842585062e-01  8.0883689249664892e-01  2.0500915342015322e-01  2.7734174474692221e-03
9.6432594178469289e-01  2.1591396153448492e-01  7.7443448063998976e-01  6.3641925412648626e-01  1.7790764436593721e-03
9.6448366281756748e-01  2.2773849637624433e-01  9.5969302853696503e-01  4.6271167811219253e-02  4.9355695834231515e-04
9.7322304949174099e-01  2.2080438947040318e-01  9.5662441310478707e-01  4.8880767569930994e-01  1.1489797445217653e-03
9.5623763539074080e-01  2.1446293641214650e-01  9.7473785843042093e-01  9.2638813492693584e-01  4.3647502248906088e-04
9.4277471881863117e-01  4.8158332235024703e-01  1.3693407584807835e-01  1.0418332647774398e-01  9.6194294746425649e-04
9.6263009265340760e-01  5.1105391498005526e-01  3.1351893618584858e-01  3.2463310193713901e-02  1.0814170562187080e-03
9.7418250822363617e-01  4.5180122319521815e-01  3.6746976009437859e-01  2.7048522058925711e-01  8.1680923154106859e-04
9.6481352838023393e-01  4.7869772009238359e-01  5.5200636949762982e-01  1.9184582598650143e-01  2.0746152368352655e-03
9.4881415127784596e-01  5.3234023785592188e-01  5.8287287782749531e-01  5.4381588860117502e-01  1.5848831200382363e-03
9.6060742542865574e-01  4.9206158493550789e-01  8.1370530440846667e-01  2.5352913128233862e-02  1.0290132972066279e-03
9.5913277398103414e-01  4.5860075063984596e-01  7.7585905442892389e-01  4.2271779556343819e-01  2.8872068185961477e-03
9.6270006291367749e-01  4.6691191222478878e-01  8.4987838870921129e-01  8.2589221566890780e-01  6.4844369783426765e-04
9.5998374540043763e-01  4.8779537222902858e-01  9.6492752714983732e-01  2.1860571195173373e-01  1.2683899627906295e-03
9.5731137353669060e-01  4.8359538528461110e-01  9.5233957743906184e-01  7.5047785143400958e-01  1.4749782820160345e-03
9.6455364482626571e-01  7.4380081596131975e-01  8.7146680974246826e-02  1.0217611694169279e-02  3.4728471289452006e-04
9.4293188230256642e-01  7.5853448003524893e-01  3.0755297166525569e-01  1.5176813701248040e-01  1.5458519889764611e-03
9.8971343659434408e-01  7.4795094388193906e-01  3.7028516042117438e-01  3.1645358950115970e-01  5.2893421184027568e-04
9.3734276951086071e-01  7.4543250353253487e-01  5.7653417461661727e-01  1.4503009812435909e-02  9.8858794230086600e-04
9.5714722115616724e-01  7.2196593320719582e-01  5.3614813909979830e-01  1.8844246457476829e-01  1.7683243823024379e-03
9.5979547905574081e-01  6.9412965491604861e-01  8.1872233659826399e-01  1.6441199747297944e-01  1.7532164741191117e-03
9.6377791904676580e-01  7.5787964023547949e-01  7.4637559389299568e-01  5.8572641893536970e-01  2.3740304025354265e-03
9.4090476846287785e-01  7.6565925649370192e-01  9.6663563559686394e-01  3.7261934864117656e-02  5.6163934881602864e-04
9.6005641290100785e-01  7.1886979291578956e-01  9.4524606016262214e-01  4.9360610533915522e-01  1.5989664540687469e-03
9.5506693453977565e-01  7.4208754601330607e-01  9.6129615650770672e-01  9.1332400079287057e-01  5.5254428920499239e-04
9.2809708125010537e-01  8.8604862092227155e-01  1.1062665710783202e-01  6.5721161262962485e-02  3.5185107949113029e-04
9.7412007802166134e-01  9.3443760866831871e-01  3.2657558132180942e-01  2.6740451590431390e-02  3.9743877409267853e-04
9.8051028008033370e-01  9.2200360523454938e-01  3.2458952483990311e-01  3.1230703649243458e-01  2.7305741103772892e-04
9.6863050231055714e-01  9.3708775039932557e-01  5.7226436104386669e-01  3.4981906852444261e-01  1.0269621747552406e-03
9.4163881922069170e-01  9.2832712525743855e-01  7.9184545335227297e-01  2.1821696131286556e-02  2.5797475541764554e-04
9.8669993875295670e-01  9.0926704059329622e-01  7.6849273795162332e-01  1.7870873329798631e-01  8.4186875622606783e-04
9.7043954809299571e-01  9.2939966347331271e-01  8.1413273465518843e-01  7.9689251581720077e-01  2.8624934582048073e-04
9.7437093995316770e-01  9.2777928406224008e-01  9.6629623495589623e-01  1.7966296147150621e-01  2.4178069374760597e-04
9.6793100026616197e-01  9.1954300662382638e-01  9.8344910995984824e-01  4.9337073889354016e-01  2.7401600104646253e-04
9.6353552265647979e-01  9.2011761643721124e-01  9.3406453525889899e-01  7.3483338658382258e-01  5.4058470005664426e-04
