deg: 6
dim: 6
nodes: 148
efficiency: 0.891892

q[0]:   5.6596769760322632e-06  5.0206821179964689e-01  2.2001455183156521e-01  1.7421500064217710e-01  1.3967285935858886e-01  1.0215355166493531e-01  6.2668876120299144e-02  
q[1]:   2.5005121457775910e-06  2.6457153373829323e-01  2.1921528680671878e-01  2.0287540693485667e-01  1.5088603947579171e-01  8.0462383780096805e-02  4.5910280176326930e-02  
q[2]:   2.6746974382441981e-06  4.1370383663961374e-01  3.4225747234326109e-01  8.9847981140067895e-02  7.1902820921704205e-02  4.5525002197669889e-02  1.2724042149720692e-02  
q[3]:   5.7659727764613389e-06  4.7561718610336906e-01  4.3403083655343483e-01  3.6211040664545419e-01  1.2423188657059532e-01  8.8470475761625242e-02  5.2115325195200485e-02  
q[4]:   5.3648230195218329e-06  4.6385690118404199e-01  4.0047361832158679e-01  3.4818782867453718e-01  2.9612789792308303e-01  2.6812553967863351e-01  2.3826867454753254e-02  
q[5]:   9.2888553308307543e-06  7.2685647757833172e-01  5.0725347011227073e-01  2.5581790350298494e-01  2.1443358623295680e-01  1.9506802362984529e-01  1.7798222263267749e-01  
q[6]:   9.6846111711940378e-06  4.8752915799424817e-01  4.1659465318323036e-01  3.3946790589085457e-01  3.2741961140436593e-01  2.5246065716940108e-01  1.8171808616878710e-01  
q[7]:   9.1746832481027102e-06  7.2039137472263914e-01  4.5653486223510270e-01  4.0366144562760831e-01  3.7366609689430819e-01  3.3634733085428870e-01  5.2521454158463238e-02  
q[8]:   1.0792766669757303e-05  6.6326339459078298e-01  4.2859954633416836e-01  2.6742886771442537e-01  9.6482772763342911e-02  5.1907322148044770e-02  3.7187440658233858e-02  
q[9]:   1.4024824303616418e-05  6.1152837831966389e-01  4.0414368645723048e-01  3.5574446024780615e-01  3.0132072852084058e-01  1.0751686045496876e-01  2.2541503362368310e-02  
q[10]:  2.6970714863587526e-05  7.0451852963531358e-01  5.8133880319716125e-01  3.6697621828539340e-01  3.2002915288121103e-01  2.6518317387445223e-01  8.4905719497209833e-02  
q[11]:  7.7107727181225905e-06  6.0061440612122063e-01  3.9663447377253397e-01  3.8726471297632103e-01  1.9817028032943515e-01  1.9018089475807551e-01  8.1362795117335476e-02  
q[12]:  9.9522962650374023e-06  6.3572981998949785e-01  5.2778567865397730e-01  5.0245030484556541e-01  3.3732772337352401e-01  2.6848186714663724e-01  2.5572404547645033e-01  
q[13]:  1.6119577320662318e-05  5.9286692715401323e-01  5.4274715436358201e-01  3.6102725806570413e-01  2.6663226111753541e-01  8.6712423938884814e-02  6.3183390780857607e-02  
q[14]:  2.9371101566211939e-06  7.2882295949274944e-01  7.2092758445934946e-01  3.0946310117053549e-01  2.6905858433281721e-01  2.3544145401191191e-01  1.7522611958604956e-02  
q[15]:  6.7442514867787946e-06  5.2114143122781575e-01  5.1641181803150282e-01  3.9610395750612293e-01  2.9052580850075632e-01  2.7062481397629540e-01  1.8646032372981430e-01  
q[16]:  4.5848611973475356e-06  7.0514706234737612e-01  6.8769692359637957e-01  2.7467048483716733e-01  2.4203917527100582e-01  2.2270065635822570e-01  1.7512970952744655e-01  
q[17]:  6.3097670681591013e-06  6.1992375430158009e-01  5.6703489591884770e-01  3.8861013315794263e-01  1.7640675501860184e-01  1.5411208122049611e-01  3.0080896411438327e-03  
q[18]:  4.7792590288602968e-06  5.4808875075380714e-01  5.3707229679128266e-01  4.2981734888703327e-01  3.9846245438908040e-01  1.8498724756173324e-01  4.6011974358260092e-04  
q[19]:  7.4298707742621515e-06  6.0806732889701964e-01  5.4186410173163801e-01  5.3629854113946396e-01  2.7862054038669704e-01  8.9654253331755487e-02  3.1210442901983208e-02  
q[20]:  8.5868521316424550e-06  6.2561828000739605e-01  6.1216403965489752e-01  6.0598690286264578e-01  4.8903002641032445e-01  3.5680849704100304e-01  1.1439318528207204e-01  
q[21]:  3.2884632197408997e-06  5.7160758310528037e-01  5.3039682285889300e-01  4.9522810983930238e-01  4.6176427833349964e-01  6.6388147067068110e-02  5.1958158572129973e-02  
q[22]:  5.6631890802878883e-06  6.3606217027215706e-01  5.9204243693714198e-01  5.9153522384131674e-01  5.4833558691051498e-01  2.8194869341306072e-01  2.0446606047256258e-01  
q[23]:  5.9365684958892997e-06  6.6797265859273902e-01  5.9887166418745141e-01  5.7982123310053746e-01  5.4663897571823650e-01  5.3193921231001984e-01  2.4531817214867008e-01  
q[24]:  1.9419007884562262e-06  6.1629280225304461e-01  5.6689185994404823e-01  5.4263626187404157e-01  5.0798349148480493e-01  4.8402102593061797e-01  4.7220162045270520e-01  
q[25]:  5.3484424651407418e-06  7.9663555857336021e-01  2.3193737344391435e-01  1.6944355623367499e-01  1.2539850176158862e-01  7.7505965242974845e-02  4.4277436935705426e-02  
q[26]:  4.8768538050502103e-06  8.2618489451204657e-01  3.7931886260204506e-01  3.6378760932916926e-01  1.5176242432127821e-01  4.3414696860865618e-02  1.1027068915754249e-02  
q[27]:  8.9748783690972707e-06  7.9582347212195836e-01  4.0719174316947476e-01  2.1958398871718882e-01  1.9635137944899292e-01  1.4246400540650847e-01  2.2208580081848742e-02  
q[28]:  7.5531765001105613e-06  8.5536686288081099e-01  3.9369815798871882e-01  3.8223719593434857e-01  2.9121053014865650e-01  2.5323102702247785e-01  6.4448986527948601e-02  
q[29]:  1.0420845263061540e-05  7.8781027878095178e-01  4.2192316355830162e-01  3.8968747712118329e-01  3.3736813621205103e-01  1.9990240790921673e-01  1.7695841010697202e-01  
q[30]:  5.9526243832871505e-06  9.1532475323659157e-01  4.3031705891661248e-01  4.2473268679489795e-01  4.1803878496892882e-01  2.3864711616760112e-01  7.1745717160704658e-02  
q[31]:  9.8087368819151819e-06  7.7996921617016979e-01  4.9944982261351145e-01  4.5335234043271566e-01  4.2800179906323504e-01  4.0837891136223248e-01  3.2467834254521988e-01  
q[32]:  5.6117544422225832e-06  8.1547156036284862e-01  6.4445906876712256e-01  1.4898402900128910e-01  8.9624388324072005e-02  6.2125167920643293e-02  5.7729151581065062e-03  
q[33]:  1.9086369812418413e-05  8.3561947913308676e-01  6.9917186433962764e-01  5.2368002523347468e-01  2.8571433862507639e-01  2.2351293147972084e-01  2.0380562484272097e-01  
q[34]:  1.1976874732893824e-05  8.8820518200345322e-01  7.1158182566731076e-01  3.5165851526680719e-01  3.3051323986291831e-01  2.0519190093076425e-01  1.7282092166479981e-01  
q[35]:  7.8143048606753463e-06  8.0699027822929248e-01  5.4258929200878869e-01  2.8548206073696963e-01  2.6298275634957463e-01  4.3640930076150948e-02  2.9335430592626093e-02  
q[36]:  3.6011540460197599e-06  8.0827135614273959e-01  5.5931259419728485e-01  5.0559659411367031e-01  6.6470341778003331e-02  3.1528707201827870e-02  7.4568375081952255e-03  
q[37]:  1.8786698190111309e-05  8.6454356034292834e-01  6.0856802321821291e-01  4.6558764064085845e-01  2.3751387631096896e-01  2.1788260001300039e-01  4.5841314515356668e-02  
q[38]:  2.8792713012696108e-05  8.3526691894328298e-01  6.4895783714102251e-01  5.8546090953356056e-01  3.7301277573016967e-01  1.3149764644734938e-01  8.9133785749247144e-02  
q[39]:  1.1929787670707667e-05  9.0721398620465277e-01  7.6828388908498968e-01  5.4679844781351139e-01  5.0570932194149665e-01  4.3642054515532430e-01  9.8448055724647768e-03  
q[40]:  6.2233054065809669e-06  8.3110537573823362e-01  5.4748699514031540e-01  5.1428823011089464e-01  4.8345928294361412e-01  7.4755967038444254e-02  4.4420921246375186e-02  
q[41]:  1.8027443918377262e-05  8.0357671347635617e-01  6.4558109303220967e-01  5.9232120270465471e-01  3.9731727938071898e-01  2.5463356748088772e-01  1.7810501757601051e-02  
q[42]:  3.5933535603428372e-05  8.3142682548428404e-01  6.5911102553376677e-01  6.1079294142686391e-01  4.9033554738783208e-01  3.8710494456595390e-01  2.0900540555481339e-01  
q[43]:  1.9958009109367355e-05  7.6504710644356799e-01  6.1189344394916034e-01  5.2308433743580784e-01  4.9279571020102542e-01  2.7646711243578703e-01  2.0922611341393019e-01  
q[44]:  1.3792626967782012e-05  7.9094985088541059e-01  6.6882538578300577e-01  6.4295817738827887e-01  6.2694580232998609e-01  4.0832582042278215e-01  8.0337636027518797e-02  
q[45]:  7.7932258649862699e-06  7.7028779095557165e-01  7.5064653702657558e-01  3.4106738550267390e-01  1.2741123523347730e-01  9.3092695183905422e-02  6.5683373295233632e-02  
q[46]:  2.1822581259533390e-05  8.5059369756902214e-01  7.5073892876801296e-01  4.0620595397881387e-01  2.6571949138945361e-01  1.6807400770791284e-01  7.0862452807324824e-02  
q[47]:  6.6481343300392843e-06  7.7142830018643171e-01  7.3607972574092007e-01  2.7788484131304403e-01  2.5710246232935996e-01  9.4669908056057836e-02  3.9202703168678930e-02  
q[48]:  1.3717527656885834e-05  7.9672287482613913e-01  7.4428558553994495e-01  5.9767904544132788e-01  1.8378929885391490e-01  8.3236088887651147e-02  3.1474556475324308e-02  
q[49]:  3.5616986783390044e-06  7.8320938288264852e-01  7.7037117353566920e-01  6.9129207637837986e-01  2.4083689512174478e-01  2.1493669414907499e-01  2.1049282193866886e-01  
q[50]:  2.3676582111238754e-05  8.0221821962659456e-01  7.8109228555474042e-01  6.3949834134090300e-01  4.4317003780925501e-01  2.4813117644368288e-01  6.5476025035755642e-02  
q[51]:  7.6848926032797448e-06  7.7060370195611139e-01  7.5992792402131959e-01  5.9066387806001230e-01  5.4867817859755175e-01  5.1070682161189895e-01  9.1587573302391798e-02  
q[52]:  2.3540815790358526e-05  7.9615116810352371e-01  7.3249783149248338e-01  6.0613281058603530e-01  3.8041058752000312e-01  3.5602257321673414e-01  2.0627425856138387e-01  
q[53]:  1.3833964712828175e-05  8.1373933441990998e-01  7.5772014482181238e-01  5.8594231917344664e-01  5.1891625147227494e-01  4.7280310611513104e-01  4.3301340937458066e-01  
q[54]:  1.1608785843760033e-05  8.3684645580947459e-01  7.7736109835343781e-01  6.0409440097967149e-01  5.7509136359899393e-01  1.1408434928696941e-01  6.9942071918980386e-02  
q[55]:  9.1407316846005732e-06  7.7026248644012763e-01  7.5617621988658723e-01  5.4533047200223206e-01  5.0310543759016879e-01  2.9740168414976786e-01  2.6475639061109885e-01  
q[56]:  1.3734489067486969e-05  8.4176309377041236e-01  7.4297101086820616e-01  5.1614038500244830e-01  4.7718948650455312e-01  2.0846592809480460e-01  2.6408851158898676e-02  
q[57]:  1.0654259888357852e-05  7.8876964320669640e-01  7.8149395971696078e-01  6.2534562042602171e-01  6.0554833289777987e-01  4.2286777554597715e-01  1.9119068650811510e-01  
q[58]:  1.2049878521363181e-05  8.5566405766640696e-01  8.1322008869179452e-01  7.4860773050105989e-01  7.1654398198389657e-01  6.5483358629143695e-01  4.6903204308099800e-01  
q[59]:  2.6077006680964456e-06  7.5275292098931923e-01  7.0439964779644837e-01  6.7648483123679903e-01  1.1462392470676701e-01  7.5378800704573395e-02  3.5034105620571028e-02  
q[60]:  5.6431086725985350e-06  7.4961344707966060e-01  7.2582437317462722e-01  7.0875876855050457e-01  3.0754196216408014e-01  2.7616011644510713e-01  7.7813665104749935e-02  
q[61]:  6.4865873523570106e-06  8.3834526151122601e-01  7.9819568397713403e-01  7.2960599002117144e-01  5.0258110564189185e-01  4.2798817208501823e-02  1.3282768592233549e-02  
q[62]:  1.0099630170237804e-05  7.7410117450387050e-01  7.7222072091260052e-01  7.1489420605164311e-01  4.6743454390320305e-01  2.4018406343412843e-01  2.0049538324664817e-01  
q[63]:  8.8910360086932688e-06  8.0064244609587454e-01  7.3943315987117986e-01  6.8875197516121522e-01  4.6346119234191085e-01  4.2460592788613538e-01  2.9744370483553592e-02  
q[64]:  5.9251796499316522e-06  8.1214168186974134e-01  8.0009742445327603e-01  7.9426251479378351e-01  5.9316683611887389e-01  5.3652848641869866e-01  4.1418196086420062e-01  
q[65]:  8.4902136995890982e-06  8.2755659338355281e-01  7.8930062441976423e-01  7.5318708622364783e-01  6.9471712287524690e-01  2.0977170397118050e-01  3.3521194474433851e-02  
q[66]:  1.2459652975779464e-05  8.7506758296105747e-01  8.0675961691528553e-01  7.7400762598762796e-01  6.8487934867176581e-01  2.0210768839822793e-01  1.4246400018881974e-01  
q[67]:  5.7876544599196937e-06  8.2866761955751855e-01  7.8990107834962608e-01  7.6880567299913138e-01  7.2597286925164706e-01  5.0269790533304348e-01  4.6286106305697861e-01  
q[68]:  4.8834955706620153e-06  7.8258852104447618e-01  7.2526815232652242e-01  6.9090496491223952e-01  6.4840828649161586e-01  5.9271291020105887e-01  3.1886431951017272e-02  
q[69]:  1.2919796483335120e-05  9.0580490968399607e-01  8.4224246703267347e-01  7.8858557455120648e-01  6.5563647178240902e-01  6.2119923871605209e-01  1.6666284186030730e-01  
q[70]:  3.8649078951829909e-06  9.5049933446984125e-01  4.5824522757433811e-01  1.3960909925526005e-01  8.8147394365756623e-02  6.3228726728548096e-02  3.6777913018475966e-02  
q[71]:  1.0904137936502282e-06  9.6441438681705882e-01  1.7115700853203764e-01  1.3612168753911591e-01  1.2313780073414547e-01  1.0782684118461643e-01  7.1699814986383906e-02  
q[72]:  2.7741320271568498e-06  9.7263090026443966e-01  4.0179522013460894e-01  3.3997142212330889e-01  2.9498876515967859e-01  3.9601232329184645e-02  2.0721866065818686e-02  
q[73]:  4.6043921200666341e-06  9.8297590323045803e-01  4.0244491856545084e-01  3.3303930128500148e-01  1.3795080534620968e-01  8.7096937544140274e-02  1.1285429051256360e-02  
q[74]:  1.5033082108550639e-05  9.2190016726316404e-01  5.7461748176238092e-01  4.1288795687608265e-01  2.8281016827994687e-01  1.0422216247763078e-01  1.6822777902016219e-02  
q[75]:  1.1198867633780677e-05  9.0747739867926047e-01  4.7986292519525803e-01  4.0746347664620308e-01  2.1414158555577170e-01  1.9743904332227583e-01  1.6793555526459594e-01  
q[76]:  1.0290245617435780e-05  9.3720856882160486e-01  5.3388495298770267e-01  3.6470622680940568e-01  3.1441286156595161e-01  3.0922778588990207e-01  1.7463511431136219e-01  
q[77]:  1.0419614422643716e-05  9.6156214428345343e-01  4.9382369332468029e-01  3.5001462653280285e-01  3.0625051491738342e-01  1.7171657170423033e-01  1.4553948655135063e-01  
q[78]:  3.6556199595510079e-06  9.8842391488615855e-01  4.8738473528562842e-01  3.4740311742371960e-01  3.2457966538050215e-01  2.6311031884381458e-01  7.4720693343185733e-03  
q[79]:  3.0210106764455856e-06  9.9855221745357947e-01  4.8896868990223935e-01  4.7594631307023660e-01  3.9898279082338284e-01  3.6709345286686645e-01  1.6886970105362181e-01  
q[80]:  7.7994952094191182e-06  9.8145647882833043e-01  5.8181642522748933e-01  5.6900580643662624e-01  3.7761165405153280e-01  2.0961466529094117e-01  1.6578276309417153e-01  
q[81]:  6.5721578500011483e-06  9.4169117528139645e-01  6.4754687092634766e-01  6.1572500231403948e-01  5.2570332921739371e-01  4.8073949636492336e-01  2.1192371494222418e-02  
q[82]:  2.8625193642865077e-06  9.6961151827043501e-01  5.1998781142008599e-01  4.9141592405406415e-01  4.6671030639262234e-01  4.1019944127414609e-01  3.8237806257853790e-01  
q[83]:  1.3642363089671963e-05  9.4680122477625861e-01  6.8885817187446363e-01  3.8094209627993497e-01  1.3587393263881686e-01  7.9343032387551499e-02  4.4724617840022317e-02  
q[84]:  1.1169756079415301e-05  9.5259104033843089e-01  7.7963369314128950e-01  3.3875632591678978e-01  2.9136288532434762e-01  2.7249242489960956e-01  7.3710059284703283e-02  
q[85]:  1.9378181131349214e-05  9.8928878934877795e-01  8.0530570003695046e-01  6.5725057573395673e-01  4.2035939971050162e-01  3.4278467994986261e-01  2.6291569364994855e-01  
q[86]:  5.6842411024564287e-06  9.7724452505544424e-01  7.4300140823263883e-01  2.9670260921277641e-01  2.3254629255904533e-01  1.8867730210088865e-01  1.6709829278530935e-01  
q[87]:  4.5764325613711315e-06  9.9946772703121434e-01  7.7054667266201737e-01  2.9825730462474365e-01  2.7202659304342913e-01  9.5981547113202226e-02  6.7946387773220587e-03  
q[88]:  2.4694352182164826e-06  9.9214302387718922e-01  6.7703416631296709e-01  6.0751583028564282e-01  1.1620639485873820e-01  1.0153192533484093e-01  8.8051577295990502e-02  
q[89]:  1.4294794748880920e-05  9.9169732030963709e-01  7.8718129383581592e-01  5.8442503710371208e-01  3.8279637949227546e-01  3.3473471702169538e-01  6.7461534445128132e-02  
q[90]:  1.1896641263443778e-05  8.6559608193499593e-01  6.9021737868322675e-01  6.7799882489669960e-01  2.6921410875651020e-01  2.0738807717899724e-01  1.4616296560804770e-01  
q[91]:  5.8976855569657311e-06  9.8572222302479984e-01  7.9192811284539844e-01  6.1422506254133513e-01  5.7651941428515918e-01  8.5526120999885241e-02  5.2566620616725943e-02  
q[92]:  1.5946182205859490e-05  9.6310897303297915e-01  7.8490734923294669e-01  5.6901352516476189e-01  3.9924870613817776e-01  1.2354424205434186e-01  1.0176048180918192e-01  
q[93]:  1.2027439833468990e-05  9.6464944107934691e-01  7.6771973364169332e-01  5.8360606487898159e-01  5.3504414968598701e-01  4.9684835322933674e-01  4.3714879288372249e-01  
q[94]:  1.1081784475320388e-05  9.4237294229163915e-01  7.1168828282497287e-01  6.4198728490329515e-01  5.8220588566005715e-01  2.1027818041396826e-01  6.2779253727209055e-03  
q[95]:  3.1998813272547479e-05  9.4731723634398579e-01  6.8513873741358999e-01  5.2129011343673726e-01  4.8337402713582278e-01  3.1659783288587240e-01  1.3928653799658042e-01  
q[96]:  1.6415762922574401e-05  8.9762531969014736e-01  8.3088307472148459e-01  5.6053125518615010e-01  5.1918120833786585e-01  4.8614765846888602e-01  2.6065698804506582e-01  
q[97]:  1.0447402608270587e-05  9.7315093157679922e-01  7.7729489054523870e-01  6.9680692802810096e-01  2.4816104976880823e-01  7.8844581143840020e-02  3.4470799501058698e-02  
q[98]:  6.5466795828107115e-06  9.5284736517997237e-01  7.1789299384763616e-01  6.9626743225402743e-01  2.7283621206523068e-01  2.3692845835786736e-01  3.4502796380594503e-02  
q[99]:  3.6642040372303740e-06  9.6422215577519732e-01  7.1623606932007211e-01  7.0526502321853235e-01  5.0023497458375199e-01  5.4700619787599110e-02  1.5772745902486698e-02  
q[100]: 1.4791151234308610e-05  9.7087394122913750e-01  7.0698907516208087e-01  6.8001486672499667e-01  4.8435669216107863e-01  3.0604684853096331e-01  8.1195107299715907e-02  
q[101]: 6.9387607408540564e-06  9.6502940738157184e-01  7.7194698571661680e-01  7.4352763161285318e-01  5.0461158938629547e-01  5.0288391872714211e-01  2.3871151757718703e-01  
q[102]: 9.0114578897512725e-06  9.3020844678467896e-01  7.5971940664024595e-01  7.4285573991712484e-01  5.5352295842321253e-01  5.1730393504473660e-01  4.7513833143400891e-01  
q[103]: 9.7445413995325275e-06  9.7294968953264871e-01  7.4438815774371714e-01  7.1651441798089377e-01  6.7844386972159443e-01  2.5958478464173884e-01  1.8527848905403113e-01  
q[104]: 9.3533567237476954e-06  9.8394882181577492e-01  8.4142596674418102e-01  7.9599769966190148e-01  7.5574900483453544e-01  5.5789600435181197e-01  7.6404378305253942e-02  
q[105]: 1.0536953527795363e-05  9.6393965302821449e-01  7.5430635500317944e-01  7.3684788221952557e-01  7.0140762625867015e-01  5.9154150434266883e-01  3.9069544860931132e-01  
q[106]: 1.1533721535309610e-05  9.3249127541185406e-01  7.6166816072226617e-01  6.8736476513627387e-01  6.3339994454694060e-01  4.1648931839122072e-01  4.0739982444935091e-01  
q[107]: 1.0258274377925036e-05  9.3727550248189995e-01  7.2196002705829354e-01  6.4285731829291748e-01  6.2163659950933436e-01  6.0052084121960192e-01  1.7839462720141680e-01  
q[108]: 8.2827263342075802e-06  9.7491495704223974e-01  9.2095699616348836e-01  3.9343106297262803e-01  1.6921320588395575e-01  1.0917877191793786e-01  4.2995756313152000e-02  
q[109]: 1.2192650145943383e-06  9.3645013271241972e-01  8.7106886836285624e-01  8.2231239916843557e-02  5.1280479138242296e-02  3.5195897084766191e-02  3.5186443992465809e-02  
q[110]: 8.2910363747025706e-06  8.9192618258217371e-01  8.3300445959346170e-01  5.2199815481570655e-01  3.1444032461443466e-01  3.1004166173670245e-02  1.5851699063835294e-03  
q[111]: 4.6547655890971880e-06  9.5164804242765044e-01  9.4278587615568621e-01  3.6379359287966206e-01  3.2445554087634143e-01  2.6099529893691975e-01  4.8995106329406207e-02  
q[112]: 6.8095493955361552e-06  9.5787885743447154e-01  9.0287761191413141e-01  5.6244766325289952e-01  3.2192240476191314e-01  2.9810812228052591e-01  2.7331581292415730e-01  
q[113]: 7.1513479473845911e-06  9.5848424634214524e-01  9.1864800110349820e-01  3.9464554105551358e-01  3.3803372991637382e-01  1.0329461294993474e-01  6.9116021718702750e-02  
q[114]: 8.7864402444182591e-06  9.4795098154957547e-01  9.0825168424880409e-01  3.9724401532450265e-01  3.4670267428042501e-01  2.9451474768483493e-01  2.3208129135874447e-01  
q[115]: 9.2714281144960428e-06  9.4082441579390830e-01  8.6834364189891788e-01  6.4151418875324595e-01  1.3435704763872733e-01  1.1664132596356160e-01  5.0433920074367214e-02  
q[116]: 3.7856323900677002e-06  9.8337907351617593e-01  9.8003345085691584e-01  7.4314423525898998e-01  2.6003429429845804e-01  9.3765857078666665e-02  7.8841054278261949e-02  
q[117]: 1.0858744013137464e-05  9.1879015791415497e-01  8.9082502320680845e-01  5.9815961098259618e-01  3.6528941148982291e-01  3.2687949526023230e-01  3.0644564586859220e-02  
q[118]: 9.3798752502730923e-06  9.6584703921915438e-01  9.0954705125227653e-01  8.5304071182727736e-01  3.4161634730314705e-01  2.9008495025781889e-01  2.3683210520791387e-01  
q[119]: 1.6271823182726120e-05  9.8382378996264530e-01  9.1710569390286567e-01  7.1815952322853893e-01  4.5675214920525170e-01  2.2693354879587993e-01  3.7102989529562709e-02  
q[120]: 1.9259265592605874e-05  9.3311993291216400e-01  9.1175200437615023e-01  6.7548514576187524e-01  4.8870468007488699e-01  2.6882212118773058e-01  2.1698979008762115e-01  
q[121]: 4.3908198725844227e-06  9.8464935426940225e-01  9.5423246619738511e-01  7.2303138565415237e-01  6.7605010868967641e-01  6.3789372391141608e-01  7.7768043024525710e-02  
q[122]: 1.2570079650948750e-05  9.5666251420851012e-01  9.3716523664648099e-01  7.0018822888361687e-01  4.6176681556679483e-01  4.2055435241383410e-01  2.1727141260524213e-01  
q[123]: 2.6599777560235896e-06  9.7614052919396355e-01  9.6385852203378219e-01  6.8618649724402436e-01  6.6040242988125397e-01  5.9337649886641552e-01  5.5224191046255411e-01  
q[124]: 3.7090113165765541e-06  9.6536200385762139e-01  9.5675499405267861e-01  6.9815725736450207e-01  6.4436029016170371e-01  1.0850004398576663e-01  3.8715407384327202e-02  
q[125]: 1.3394954500845464e-05  9.7066590948865228e-01  9.0063961358841660e-01  6.5016817114483216e-01  6.1745432088861107e-01  3.3309238158509452e-01  2.6620363586117785e-01  
q[126]: 1.7216805250884055e-05  9.5628810822946408e-01  9.0760172484276513e-01  6.2359005818001856e-01  5.7402157094771344e-01  3.2883944552145605e-01  6.4538954754412403e-02  
q[127]: 9.8365828134279306e-06  9.9222849371580013e-01  9.3522922287042254e-01  7.1212283278212285e-01  6.6354750726095069e-01  5.6370752772246524e-01  2.7411797860157233e-01  
q[128]: 3.7226823477862604e-06  9.9550325394999073e-01  9.4312893725403191e-01  8.7751626076920808e-01  7.9202832633181330e-01  7.8506450179153475e-01  5.4124096677448685e-01  
q[129]: 7.7428643103057879e-07  9.6714989777966531e-01  9.2107213564865809e-01  9.0388821167414535e-01  6.2713809003174040e-02  4.0344710715483130e-02  1.9673523997005494e-02  
q[130]: 8.2099618192692394e-06  9.3090047111431695e-01  8.9432801416946872e-01  8.6579707823461871e-01  3.5225931107706471e-01  1.1483652274775717e-01  5.8710160961051368e-02  
q[131]: 1.0574582913558396e-05  9.5365109305816198e-01  9.1355319799262402e-01  8.4755195200016120e-01  3.3490419651681363e-01  2.7445803072606884e-01  5.1402045966932874e-02  
q[132]: 6.8419484727837132e-06  9.9460753794129997e-01  9.5265946586738581e-01  8.8145058113449770e-01  6.6017465928875674e-01  1.3324281405030916e-01  7.2495591400258422e-02  
q[133]: 1.0114361680003726e-05  9.3322538744868933e-01  8.8368375707739344e-01  8.6842232063706748e-01  6.0167944741313484e-01  3.0565848789457156e-01  3.9421670339396503e-02  
q[134]: 2.3744840746601778e-05  9.5165142574763262e-01  8.9698682877977953e-01  8.4127084081527215e-01  6.6580582198542515e-01  4.5333002980783410e-01  2.1589206171876082e-01  
q[135]: 1.3247411655488460e-05  9.5870011115017617e-01  8.8492528685564398e-01  8.5383097682834097e-01  5.8686005726424195e-01  3.2191895974589607e-01  2.8225288206664817e-01  
q[136]: 7.0174199331901760e-06  9.7830466183470088e-01  9.2454520362656434e-01  8.7026661069601996e-01  6.3875944187631473e-01  5.8029174339641187e-01  4.5016860355401284e-02  
q[137]: 6.2367168404787617e-06  9.6228035819778124e-01  9.4221987246646932e-01  9.1366642180597224e-01  5.8698222227827923e-01  5.2167538291488025e-01  2.6760533644314100e-01  
q[138]: 5.7247339120259944e-06  9.5173086418974495e-01  9.3922475393082849e-01  8.5223265366618739e-01  6.3628519304195463e-01  5.8319625777542894e-01  5.4808640343601367e-01  
q[139]: 9.3422295967249561e-07  9.4428598579103418e-01  8.7582554699462312e-01  8.6321579506547674e-01  8.4352896360607477e-01  2.6133656013637683e-02  9.6270978441506342e-03  
q[140]: 4.7804492096289509e-06  9.9489567908487164e-01  9.4712539621112823e-01  8.8809990167419450e-01  8.4739331074273228e-01  2.9729831193856004e-01  6.4057462995075351e-02  
q[141]: 2.5826220258637015e-06  9.5665794604552479e-01  9.5026616144284715e-01  8.8967699415036106e-01  8.5197745420309501e-01  2.7923465706348799e-01  2.6694128006670659e-01  
q[142]: 6.6064730167760598e-06  9.2537401450832280e-01  9.2143162133458700e-01  8.5106621086686340e-01  7.8436199258918482e-01  5.4504734397948673e-01  3.2018456014092075e-02  
q[143]: 1.2394704174390683e-05  9.3508993025985732e-01  8.9318251813729566e-01  8.4219005429798433e-01  8.1022251402412926e-01  4.7776444859967604e-01  2.5608544185463378e-01  
q[144]: 5.6019656185596358e-06  9.9167979480350088e-01  9.6143590789462985e-01  9.0608982548252515e-01  8.4078651701141605e-01  6.3623293211841148e-01  5.4935965269790177e-01  
q[145]: 7.3377496569377832e-07  9.6838009544221237e-01  9.1088609865415293e-01  8.9235977324626636e-01  8.8106655269322665e-01  8.6844491191641782e-01  3.1641842826220200e-02  
q[146]: 5.2282099877133137e-06  9.4566769689387109e-01  9.2738437314472366e-01  8.9844008811206211e-01  8.6351993797700721e-01  7.7912061371090624e-01  2.7139975838230990e-01  
q[147]: 1.5062769363917312e-06  9.3733780643420650e-01  8.6096362068441590e-01  8.3849126740595037e-01  8.2983713922688773e-01  8.0129773428223228e-01  7.7592021414243761e-01  

