deg: 8
dim: 6
nodes: 473
efficiency: 0.906977

q[0]:   3.5537430517802228e-07  2.5503440450469983e-01  1.1860607488717241e-01  1.0474019044171563e-01  6.9309072329336280e-02  4.9602063704820287e-02  1.8632180500669747e-02  
q[1]:   3.3696199460468306e-07  2.5865426902300975e-01  2.5552306893936910e-01  2.3293174149561907e-01  1.8768857513886267e-01  1.7504877200889565e-01  3.3796216828528174e-02  
q[2]:   7.3292751356203290e-07  2.8651041074278211e-01  2.4952237732636037e-01  1.1690336056134122e-01  1.0055520465306748e-01  5.8333514653448666e-02  2.1827781511971622e-02  
q[3]:   3.7645263881738558e-07  2.9138705424831235e-01  2.7655311111952952e-01  2.4537798072374981e-01  7.2284474164533610e-02  6.1299464301259370e-02  4.9693186327181317e-02  
q[4]:   8.4636175994373843e-07  3.0363971198698247e-01  2.6218104668036823e-01  2.2311550812178219e-01  1.9844996747794161e-01  1.5706794412249275e-01  1.3518637809849532e-01  
q[5]:   7.4833798216886441e-07  3.0100968173963166e-01  2.7280650798178441e-01  2.5232768241060444e-01  2.1023005325648159e-01  6.5271769168375599e-02  2.9841057736027306e-02  
q[6]:   1.0993818101363588e-06  5.4318663794365774e-01  1.6707616138086046e-01  1.2874908194642712e-01  7.0792241231530315e-02  2.9745920390402959e-02  2.1478386899547269e-02  
q[7]:   2.3328079313188973e-06  4.9837113804337474e-01  3.3430786740822360e-01  1.4692591347594169e-01  9.0521194267444635e-02  8.2293997681453832e-02  5.8965179796174515e-02  
q[8]:   1.0396249403499074e-06  5.2098052350202906e-01  2.6288171767498586e-01  1.5746450777488852e-01  1.4275298448100054e-01  1.3550715267666835e-01  2.3295752952520853e-02  
q[9]:   1.2527845484230044e-06  5.0090434266993100e-01  2.5958526379503338e-01  2.4202965203535926e-01  2.3540539791473752e-01  2.0255903631541922e-01  1.5143752058415827e-01  
q[10]:  4.5763199057072846e-06  5.2385882897409708e-01  3.7126225239694344e-01  2.4989867072908090e-01  2.2713821149961264e-01  8.9098610705382164e-02  4.2682906646391315e-02  
q[11]:  8.8554230787862842e-07  4.8749372237453259e-01  2.7916210215549103e-01  2.6643769608471646e-01  2.5240468672231492e-01  5.7111454405064530e-02  4.1845688073425889e-02  
q[12]:  2.4877131900098295e-06  4.4806842447311140e-01  3.2508806261391182e-01  2.6712920606358853e-01  1.2268123302904406e-01  5.9846922177775375e-02  1.9590726079602248e-02  
q[13]:  3.5729371586892269e-06  4.6287541441069563e-01  3.3653998686947645e-01  3.0742606402043882e-01  2.6194774195261156e-01  2.0871600931699588e-01  3.9961749565142826e-02  
q[14]:  3.9571763281318116e-06  5.0359709507937378e-01  3.8001044958739461e-01  3.5157548326015142e-01  2.2293607961990666e-01  1.8246064490747466e-01  1.5167317296988242e-01  
q[15]:  1.8617443076587396e-06  5.8148786213626935e-01  3.9356417127750865e-01  3.7711090981530532e-01  1.1009496034269638e-01  8.1399028807460860e-02  2.5821579459933519e-02  
q[16]:  3.7810743476300171e-06  4.9655549701770735e-01  4.7070820448477740e-01  3.2027366242237115e-01  2.1388865524383452e-01  1.9277756356165615e-01  1.1888319341430209e-01  
q[17]:  1.5654283485553766e-06  5.6417579385182293e-01  4.5517364168570951e-01  3.5517190162625772e-01  3.3685754943432611e-01  3.0141288475331984e-01  2.8717149445335510e-01  
q[18]:  1.2321026401861370e-06  4.6576287509359138e-01  4.0875165811793185e-01  3.4452403189802394e-01  3.3569656497122657e-01  3.2992343986590683e-01  1.7875373128096830e-01  
q[19]:  2.9297732706105825e-06  5.0185394997028199e-01  4.6124831357655571e-01  4.2757598105655770e-01  3.9897034132329878e-01  2.2585538990899537e-01  1.6603885551629016e-01  
q[20]:  1.3475666913354682e-06  5.4897409848895251e-01  5.2200253301583743e-01  1.4654645539209593e-01  1.0450427216865674e-01  8.3821009701669669e-02  3.0688899415154756e-02  
q[21]:  1.7776207801934146e-06  5.5469185007998933e-01  5.1647070525415872e-01  2.4157134528908775e-01  2.1910384082944737e-01  6.2284180029128014e-02  4.8758913827777743e-02  
q[22]:  7.9027758559069514e-07  5.0998258298048305e-01  4.8926075351955650e-01  2.5637721289134369e-01  2.4661703094595011e-01  2.1051886174258669e-01  1.9720621967911983e-01  
q[23]:  1.4880143482006229e-06  4.7304627308957653e-01  4.4635570310611677e-01  2.6547726252341269e-01  9.2859963440928242e-02  3.4593270363912000e-02  1.1168005713543741e-02  
q[24]:  3.0531810080636647e-06  4.9645073163788667e-01  4.7898411938801655e-01  3.6468916293991199e-01  2.9240413269153548e-01  1.6387771989464528e-01  2.2282401284566246e-02  
q[25]:  1.3592007189268070e-06  5.2511876649308054e-01  4.6926562218453466e-01  2.8007724561489161e-01  2.5862258479309191e-01  2.4541829743267315e-01  1.7129116503466459e-02  
q[26]:  5.7769384770415142e-07  5.7050795751166594e-01  5.3821721226618535e-01  4.9258137600190577e-01  5.4238100733337485e-02  1.7878248524236216e-02  6.3253864322164264e-03  
q[27]:  2.4271399183562695e-06  5.1262350790423672e-01  4.6078687187634565e-01  4.0592955158049165e-01  2.1290709213416059e-01  1.9909977387771949e-01  2.5720219569386943e-02  
q[28]:  1.1643693962757617e-06  5.2708485365678415e-01  5.0257423382672162e-01  4.1786572312126530e-01  3.8335439243923625e-01  4.0144628336371418e-02  1.3347790635468103e-02  
q[29]:  2.9552884675003230e-06  5.2750301111923303e-01  5.0175253120439045e-01  4.0653121749429877e-01  3.0700810483869850e-01  1.4600063578043307e-01  1.3875889597967300e-01  
q[30]:  2.3899056192687957e-06  5.4368695585214666e-01  5.1892445798670017e-01  3.7236265068803931e-01  3.6907050622162829e-01  2.6686448525780987e-01  1.1188921726996079e-01  
q[31]:  1.6411007496671684e-06  5.1665226761852090e-01  4.5217624257152750e-01  4.2992610272787618e-01  2.5431705821008499e-01  4.2388407671901961e-02  1.9673040579315175e-02  
q[32]:  1.6016847420107107e-06  4.9950174269057734e-01  4.9590125272105323e-01  4.9203276892741066e-01  2.6102584269465884e-01  1.5533433931185145e-01  6.6132420971290920e-02  
q[33]:  2.5926508697928679e-06  5.3203242179823906e-01  5.0355691534678704e-01  4.8946944981262891e-01  4.0643239003122805e-01  3.5530210799537149e-01  1.7803248268403674e-01  
q[34]:  1.3232078934260712e-06  4.9969624444174027e-01  4.5753042780499298e-01  4.4358740652020984e-01  4.2130306791182298e-01  2.2000392546353578e-01  3.4711672433825787e-02  
q[35]:  7.1509804047156540e-07  5.0062613218677077e-01  4.8675016290832124e-01  4.7640847679976450e-01  4.2337847179994331e-01  3.9454752713437630e-01  3.5657387669327401e-01  
q[36]:  7.7731491706037986e-07  5.1925842802792799e-01  4.9692120031175274e-01  4.6552368729825377e-01  4.5116861230311750e-01  4.0445516406019261e-01  3.4192803949713600e-02  
q[37]:  8.6260381555546248e-07  7.5440549238418997e-01  2.4984978326462948e-01  1.1802232955682215e-01  8.9886260727564352e-02  8.4811106425172020e-02  1.0435866212604498e-02  
q[38]:  8.2539896886393192e-07  7.8292148460790700e-01  1.6229238452541012e-01  1.3494277610402663e-01  1.2669664486073517e-01  9.2511058937622154e-02  5.8333233254402844e-02  
q[39]:  1.7238769352173192e-06  7.5416189449426851e-01  3.3389665439691263e-01  2.0060773525368675e-01  1.7760459107884144e-01  2.5554301038168480e-02  1.0098895669426842e-02  
q[40]:  5.2093932066266847e-06  7.4233013266843340e-01  4.2622503197238587e-01  2.6819945935062323e-01  2.4031566986464067e-01  1.8942416513253399e-01  5.8964221440069270e-02  
q[41]:  2.0821412830907531e-06  6.7910037737794748e-01  3.5341276628271562e-01  2.2681479001692245e-01  2.2210364980617184e-01  1.5868274358096029e-01  1.4198409744251800e-01  
q[42]:  3.3106919627745974e-06  7.1973418292757307e-01  4.1320292453756796e-01  2.7220079281854387e-01  8.1593076519765842e-02  6.7233749740892093e-02  1.6723256281820555e-02  
q[43]:  3.1103358422406004e-06  7.0202252717413105e-01  3.3652032986602914e-01  2.9455101816898793e-01  1.8910186243822386e-01  1.6579772877362881e-01  1.4234405272147607e-01  
q[44]:  1.4900596993655696e-06  6.6680237291274891e-01  2.8182657612950623e-01  2.7794193462507238e-01  2.6126197175057264e-01  1.6011708675654993e-01  2.7915943847994524e-02  
q[45]:  3.1218527716443731e-06  7.1583743976796177e-01  3.8576567485469332e-01  3.6304646703077575e-01  2.0622025937077137e-01  6.1258420900431057e-02  1.5689265787666707e-02  
q[46]:  1.5794305341166890e-06  6.6932040733366449e-01  3.0619687633709136e-01  2.9340950747910577e-01  1.9940124418113356e-01  1.9003506343735579e-01  3.6449433216799658e-02  
q[47]:  8.9371900653144184e-07  7.2449884285683852e-01  4.5129218957508921e-01  7.2999540743646257e-02  4.7889832962458155e-02  2.2372691270867835e-02  1.8118935897914277e-02  
q[48]:  8.4402466852698409e-06  7.0487225860769542e-01  5.8690383619824449e-01  3.5832678218954195e-01  2.1414487590659648e-01  1.8263070368301959e-01  4.1937856506946362e-02  
q[49]:  5.1787012806012634e-06  7.1787386793756780e-01  4.9030848763077589e-01  3.8592490974345617e-01  2.4000432597796867e-01  1.0402335584841786e-01  9.6903879143915517e-02  
q[50]:  6.7579310826056404e-06  7.0132886020616403e-01  4.6472226191482302e-01  3.6858772822663349e-01  3.0010527016239696e-01  1.6822111200302270e-01  2.8798152666916758e-02  
q[51]:  2.9431063191137976e-06  6.8351459851992269e-01  5.0646165096726226e-01  4.5362972935719781e-01  3.8803593169291517e-01  3.4746482324034589e-01  1.4572597701552652e-02  
q[52]:  5.2313425417874182e-06  7.2545562982679257e-01  5.2053860659803708e-01  4.7283429640208580e-01  4.6177729045882454e-01  2.6101123661927539e-01  1.3947287673316616e-01  
q[53]:  2.8943042419890588e-06  7.6637586895830434e-01  5.6397775186567223e-01  3.8479602021511178e-01  3.5060389522235946e-01  3.3850973878922963e-01  2.9711221682868538e-01  
q[54]:  5.9827435200535323e-06  6.7684171362514656e-01  4.4694193397729909e-01  4.0634103293255502e-01  2.9894930796229996e-01  2.4694615304653633e-01  1.4218699558205561e-01  
q[55]:  3.8766440995345391e-06  6.5684351634611271e-01  4.9518907536909779e-01  4.7160141523023080e-01  3.5629610641456311e-01  1.2287150391661411e-01  8.9026874308884077e-02  
q[56]:  2.6288340464578156e-06  6.5663565610822971e-01  5.1453190623386436e-01  4.9727458475235858e-01  4.4562676053215328e-01  1.4769684448345194e-01  1.4711330641207441e-02  
q[57]:  2.8751779892094269e-06  6.8999519914573704e-01  5.1416703870581382e-01  4.8677678042850103e-01  4.4816072013746328e-01  2.5681966708726073e-01  2.5184787270420972e-01  
q[58]:  2.6467286957017503e-06  7.0725957876891188e-01  5.1036605693880854e-01  4.6350809693561651e-01  4.5156749393079121e-01  4.3399888729504310e-01  1.2443633897383401e-01  
q[59]:  1.7268074900192988e-06  7.2447822177754750e-01  5.2994778529861508e-01  5.0990650727352971e-01  4.8695739242960279e-01  4.7035357776654801e-01  3.6972124506082321e-01  
q[60]:  1.4181294416705424e-06  7.3559744354580658e-01  6.4269449004700807e-01  1.7000382079467735e-01  1.5526062528965626e-01  1.3984811189207805e-01  1.1345363618199955e-01  
q[61]:  2.4112246686602643e-06  6.9511471654259305e-01  4.9550285443612552e-01  2.9395464403441635e-01  1.7441614041616466e-01  2.3476672959832370e-02  5.1173337679188699e-03  
q[62]:  2.7224849718197487e-06  6.7269787076515286e-01  5.4872198821168161e-01  2.0707118140675693e-01  1.7715663458194614e-01  9.6713196776504765e-02  3.4634139068522533e-03  
q[63]:  5.5806766546069669e-06  6.8528129305947916e-01  5.7801194606268025e-01  4.2504825566575999e-01  1.2550655522305060e-01  9.4401341279978068e-02  7.1932809978753842e-02  
q[64]:  4.6595846889037907e-06  6.9679218979554725e-01  6.4297196231346188e-01  4.8745957106080695e-01  3.2220057170327349e-01  6.3940566955179884e-02  3.8044019804902782e-02  
q[65]:  7.5697918649878234e-06  7.1277133925248326e-01  5.6359470465640737e-01  4.5310569236768200e-01  3.5376260452372404e-01  3.3278321568790464e-01  1.8774116023289922e-01  
q[66]:  9.0713361795748126e-06  7.1320033827279428e-01  5.8302703470647832e-01  3.3237456307377827e-01  2.6864985162797489e-01  1.7418428643944084e-01  1.4097210566981677e-01  
q[67]:  5.5414264857090609e-06  7.0707289692501030e-01  5.9262335167350622e-01  3.4388884694107497e-01  3.3226994902706436e-01  2.9339651020562635e-01  1.4505198329964578e-01  
q[68]:  8.4411217778350805e-06  7.0675329073385840e-01  6.2903644412004867e-01  5.1187129644578999e-01  2.9106619419657626e-01  1.4866170625311009e-01  2.5167515414049314e-02  
q[69]:  3.6740282312142793e-06  7.4692313828779888e-01  5.6996613405143781e-01  5.0035780279328324e-01  4.6007471501297875e-01  5.1161579849357861e-02  2.7891801867562710e-02  
q[70]:  1.1400777576329720e-05  7.2702374491511734e-01  6.5345330476664809e-01  5.3544407615325829e-01  4.6030583711905604e-01  2.7457893642287523e-01  1.3133531489694691e-01  
q[71]:  2.8375138792457721e-06  6.7598469157371655e-01  6.5140400355957828e-01  4.4393773500401962e-01  3.3995483410493527e-01  2.9514971466236589e-01  3.4427917084208198e-02  
q[72]:  3.9684199222992517e-06  7.0165800863263483e-01  6.3997390124594755e-01  4.6965794146395606e-01  3.3356996691042556e-01  3.0017541383909185e-01  2.7711587822747785e-01  
q[73]:  9.3864226133078870e-07  6.1150009816354123e-01  5.6955970525906541e-01  5.6376072667638322e-01  5.5146000382215543e-01  1.3345411637997456e-01  9.4091113059406067e-02  
q[74]:  4.8485173626379119e-06  8.2617708942669710e-01  7.0880299226077004e-01  5.3519664440533288e-01  4.9926996908717075e-01  3.0866851578840693e-01  2.9260980536043207e-01  
q[75]:  4.6687874218332154e-06  7.2920231153810389e-01  6.2233454981075387e-01  5.0410438532362400e-01  4.8443763605465401e-01  3.2898819500622140e-01  2.3115453233345695e-02  
q[76]:  3.0522636670002143e-06  7.7090923010623136e-01  6.3106375202437992e-01  5.8734018460901993e-01  1.8325806654780563e-01  4.9496897892334003e-02  1.4941510908345607e-02  
q[77]:  1.8742644608729666e-06  6.4121339792756959e-01  5.8197475215618555e-01  5.4977301600182471e-01  1.7350936955782523e-01  1.6759373943592454e-01  1.0842040406434285e-01  
q[78]:  2.5958950088113128e-06  7.0239112362262290e-01  6.1570678106426768e-01  6.0438273156148370e-01  2.4993068214803343e-01  1.4554997529895644e-01  1.3106357643152811e-01  
q[79]:  8.0171929555054602e-06  7.1350028388843278e-01  6.0356802733457660e-01  5.8675012423348805e-01  3.9949132459669323e-01  2.3051925727475669e-01  8.7930726610727261e-02  
q[80]:  3.3360220107577310e-06  7.5401823234708087e-01  5.9783842092424921e-01  5.7351450492013800e-01  3.1035453095391824e-01  2.6323383176623449e-01  1.7462577994227593e-02  
q[81]:  4.3362047985324872e-06  6.9200114945443003e-01  5.9825352624969907e-01  5.7306846740354345e-01  4.4521576190010648e-01  4.0831040417909481e-01  1.3135001029454030e-01  
q[82]:  2.8669611963086309e-06  7.2063853273153022e-01  6.6590920384604158e-01  6.4428152593419930e-01  4.6857627671162067e-01  4.4808085978805617e-01  3.2528030748548714e-01  
q[83]:  5.2591347440938360e-07  7.0439353468165911e-01  6.0773945617759340e-01  5.9439934583582288e-01  5.6992575349836849e-01  5.5542949172853839e-01  1.6191459153304374e-02  
q[84]:  1.9760313895201045e-06  7.1044179157483822e-01  5.8619314920842358e-01  5.8216679395020188e-01  5.6876983251373481e-01  4.3585894717069873e-01  1.3404629728125625e-01  
q[85]:  5.2458968121066320e-06  6.8004091981548342e-01  5.8130611938514798e-01  5.3461473892097833e-01  5.0565916927580146e-01  4.0226204183747383e-01  3.0359331281564889e-01  
q[86]:  1.1917326119788391e-06  7.1272500887749457e-01  5.8969729328251907e-01  5.7094609496976489e-01  5.0411042594513988e-01  4.7865731749375739e-01  4.7394550682760228e-01  
q[87]:  2.1297116475520831e-06  7.2481410390293466e-01  6.3332840460620210e-01  2.4206370809660166e-01  7.6232473195454495e-02  2.5826444535006109e-02  1.4913305517088856e-02  
q[88]:  5.3369171569049161e-07  7.7755214121685923e-01  7.4913614317560440e-01  1.1528060239635089e-01  1.0495488921101383e-01  3.3629187507015212e-02  1.9804521047439010e-02  
q[89]:  2.7110310340278975e-06  7.2482327677525493e-01  7.0286467964377686e-01  3.3013157729918141e-01  1.8136808931443088e-01  1.4905973943533868e-01  1.3259494641787553e-01  
q[90]:  1.9940243875828141e-06  7.3384839981267602e-01  7.2822444661193042e-01  3.3308655554073641e-01  2.9832500601612610e-01  2.6461258876926352e-01  1.3884761066941725e-01  
q[91]:  4.1896471777184949e-06  7.2266237447720527e-01  7.1146519166955646e-01  3.7085859685817807e-01  2.7172551683112067e-01  1.0467968366647468e-01  4.5978666176027569e-02  
q[92]:  2.8207665379794231e-06  6.6762021575767039e-01  6.5691580006610939e-01  5.4375101938506587e-01  2.3185429170952992e-01  1.1330328486936210e-01  8.4768416136437472e-02  
q[93]:  1.6713328331898273e-06  7.1291025567424449e-01  7.0327045934795729e-01  4.4536972208663900e-01  1.1919986334162591e-01  1.0732659646052951e-01  2.2035848310972297e-02  
q[94]:  3.8454436121663258e-06  7.1753436103534685e-01  6.6298169761360548e-01  4.9900931988220854e-01  4.7803580296950676e-01  1.5194654699194185e-01  2.9604679298233880e-02  
q[95]:  3.6735922154631480e-06  7.2287656264568745e-01  6.7763405611735461e-01  5.4160056599579232e-01  5.2225172082662785e-01  1.6452106495740934e-01  1.3840045014239225e-01  
q[96]:  2.4284531560229559e-06  7.3624612731733219e-01  7.1741300714573519e-01  4.0124967619458124e-01  3.8323957477165227e-01  2.2158228649279793e-01  3.1969924242085147e-02  
q[97]:  3.9178385495329260e-06  7.2168928444289260e-01  6.9907761893643239e-01  4.8322270054139460e-01  4.5482161553573081e-01  3.0920565195934241e-01  2.5504174598987911e-01  
q[98]:  8.5717477402832245e-06  7.2304456685599239e-01  7.0769079975562865e-01  5.7596968592881792e-01  3.9273479319652049e-01  3.0565002783497724e-01  1.5745716225405265e-01  
q[99]:  3.2001815603266302e-06  7.0637127990075743e-01  6.6855113377963937e-01  5.3657663793793164e-01  4.8777074412295746e-01  4.6021197225090321e-01  9.7910123366217530e-02  
q[100]: 2.9317549466412364e-06  7.4557478071700611e-01  7.3624019939133545e-01  5.7358109742508967e-01  5.1966205488914008e-01  4.9943428689677971e-01  2.8659092149872856e-01  
q[101]: 2.3383229249082009e-06  6.8908420018061700e-01  6.7137028388135311e-01  5.5087655578342176e-01  5.0324002707736504e-01  4.7510874848239071e-01  4.1564288785900111e-01  
q[102]: 2.2056757457083829e-06  7.0407320197135137e-01  6.8178771939595906e-01  6.3021998663402568e-01  2.2117809865558949e-01  1.5782653752842249e-01  1.2971426751433141e-02  
q[103]: 3.1792229954029963e-06  7.3821948902477386e-01  7.0283638958789230e-01  6.5114160775407803e-01  3.3769152690105519e-01  3.2619351904637611e-01  1.2832170054870234e-01  
q[104]: 1.5814975196042545e-06  7.4111031923161208e-01  7.1346698986429702e-01  6.8060767434328173e-01  3.0478661306908261e-01  5.6562743136717400e-02  3.1484108849173242e-02  
q[105]: 2.1267272415941304e-06  6.7516293378359060e-01  6.3697740400264935e-01  6.2526640487300122e-01  4.7826047932725702e-01  3.0547557578478268e-01  1.5335408622838153e-02  
q[106]: 1.4695720512802462e-06  5.9612326101981572e-01  5.8488332673162258e-01  5.3380473559965746e-01  2.9344933189596523e-01  2.6304205884959880e-01  2.4132839184249805e-01  
q[107]: 1.0114215995012731e-06  7.2778172834237831e-01  6.9124044378111049e-01  6.8080420045604206e-01  5.4699471961930757e-01  4.8089499821605895e-02  1.5119836167209341e-02  
q[108]: 3.4520876894536421e-06  7.1058211166935481e-01  6.8665079982508914e-01  6.6515920414603946e-01  5.3464225512383623e-01  2.0319637339372934e-01  1.6197019739925914e-01  
q[109]: 3.0763621387917060e-06  6.9868926476553839e-01  6.8865785400974655e-01  6.2413521167556707e-01  4.9461691888569620e-01  1.7097697000085479e-01  3.7753026675024427e-02  
q[110]: 5.5458101778603249e-06  7.3753279278765882e-01  6.9649581239806402e-01  6.6692551947520695e-01  5.0500488804229338e-01  3.6320321776868331e-01  3.2276954802548752e-01  
q[111]: 1.9422423068789781e-06  6.6661190577459584e-01  6.5169106566833623e-01  6.1162869439913803e-01  4.6833414032670573e-01  4.3576644186189128e-01  3.6923280027116263e-02  
q[112]: 1.5500861859458061e-06  6.8933482886547470e-01  6.6763471420966680e-01  6.3599429032545507e-01  6.0677859102318576e-01  5.7037939160013462e-01  1.9630393474796110e-01  
q[113]: 1.5382674305213163e-06  7.5332508076309546e-01  7.3817932947799558e-01  7.0190359249775369e-01  6.8207285512062266e-01  2.2304980447499054e-01  4.4507962831604506e-02  
q[114]: 3.5807251100920459e-06  7.0496917462931386e-01  6.9547618559670266e-01  6.5430140708908480e-01  6.0905836652305423e-01  4.0171182283798884e-01  1.9661244404409270e-01  
q[115]: 2.6334125445708170e-06  7.2663894794231876e-01  7.0188673827261372e-01  6.4908441796837169e-01  6.1855195478200975e-01  4.4056888653272941e-01  5.4092424153513743e-02  
q[116]: 9.1487090937991413e-07  6.7731335763362144e-01  6.6791030652990824e-01  6.2861566192168927e-01  6.1630819809456361e-01  4.4419203007950214e-01  4.2554128329307916e-01  
q[117]: 1.4136394405670454e-06  7.3357428133346514e-01  6.9686645750565546e-01  6.6887001886016573e-01  6.5921058858072956e-01  6.1726752833624365e-01  4.3215127342490656e-01  
q[118]: 4.5351889691945587e-07  9.4710424462582399e-01  2.7186039681792090e-01  7.2207680054583070e-02  5.9573269449525963e-02  4.0214074346762593e-02  2.7855669949111352e-02  
q[119]: 5.4735449056654076e-07  9.4962911892236535e-01  2.1071162532310347e-01  1.7378641276503420e-01  1.6210903926163583e-01  4.2902432627939024e-02  2.4138562750989828e-02  
q[120]: 1.1922057905808387e-06  8.5877674435933371e-01  2.3644863328096749e-01  2.1610724098700318e-01  8.9656290612546805e-02  5.5900960234450285e-02  2.6802954916511634e-02  
q[121]: 4.2797450500239325e-06  8.3851871699162928e-01  4.6889243956099563e-01  2.1344135592417166e-01  1.4638049978323728e-01  1.0610547836329877e-01  8.0849817598805274e-02  
q[122]: 2.9474465876759014e-06  8.8485403326403367e-01  3.4554265505157200e-01  2.2953536909263961e-01  1.2565012315421931e-01  6.0408114076617864e-02  4.2398855879588186e-02  
q[123]: 2.2782990379543390e-06  8.6071306682329929e-01  3.9934699723321126e-01  2.6952913021473685e-01  2.4412280604891451e-01  2.3526282347134106e-01  1.6902053212426349e-01  
q[124]: 2.2945170248919707e-06  8.3200673248563095e-01  4.1108295092200992e-01  3.9632545034022876e-01  3.5554196776962677e-01  7.2743807462814336e-02  4.5834110365786877e-02  
q[125]: 3.6919387938108640e-06  8.8267510539205074e-01  4.1076812022868231e-01  3.3197763426794213e-01  3.1131292919665715e-01  1.6101873991881752e-01  2.1792160280856419e-02  
q[126]: 3.0273551051099704e-06  8.1347710910551230e-01  4.7357416329673929e-01  4.4601415643189724e-01  1.1455584612182093e-01  8.1713093852067584e-02  5.8586008616169173e-02  
q[127]: 4.3670924412282450e-06  8.8244614458530712e-01  3.8991597538109485e-01  3.4938549200588798e-01  2.2813320412138213e-01  1.8425367195391557e-01  3.6945063627185921e-02  
q[128]: 4.1547335916903265e-06  8.1265065987417895e-01  3.8426362426692884e-01  3.5914393648001769e-01  3.1362156956640863e-01  1.8281090078953968e-01  1.4024952444155703e-01  
q[129]: 2.0650310570869772e-06  8.1349175261428042e-01  4.0976269874113463e-01  3.8914335070998668e-01  3.6662799629120635e-01  3.4696770110341330e-01  1.8845788983985362e-01  
q[130]: 1.2086189840720122e-06  8.3838367676592218e-01  4.4322023950554579e-01  4.2332069014939389e-01  3.9368118683118730e-01  3.5510521775515541e-01  3.4932677623154823e-01  
q[131]: 1.0669046332863508e-06  8.5682248171036379e-01  4.2781918857252338e-01  3.8616632381846511e-01  3.7957546424155209e-01  3.5840091851001571e-01  1.4834881733991291e-02  
q[132]: 2.7097137073856769e-06  8.4525556899408660e-01  6.4028435721701682e-01  2.2957327952919751e-01  1.7579569913735330e-01  1.6568515221838381e-01  3.6007246124452108e-02  
q[133]: 3.2843739097669506e-06  8.8844974369218377e-01  5.6954555578177668e-01  2.2048767491213611e-01  2.1378217184192091e-01  1.4036675714082558e-01  4.8405657940773984e-02  
q[134]: 2.7875732835452994e-06  9.0285201158998440e-01  6.8429204309756053e-01  3.0560057906156801e-01  2.9557678782621599e-01  2.3778429794755870e-01  2.1994284527108329e-01  
q[135]: 9.7460751762375211e-07  9.2195899754702038e-01  5.5981547727672876e-01  2.0514249293148706e-01  4.4063763343544685e-02  2.2884533899083223e-02  4.4483898963283610e-03  
q[136]: 6.0269277711253227e-06  8.7680403783201000e-01  6.1268495109840282e-01  3.5172189810974253e-01  2.1371563087465106e-01  1.1465751168982379e-01  1.1297127823347288e-02  
q[137]: 7.1618846390970351e-06  8.9375742574264760e-01  6.1108035816889561e-01  4.2625711347241146e-01  3.4294558754552734e-01  1.4991941607215648e-01  1.1812905700575792e-01  
q[138]: 5.0189608416803278e-06  8.1995196980321605e-01  5.7063572471797586e-01  4.7198930746125811e-01  3.0219001658811978e-01  2.7999916004761422e-01  3.4687127547734051e-02  
q[139]: 3.6797657103268228e-06  8.4192174617236792e-01  5.8703287148050998e-01  3.8545394111848563e-01  2.0402967024188359e-01  1.9941549660620325e-01  1.7985427670304019e-01  
q[140]: 4.3457230077773440e-06  8.4991148042845654e-01  6.3935400583728530e-01  4.6912172948092140e-01  4.3011581946401095e-01  1.5127510599856117e-01  8.3626805527855976e-03  
q[141]: 4.9832223415334127e-06  8.4867425419774778e-01  5.9803554776096479e-01  4.7327702687466316e-01  4.6657088329652285e-01  1.7404239645522016e-01  1.3015712660752729e-01  
q[142]: 3.5209323309077735e-06  8.2624797101309033e-01  6.2675421599972225e-01  3.9404880012039623e-01  3.7166710955210297e-01  3.4086475162508212e-01  2.4319597635811048e-02  
q[143]: 5.1522444814133736e-06  8.7675417605172379e-01  6.3207066310346227e-01  4.8117733017733044e-01  1.7526088899513240e-01  4.7446977573011001e-02  3.0079028175444830e-02  
q[144]: 1.7840056129471709e-06  9.2589093339563322e-01  5.7444574151878303e-01  5.5250702466800894e-01  1.7307838727430458e-01  1.3832882733493734e-01  9.7111841618030652e-03  
q[145]: 1.0790903882552458e-05  9.0339491196943811e-01  6.8401172235430341e-01  4.6648785563353179e-01  2.9513275773796593e-01  2.4868779830616702e-01  1.3561133458570118e-01  
q[146]: 1.1949956790269890e-05  8.8625522530422429e-01  5.6486079140958878e-01  4.7545535791332977e-01  3.1373666391187582e-01  1.9719792929309315e-01  9.4776194650951898e-02  
q[147]: 4.8088480196085350e-06  8.4123066114214795e-01  6.0805554570841214e-01  5.9139863278228111e-01  5.4547329007090106e-01  3.8999464460946420e-01  3.7551332431097151e-02  
q[148]: 8.3556922069100609e-06  8.9746494156184087e-01  6.0157448133941371e-01  4.9926321623433190e-01  4.7495450529466660e-01  3.6988192578809836e-01  1.1597497079053551e-01  
q[149]: 7.0999296961496467e-06  8.8232439129642704e-01  6.1924834448031230e-01  4.9903883339738975e-01  4.7611722291294700e-01  3.9396150168672811e-01  2.9561016581863148e-01  
q[150]: 3.4698754124971039e-06  9.0009410327067596e-01  5.6850575736198572e-01  4.3556578664768481e-01  3.7327831093185410e-01  3.7327432575986214e-01  1.2497173264519217e-01  
q[151]: 3.8956654948770461e-06  8.6421756460351351e-01  5.9337072603903274e-01  5.6606394521433978e-01  3.4056226358222280e-01  1.6077450747016148e-01  6.9609042213772338e-03  
q[152]: 5.8031999327481740e-06  8.3067531055427468e-01  6.0716482427043617e-01  5.7970418908528909e-01  2.8840586404899760e-01  2.6041245717820699e-01  1.2116658231034880e-01  
q[153]: 4.6330718507309419e-06  8.7845167890035059e-01  5.9639816296363157e-01  5.8008250935089911e-01  3.5033317248857554e-01  1.8165083310276819e-01  1.6831255749462648e-01  
q[154]: 3.0565493977778535e-06  8.9120000281966782e-01  5.5100451119715965e-01  5.4831512847047603e-01  4.3811389337462847e-01  3.9020591484858330e-01  9.4952086311697104e-02  
q[155]: 5.7040975352355584e-06  8.5975686353737768e-01  7.0177278063406090e-01  6.6415445567325437e-01  4.2463438915524504e-01  6.3348128303165607e-02  3.4712473160856336e-02  
q[156]: 5.8590957687576119e-06  8.3768734175118331e-01  6.1087604610534252e-01  6.0024337858281207e-01  5.2529491461811495e-01  3.9473795784894544e-01  2.5446478667186334e-01  
q[157]: 5.0108427425380097e-06  7.9478994221095600e-01  6.2222723007279090e-01  5.8306351956634783e-01  3.5407642203363265e-01  3.2351002802680739e-01  2.9452407464720043e-01  
q[158]: 1.4413816923505918e-06  8.6701399795045209e-01  6.2001066082516554e-01  6.0040593997095526e-01  5.9573965763680170e-01  1.8384004636828399e-01  1.7338122993145379e-02  
q[159]: 7.3681643524426326e-06  8.9262889796542244e-01  6.4019999159630259e-01  6.0160232159492588e-01  4.9406995724545960e-01  2.2051989920692708e-01  8.1176553025461839e-02  
q[160]: 6.0130200077277607e-06  8.8822957905830646e-01  6.4010638946235421e-01  5.5027797501897591e-01  4.7122038933360266e-01  3.8611751075928274e-01  3.6089245838474598e-01  
q[161]: 1.3779416776012564e-06  9.3333533868101703e-01  7.7313997413849012e-01  1.2633326019453153e-01  8.4461221165923153e-02  4.1944305063983077e-02  1.4083630952497208e-02  
q[162]: 3.3828839514683823e-06  8.5888624906193611e-01  7.1658482176641203e-01  2.7604864476695812e-01  1.6935202297715288e-01  1.5919225539637116e-01  1.0798173230601202e-01  
q[163]: 3.3800932266888540e-06  8.0982214908875350e-01  6.4305695244961680e-01  3.1202391737030355e-01  2.9863625900741647e-01  6.7421131444515475e-02  4.2957375129090966e-02  
q[164]: 4.9990972851529957e-06  8.6996610359307425e-01  7.8742180821338781e-01  3.0095047028183769e-01  2.5494692334299957e-01  1.3328619843159351e-01  5.1529344827066358e-02  
q[165]: 2.5864055162564126e-06  8.9703191560269391e-01  7.6116854584798765e-01  4.1120924392909253e-01  7.3222061540877931e-02  5.6577898190273618e-02  3.1830509968775886e-02  
q[166]: 2.4169432111213297e-06  8.3788601852458500e-01  8.0950208606866869e-01  5.4805530447920825e-01  1.7760671764917049e-01  3.1476225605890917e-02  9.7676608513032337e-03  
q[167]: 1.2604169248044041e-05  8.2867466271612988e-01  7.2508667196747234e-01  5.8226130208443261e-01  3.6120941618532221e-01  2.3082335447722951e-01  1.8022261444248622e-01  
q[168]: 7.5687671057993576e-06  8.8151747896487698e-01  8.3255767178112683e-01  4.7626552311129067e-01  2.4175607596460569e-01  1.6614957675411418e-01  8.7118654264172313e-02  
q[169]: 6.2565260181586115e-06  8.6165435557866998e-01  7.1769843521719445e-01  5.8099628248979818e-01  1.7742170680465710e-01  1.4988224522933211e-01  2.9611689986082389e-02  
q[170]: 5.1768171264462693e-06  8.5454001205037755e-01  7.5462850651557745e-01  5.1679737071995346e-01  3.9366449827949523e-01  6.2266629174880427e-02  2.2042017663347860e-02  
q[171]: 3.5882767355022033e-06  8.8796288140757473e-01  7.8399892046724684e-01  4.9103092980461915e-01  4.6237805243723318e-01  4.5194145625070026e-01  3.2430221351941246e-01  
q[172]: 5.2168237580443402e-06  8.8673864695488602e-01  8.4481571847808667e-01  4.9255989727698885e-01  3.7847780285405402e-01  3.3217151567640685e-01  2.8960822206294679e-01  
q[173]: 1.3885571807517876e-05  8.8315039218705471e-01  7.5355356142952923e-01  4.9010223956764132e-01  4.4581482508925030e-01  2.6377276052205761e-01  1.1430903774509002e-01  
q[174]: 4.7648185566066811e-06  9.0396241453687809e-01  8.3230660335771622e-01  4.8266374451536220e-01  4.3567677706059049e-01  3.0512183347990601e-01  1.8398201078505667e-02  
q[175]: 5.2072238722732986e-06  9.3401267959107548e-01  8.0611203688896871e-01  4.4032499483313930e-01  4.0787565809168147e-01  3.8008636132369555e-01  1.3084261817681411e-01  
q[176]: 5.6018846362405155e-07  8.2351153924881959e-01  6.7468664865793671e-01  6.2262808302367367e-01  3.4053986541464659e-02  1.9468992035211151e-02  1.2975305009247474e-02  
q[177]: 6.8680344696442106e-06  9.2773599182104682e-01  8.1327869807333009e-01  6.7453239801312836e-01  3.4630706206192924e-01  1.3523704249115237e-01  2.2231130745465975e-02  
q[178]: 1.2134758919493012e-06  8.4009561379045972e-01  7.5031737287786715e-01  7.4803379763982103e-01  1.6971021558537408e-01  1.4123257453675064e-01  2.5355893489336142e-02  
q[179]: 1.9014764456974799e-06  8.2325348679024335e-01  8.1858171160397730e-01  6.1458829377646285e-01  2.1604456380278927e-01  1.9229191512306901e-01  1.6254937715777382e-01  
q[180]: 4.0663737671238065e-06  8.6230497252150284e-01  8.0860602139562188e-01  6.3819593826920695e-01  4.2423734033943739e-01  4.0354282846054335e-01  3.6262444110813197e-01  
q[181]: 6.8816148781914450e-06  8.6685333001709952e-01  7.6339234199060291e-01  6.3253452672267574e-01  4.9710856289329219e-01  1.5122377381484131e-01  1.2101851000534966e-01  
q[182]: 8.1654346670981595e-06  8.8939377494665994e-01  7.7571972749112306e-01  6.5947844853531168e-01  5.3886545561292443e-01  2.4553865064352448e-01  4.0619237560333990e-02  
q[183]: 1.0222436794349765e-05  8.5913128504006930e-01  7.6520732565366123e-01  6.1755286832256007e-01  5.1237890111982842e-01  4.1457947285874674e-01  9.2853179836666466e-02  
q[184]: 1.0969317787527936e-05  9.4754618018314707e-01  8.0685703958062660e-01  6.5185666083614424e-01  5.2096173177787253e-01  4.2589498972890333e-01  2.9441182126886795e-01  
q[185]: 2.9589504198889215e-06  8.6428725325517808e-01  7.7669585707106625e-01  5.9707340110215545e-01  4.6836030106340520e-01  4.5629380558618182e-01  2.2682177202614451e-02  
q[186]: 4.1053444793959316e-06  8.6779231727988637e-01  7.1023711979576876e-01  6.9335818719190889e-01  6.3854218797518270e-01  1.8588236862867757e-01  1.5042012960533477e-01  
q[187]: 1.9909268386446539e-06  8.5769798504029537e-01  7.7556676900188060e-01  6.3199723117030104e-01  6.0286793738656708e-01  5.4988675527843334e-01  5.4492788928768598e-01  
q[188]: 5.4554980208296753e-06  8.9791128865492797e-01  7.2860456197187817e-01  6.4683489413435480e-01  5.2785840522333549e-01  5.1883486893288100e-01  2.5668278509392428e-01  
q[189]: 5.7963469386110010e-06  8.3845282262564780e-01  7.3572656579156537e-01  6.2323831720130396e-01  6.0853505108871375e-01  5.2618399814954708e-01  2.4080332184258352e-01  
q[190]: 2.0586307014277203e-06  8.8950206873180437e-01  7.6203199657487730e-01  7.2825487403641032e-01  2.0174616345665447e-01  1.8169429133898388e-01  1.6467904058622029e-01  
q[191]: 9.3334891632182696e-06  8.6942504409371346e-01  7.6492861828801695e-01  7.2307994008434651e-01  3.4278765395636707e-01  2.3459872776592267e-01  1.2533969349644450e-01  
q[192]: 2.7163261970204103e-06  8.6179441851705119e-01  8.3147102668545758e-01  7.7298484954428803e-01  3.7693688773668993e-01  1.9725975580566515e-01  1.8717591622466348e-01  
q[193]: 8.7943444905162344e-06  8.7715913412112390e-01  7.6414882458732736e-01  7.1781574215628863e-01  5.8349405657830333e-01  3.4238501422444961e-01  2.8930788675452712e-01  
q[194]: 4.6162556186157056e-06  8.7946282633082606e-01  7.8385683000417916e-01  7.3142462754927628e-01  5.5972025368882206e-01  3.8948108354698624e-01  1.2194411852194892e-02  
q[195]: 1.0867411772417482e-05  8.9706803880935992e-01  7.7974655512912783e-01  7.4656015019054478e-01  5.9743974178215586e-01  4.6541652488937885e-01  2.0249100665564324e-01  
q[196]: 3.1727832627072208e-06  8.5616966369921388e-01  7.4033336487489265e-01  7.2364089704801415e-01  5.6484511489787148e-01  5.3830673023553388e-01  8.0043706720324306e-02  
q[197]: 2.3219185080381749e-06  8.6540139054555743e-01  7.4149343858227090e-01  7.2977999136366167e-01  6.8962816872320298e-01  6.6248979907823413e-01  2.8906180437842943e-01  
q[198]: 4.7931659872930765e-06  8.3698602532772082e-01  7.4244719820738225e-01  7.2054599323005353e-01  6.9167915023454318e-01  3.3728263835929140e-01  1.5026476876766170e-01  
q[199]: 3.7532503881206210e-06  8.7782538571488777e-01  7.9137385422938800e-01  7.5544276265638877e-01  6.4440191894017196e-01  1.6520643413168917e-01  1.7928112136117294e-02  
q[200]: 1.4904639298373411e-06  8.5054996490772994e-01  8.0165730057129381e-01  7.7798178353319858e-01  7.4696173473738448e-01  4.0473566801510519e-01  1.6729529815286220e-02  
q[201]: 3.6213325894850182e-06  8.9941475505773039e-01  7.4517535048164207e-01  6.8065453553053767e-01  6.5073310816298491e-01  6.1450925585464722e-01  5.8542561535343048e-02  
q[202]: 2.1891005170194098e-06  8.7601618590466579e-01  7.4424468167305080e-01  7.2021106193325546e-01  7.0756413121556339e-01  5.4347491512454538e-01  4.9469987587578612e-01  
q[203]: 3.9344637953531385e-06  8.7604163513544187e-01  7.7213888806738074e-01  6.9590741626470143e-01  6.4733651156277128e-01  6.3133935597554780e-01  4.9597050752787009e-01  
q[204]: 1.0999305001184308e-06  8.4974863818362001e-01  8.2343767827374781e-01  2.1675702609710559e-01  8.0683362049291635e-02  5.3960669448019104e-02  1.3225791282054151e-02  
q[205]: 1.2131147225933766e-06  8.3505989537677405e-01  7.9003489704646646e-01  2.3700146658758509e-01  2.2004561852301957e-01  1.9680520956316619e-01  2.6184277699337493e-02  
q[206]: 1.0314809576369413e-06  9.2097271978637263e-01  8.9567242491976418e-01  2.0993235109303365e-01  1.6343123373428867e-01  1.5632389180695488e-01  1.1674679193186077e-01  
q[207]: 1.5410807552077716e-06  7.9256493519241900e-01  7.7677168475647962e-01  3.6105030513651615e-01  2.3657316693558567e-01  2.1719794512877097e-01  2.4567301539387760e-02  
q[208]: 1.2149151788048048e-06  8.1775847513471689e-01  7.9375857290580809e-01  4.2802567812337838e-01  3.9532588244339401e-01  3.7674938034223289e-02  1.7808552358731019e-02  
q[209]: 6.7676118084080681e-06  8.7026817835492110e-01  8.2544204380805009e-01  5.4434908726186282e-01  3.6254199014632232e-01  3.5287006069597598e-01  1.5647611304360828e-01  
q[210]: 2.3488425983974584e-06  8.5887093230465572e-01  8.2425665320960739e-01  3.3602523742040680e-01  3.1508655428524074e-01  1.6931393683259438e-01  1.5795385170518833e-01  
q[211]: 4.0870911506052665e-06  8.7341243982578876e-01  8.5004330137865713e-01  4.6447576677781383e-01  4.1541943027700035e-01  3.3157037465802558e-01  1.6806358290840917e-01  
q[212]: 1.1310611899682376e-06  8.2298958173595982e-01  7.9815302034441082e-01  4.3531433541010617e-01  4.2081131418944512e-01  3.9904748971612919e-01  3.7248822554237915e-01  
q[213]: 6.2679720577533017e-06  8.6730915656841867e-01  8.1688262136597800e-01  5.0772974123434256e-01  3.1693501253190465e-01  1.6858370827690100e-01  1.9988762940142010e-02  
q[214]: 4.8912420621180325e-06  8.6546387207184339e-01  8.4702507595998688e-01  5.8360315002470498e-01  3.9335118896445886e-01  1.7548636125526915e-01  1.5520952332991750e-01  
q[215]: 3.1961914426027487e-06  8.1402478931929800e-01  8.0310463131949961e-01  6.3630981944048182e-01  4.8329012972682356e-01  3.3980739876375304e-01  1.6656775203392898e-02  
q[216]: 2.3662073879001988e-06  9.1915627262756328e-01  8.8705042379121024e-01  5.5469947556647936e-01  5.4074358285102353e-01  1.7520622253993845e-01  4.4413675664702994e-02  
q[217]: 3.3312371460010285e-06  8.5239047041402716e-01  8.4138101463279802e-01  5.7977878107991410e-01  5.3921205486088242e-01  2.4638122521972508e-01  1.7034667734121811e-01  
q[218]: 1.8330586500399207e-06  8.2133190510581477e-01  7.9550242558277251e-01  4.7970181134567136e-01  4.6016932778334357e-01  4.2955914423799901e-01  5.1820627697381529e-02  
q[219]: 1.4804155710442972e-06  8.6687115262063452e-01  8.2717993845221616e-01  6.7594993217639021e-01  8.6084785451970333e-02  5.1991576196142163e-02  2.0175689373309498e-02  
q[220]: 1.4977092809100650e-06  8.8436905890681572e-01  8.5283765764170416e-01  8.2119233424271465e-01  2.1410396094674281e-01  6.7371818012634768e-02  3.5495049873923462e-02  
q[221]: 5.1395309191050123e-06  8.9712284163129696e-01  8.9158200656466779e-01  7.6070507758828043e-01  3.5179092641516180e-01  2.1998786209147922e-01  6.7329097672165897e-02  
q[222]: 1.1158474493348669e-06  8.1147464337843056e-01  8.0659039068022897e-01  7.7178939693022208e-01  1.5927061245908644e-01  1.2491718441773769e-01  8.4109873386016568e-02  
q[223]: 1.5589387757953851e-06  8.2697249545324469e-01  8.2582773740484217e-01  7.2584067585851708e-01  4.6133662161091610e-01  7.3824814575508810e-02  3.5477927169578712e-02  
q[224]: 4.0591788341589721e-06  8.5665615050034472e-01  8.2230767056811438e-01  6.8101749750570462e-01  3.5496713280709619e-01  3.2858760443578849e-01  3.1542941858557702e-02  
q[225]: 1.3770115846334697e-06  8.4507477988251878e-01  8.2331884717882953e-01  6.8282878736005836e-01  6.2903990640026175e-01  4.2452486831966001e-02  1.9502989587264524e-02  
q[226]: 5.8485478128546709e-06  9.0628179374862050e-01  8.8935643131057929e-01  7.6320165820951980e-01  5.6587091009914947e-01  2.8819371292347384e-01  1.6173686425916209e-01  
q[227]: 3.6018488028331524e-06  9.0372157872049241e-01  8.9639954288563106e-01  7.1798293330213436e-01  5.8875092985865607e-01  2.0939464770564981e-01  2.8032429070005523e-02  
q[228]: 2.8312368645447726e-06  8.5142798673645192e-01  8.4988683540094023e-01  7.0854829411914055e-01  5.8627796203623972e-01  4.0233356966598710e-01  3.8771112001457586e-01  
q[229]: 1.2462086902081300e-06  8.1341109939766587e-01  7.9098884522560342e-01  6.6631831068253067e-01  6.4741464102714674e-01  5.9806059503582165e-01  2.2016904633498886e-02  
q[230]: 2.5891994892310311e-06  9.0275046532983760e-01  8.4384957498181035e-01  7.4461396588754458e-01  7.3395916389096072e-01  1.5197801984253831e-01  5.4342714918602000e-02  
q[231]: 4.2936298395276009e-06  8.7586658575165988e-01  8.4951459615974023e-01  7.2343632635137367e-01  6.8610378689895790e-01  3.4017245357170761e-01  1.7757220672704227e-01  
q[232]: 2.2770647478435562e-06  8.5664894784914669e-01  8.4189956439807989e-01  7.6584270524255005e-01  6.7903851224282696e-01  1.6215063559641804e-01  1.4058297526300284e-01  
q[233]: 1.6971670392309711e-06  8.8217428706804202e-01  8.7549535448496152e-01  7.1862253171496260e-01  6.9116865035730812e-01  3.9228586014793021e-01  3.0355733685420265e-02  
q[234]: 5.1232133933566289e-06  8.8419084316685415e-01  8.6433780532168136e-01  6.7255728226376377e-01  6.5058265257356929e-01  4.9399147902815571e-01  1.6931508199745773e-01  
q[235]: 6.0816452878927270e-06  8.8368690597847710e-01  8.3828118429489074e-01  6.7397690043519221e-01  6.5295161974746485e-01  5.1985375852604276e-01  4.0703419298750149e-01  
q[236]: 3.0566176012046723e-06  8.9010525871211921e-01  8.2881392518226393e-01  6.6523616458370383e-01  6.2826694532131999e-01  6.1252006594366948e-01  1.8464865940385838e-01  
q[237]: 3.9470292625368293e-06  8.8263890412121071e-01  8.2384843599910129e-01  7.2745806516694045e-01  3.5151051703229613e-01  3.4595484098248458e-01  2.1625444947739189e-01  
q[238]: 3.4343652609486903e-06  8.5674432866538297e-01  8.2412615963822156e-01  7.9771159498859678e-01  4.4323782616672563e-01  1.7993290441689244e-01  2.1077609041452096e-02  
q[239]: 3.4682752316339732e-06  8.3037110075017317e-01  8.1932480476239089e-01  8.0728010887253498e-01  4.7278702680810819e-01  3.4587965305180984e-01  1.9892209180737652e-01  
q[240]: 1.8067206005179496e-06  8.5858331914306352e-01  8.2963106604639869e-01  8.2305048712844076e-01  4.2767719418866262e-01  3.8299954076721271e-01  4.3795418051437274e-02  
q[241]: 1.6237132035126836e-06  8.5440839694174964e-01  8.3359548223760860e-01  8.0503793414335290e-01  4.1171794436264270e-01  3.8127939275549189e-01  3.5553099677711814e-01  
q[242]: 3.0981769988315649e-06  8.6708167868588348e-01  8.5430948433655474e-01  7.9425029495163912e-01  6.1327552123556095e-01  5.8364890846768192e-01  2.0103211897544440e-01  
q[243]: 5.2000926843884232e-07  8.3556430285713179e-01  7.8456831047182807e-01  7.7599417099413337e-01  7.6061650834704186e-01  6.1771742210271000e-02  3.7290080348960128e-02  
q[244]: 3.5684408963703026e-06  8.8845993000156409e-01  8.4589996868932060e-01  8.2091228793442872e-01  5.3875160835730385e-01  1.8108227501311128e-01  1.4578780183800330e-01  
q[245]: 4.3453059545832685e-06  8.7626685640688751e-01  8.3896766884356722e-01  8.1998953794105023e-01  6.6613195287549865e-01  3.0485402219964841e-01  9.7426622588948783e-02  
q[246]: 4.4020140138512523e-06  8.4575185767240368e-01  8.2982373853811331e-01  7.9711517783325225e-01  6.2187117384900525e-01  4.7228274729005620e-01  1.1311720151790826e-01  
q[247]: 9.5146520289414210e-06  8.9355526996042844e-01  8.5680476337887757e-01  7.4734615190805953e-01  5.9456170675194098e-01  5.1632176801136953e-01  3.5738850909709446e-01  
q[248]: 9.7985937842887857e-07  8.8145442049717437e-01  8.4945170147704019e-01  8.0178485953225287e-01  6.3045156357823884e-01  6.0509996274610711e-01  6.4597895922208744e-03  
q[249]: 1.2891368209828085e-06  8.7731799771643593e-01  8.6786689555264751e-01  8.2157240654080088e-01  7.9139851692266527e-01  7.3966291250303984e-01  3.8442034918303003e-01  
q[250]: 1.7532267835206028e-06  8.3529940375311285e-01  8.0063787630750893e-01  7.9824915271195618e-01  6.4997871121332607e-01  6.2239254459895810e-01  3.9633968277063958e-01  
q[251]: 1.0462002198904352e-06  8.4836460163127758e-01  8.4347933069523051e-01  7.9258134484929188e-01  6.3682991932143973e-01  6.1860519834629280e-01  5.8240375364515318e-01  
q[252]: 2.6458987454545792e-06  8.4270870805322118e-01  8.0354219527826798e-01  7.7046361342357383e-01  7.5571263911717335e-01  3.7300427947799392e-01  3.2666549512972659e-01  
q[253]: 1.1052911879899788e-06  8.6376694611096405e-01  8.2253196971916431e-01  8.1240623880206631e-01  7.6622218863088276e-01  6.4956315663227393e-01  2.1758735417594915e-02  
q[254]: 3.6074704906247220e-06  8.8044305480302176e-01  8.3086597406976370e-01  8.0522222109349928e-01  7.7261283167952621e-01  6.0467855498901013e-01  1.5142195861669308e-01  
q[255]: 3.7679821290099853e-06  8.4844105191027508e-01  8.2722361299391223e-01  8.0405293982472759e-01  7.4960467462629943e-01  5.5559898264186591e-01  3.7171497747107440e-01  
q[256]: 2.6224575757374970e-06  8.7374213875026363e-01  8.2005383439166157e-01  8.0616720140627640e-01  7.0841272466131655e-01  6.0272579150804495e-01  5.5657176078449933e-01  
q[257]: 1.0315577923142395e-06  8.5573128819127653e-01  8.3707107645552437e-01  8.1360921645133844e-01  7.7817646080312497e-01  7.5533193830122425e-01  1.2928203837102270e-01  
q[258]: 5.5315352266444135e-07  8.2459321858503365e-01  8.0367013648449426e-01  7.7295545778135166e-01  7.6054351664921471e-01  7.2862824782039415e-01  6.8443021914157354e-01  
q[259]: 7.2499991729782976e-07  9.4757561945584479e-01  2.4453266391814577e-01  2.1590094811487223e-01  1.9934387755165434e-01  1.7967891101580330e-01  4.0767344327353246e-02  
q[260]: 3.5058448395351792e-07  9.9420932909010551e-01  2.1613965083047318e-01  1.7738784625383061e-01  7.8535413991248290e-02  6.5765804614625931e-02  3.0610334121580266e-02  
q[261]: 6.9040691523104791e-07  9.6000727159134658e-01  2.8316221240241890e-01  2.4356525386762257e-01  2.2274055859800365e-01  2.0309499078761398e-01  1.7494578154710697e-01  
q[262]: 2.6029413986682388e-06  9.4885707376308426e-01  4.5106734654102487e-01  2.4478619932369222e-01  1.8490389696252479e-01  1.6886460362742897e-01  2.3521297479286073e-02  
q[263]: 1.3834985537792355e-06  9.8602485823275876e-01  4.6585684555934981e-01  2.8375900388842512e-01  1.5315786502922080e-01  1.3207082668290138e-01  1.0602737628374184e-01  
q[264]: 2.3839753255974705e-06  9.5821747915405597e-01  5.4236755859474894e-01  2.7042802201367527e-01  2.3852141728368809e-01  5.1331081059861006e-02  1.9253624966380549e-02  
q[265]: 1.8043718262208629e-06  9.9287827070477974e-01  4.3589295720558480e-01  3.1342345258750681e-01  1.9477333957946974e-01  7.3367087356947719e-02  2.4449549675824935e-02  
q[266]: 6.5452971284825430e-07  9.7712900431397798e-01  5.3659849334336951e-01  2.8458396296585570e-01  2.6715485637963837e-01  2.6357025208241386e-01  2.4163733601962306e-01  
q[267]: 1.8484877671051233e-06  9.8730185125330350e-01  4.3428947326936873e-01  2.9201981719102960e-01  2.7996550743667331e-01  1.9339856826167093e-01  6.8538664527712317e-02  
q[268]: 4.0173347809781647e-06  9.4837171245049967e-01  4.7662224453425400e-01  3.5010272875761361e-01  3.2301679589479565e-01  1.9256508139197598e-01  1.6842969806904681e-01  
q[269]: 2.6568593300474008e-06  9.4923170625851316e-01  5.2869879972762024e-01  3.8893115240190884e-01  9.0584375583658699e-02  6.9136483884483971e-02  2.3109131589362408e-02  
q[270]: 3.2238778693150525e-06  9.3042727595896435e-01  4.4417506654909622e-01  4.0600823607368569e-01  2.4934597410658202e-01  2.3311976428034126e-01  1.9271586362122184e-01  
q[271]: 1.4156233786699852e-06  9.7958135208058217e-01  5.0420453506036556e-01  4.4962908269054719e-01  4.2878131979602618e-01  8.1507966919672811e-02  5.4391662969540198e-02  
q[272]: 1.2676153596626464e-06  9.6830825500395556e-01  4.1930319396444266e-01  4.1311155364715396e-01  3.4353808713709350e-01  1.5550791756404317e-01  1.0961394825068646e-02  
q[273]: 8.0768816557270583e-07  9.8340850716954975e-01  4.8310172385459499e-01  4.6754210632295418e-01  1.1429295939996452e-01  7.8251297079493312e-02  5.5868894367921841e-02  
q[274]: 1.1775175946075757e-06  9.3984546046827111e-01  4.5030300971207832e-01  4.2566385924594796e-01  2.0397175583236293e-01  1.7772732046074123e-02  8.2257316948532340e-03  
q[275]: 1.6987474091572297e-06  9.8829534890551340e-01  4.7435587662586393e-01  4.3793316471726373e-01  2.6141090150904484e-01  2.3054982768799870e-01  4.5489397839279307e-02  
q[276]: 2.1174075455249745e-06  9.7446631220583879e-01  4.0705181001730684e-01  3.9579481332826066e-01  3.0825233981176864e-01  1.7427323962107749e-01  1.3606150465717234e-01  
q[277]: 2.5447074001839791e-06  9.5033970023318914e-01  4.7523163044415279e-01  4.5736963948813264e-01  4.3239460252725137e-01  3.4017401927461471e-01  1.6619318076247466e-01  
q[278]: 6.2401351189522983e-07  9.8495449113288791e-01  5.2541491718213640e-01  4.9038373522541173e-01  4.8749538472061044e-01  4.2709085800084279e-01  3.8248373334366509e-01  
q[279]: 1.1315261275382267e-06  9.9462141393534931e-01  5.1729734439140418e-01  4.7396809568474219e-01  4.3950964887735494e-01  3.9496193018942588e-01  4.7103985736448833e-02  
q[280]: 9.5511056003008296e-07  9.7193795502104108e-01  5.7316273826266095e-01  1.2824118142771007e-01  1.0188861102233043e-01  6.6220710647916126e-02  4.8539503566500899e-02  
q[281]: 8.2476640419940249e-07  9.8845071178387722e-01  6.9669129023736220e-01  2.3868701549116225e-01  2.0314094730804841e-01  1.8513949474649743e-01  1.0950758081618323e-02  
q[282]: 6.2980525150874406e-06  9.7332605692386098e-01  6.6851758045783582e-01  3.8476234664718417e-01  3.4123915615021061e-01  2.9611290816275121e-01  1.6474059048070508e-01  
q[283]: 2.6322973066758001e-06  9.9041155430793582e-01  6.7014794645437314e-01  3.1153486206538050e-01  1.5897992415860854e-01  9.1590392596502354e-02  4.2581342099929587e-02  
q[284]: 4.8984163853145686e-06  9.7819109858903452e-01  7.0803770824982903e-01  5.2606714402294508e-01  2.8630144949120795e-01  2.7220169274467798e-01  6.7284318275850491e-02  
q[285]: 3.4173384387537354e-06  9.6363629919083893e-01  7.5410268069147546e-01  4.7788418009655242e-01  3.0063655327241662e-01  1.4097114913206998e-01  1.3422180302115772e-02  
q[286]: 4.0625753776071013e-06  9.5111649187425307e-01  6.9268650360455086e-01  5.6470974269530894e-01  2.1258735747714747e-01  1.8593841624927834e-01  1.5511302108112668e-01  
q[287]: 4.3418082632897680e-06  9.4806148807734991e-01  6.4330766700306818e-01  5.0499543846669248e-01  3.9596511472039847e-01  3.1598584733471435e-01  1.6408662503341492e-03  
q[288]: 4.1876466639760173e-06  9.7929547807826700e-01  6.4828173173590797e-01  4.7618102219003444e-01  3.2196802950305820e-01  2.4700022272044680e-01  2.2301138211047736e-01  
q[289]: 2.1477927777410936e-06  9.6314677531893778e-01  7.0416208103949129e-01  4.2321455826034821e-01  4.1806989685158341e-01  2.5919702008752427e-01  1.6304394038335137e-02  
q[290]: 1.5813069955761800e-06  9.8133537717229402e-01  6.9293373896819854e-01  5.0700374488920852e-01  4.9155029386532362e-01  4.7083925125413562e-01  5.5699841640173393e-02  
q[291]: 2.4282341752422585e-06  9.8426517767076727e-01  7.0775942853169205e-01  5.4329155501376136e-01  2.3635009948698418e-01  6.0857511379784478e-02  5.1293085015966029e-02  
q[292]: 4.3453177581745480e-06  9.2917538967391144e-01  5.8429493092491402e-01  4.7304195634098395e-01  3.7029857297445040e-01  5.6256032797981137e-02  2.0773990227420477e-02  
q[293]: 6.5412571739525486e-06  9.9038640485562524e-01  6.8476747996950416e-01  5.3368946977902265e-01  4.3540968801175384e-01  2.5444428359164983e-01  7.3140409610028240e-02  
q[294]: 1.7457378733668831e-06  9.7679640421015523e-01  6.5537637077968003e-01  6.2173392994448196e-01  5.9374535734577683e-01  4.0347259704226973e-01  2.7634880219624573e-02  
q[295]: 2.4175841882900548e-06  9.9434992043815962e-01  7.3280772525974713e-01  5.8987793460406868e-01  5.7354851218004166e-01  4.1225466182735498e-01  3.5293531759922880e-01  
q[296]: 1.7987001451461035e-06  9.5560079263030007e-01  6.8487817958885899e-01  5.5310300505522503e-01  5.0976715848170839e-01  5.0438888038792529e-01  4.6441318430773088e-01  
q[297]: 2.5511768012117979e-06  9.8298504634694039e-01  5.4335052177536347e-01  4.7765345344766447e-01  4.1044383651811467e-01  3.9748614539982813e-01  2.3034926508050324e-01  
q[298]: 2.1362404034885480e-06  9.9137495914870910e-01  6.7809293168225748e-01  6.1032619737029814e-01  3.0987280093637565e-01  1.5068926140964659e-01  7.8511068368683976e-03  
q[299]: 3.4885587465485779e-06  9.6738053980412009e-01  6.7691985708071001e-01  6.4853040503745407e-01  3.6379859824106103e-01  3.3365234449618092e-01  1.5573780272950083e-01  
q[300]: 5.1091222028298464e-06  9.7367956195353722e-01  6.1588399662086901e-01  5.6987398142774570e-01  3.1736608754853468e-01  1.7880999247133128e-01  1.1530758684975452e-01  
q[301]: 3.0454584458453294e-06  9.8329065556970385e-01  7.2779071489635383e-01  7.0944415880119616e-01  4.9616623817268130e-01  3.8466817968355582e-01  8.2706219445564097e-02  
q[302]: 1.1190153887498754e-06  9.4688684584984295e-01  7.0652958690680756e-01  6.9256253449436445e-01  6.4743994727893550e-01  5.9511076920195277e-02  2.2950816961229342e-02  
q[303]: 1.6090920632944961e-06  9.8163471862187934e-01  6.7095982996980674e-01  6.5968481040825766e-01  4.9530623942801377e-01  9.9293485503838014e-02  5.3414776816956118e-02  
q[304]: 4.1752133358594768e-06  9.7813866199039723e-01  7.0230450129758482e-01  6.2712999099342470e-01  5.1276772855438357e-01  1.9479269574447866e-01  1.7606739762857906e-01  
q[305]: 3.0467841212772488e-06  9.5265213636674917e-01  6.9723605758689755e-01  6.8668942962925017e-01  5.4336273207129349e-01  2.5709559594072651e-01  5.7199999830567214e-02  
q[306]: 5.1148432246328376e-06  9.9294713192717099e-01  7.1133991810501407e-01  6.5616055601257672e-01  5.5348626143209956e-01  4.2613204966477070e-01  2.5308518686768761e-01  
q[307]: 1.5924547518497984e-06  9.8144751547064957e-01  7.2353599630476451e-01  7.0319394989351214e-01  3.2001752039357212e-01  2.8342883136636160e-01  2.5416433735105831e-01  
q[308]: 1.2288443480568513e-06  9.4836874261149118e-01  6.4949566656209534e-01  6.2650171383237996e-01  4.9476747658922909e-01  4.7741245345545247e-01  1.5105276123895974e-02  
q[309]: 3.9679422335732625e-06  9.0555268549062495e-01  6.4181755281167296e-01  6.2521373467183894e-01  4.7096422673392441e-01  4.3698699120910678e-01  3.3601864830569145e-01  
q[310]: 1.8114245015266834e-06  9.8188465324996888e-01  6.6739115390417325e-01  5.8036711089076343e-01  5.5343522981229587e-01  1.8115544315336191e-01  2.1200566627325969e-02  
q[311]: 3.3062277845916980e-06  9.6592827385767499e-01  6.3171539121625053e-01  6.0517562696770621e-01  5.8699426059257631e-01  2.9930474966283255e-01  1.4929474497147405e-01  
q[312]: 2.1888551569356613e-06  9.4294340240591645e-01  6.3157156821700600e-01  6.1839665373623598e-01  5.9225909212050232e-01  3.3675030786766685e-01  3.1093462643144787e-01  
q[313]: 1.3893879091856362e-06  9.9056753461818414e-01  6.4164298149410937e-01  6.1081614548031371e-01  4.9251553842065410e-01  4.3892631610690763e-01  4.2095093490400254e-01  
q[314]: 1.2759096554968948e-06  9.6074329327948382e-01  6.7682670535867950e-01  6.6664306085015890e-01  6.4465593284194789e-01  6.1867299863991609e-01  1.8184407382295467e-01  
q[315]: 1.3364511857284605e-06  9.4835920163771992e-01  6.6563374580508150e-01  6.5741516028401470e-01  6.3826861840319626e-01  6.0342244000330947e-01  4.6135956988049692e-01  
q[316]: 1.6313893712483876e-06  9.7544163320630284e-01  8.3241601309610203e-01  2.3382470754963627e-01  2.1906950004167133e-01  1.8073393406434451e-01  1.2275427164489569e-01  
q[317]: 5.3690174939295818e-06  9.0802634424648676e-01  7.4261936856254196e-01  3.4183902180485431e-01  2.0213918689315422e-01  6.9989188188236490e-02  6.2399619086641600e-02  
q[318]: 2.9141284359991470e-06  9.4040257670595695e-01  8.0849534298826053e-01  3.9868983300849398e-01  2.0323167581644050e-01  1.8344757600234260e-01  5.8025565533077065e-03  
q[319]: 2.1796492495269935e-06  9.7575836023187079e-01  7.8595573644715078e-01  3.2256802044143706e-01  1.7723746943553365e-01  1.6800490993915490e-01  1.3057643898399221e-01  
q[320]: 1.9327224242348278e-06  9.6286123096540166e-01  8.1065014068343888e-01  3.1816420833408177e-01  2.8362363160541754e-01  5.6385989371458861e-02  1.5340358982103815e-02  
q[321]: 3.1499213703200068e-06  9.9086610040975831e-01  8.5102808818961351e-01  3.7984910255766607e-01  3.2424025710577131e-01  1.9017917354477762e-01  4.7814301741425383e-02  
q[322]: 1.4709997832425895e-06  9.9270811092591948e-01  7.4141016304001162e-01  3.7417478566701473e-01  3.3532498798299359e-01  1.4327171287471616e-01  1.4023078896287164e-01  
q[323]: 1.7156095367870175e-06  9.9200769881328765e-01  8.1748342283062336e-01  5.2880805854878665e-01  1.2124273168772469e-01  8.8032101715296657e-02  5.1556240745086787e-02  
q[324]: 3.3072435394215098e-06  9.4345435384124121e-01  8.7590082674055159e-01  7.1528691500266894e-01  2.9692582104327203e-01  7.1021497715702681e-02  5.7750044168095274e-02  
q[325]: 5.1086996481914323e-06  9.0096353534557505e-01  8.1397313864407250e-01  6.3289158463368123e-01  2.2237503670215980e-01  1.5620537187335598e-01  1.2499101004018046e-01  
q[326]: 3.7247837242993945e-06  9.6311967027018941e-01  8.3197622551959993e-01  5.9591721154841604e-01  4.0803203498451474e-01  2.2704336423694391e-01  2.2494053546399698e-01  
q[327]: 7.8423679917161555e-06  9.8158511637770407e-01  8.6846137362618914e-01  5.5444557962047247e-01  3.5292642910999128e-01  2.3023887859477749e-01  1.2640997621679811e-01  
q[328]: 2.4987797067610604e-06  9.8465975218367230e-01  8.3126583247332808e-01  6.7822569255021048e-01  2.1211121031420130e-01  1.4307604005405952e-01  1.8429064466834382e-02  
q[329]: 3.4464007132109210e-06  9.8179428415836179e-01  7.9917934218309894e-01  5.5807973851582948e-01  4.2411719955767940e-01  6.8389335562640458e-02  3.4080110485216114e-02  
q[330]: 4.2584127099569075e-06  9.7685123445394906e-01  8.4646332477225494e-01  5.3876761329429390e-01  4.4612605349289469e-01  4.0575066227281092e-01  5.3817475372335000e-02  
q[331]: 1.7893681828524906e-06  9.9704558316314207e-01  8.8760221541406226e-01  5.5747777057356540e-01  5.1271370009145634e-01  4.8552001230651759e-01  3.6961039065129864e-01  
q[332]: 2.7392141988019873e-06  9.6000994686423058e-01  7.9950248581265793e-01  4.8556384797031288e-01  3.9447598845402160e-01  3.5118256247217849e-01  3.4160455339404328e-01  
q[333]: 3.7354418045723286e-06  9.8159721593645544e-01  7.5692295086721773e-01  5.1347641515162989e-01  4.9557832946927355e-01  2.0119514277646927e-01  1.1371312780363953e-01  
q[334]: 7.0362187053351845e-06  9.5569729922978441e-01  8.5257631180832683e-01  5.2378250410892713e-01  4.8556086375361895e-01  3.2558701421306874e-01  2.5296870085263418e-01  
q[335]: 1.3148202646389037e-06  9.6867620170759483e-01  7.4996149528940237e-01  6.8296298385111753e-01  8.8143206934114121e-02  4.4521208551198309e-02  3.1498268873096424e-02  
q[336]: 1.5059806492909720e-06  9.8112378842340342e-01  8.0515967430260760e-01  7.7606838334581396e-01  2.0304001826433341e-01  1.9138630037419352e-01  6.9557434528485035e-02  
q[337]: 1.0108246164239558e-05  9.7254047045935954e-01  8.6919243652959166e-01  7.4720880360573594e-01  5.1403814825920047e-01  2.4156997478594305e-01  1.2311067225139737e-01  
q[338]: 9.4458037721186058e-06  9.2570694326707237e-01  8.0402320514496706e-01  6.6588414857417011e-01  4.3975385238093062e-01  3.5408458833972756e-01  7.5778429597087707e-02  
q[339]: 2.4934123210362537e-06  9.7175262969763798e-01  9.0298952089874007e-01  6.2737824979365420e-01  2.8359923424538541e-01  2.5169307476567637e-01  2.3927146907277316e-01  
q[340]: 3.4275758809927702e-06  9.8441796336216925e-01  8.2033297057261134e-01  6.7126989939712878e-01  4.6051521603757073e-01  4.5515867121922143e-01  3.5517373103982391e-01  
q[341]: 1.4547257103388343e-06  9.5052398002304406e-01  7.5928864490455916e-01  5.7478428412222882e-01  5.6790424279045848e-01  4.9209057221271627e-02  2.6378823400864827e-02  
q[342]: 6.3968389661692859e-06  9.6782404756821661e-01  8.5081883623904864e-01  7.2373883208449341e-01  6.5065336046174294e-01  2.4557403179999526e-01  1.6701333805494520e-01  
q[343]: 1.8175885746919065e-06  9.9443185450142346e-01  8.3454297947518641e-01  7.6757150142353647e-01  6.3735277418262004e-01  2.0306169661912071e-01  8.1438060061442257e-03  
q[344]: 4.1799803910393162e-06  9.7254024538053985e-01  7.8041824514371505e-01  6.4689253705356309e-01  5.9893305637773364e-01  4.6631771992777815e-01  1.5391521765947286e-01  
q[345]: 3.3685260815876758e-06  9.4192652898867291e-01  8.1286462503804491e-01  7.4930710896994057e-01  4.9234342098409101e-01  4.1766601331161679e-01  4.0905789397429881e-01  
q[346]: 1.0177383199581908e-06  9.9168453494730158e-01  8.9591537387590836e-01  7.8570562885318396e-01  6.6002978847880167e-01  6.3004718144580862e-01  1.3932931764604792e-02  
q[347]: 6.4247329135726730e-06  9.5244793786345849e-01  8.2963490112902827e-01  7.5166415276926579e-01  7.2716487887128178e-01  4.4404827595521029e-01  2.8433724080178768e-01  
q[348]: 1.1038610123808798e-06  9.7561893154519697e-01  7.8563293143920498e-01  7.3306279430332433e-01  7.2343956600771908e-01  1.9654486971516991e-01  1.7507235859950160e-01  
q[349]: 5.2069515235629659e-06  9.3880742343348922e-01  8.1533999235289389e-01  7.1115296752845847e-01  6.9101230727347585e-01  3.5074800277587709e-01  6.9015835111643067e-02  
q[350]: 2.4817628159474356e-06  9.5707107142289860e-01  8.5367544508299853e-01  7.1666468274694828e-01  6.8415765664215655e-01  3.8791282572221009e-01  3.8328236540213440e-01  
q[351]: 3.3660625498466355e-06  9.5276678201230502e-01  8.3617897265815255e-01  7.0288855555314844e-01  6.8053073688008159e-01  5.0963022348718623e-01  2.6211762557389173e-02  
q[352]: 7.0399797552334112e-07  9.9217658009933107e-01  8.6384619943712326e-01  6.5519234158229889e-01  6.5391183867347269e-01  5.8094613068151235e-01  5.5238351881118786e-01  
q[353]: 4.1124336120961350e-06  9.8513368227775677e-01  8.0379832635641713e-01  7.3045497764795753e-01  6.1355290705665766e-01  5.7780510469185409e-01  1.2858553109375617e-01  
q[354]: 5.0667026559874906e-06  9.8660893818879580e-01  9.2131378069491332e-01  7.3662414077004046e-01  6.1583329460662828e-01  5.7458011307300605e-01  2.5591506402438974e-01  
q[355]: 2.4197257831260359e-06  9.7305628602594463e-01  7.7301320770911686e-01  6.4555043357015818e-01  6.4434575363182567e-01  6.1275124679480808e-01  3.3303890283895637e-01  
q[356]: 3.0270035106409149e-06  9.5131536264445871e-01  7.4904183240051936e-01  7.3792390235153615e-01  2.5179093715079554e-01  9.1531727297397877e-02  4.5044744064940800e-02  
q[357]: 5.7802851974006880e-06  9.9213970045372035e-01  8.7297960236175287e-01  7.7593524618472065e-01  3.8778641309029938e-01  2.9215019140227100e-01  1.8450191465686883e-01  
q[358]: 1.7057175460710798e-06  9.9182451466665245e-01  8.2783158697382742e-01  7.7650712527388910e-01  4.4160067339954501e-01  6.4600347811208242e-02  2.8406111563955248e-02  
q[359]: 2.2873171027825078e-06  9.7671306761417409e-01  8.5921709860327267e-01  8.0245191681094652e-01  4.1240770717657244e-01  2.0104709934432544e-01  2.0094732207069690e-01  
q[360]: 4.5929125080525480e-06  9.5705360791382854e-01  8.3863381479981391e-01  8.0598886512849799e-01  4.3658698427731979e-01  3.1416789317810856e-01  4.3386746443475274e-02  
q[361]: 3.7301077621061231e-06  9.6202458054347950e-01  8.3639150885186764e-01  8.2996238323339266e-01  5.2789808639309888e-01  2.8519089830214372e-01  1.7062617683902542e-01  
q[362]: 1.4065993681616916e-06  9.6169616737570118e-01  7.8045589041621666e-01  7.3704396865145372e-01  3.8481497446940582e-01  3.6618902933437791e-01  5.4209068613254464e-03  
q[363]: 3.3035875864786537e-06  9.5754860382525153e-01  8.5771324335033905e-01  8.2041991617894405e-01  4.9187293743524130e-01  4.7948962002837675e-01  1.5352853162121541e-01  
q[364]: 3.8728529036169438e-06  9.5352008527100818e-01  8.6968574662493892e-01  8.5547549418487001e-01  5.2771393593234195e-01  4.7513964808340625e-01  3.5350443711981000e-01  
q[365]: 2.4734647391618339e-06  9.6564867339985661e-01  8.5595524107078624e-01  7.7096585426855935e-01  6.6165703548320631e-01  6.3835995586523628e-02  3.5565311891886775e-02  
q[366]: 3.5146644301148991e-06  9.7888004882719726e-01  7.9040388981095755e-01  7.6927862840463423e-01  6.1688279056449569e-01  4.1297603825287077e-01  3.5239014088601145e-01  
q[367]: 2.4800251629901781e-06  9.8065728440866784e-01  8.4321029622612498e-01  8.1083381510561492e-01  6.7332797636990249e-01  4.7994568159944867e-01  2.7256350910281588e-02  
q[368]: 1.7988020302348833e-06  9.9165530307880023e-01  8.3133539189465822e-01  8.1725328723669122e-01  6.8826850554473029e-01  6.5368582417428744e-01  3.8684992039521565e-01  
q[369]: 1.3716805638925231e-06  9.5181723112736794e-01  8.3092718441856672e-01  8.1081968714437280e-01  6.5511811522513141e-01  6.4456668828294517e-01  5.9892169337457668e-01  
q[370]: 2.2607939273929260e-06  9.8664685530899177e-01  8.7298261143880940e-01  8.6745875505842385e-01  7.8029639934992123e-01  3.7808045529902351e-01  1.7345260742134075e-01  
q[371]: 1.1734662534581306e-06  9.9133451193052768e-01  8.6828637905012152e-01  8.3769748647277398e-01  8.1477585295525556e-01  2.0775326454332987e-01  6.9884312986223940e-02  
q[372]: 1.0905625794785313e-06  9.7215159145550423e-01  8.7002551966195052e-01  8.5796131032705081e-01  8.3021918595478461e-01  4.2807419428948673e-01  3.6361374199881245e-02  
q[373]: 4.5834291826893419e-07  9.7522024951891140e-01  7.9268750806226951e-01  7.7235587060085997e-01  7.5461628933108471e-01  7.0352984957332609e-01  1.0762077396229587e-02  
q[374]: 2.6541297146175367e-06  9.7590284162503294e-01  8.1820775934749224e-01  7.9417298863192309e-01  7.7059061717966326e-01  6.0171143627584911e-01  1.6585421578920120e-01  
q[375]: 2.6435895401318391e-06  9.4918214109648491e-01  8.0430440929884250e-01  7.8650802475025705e-01  7.6796015770000114e-01  6.2435149897882991e-01  3.8811079266796739e-01  
q[376]: 1.7809259289411824e-06  9.8302999767562238e-01  8.5990437853585222e-01  8.2481496397400866e-01  7.7506457951127161e-01  6.3098325265352939e-01  5.9477945835801149e-01  
q[377]: 1.7908013500599660e-06  9.9385510674082989e-01  8.8794336908765059e-01  8.1117978530116264e-01  7.6198764340875702e-01  7.1336912683350207e-01  5.7924380607704484e-01  
q[378]: 4.9947567023587357e-07  9.4119356726985615e-01  7.6253351803969882e-01  7.3837413838957067e-01  7.2349016516979880e-01  6.9735450888230632e-01  6.7699155875832973e-01  
q[379]: 7.3546184763595199e-07  9.9534929785200343e-01  9.1557086545886202e-01  2.7236694625451036e-01  8.6441335869977723e-02  4.9942057489810454e-02  1.3694457396450373e-02  
q[380]: 2.0261388742740449e-07  9.8598615898136233e-01  9.6614179463429417e-01  1.2333794892134171e-01  9.8793119516842803e-02  5.3578497864185559e-02  1.8925889167692063e-02  
q[381]: 9.3235107445428382e-07  9.7394875133702441e-01  9.1803069825282713e-01  3.0431715290088945e-01  2.8431413727936722e-01  2.5788822269119260e-01  2.8841600680741902e-02  
q[382]: 1.3168146884140203e-06  9.2773637298657430e-01  9.1250865730592223e-01  3.6650458551913190e-01  2.2255973649946983e-01  4.0083316255790730e-02  2.3865892832870442e-02  
q[383]: 2.1521125143120537e-06  9.6714539266860233e-01  9.4612981856274658e-01  3.7514222449305867e-01  2.4475810450205596e-01  1.9951067108019485e-01  5.3742942693861311e-02  
q[384]: 2.0435114621593797e-06  9.6214228199689900e-01  9.2950050244835059e-01  3.9480376164304726e-01  2.2536079488936489e-01  1.6932931626142533e-01  1.5131396258806099e-01  
q[385]: 2.0051372752163447e-07  9.8803873745244075e-01  9.4992665426883083e-01  4.2869732304600278e-01  4.1624338886913637e-01  1.3045910618786702e-02  6.9040260510902290e-03  
q[386]: 1.8147913701106505e-06  9.9939860000589154e-01  9.4028660127351305e-01  5.1286353641052074e-01  3.4551653071940619e-01  3.2719240512744358e-01  1.6201217232997603e-01  
q[387]: 1.2426778106063415e-06  9.4297360174440270e-01  9.3106086534525445e-01  3.2222332431620626e-01  2.9798049951406108e-01  1.2688899806681145e-01  3.2162606098543760e-02  
q[388]: 9.8331045711133073e-07  9.9234766458928780e-01  9.4559736851549814e-01  3.2633025915223562e-01  2.8039469579915072e-01  1.2763016907868266e-01  1.1827377798697056e-01  
q[389]: 2.1925454496430210e-06  9.6455242764145632e-01  9.4552005378152693e-01  4.4121155036968673e-01  4.1765021096681443e-01  3.6036682632434697e-01  2.2184372456475659e-01  
q[390]: 4.9822062833124571e-07  9.8419385101411394e-01  9.4241220016059435e-01  4.2584398308254034e-01  3.9481913502447946e-01  3.7521899760772015e-01  3.6470483172141310e-01  
q[391]: 9.9902306595529499e-07  9.4456176596839636e-01  9.3735410576017253e-01  4.7393580351514358e-01  1.0421584291380785e-01  8.2922124882955153e-02  5.6838382362821800e-02  
q[392]: 1.7191949724278458e-06  9.8576873554154654e-01  9.0534408299158198e-01  5.0843165682759484e-01  2.0260083300307896e-01  4.3743658800868487e-02  1.5277077917878433e-02  
q[393]: 2.4530718798823335e-06  9.7304879553158807e-01  9.3032312709466447e-01  6.7254288761791847e-01  2.7432419195533853e-01  2.6309253347708605e-01  1.2172756377534757e-01  
q[394]: 1.9481192884783239e-06  9.8053437116876929e-01  9.6223481636942088e-01  5.4298064347578734e-01  3.8815381199491639e-01  1.8453240909675694e-01  2.6960364585741907e-02  
q[395]: 1.8231246314557965e-06  9.8873922212698784e-01  9.8148232467828178e-01  7.0912481929366933e-01  3.0000977885403957e-01  1.4050307311274990e-01  9.7850406006027485e-02  
q[396]: 6.7104408266527141e-06  9.4920871626718306e-01  9.4253663106284580e-01  6.9242033194728203e-01  5.3726924001778487e-01  3.9233953143906314e-01  1.6100206113051690e-01  
q[397]: 1.9328013702604140e-06  9.6086161956090821e-01  9.3581934322620086e-01  6.0410797074111300e-01  2.1308418031241624e-01  1.6611738232275433e-01  1.5515293398377386e-02  
q[398]: 3.7183990574802191e-06  9.6513897542772653e-01  9.2980822575452238e-01  5.9338889461595501e-01  4.5591852064191729e-01  9.6374272376056919e-02  5.2339642169662422e-02  
q[399]: 2.8388851758852076e-06  9.8145871818886232e-01  9.5735461618628703e-01  6.1784245317191999e-01  4.7094943572669890e-01  2.6146276499527538e-01  2.1320864619311677e-01  
q[400]: 4.3949684850803836e-06  9.9060145367774810e-01  9.2021121010264983e-01  7.1571833737679214e-01  5.6819449719624593e-01  3.4999484506779172e-01  3.2447570602596620e-02  
q[401]: 1.5477021044998003e-06  9.5283047491079542e-01  9.5216581142564527e-01  5.8662919559943971e-01  4.4582453709767972e-01  4.1140233703565349e-01  3.3331427092532534e-02  
q[402]: 1.7668709437916024e-06  9.7610547234840261e-01  9.7465425893967572e-01  6.5750306772847777e-01  4.7414868559746792e-01  4.4131749325546327e-01  3.6495395357806210e-01  
q[403]: 2.3392912109240472e-06  9.7534441283847728e-01  8.8876290656923640e-01  6.2682097387318869e-01  5.8687440995460938e-01  1.7214784640451963e-01  1.1482984671765912e-02  
q[404]: 2.1217503904021433e-06  9.8493399391159253e-01  9.5565994592614312e-01  5.6031365291522783e-01  5.3359937809215441e-01  2.5421963740787185e-01  1.4329702867175423e-01  
q[405]: 2.5613505138625532e-06  9.4667951313025289e-01  8.8842583943305076e-01  5.9305822254161378e-01  5.6574299596978583e-01  1.4739087811062929e-01  1.4116269455193250e-01  
q[406]: 1.2027863797251783e-06  9.7981447008055556e-01  9.6325552510217882e-01  5.7137911022075194e-01  5.5314860433768132e-01  3.8163601452485069e-01  4.0525824523688497e-02  
q[407]: 1.3168446398597648e-06  9.6738612355237696e-01  9.5668427248963661e-01  6.2887575671130147e-01  5.9944626443553184e-01  4.3654408705926234e-01  4.1460991367575917e-01  
q[408]: 5.8251734479573732e-07  9.6913900873809633e-01  9.0767562574852234e-01  6.0586001189673622e-01  5.8753899771290463e-01  5.6310357778349429e-01  1.0071272524272083e-03  
q[409]: 1.0336985731133838e-06  9.6962755585674831e-01  9.5807988781238074e-01  5.9020576010601877e-01  5.5993309927036361e-01  5.3789236164402554e-01  1.3987706793267757e-01  
q[410]: 5.5928033373476731e-07  9.8266966949762546e-01  9.4397869150337332e-01  7.1805807291533463e-01  8.0409322319757004e-02  4.1484492052218505e-02  1.9021331954500308e-02  
q[411]: 1.4473101583184265e-06  9.7836252595216289e-01  9.3285857171934550e-01  8.6390193020222505e-01  2.3097246012001069e-01  6.7512621430067296e-02  2.6457488220228659e-02  
q[412]: 1.4675724059317766e-06  9.9104893971168784e-01  9.7117162099645082e-01  8.1098169887960503e-01  4.2841519003715706e-01  1.8846730592751512e-01  1.5811180278684622e-02  
q[413]: 1.5788750036288327e-06  9.7326613155728658e-01  9.3773717177928728e-01  8.3497741686933102e-01  1.9186674317274874e-01  1.6205428544320666e-01  1.2813606842189562e-01  
q[414]: 1.6753135188835877e-06  9.5415859074015141e-01  9.2608852585478618e-01  8.4430995612803872e-01  2.2136261730666776e-01  1.9829424146824343e-01  3.2521129391564457e-02  
q[415]: 3.3711491409327863e-06  9.7638936364819362e-01  9.5354218902852861e-01  8.3054777697672355e-01  4.7944233096025596e-01  4.2583564335129670e-01  1.9392157599006044e-01  
q[416]: 2.0090158563781126e-06  9.5722505086569010e-01  9.2913339824037477e-01  7.6830663236258101e-01  4.8717765002741348e-01  5.3369529316844889e-02  1.9204520857940090e-02  
q[417]: 1.4916262314296420e-06  9.8433108674932479e-01  9.8008970462210387e-01  9.4351304744619346e-01  4.9354049025509261e-01  2.2170271523948717e-01  1.4638808544402299e-01  
q[418]: 3.0750608897390967e-06  9.8602844973927473e-01  9.2817891360807647e-01  7.2734644250930203e-01  4.3082202225705840e-01  3.7971152248935724e-01  3.6114697243627453e-02  
q[419]: 3.2785862628621747e-06  9.5686524688748475e-01  9.5101385148704409e-01  8.2893823129299626e-01  4.5970011849884856e-01  3.5681123442838808e-01  3.0665716493162665e-01  
q[420]: 6.1968540095785985e-07  9.8950260352992625e-01  9.7747746558323445e-01  7.6655861198682207e-01  7.1960249522923614e-01  7.1542785046581861e-02  3.1703358665190612e-02  
q[421]: 2.8654914702451094e-06  9.9329338505204023e-01  9.4840817384231846e-01  7.7310401910825288e-01  7.1654087208121997e-01  4.1514721708359414e-01  1.5621758922955231e-01  
q[422]: 1.7542301658742923e-06  9.8948509075257585e-01  9.6552300846247907e-01  8.4277876488064263e-01  6.3365663798731764e-01  1.9788242564008179e-01  1.8681642017823219e-01  
q[423]: 1.8485754206254188e-06  9.8943275878689940e-01  9.7380286138714978e-01  8.9962182370730881e-01  7.1517059515107551e-01  2.2465454022795123e-01  6.2146969076719093e-02  
q[424]: 4.6783369979381330e-06  9.8923643310649034e-01  9.3707009282204845e-01  8.0153801671434710e-01  6.4467099634339675e-01  4.5870169629197982e-01  4.0135823485046163e-01  
q[425]: 2.6662840947122919e-06  9.5778337032688654e-01  9.4397924216191531e-01  7.9830393700690405e-01  7.2762459836288929e-01  6.0816262711427971e-01  4.6898127121920749e-02  
q[426]: 1.9348855250921341e-06  9.6952721754819293e-01  9.1759525454115476e-01  7.6636081551998347e-01  6.2813011676522090e-01  5.8187028596498636e-01  5.6763818960145818e-01  
q[427]: 1.3881944926968405e-06  9.8596248032105682e-01  9.6458515828214220e-01  8.3283719825874947e-01  7.9112313303820980e-01  2.4556468349827482e-01  1.1667014855987459e-01  
q[428]: 2.0673035921374527e-06  9.6913919101544355e-01  9.5674737351124151e-01  8.1307461692915517e-01  7.8304734874459003e-01  3.8268948380661455e-01  3.1653394288909192e-01  
q[429]: 8.0118532179717030e-07  9.6494177216459753e-01  9.3282954474452529e-01  8.7859909773009304e-01  8.5039550417606802e-01  1.8826731611966108e-01  1.7658637934672652e-01  
q[430]: 7.3167975118239790e-07  9.8901871586900025e-01  9.7040761268411357e-01  8.4425744371444222e-01  8.2025660162114122e-01  4.0306233073544168e-01  2.7671806910767913e-02  
q[431]: 2.0184593233997582e-06  9.9805173265018299e-01  9.1091282069586321e-01  6.4700709299208470e-01  6.3911020267208885e-01  4.9998117687855809e-01  1.6527909464296880e-01  
q[432]: 2.7421895229533420e-06  9.8764151896445096e-01  9.5690560251381740e-01  7.8162434013716497e-01  7.4737024724451040e-01  5.9769823834758307e-01  3.9271053807450862e-01  
q[433]: 1.3212877319192641e-06  9.7573201933141507e-01  9.2419349086083846e-01  7.8170959673121165e-01  7.7107135445514474e-01  7.3523614686006300e-01  1.2705005846715012e-01  
q[434]: 2.0635237180615561e-06  9.5685387226463436e-01  9.4623145398251596e-01  8.2237677715770485e-01  6.6297157382499905e-01  6.4126498793834819e-01  1.1460636548201611e-01  
q[435]: 1.6222585352259030e-06  9.4922438077063964e-01  9.3956200970905579e-01  7.1640270829286723e-01  6.8487389743894356e-01  6.6381133066812470e-01  4.0311406826698842e-01  
q[436]: 1.4246599127769352e-06  9.5497496940885496e-01  9.3460217608111718e-01  7.3609264161038057e-01  7.0036909996494068e-01  6.7450547438740038e-01  6.1053020796396085e-01  
q[437]: 1.3700710176041782e-07  9.7076828253167047e-01  9.3143616092158210e-01  9.2725720121137800e-01  5.0816121484787646e-02  3.3610725277342442e-02  1.0761674287401452e-02  
q[438]: 1.2746400579505986e-06  9.7558071863243523e-01  9.3370683216988515e-01  9.1621061893585520e-01  3.3263450761155050e-01  2.1915691520890426e-01  3.1427590437761090e-02  
q[439]: 1.0630779758184878e-06  9.7339628390637856e-01  9.2774435507170405e-01  9.1999441903163492e-01  2.8865767777440393e-01  2.0668481520395612e-01  1.7298131599602182e-01  
q[440]: 9.3898362337747115e-07  9.5473744238528113e-01  9.4150890945548649e-01  9.3227839383913769e-01  3.8842438098975529e-01  3.6551221118727151e-01  1.9118637086471910e-01  
q[441]: 9.2701084623633398e-07  9.5855324583413437e-01  9.2723751768562623e-01  9.0768393809471037e-01  4.6010202633862957e-01  5.8383546827873868e-02  3.0397057013845371e-02  
q[442]: 1.9055963655424825e-06  9.7579261216656277e-01  9.1384864705331936e-01  8.9843104330931078e-01  5.8528652477680054e-01  2.2318979198277916e-01  2.8310158451171033e-02  
q[443]: 1.7359082183086964e-06  9.5962513147755257e-01  9.5306992591752115e-01  8.9213114072242694e-01  6.0814565572199974e-01  4.4375564356880814e-01  2.1576098715409602e-02  
q[444]: 2.2196784778498632e-06  9.8755437181246308e-01  9.6389644510345851e-01  9.3199203215872417e-01  5.9417431242227381e-01  4.3967706075290303e-01  1.5571601677211827e-01  
q[445]: 6.4570169479956853e-07  9.8758920799886574e-01  9.6496141518138168e-01  9.1678861661049216e-01  4.9548841801093929e-01  4.7886133291279126e-01  3.6798794014752612e-02  
q[446]: 5.4498228067674837e-07  9.9843232112899494e-01  9.5699405155255335e-01  8.9713283362166774e-01  4.5202925640375641e-01  4.5171842216754299e-01  4.2317854984506753e-01  
q[447]: 1.3448945166090544e-06  9.7224565138630947e-01  9.4432356595271327e-01  9.3307574337007992e-01  7.4041896841701149e-01  6.9664861482042229e-01  2.7036987573697274e-01  
q[448]: 1.2164999060028484e-07  9.9550776579212941e-01  9.5669109788895923e-01  9.2782668380528965e-01  9.0635234407743315e-01  3.3311191597373176e-02  1.9194221458617280e-02  
q[449]: 1.3229114292597161e-06  9.4926398389791400e-01  9.2103160712541066e-01  8.9931492093838838e-01  7.2205052194956576e-01  7.9196354061499288e-02  3.7191095991919790e-02  
q[450]: 3.5432238468817407e-06  9.5495382778443227e-01  9.4464201683404003e-01  9.0688066003414003e-01  7.4828364076972453e-01  4.2203025652567305e-01  2.9720526232639843e-01  
q[451]: 1.2949706370800876e-06  9.8550541884126686e-01  8.9723026201851852e-01  8.9108375334943946e-01  7.1139509278155511e-01  2.0496461826621951e-01  1.7461343900309700e-01  
q[452]: 1.3129232201161374e-06  9.4124154717416231e-01  9.0647556445251276e-01  8.8330148579529788e-01  7.6553125054709159e-01  4.1213460345005681e-01  4.1044387238710200e-01  
q[453]: 1.7221524077452059e-06  9.5844995027795599e-01  9.4550022193096384e-01  9.1873689452422280e-01  7.9961169682736510e-01  4.4560209573514714e-01  4.3207732463739629e-02  
q[454]: 5.5039038927958358e-06  9.7844946169082159e-01  9.2700699734156911e-01  8.7251541439601821e-01  7.3717328537573812e-01  5.2506671308872832e-01  1.7445838517102596e-01  
q[455]: 2.6534334430741232e-06  9.7690439240716176e-01  9.3905271404473512e-01  9.1278324787851484e-01  7.4509855595592811e-01  6.1044522175301219e-01  4.1974463492024222e-01  
q[456]: 1.3691744557938900e-06  9.6340786798065936e-01  9.3423728558840491e-01  9.2376543332506567e-01  6.1723599392271045e-01  4.5195245707901299e-01  4.2299010031024570e-01  
q[457]: 1.3963963395374005e-06  9.7420089683276001e-01  9.2556750234018115e-01  9.1800024781936018e-01  7.3837589227697442e-01  6.7396741994642284e-01  5.9317549734109479e-02  
q[458]: 1.7674750540225518e-06  9.7186518120666499e-01  9.2429309667827519e-01  8.7742645723249046e-01  8.4094394535362071e-01  8.1289378663691203e-01  3.8449698679920069e-01  
q[459]: 1.3771021269736246e-06  9.7194868394623013e-01  9.6572279874370437e-01  8.9271942902997048e-01  6.8420791358133071e-01  6.7317344782579691e-01  4.7946108787029196e-01  
q[460]: 4.8784765273498909e-07  9.8711472817980317e-01  9.7957297715896552e-01  9.5792299145159165e-01  7.8884659214678765e-01  7.2691311815431969e-01  6.8335844930974587e-01  
q[461]: 5.9410871109319766e-07  9.5733486441945748e-01  9.3725993792776074e-01  9.0311020158538191e-01  8.6454159537553266e-01  1.9560537783765941e-01  4.0760671731364072e-03  
q[462]: 1.2458327918289933e-06  9.5775680590852441e-01  9.5006045304754005e-01  9.1505245521544243e-01  9.0562356574501413e-01  5.0245842247683081e-01  1.8111945523995698e-01  
q[463]: 1.0258494114280227e-06  9.4047371874818009e-01  9.2950927738019440e-01  9.2771629022718061e-01  8.7515467295617877e-01  2.6301713937683058e-01  1.5086022309514532e-01  
q[464]: 9.4458397268753062e-07  9.9488525939423655e-01  9.2989229679704644e-01  9.1989781059708198e-01  8.9260689374200575e-01  4.7442707008763380e-01  4.0710685458709883e-01  
q[465]: 7.2505771097120561e-07  9.8273542809988745e-01  9.5560762133205723e-01  9.2519318716419652e-01  9.0043588170778743e-01  7.1950868499803844e-01  4.4309399777627975e-02  
q[466]: 1.8456965170863132e-06  9.7044473917603691e-01  9.5601379771701267e-01  9.0047112888882852e-01  8.6059003854873939e-01  7.2530732555695965e-01  2.4673296802606187e-01  
q[467]: 1.3492630946125938e-06  9.7583883753353107e-01  9.4935089749534252e-01  9.2353070209304955e-01  8.9157982718265594e-01  6.8426360179014956e-01  4.4628168091055509e-01  
q[468]: 1.1949993153187882e-06  9.5570537894784946e-01  9.5078849740084326e-01  8.9354928204118744e-01  8.6637904458817872e-01  6.8212454348280194e-01  6.3895090589698011e-01  
q[469]: 1.4689922237276338e-07  9.6480448156043930e-01  9.5552656479344789e-01  9.0251014821069264e-01  8.7152186782857299e-01  8.6944591510313696e-01  1.0111237498698886e-02  
q[470]: 6.3387912540607888e-07  9.8279200956644741e-01  9.2426233032669347e-01  9.1214547525752676e-01  8.6924144833350192e-01  8.4179178923776554e-01  1.5175329242726979e-01  
q[471]: 1.2889128055569430e-06  9.5581783673917287e-01  9.2464231201299063e-01  8.9658322860708617e-01  8.6463341627823653e-01  8.2770866030258983e-01  6.4573630283358496e-01  
q[472]: 1.2985753882251451e-07  9.8529850751619963e-01  9.5217664040741679e-01  9.1570123122310043e-01  8.9555264193745820e-01  8.8159906261147913e-01  8.7034693851839517e-01  

