deg: 7
dim: 6
nodes: 262
efficiency: 0.938931

q[0]:   1.0810067953811518e-06  2.7883291258191345e-01  1.6063672139710741e-01  1.1156403827348529e-01  1.0069639024045955e-01  7.6695308275203100e-02  5.2721596278631294e-02  
q[1]:   1.9171482536983802e-06  3.8738489777713575e-01  3.7458694507894008e-01  1.8584572887860420e-01  1.3429416789674437e-01  1.2739207633861879e-01  5.2291062215018842e-02  
q[2]:   2.5755753042151410e-06  3.8835831808992038e-01  3.2100457774944480e-01  2.7804249466762443e-01  9.7276634533880413e-02  8.0016147434973137e-02  3.2594497487955280e-02  
q[3]:   2.2466871483611998e-06  3.8422999731332053e-01  3.3729696131533643e-01  2.4109629760616769e-01  1.8795199816037308e-01  2.9156045773631040e-02  5.1802583883670730e-03  
q[4]:   2.2234897494131881e-06  3.6768774040603303e-01  3.5550652892086071e-01  3.1035136715199080e-01  2.3252817105948193e-01  1.5863379193329735e-01  1.3571116656429760e-01  
q[5]:   1.4256412237510206e-06  3.1192422307683504e-01  2.9024676813867306e-01  2.8133111601867317e-01  2.4578341536130821e-01  1.7327427329807943e-01  4.4716206745140173e-02  
q[6]:   4.5043881696503208e-06  5.4438630251688869e-01  4.7077748705415884e-01  4.2343475091796695e-01  4.0566138212584496e-01  3.7171645070666126e-01  1.7913985117473660e-01  
q[7]:   2.9199300722410749e-06  6.2005700060252744e-01  2.0661952092551036e-01  1.4740080701222841e-01  1.3823198026429895e-01  1.1305750267155475e-01  5.8644612610997272e-02  
q[8]:   4.6684079794017862e-06  5.4098283427088767e-01  3.5933903924600180e-01  3.4013812245680708e-01  2.7024810456099541e-01  2.3950901177118525e-01  1.9022305828641733e-01  
q[9]:   4.5467693242546244e-06  5.5669551814271956e-01  3.6936458620725210e-01  1.6010324430029305e-01  9.4556377313500653e-02  5.8106036561425899e-02  2.4987956305799919e-02  
q[10]:  3.6925517143643825e-06  6.1775951716717503e-01  3.1770119761474036e-01  2.6460650862827423e-01  7.9297838826668063e-02  6.4277011421953786e-02  3.9122061059797757e-02  
q[11]:  3.5627264985688686e-06  5.6673727465871016e-01  4.5755511904829993e-01  2.7025444704114787e-01  2.5858179944067244e-01  2.1713166870489817e-01  2.0240301958480300e-01  
q[12]:  2.9337901321860707e-06  5.2058954995291440e-01  2.6609856031015688e-01  2.5292688683320419e-01  1.9221420631239711e-01  4.9913710972470542e-02  1.7876153134921417e-02  
q[13]:  5.1896156656254582e-06  5.8270588019510816e-01  4.4370194169563604e-01  2.6248499733263986e-01  2.5414912835134068e-01  1.7784605729603825e-01  3.6423200728403937e-02  
q[14]:  9.5764717300037103e-06  6.5439692146300532e-01  4.9510914730685907e-01  3.7644053841104208e-01  2.3158041308381588e-01  1.1113930393626235e-01  9.2583638197654486e-02  
q[15]:  1.4190703378910209e-05  6.8338947401880556e-01  5.5313483043096223e-01  4.0292396097668526e-01  2.8061406388616411e-01  2.4839075169590957e-01  1.2295738129466563e-01  
q[16]:  6.7621823698327784e-06  6.9202525257610947e-01  4.7681822293293347e-01  3.4824617866474017e-01  3.3518721631019505e-01  1.0191534655293272e-01  6.6417761022928720e-02  
q[17]:  3.9980344575613953e-06  5.2629939488545352e-01  3.4459573524017478e-01  3.0625242000783393e-01  2.5765432879626543e-01  2.3052271303383814e-01  2.5360429021806612e-02  
q[18]:  3.2901692526825986e-06  7.3408753207467692e-01  5.8494640436153678e-01  5.4803651672142617e-01  1.0033410655412849e-01  6.1843575464575522e-02  6.7765800313737690e-03  
q[19]:  2.2941906604681394e-06  6.2105137928383447e-01  5.3666638236250686e-01  5.0817743567495521e-01  2.7023685285060134e-01  2.5861060396777918e-01  2.5084325702664589e-01  
q[20]:  5.7085036235637358e-06  5.8903422234768466e-01  5.1773523500836682e-01  4.7743068617774348e-01  4.4391275072917391e-01  1.9348379620433009e-01  2.6760876356494254e-02  
q[21]:  1.3240415518728736e-05  6.4469360973541978e-01  4.8938045362562194e-01  4.5575633189016657e-01  3.3140434342879660e-01  2.1166340811537718e-01  8.6384076950728042e-02  
q[22]:  3.9741326081876266e-06  5.3356530921954171e-01  4.4090577627206351e-01  4.0191200605813149e-01  3.9057272992922010e-01  2.0520260293894244e-01  1.7359749082262901e-01  
q[23]:  3.1809026518705651e-06  6.0911491889666958e-01  5.7215873864969236e-01  1.6956050450286680e-01  1.1645790335798255e-01  6.1306102395574193e-02  4.3311136661446765e-02  
q[24]:  6.7851496432706815e-06  6.4586728895112355e-01  5.9213652304364883e-01  3.7421506322334547e-01  2.4870237411677620e-01  1.9804652113579188e-01  1.5003874071412054e-02  
q[25]:  3.6026768915324275e-06  5.8560502105013035e-01  5.6379235231162605e-01  3.3438013449204967e-01  3.3434267681850199e-01  1.6782294701421005e-01  8.6754621431979193e-02  
q[26]:  4.0466147039613257e-06  6.8924340806028384e-01  6.6870184828330936e-01  4.2309226037161762e-01  4.0798902964051093e-01  3.6422835457591263e-01  2.0293678914922819e-01  
q[27]:  2.2051501568716491e-06  5.4186973545594830e-01  5.2070640809312652e-01  4.1734096535398235e-01  4.0153368904128234e-01  3.5765198751619270e-01  3.4846355724196511e-02  
q[28]:  5.2279526181331854e-06  6.3496714654691855e-01  6.0002626641279855e-01  4.1124605127170905e-01  1.1256544411139957e-01  5.7540746312435234e-02  2.7807951018324052e-02  
q[29]:  9.4106667284313905e-06  6.4691914258341554e-01  6.0789335122813981e-01  4.1484848431153737e-01  2.6015442935185978e-01  2.1315050949839340e-01  1.7639564062538721e-01  
q[30]:  4.3881117228616946e-06  6.5056861979770542e-01  6.0737880626694041e-01  3.7763787967272761e-01  2.8187718252843458e-01  5.3505780244255570e-02  1.7506670757552995e-02  
q[31]:  4.8045706196142979e-06  6.5227597879123933e-01  6.4526132762448096e-01  5.0959938567509944e-01  4.4718121021064061e-01  2.4750232700164457e-01  2.0663284221709957e-01  
q[32]:  5.7384245260815373e-06  5.7490727148265941e-01  5.2346241292628648e-01  4.9796882440869700e-01  2.4099593356514942e-01  7.9856172028574590e-02  4.6398608133632654e-02  
q[33]:  2.8145625264951991e-06  5.6732931940523734e-01  5.1703961827109768e-01  4.8221039115051412e-01  2.7739611941950676e-01  2.3664679011568338e-01  3.5236538565264187e-03  
q[34]:  2.6224658640652145e-06  6.2168000877909679e-01  5.9944117362464733e-01  5.6503406473190454e-01  1.6567406426620290e-01  1.4551933337219528e-01  8.8314978947956868e-02  
q[35]:  9.1340418403018744e-06  6.3715351004275345e-01  6.3051079027304058e-01  5.4289524506977194e-01  4.0784581159597633e-01  2.3579474185825652e-01  6.1477971221193049e-02  
q[36]:  5.8453892991424330e-06  6.8807968637188677e-01  6.5525191293911034e-01  6.2866683235738152e-01  6.0684906080597967e-01  4.1807081180509170e-01  2.0842958375634152e-01  
q[37]:  6.9187621575439980e-06  6.7631900192376848e-01  6.3964586228080056e-01  6.2420196628940006e-01  4.6871137389084577e-01  3.2423415657451532e-01  2.6009884808023176e-01  
q[38]:  5.8687519638148389e-06  6.1936605092898434e-01  6.0004158959367204e-01  5.5581310600760581e-01  4.0263983508522938e-01  3.8254582029392870e-01  1.6604821228544833e-01  
q[39]:  3.1364959872240545e-06  5.8715537632920367e-01  5.5303045297470210e-01  5.3132773331980243e-01  4.7940478081716331e-01  9.0800092417934158e-02  6.1419364939549505e-02  
q[40]:  2.3449790174109215e-06  6.6093665081014730e-01  6.2709299347971736e-01  6.1470670254134530e-01  5.5646147622815234e-01  5.0556021601360446e-01  4.6679569958081611e-02  
q[41]:  5.3623481884535059e-06  7.8220528078401463e-01  6.5137513186453144e-01  6.2259670685695545e-01  5.9498178289895154e-01  5.5271705225252810e-01  1.4630196419990185e-01  
q[42]:  2.4291536907594221e-06  5.4751092596250339e-01  5.2629733230779052e-01  4.7595103630503022e-01  4.3639427256178215e-01  4.1431796814862021e-01  3.6337470337781175e-01  
q[43]:  1.0170048342224435e-05  8.2923390954815479e-01  4.6602230355787788e-01  2.7185184001111740e-01  2.0252546289060339e-01  1.7250745239811063e-01  4.0938196125737888e-02  
q[44]:  1.8649417592448839e-06  8.4541548895335938e-01  1.8613681579145736e-01  1.6440019036535142e-01  1.0232287127182285e-01  6.1732058046472527e-02  2.8998460582465382e-02  
q[45]:  4.2169284892319072e-06  7.9126891148020495e-01  3.7109728001955894e-01  3.4414394923935143e-01  2.1607087853624093e-01  1.6600355529623081e-01  1.0021453547195993e-02  
q[46]:  4.8387227675278134e-06  7.5204946022556662e-01  3.9634146152990118e-01  3.7656343202202802e-01  3.3146017975551068e-01  2.3348930433365481e-01  2.1357607200966286e-01  
q[47]:  2.6889778007387736e-06  7.7683902482754286e-01  5.7548341132138470e-01  1.2236307431430449e-01  1.1179616917087853e-01  9.3546860365642956e-02  2.9989311783151056e-02  
q[48]:  1.4136350300875583e-05  8.9148515423843411e-01  5.4077765613996398e-01  4.3804180914430746e-01  3.4191104356040780e-01  1.6731790206197672e-01  1.2951229338245202e-01  
q[49]:  4.3240470988442089e-06  8.0263826415600592e-01  3.4078755914707465e-01  1.8318915319350049e-01  1.4426188876760310e-01  4.0287533876205386e-02  2.2478387268549175e-02  
q[50]:  7.5971646008214646e-06  7.9406504808026590e-01  4.9603093853267866e-01  2.8402747716015242e-01  2.4302060707831352e-01  2.1850345484617584e-01  1.9206075238936540e-01  
q[51]:  5.1301649140861729e-06  8.1318271975096990e-01  4.7191747333740558e-01  4.2583830919889476e-01  1.9496082831885442e-01  4.9051073076547699e-02  1.1154125853811814e-02  
q[52]:  6.3079533482179545e-06  8.4174362621936583e-01  4.1001406595493706e-01  3.6510048844022303e-01  1.9791961151475565e-01  1.7337714401765553e-01  1.3863697719761339e-01  
q[53]:  3.4404462125906560e-06  8.3396643251530778e-01  3.9218186357621210e-01  3.8404366267827256e-01  3.4516367581277341e-01  1.0086634864637810e-01  6.0584986713802740e-02  
q[54]:  5.3342608418302435e-06  8.0910611373031449e-01  4.3707802743562019e-01  4.0019662637575659e-01  3.6587127616031179e-01  3.5498901521144621e-01  1.5582337005086744e-01  
q[55]:  6.2262962069880436e-06  7.6987505992660765e-01  4.3935530486594576e-01  4.0416712093383866e-01  3.8767989550262860e-01  2.4070008787682903e-01  4.2252136770014125e-02  
q[56]:  3.0364382397576508e-06  8.0674701139912153e-01  5.5828165147500464e-01  5.0953619966373431e-01  4.5538409310832229e-01  4.4240057318399212e-01  1.4677975313086747e-02  
q[57]:  7.8051613903908237e-06  8.0343620353159817e-01  6.8709733038678311e-01  5.1712395852750181e-01  4.7872750784412410e-01  4.6484588773496471e-01  2.5765425581581275e-01  
q[58]:  3.1474301424154006e-06  7.6656929315418076e-01  5.7325026021114800e-01  5.3114139140667194e-01  5.0371883984770072e-01  4.9543737029892060e-01  4.4720594089708271e-01  
q[59]:  4.8281813021445715e-06  8.1538458548586468e-01  5.6892587592891419e-01  2.5790735750604499e-01  7.9181202020456032e-02  4.7948096506937661e-02  2.8979535253944214e-02  
q[60]:  1.7819485890067669e-05  8.5296025172598433e-01  7.2130874852494320e-01  3.8296891698049912e-01  3.4257970725089770e-01  2.4461489028731598e-01  1.2544618026383103e-01  
q[61]:  1.3660885926107795e-05  9.0241432312160019e-01  7.4094924334482559e-01  4.1855724476215128e-01  2.5165431645423930e-01  1.8122040601245101e-01  1.5520421694140654e-01  
q[62]:  4.7718994842549165e-06  8.1897613607764053e-01  6.4034839168469970e-01  2.5280488306247395e-01  2.1516369311566333e-01  4.4874027465418659e-02  3.4019263157939052e-02  
q[63]:  5.9689908031597730e-06  8.4028821584491331e-01  7.9602166619008563e-01  4.0463890069210290e-01  3.7059773765067083e-01  1.9100368286947655e-01  1.7851277886989902e-01  
q[64]:  6.9818526730309868e-06  8.1566322250799539e-01  6.2671646565450656e-01  4.1279294298164332e-01  3.8627429734821767e-01  3.5404450232273288e-01  5.0605439031637771e-02  
q[65]:  5.2987860821426989e-06  8.5627489547949276e-01  7.0812655211250941e-01  5.3171311168472324e-01  1.6691840278914638e-01  4.5467556007247570e-02  3.1397908948555348e-02  
q[66]:  1.4954432381781757e-05  8.0115947274466837e-01  6.2564828994603006e-01  4.5845023352687692e-01  3.2939253202948543e-01  1.0703708998324372e-01  2.8333017650453519e-02  
q[67]:  4.3040630436638010e-06  8.5476914907105950e-01  7.0936247698766786e-01  5.1773333477962113e-01  5.1133569865211148e-01  3.0679297796610216e-01  2.9398701803190996e-01  
q[68]:  6.4352194233651344e-06  8.0113922267480286e-01  7.5719944688473217e-01  5.6937043569736190e-01  4.9069660415676691e-01  4.7569150801490401e-01  5.6930729995903963e-02  
q[69]:  9.5940076517212755e-06  8.2671047099421413e-01  6.2310661338789641e-01  6.1055606462933665e-01  2.7471207808636966e-01  1.5715380275744467e-01  1.2415042819493266e-01  
q[70]:  2.3906343481470196e-05  8.9228120782677722e-01  8.0488375922931232e-01  6.9888595762672834e-01  3.9223538864311513e-01  2.4426049353223891e-01  1.3433935571745806e-01  
q[71]:  1.0653799004863226e-05  8.0803976423964641e-01  6.2012743629079803e-01  4.8579725771410565e-01  2.2978889809495087e-01  1.8087413772023175e-01  1.3940047642111609e-02  
q[72]:  6.7974610937661243e-06  7.7728863158666561e-01  5.8376098650483854e-01  5.7153091960086977e-01  3.1820454519132330e-01  3.0643373800948792e-01  1.0009949535532407e-01  
q[73]:  6.3578314462826069e-06  8.2433376678784187e-01  6.5880525950980373e-01  5.3313410694498131e-01  1.4971227099418338e-01  1.3966198627610896e-01  1.1049640847827612e-01  
q[74]:  4.2461632858320496e-06  7.8465669246950942e-01  5.9201951081835258e-01  5.5679363827029116e-01  4.2295044687768985e-01  5.5393619653839682e-02  2.4705149704756128e-02  
q[75]:  8.3431447976712655e-06  8.1835736004721604e-01  6.8127867594714753e-01  6.5376809084921916e-01  4.7426266201623030e-01  2.0794707873694590e-01  1.8546684019665576e-02  
q[76]:  1.4910072634199390e-05  8.3974570338187071e-01  7.1020191648469677e-01  6.2229139158264513e-01  4.8847364584525332e-01  3.8709634488741590e-01  6.7665639085137383e-02  
q[77]:  2.4728627148129654e-06  7.7751942582409428e-01  5.8573588828681888e-01  5.3467677957909521e-01  5.2080177514654225e-01  6.3696758638886630e-02  1.8934411441723691e-02  
q[78]:  7.0141766157311589e-06  8.5474121462045038e-01  7.0049732171773771e-01  6.9205031379274873e-01  6.6514254955314223e-01  2.9162706090933049e-01  1.2972087624748393e-01  
q[79]:  7.8178267892379150e-06  7.9824715839243798e-01  6.5251881367565157e-01  6.3159909149044147e-01  5.3696480001621461e-01  2.1416113293522687e-01  1.9130644436555425e-01  
q[80]:  5.4175086027785146e-06  7.7492107433497803e-01  6.4981025230448397e-01  6.2180513529612713e-01  5.7471015140366288e-01  4.1710703481238343e-01  3.5974363285505497e-02  
q[81]:  1.1630741862640973e-05  7.8557769276440714e-01  5.7809626352580279e-01  5.0243943286876891e-01  4.9142775522489085e-01  3.6852029503699013e-01  2.3087740265795095e-01  
q[82]:  5.6251115605332193e-06  8.0165607761451996e-01  7.6816676587734667e-01  5.3349777839582113e-01  4.8501062677509876e-01  4.4863638762174085e-01  4.1400300420227526e-01  
q[83]:  5.1956284774025547e-06  8.1441626234751374e-01  7.5465400975765218e-01  3.2457349584059109e-01  1.0665050134759017e-01  9.8796462491525808e-02  3.5462979724945380e-02  
q[84]:  1.3381473577779207e-06  8.4324309671268693e-01  8.2242268634311111e-01  1.6162137169738969e-01  1.3270166470441438e-01  5.8504469427153573e-02  2.4010540523054263e-02  
q[85]:  3.7426475566620127e-06  7.6939523246043096e-01  7.3847783550875434e-01  2.9847552339939537e-01  2.6419037027699632e-01  2.3866514293243693e-01  3.7400734885072298e-02  
q[86]:  4.1482759559945944e-06  8.0466094181330317e-01  7.5457429688812339e-01  2.7607298330499991e-01  2.2318575668798499e-01  2.1350450859808301e-01  1.7182765560679439e-01  
q[87]:  6.0205998179728970e-06  8.6072289113535694e-01  8.3647070383988076e-01  4.2261185096451892e-01  2.2932980322631105e-01  7.7088537254812822e-02  5.6099384331770273e-02  
q[88]:  1.1454053537784892e-05  9.1510437848450688e-01  7.9417551825970922e-01  5.5693608984024368e-01  3.3041611233197843e-01  3.1084421471837570e-01  1.3477096083553519e-01  
q[89]:  5.9147187506074598e-06  8.1085106417776742e-01  7.6940363605244055e-01  3.8635805652998984e-01  3.2741632222821820e-01  1.3532877879487412e-01  9.1087628253758331e-03  
q[90]:  1.2273559699264572e-05  8.3614851936356294e-01  8.2877119418524903e-01  5.4423017580096078e-01  3.9166695615631136e-01  2.9865743904409880e-01  1.2953061247841349e-01  
q[91]:  9.6694796550208937e-06  8.4736448959775834e-01  8.1743840930586331e-01  6.4267321337423133e-01  2.9606920637027123e-01  1.1785374731370951e-01  3.3477427901042980e-02  
q[92]:  5.3273480664679936e-06  8.5527145267518390e-01  8.3765316123228584e-01  6.1246314006643698e-01  2.9866542911187505e-01  2.6489594457961202e-01  2.3698684119790850e-01  
q[93]:  7.1130415699452107e-06  7.8324269647546796e-01  7.3642665531036566e-01  5.8729326285071981e-01  4.3436588362702794e-01  1.2231370113407712e-01  1.1907639849762280e-01  
q[94]:  8.1310568445103430e-06  8.5440712774786753e-01  8.1276728894435635e-01  6.8577911692288485e-01  5.2826933509738472e-01  5.0568926844003204e-01  3.1669692175830411e-01  
q[95]:  1.3841905652268134e-05  8.3652807996409884e-01  7.5297569479236015e-01  6.2292325980251395e-01  5.3117025598051693e-01  3.3480998698650077e-01  2.6238731892739936e-01  
q[96]:  1.1215207371431476e-05  8.7235454523338929e-01  8.2996082321643727e-01  7.8659668922562787e-01  6.1204671219549367e-01  4.8090475126396198e-01  1.5758329544737976e-01  
q[97]:  1.3157193646073819e-05  8.2672765308316831e-01  6.6523869309152728e-01  5.7546738105392781e-01  4.3622741181517394e-01  3.6857526420656933e-01  3.3997022046718700e-01  
q[98]:  4.2957529008251552e-06  7.8107691424335957e-01  7.4270621340483012e-01  5.4788007443549636e-01  5.3034539479442444e-01  8.4511872632213644e-02  4.4216603521876716e-02  
q[99]:  2.3503616154252465e-05  8.5451655735852405e-01  7.8521889265692968e-01  6.3379056279975088e-01  5.7621692611745834e-01  2.8646143376646971e-01  1.2402825231651358e-01  
q[100]: 6.0284961192692260e-06  8.5238864129387837e-01  8.2859512556736392e-01  6.8821609532805972e-01  6.5791997740324282e-01  5.1419170664858815e-01  4.1127369401573527e-01  
q[101]: 6.8539185375067438e-06  7.9930873544570202e-01  7.4900925429843790e-01  5.7938726722544631e-01  5.6440856814333329e-01  3.6137964878662404e-01  2.7108514140033260e-02  
q[102]: 6.2526121631913001e-06  8.3514274816885359e-01  8.2751167327028230e-01  6.9311766443360034e-01  6.6511449326284389e-01  5.7700052888988240e-01  2.0077271385663562e-01  
q[103]: 2.8315099171976503e-06  8.3277124306407924e-01  8.1329693121147772e-01  7.6334040295765093e-01  1.3756072280348997e-01  7.7371562742337266e-02  4.3393027202670173e-02  
q[104]: 2.4933172901236966e-06  8.1628708325794119e-01  7.5592534905248043e-01  7.1431699641817814e-01  3.2905980682403263e-01  3.1306058326626043e-02  2.4122270366603967e-02  
q[105]: 5.8270214905607935e-06  7.8595954213986641e-01  7.4732578962315832e-01  7.3223572685501537e-01  3.5381927374731931e-01  2.2774859765548677e-01  3.5411097849545103e-02  
q[106]: 5.4738584088806340e-06  8.2339386108499146e-01  8.1494852000591722e-01  7.5539647478627669e-01  4.0110435773362935e-01  2.2995845732360223e-01  2.0794555526566863e-01  
q[107]: 5.0813007624795782e-06  8.0932079456986861e-01  7.8890625681308413e-01  6.4136695959030832e-01  2.6105037789888891e-01  2.5084280757571797e-01  5.0637153007308776e-02  
q[108]: 6.2751658798415027e-06  8.3260263092269204e-01  7.9736594197864286e-01  7.5931186037936538e-01  4.3526041601901172e-01  3.8556082505156042e-01  2.1383237129670571e-01  
q[109]: 3.6918396841560263e-06  8.0651400325093492e-01  7.3195741808509929e-01  6.9016922073320974e-01  3.0594078597299340e-01  2.7783519922011624e-01  2.2086689778556706e-01  
q[110]: 3.3714379997483607e-06  7.7609890822079897e-01  7.5371872044034427e-01  6.8555574637389194e-01  4.9351851086070764e-01  7.4252423065991752e-02  5.4515984299986203e-03  
q[111]: 5.0320867070906493e-06  8.4422549414489489e-01  7.9796247935603126e-01  7.6040022116276373e-01  5.1780041605837412e-01  4.8689095677445821e-01  3.6436461077765998e-02  
q[112]: 8.6166998930489817e-06  8.3597353439764255e-01  6.7128117728482295e-01  6.6170612183259558e-01  5.5157188738245844e-01  4.9498407999318411e-01  3.1863267872778739e-01  
q[113]: 4.7305798583003541e-06  8.2157305361071531e-01  7.9677710608957675e-01  7.5311089098407358e-01  5.6442540101324767e-01  5.2705778327464470e-01  4.8017375313698135e-01  
q[114]: 2.5457386617799619e-06  8.7035801344587360e-01  8.1754760293809980e-01  7.7808724241375582e-01  7.1569497226916090e-01  6.2903712114056862e-02  4.4279509475502389e-02  
q[115]: 3.0087344069927728e-06  8.1622168127095862e-01  7.9561111751388713e-01  7.4781684064348231e-01  7.2596384063372243e-01  2.1249786259804343e-01  4.0125369577300549e-02  
q[116]: 7.6766643277984306e-06  8.5169210587993827e-01  8.2255263811089918e-01  8.0923643115806332e-01  6.0718277694198153e-01  2.2036639238223743e-01  1.1709411730086909e-01  
q[117]: 3.9230143049902524e-06  8.3295747042138568e-01  8.2600724548707405e-01  7.7745125172942653e-01  7.5047517893700399e-01  3.1476042371402940e-01  2.6357233863306223e-01  
q[118]: 2.3446044098751580e-06  8.0992128016844966e-01  8.0964111674402239e-01  8.0170860530496568e-01  7.2672445562529375e-01  4.5288273030687576e-01  4.0186588311495089e-02  
q[119]: 7.2473504138645181e-06  8.7355614844604812e-01  8.2059857885958576e-01  7.9787241761789518e-01  6.7998130095759257e-01  4.9997011015955128e-01  2.7534855356409937e-01  
q[120]: 3.6848294945573870e-06  7.5054044594989333e-01  6.9107850413713556e-01  6.5938803514402811e-01  6.3188488387949249e-01  4.8484981892068291e-01  4.6575061670579065e-01  
q[121]: 2.3549331422038400e-06  8.6381860597653548e-01  8.2471573204297433e-01  7.5839474333414647e-01  7.3410239730422056e-01  6.8337882465486788e-01  2.8961450029774904e-02  
q[122]: 2.2901264598740913e-06  8.4862271876527351e-01  8.2374486209237396e-01  8.0785305322753176e-01  7.4844742919347917e-01  7.3290698303307589e-01  2.6067012417324137e-01  
q[123]: 4.4087691316210234e-06  8.0159851734309606e-01  7.6614588380281468e-01  7.3418410971740444e-01  6.9948564979711392e-01  6.5590884618479484e-01  4.7064096972540687e-01  
q[124]: 1.3687312889856786e-06  8.8231689245780520e-01  8.3840731659411372e-01  7.8797037100392697e-01  7.5282300570027660e-01  7.2512859247275796e-01  7.0530755024823089e-01  
q[125]: 2.0754333625144029e-06  9.4038932835703493e-01  3.5529899084936128e-01  1.2628420703114193e-01  9.8157576844065064e-02  8.6221495037420520e-02  5.1213377652552759e-02  
q[126]: 1.3812808665047182e-06  9.8841094243266048e-01  2.7114455679980087e-01  2.1905016025354770e-01  1.2392707430498266e-01  9.7625265754625434e-02  4.9916015893209570e-02  
q[127]: 1.7493334265127904e-06  9.7219398201182261e-01  2.9803245727645222e-01  2.4804060132715802e-01  2.2451851075070750e-01  9.4853525449514961e-02  5.5592796568820359e-02  
q[128]: 2.8977690554710953e-06  9.3720538786408170e-01  3.4775871255123680e-01  2.9772799371869418e-01  2.8021924840751267e-01  2.2995616218737702e-01  3.0784707962230928e-02  
q[129]: 4.6952911742956036e-06  9.6974452928850030e-01  5.1104502699520415e-01  4.5004155727760231e-01  2.8275985747456334e-01  2.5950557222095072e-01  4.2073975243011201e-02  
q[130]: 3.0686398492577493e-06  9.2790478371543816e-01  3.5277799493535028e-01  3.0599847491496335e-01  2.8878789569868357e-01  2.5131560278692711e-01  2.0428714345191368e-01  
q[131]: 4.2719471667325911e-06  9.5843141472394466e-01  6.6117127098789952e-01  1.8174309627248608e-01  1.4064413673082224e-01  7.9559959729176080e-02  4.8928258482492382e-02  
q[132]: 1.4429274145282952e-05  9.7593107096750809e-01  6.6577360691623488e-01  5.0615343748166197e-01  3.2169895552968564e-01  2.0024831271744603e-01  7.3400496516623434e-02  
q[133]: 3.2691809590499331e-06  9.8013395257158231e-01  5.2228897886388659e-01  3.0267472492857511e-01  2.3270714327521852e-01  4.8082018044265352e-02  2.1433007052342325e-02  
q[134]: 3.8502098542527144e-06  9.8047428467376552e-01  5.6007307096145720e-01  3.1351949776783195e-01  2.7415412518494281e-01  2.0551855303899355e-01  2.4529669917301371e-02  
q[135]: 5.5617198033898245e-06  9.3892778260085619e-01  4.8381299043780246e-01  3.5487250149140154e-01  1.0453715286386529e-01  6.1104364810929873e-02  3.5377583858530785e-02  
q[136]: 7.3188836467543647e-06  9.4867296226906994e-01  5.9577446867803496e-01  3.7023826036358587e-01  3.6194280535930851e-01  2.2717141474310693e-01  1.7113348365465292e-01  
q[137]: 4.0424115353634301e-06  9.9355410899853369e-01  5.8279602789724017e-01  3.9292328682663813e-01  2.8148386931431008e-01  2.3973607615725001e-01  2.2087881583242885e-01  
q[138]: 8.3670099173551533e-06  8.8146292850856156e-01  6.0012993043373686e-01  4.1488374124448063e-01  3.8886128399456599e-01  2.0180910457632098e-01  1.8664916892842835e-02  
q[139]: 1.8377074192765128e-06  9.4269081586615577e-01  5.2452662915637172e-01  5.1959940385639225e-01  1.1350539425655601e-01  9.8576881042181416e-02  3.7693962529787677e-02  
q[140]: 3.0459767130139196e-06  9.6949765562871026e-01  4.8118477490557898e-01  4.6065918118520560e-01  2.6060648370079381e-01  7.4490711138166202e-02  1.9147025548884325e-02  
q[141]: 2.8960721132021953e-06  9.8171849334112748e-01  5.1545588717935231e-01  5.0815833885776596e-01  3.0811042346742573e-01  2.2851256960990868e-01  1.9054717892501513e-01  
q[142]: 3.5023434458796381e-06  9.4772630753681164e-01  5.1252855304251688e-01  4.5257120922759403e-01  4.2080693089092530e-01  8.3901036674983595e-02  2.8515605993855744e-02  
q[143]: 1.7509319661221576e-05  9.0985884285960350e-01  5.9618769421582485e-01  5.6173951713538328e-01  4.3949450183192951e-01  3.0449404233186267e-01  1.2439834629650021e-01  
q[144]: 4.4992912985119118e-06  9.7479662197889705e-01  5.7562744892705930e-01  5.2380838807092889e-01  5.1638739719638149e-01  3.3892681483775422e-01  1.7335000825721303e-01  
q[145]: 2.4141351886033683e-06  9.8633046831130966e-01  5.3447555468963870e-01  5.2526533073815884e-01  4.4264887138245090e-01  4.0861013654230943e-01  2.2262283133591509e-01  
q[146]: 3.9244838924457713e-06  9.7761906146055910e-01  5.9459010547456348e-01  5.5901122700595474e-01  4.8830508223652602e-01  2.5066638826697069e-01  1.6648968753683231e-02  
q[147]: 3.1250556453375027e-06  9.8445444554155315e-01  5.9441960427764895e-01  5.6099084097196716e-01  4.9683981512659209e-01  2.1133303711935020e-01  1.9907141720535854e-01  
q[148]: 3.2678926578868528e-06  9.6327146226786065e-01  6.0685925749380432e-01  5.8030619862305866e-01  5.4255822609554216e-01  4.9459145602700683e-01  6.5300475353656864e-02  
q[149]: 6.2112113598419950e-06  9.6848953713585151e-01  6.2263410388709706e-01  4.3912387915287443e-01  4.0496312678263707e-01  3.8927259320947116e-01  1.8537079499735873e-01  
q[150]: 3.8068238554256069e-06  9.5471752360175244e-01  5.8081564519596374e-01  5.2543464295191467e-01  4.8045802902669071e-01  4.3531181260016011e-01  4.0435772743300286e-01  
q[151]: 2.7663486762361342e-06  9.6948898256856930e-01  6.3649873150692726e-01  2.8678612178717539e-01  1.1129312393560592e-01  1.0214165248171155e-01  3.5141718347350220e-02  
q[152]: 1.8282938623442140e-06  9.5004556126596151e-01  8.5942392457747607e-01  1.7461212988208261e-01  7.9309655709746921e-02  4.8616539928292513e-02  1.7027686670039673e-02  
q[153]: 2.5207491852537210e-06  9.5793602689433688e-01  7.5633627370599654e-01  3.0691504126723396e-01  2.7400448792395360e-01  2.6988428612577336e-01  2.3537153927472296e-01  
q[154]: 6.1052691975402001e-06  9.6311887939611840e-01  7.8911033295289124e-01  4.3977372331656744e-01  2.3552908318344284e-01  4.9751822590080930e-02  1.8682363727679265e-02  
q[155]: 1.0409941865000858e-05  9.2530175429121919e-01  7.9899221282079436e-01  4.3340575983285246e-01  2.8407864170454977e-01  1.9192914189237736e-01  1.2508599750461671e-02  
q[156]: 3.4211558514477547e-06  9.9969225283547336e-01  8.5870351562030323e-01  4.4919175098661912e-01  1.6020075659220384e-01  1.3403761236473158e-01  8.5120721364465093e-02  
q[157]: 2.4692822157874778e-06  9.6922852367279888e-01  8.2025072260004039e-01  3.1316311594534035e-01  3.0184489887033161e-01  1.1882224447025237e-01  2.1025903363900866e-02  
q[158]: 9.1269630386892087e-06  9.8342179017513154e-01  8.5776029286120248e-01  4.8486251583707146e-01  4.0841958310668919e-01  3.4569378052765132e-01  1.7214279783392761e-01  
q[159]: 5.3987324809560899e-06  9.9323434739667249e-01  8.5755779926463760e-01  4.7310821394063096e-01  4.1705635748304176e-01  2.1757902761293280e-01  1.8133549673696328e-01  
q[160]: 3.1737413555978308e-06  9.5996438148628149e-01  7.8239152141606527e-01  2.9981522758388157e-01  2.6755154598145842e-01  2.5498457623965315e-01  4.1023875145952508e-02  
q[161]: 3.4362247735540080e-06  9.6863589946038520e-01  7.7015204514982416e-01  5.8886158229469721e-01  1.1434948865022673e-01  6.6497664890307270e-02  1.0886938533695548e-02  
q[162]: 7.6421773829357992e-06  9.4753112944432127e-01  7.5541585843909609e-01  5.8943030715350053e-01  3.6729052595497569e-01  1.8076051677031107e-01  1.6106679701809676e-01  
q[163]: 9.6758238541914270e-06  9.1481280911014928e-01  6.3968605510585508e-01  5.2316352241726849e-01  3.4157897621702166e-01  3.2818737950890009e-01  2.1778266023140175e-01  
q[164]: 8.3013057074186326e-06  9.8023326592613158e-01  8.2793728510420617e-01  6.9772502849856000e-01  4.8310540819030812e-01  1.8038910640202122e-01  2.2628349859310091e-02  
q[165]: 4.0249529121080770e-06  9.6587550394521782e-01  7.7452895044941461e-01  5.5721617689661451e-01  3.7176800597927367e-01  3.6391134214170878e-01  2.4722341615789182e-02  
q[166]: 8.8626586674558392e-06  9.9148789300730111e-01  8.1953031225085438e-01  7.2009943219750094e-01  5.6148180732018582e-01  4.9494431799074590e-01  3.4093758472426750e-01  
q[167]: 4.7755524424752428e-06  9.8578523240676441e-01  8.1826043354890099e-01  6.6660221283173982e-01  6.0566003850981864e-01  3.9935677814292914e-01  3.7073582254776538e-01  
q[168]: 8.5352558654017017e-06  9.4870738496227836e-01  7.4467401863873917e-01  5.1223111398126164e-01  4.7431576286679550e-01  8.8969712659158012e-02  5.0504289759408939e-02  
q[169]: 5.4865404414410818e-06  9.8377781956892074e-01  8.1654807688938968e-01  5.5768706538313817e-01  5.3439657525181439e-01  2.9029970233405272e-01  5.9282331309835130e-02  
q[170]: 1.1231890181015509e-05  9.7390021349040168e-01  8.3251847207263052e-01  7.0165292987744943e-01  5.8485227516520422e-01  2.4999350703876355e-01  1.6533438650598320e-01  
q[171]: 1.5249243315841123e-05  9.3944422827845608e-01  7.8444853077068755e-01  6.3189061642673183e-01  5.8607082710779790e-01  4.7801343140431268e-01  2.0123008492290007e-01  
q[172]: 3.6558970677334743e-06  9.6538953408539441e-01  7.2495144227941133e-01  5.7009078550693082e-01  5.4708751400630129e-01  5.0189885851092975e-01  3.5948818947287173e-02  
q[173]: 6.8952678022191424e-06  9.5837692441973232e-01  7.9950307448907787e-01  7.4949406330759272e-01  5.9240178666099630e-01  5.8517368353976740e-01  1.6176564009722694e-01  
q[174]: 1.6639138361037498e-06  9.4387327631455165e-01  7.8411003272574042e-01  7.5979743588330328e-01  1.0233296392040757e-01  6.2472695590153601e-02  4.6514895497512920e-02  
q[175]: 2.7641760755721405e-06  9.9098144530877585e-01  7.3043485161860855e-01  6.6460512977984010e-01  2.5265911759277709e-01  8.6706601793308954e-02  8.5079247393497495e-02  
q[176]: 6.1839540581708597e-06  9.5570939112220910e-01  7.7116505791384182e-01  7.3354886352585980e-01  2.9662985965284266e-01  1.2904934386619193e-01  1.8069398518716709e-02  
q[177]: 9.3274367774622959e-06  9.8544633915680857e-01  9.1918329821254596e-01  7.5095477576042780e-01  4.4786714737637517e-01  3.4297797119309331e-01  1.1608965480161053e-01  
q[178]: 4.5865366745746872e-06  9.6003512332123597e-01  7.4426552408391944e-01  6.5050279054714444e-01  2.3945293752194605e-01  2.1908867691015629e-01  5.3265082034579421e-02  
q[179]: 6.8901942392340467e-06  9.7677430091170803e-01  7.8961717463990377e-01  7.7140388328030995e-01  3.9879114951836403e-01  3.3440827742177603e-01  1.5749328991972225e-01  
q[180]: 4.2023499995002011e-06  9.8119866365689146e-01  7.5826418401438012e-01  6.6123595720551986e-01  2.5484119342379774e-01  2.3107397799582208e-01  2.0168008823457903e-01  
q[181]: 4.5862770337812571e-06  9.4755613468707123e-01  7.2660480283491313e-01  6.4848633444093007e-01  4.3194155197108469e-01  3.7364917866374567e-02  3.2871506722013381e-02  
q[182]: 7.6398299548869266e-06  9.5998403098929030e-01  7.7070129933888654e-01  7.6561335784588513e-01  5.5936852530347814e-01  2.0010699759127956e-01  1.0127323755323020e-01  
q[183]: 9.3224515494364206e-06  9.7421993883012115e-01  8.2536713502396897e-01  6.8217141906103163e-01  5.7746110671313289e-01  4.4438596802127056e-01  4.9770634180713300e-02  
q[184]: 8.4398174726547928e-06  9.5372000151473812e-01  7.9646078171863355e-01  7.6334869945928274e-01  5.3686199389342815e-01  3.6327891009755170e-01  3.3097030991254539e-01  
q[185]: 5.3478353031124857e-06  9.4509892615464275e-01  7.1319057435425726e-01  6.8840791144754299e-01  4.3461901886067733e-01  3.5801241823223795e-01  1.4245293942326081e-02  
q[186]: 2.6754811691825994e-06  9.3440053698322756e-01  7.0706851551462346e-01  6.9809530503177741e-01  4.6045337070094267e-01  4.4828227899690798e-01  4.1160238699333546e-01  
q[187]: 2.5240581719666032e-06  9.7654252457429847e-01  7.4825940839566907e-01  7.1733342715665238e-01  6.6902218558990467e-01  8.8340746804395562e-02  4.4904503330963741e-02  
q[188]: 4.6199806000388769e-06  9.1911866750672977e-01  7.6187802242743219e-01  6.9415737006401546e-01  6.3910543568891354e-01  1.8859292071017000e-01  1.6062586040558311e-03  
q[189]: 4.7259340177429326e-06  9.8611507245758911e-01  7.8960554304956854e-01  7.2476759988692552e-01  7.0439539909668980e-01  3.2309464695938434e-01  1.2306134722642614e-01  
q[190]: 4.5160542713209430e-06  9.1541979173383381e-01  7.5084383481624262e-01  6.7708089758083134e-01  6.6730638448708735e-01  2.2199379863225011e-01  1.9973826158662383e-01  
q[191]: 4.8280899131569329e-06  9.3911023896040891e-01  7.6014026446901917e-01  7.2796322146043080e-01  6.9925314974875818e-01  4.7261011094207689e-01  4.0256401548408857e-02  
q[192]: 6.9366475328476418e-06  9.7684218788545629e-01  8.0631350597544849e-01  7.6025523158101393e-01  6.8249041473705530e-01  4.8775647391170390e-01  3.2579962745873159e-01  
q[193]: 4.7362220303095255e-06  9.2802473171166855e-01  7.0000691426831707e-01  6.8562142560874484e-01  6.6187999210818971e-01  4.7685234116946501e-01  4.2017234758608779e-01  
q[194]: 1.4259853393928882e-06  9.6159772361641815e-01  8.2642580013723588e-01  8.1855104877410767e-01  7.3685627803200715e-01  6.9089959019496905e-01  1.8709495680383346e-02  
q[195]: 4.5465165976579307e-06  9.5274180729139857e-01  7.7693911196379595e-01  7.4406639373933492e-01  7.2887106670141510e-01  6.5750842784681818e-01  2.4335934970381529e-01  
q[196]: 3.2073095420042837e-06  9.5940993991771006e-01  7.3933915011557494e-01  7.0596201563056660e-01  6.7725148176868410e-01  6.5530986050999807e-01  4.5671093354414671e-01  
q[197]: 2.1233192900998800e-06  9.7534554324975342e-01  8.1648801178512376e-01  7.6957352046720595e-01  7.0659569656459820e-01  6.6059167529958807e-01  6.3537267166325828e-01  
q[198]: 1.8110824253435316e-06  9.8655522373392768e-01  9.4798010688984558e-01  3.8605729462465471e-01  3.0905688624972738e-01  6.6699315462911246e-02  5.1839393688167798e-02  
q[199]: 2.0870838141230822e-06  9.6757725445598852e-01  9.4732677594589887e-01  3.0288503030677372e-01  2.5702029659985304e-01  2.0414681530675255e-01  4.3262754191932935e-02  
q[200]: 1.9953060031575300e-06  9.6434240595020859e-01  9.0909963490920775e-01  2.2157380340358954e-01  1.9372047294265887e-01  1.4157436585529659e-01  1.0803389020863893e-01  
q[201]: 2.5170789576846358e-06  9.6897906933308631e-01  9.4829019194930986e-01  4.3856174480349708e-01  1.5023135536238849e-01  8.5225464107430052e-02  2.9982905743413630e-02  
q[202]: 3.4910866537955805e-06  9.8861930203451087e-01  9.5647818787825278e-01  5.6376300516854005e-01  4.4431734456646382e-01  2.2659688115454904e-01  2.0586369677622302e-02  
q[203]: 3.5820458815422659e-06  9.6242398621748382e-01  9.4502102288767520e-01  4.4807746800541226e-01  2.8005452061835362e-01  2.4659318343854850e-01  2.0260891798225572e-01  
q[204]: 3.8003087686777292e-06  9.5735692930988359e-01  9.3666705505110259e-01  5.2906278837271947e-01  3.6574989642980987e-01  3.5329568801353201e-01  6.3827258395095926e-02  
q[205]: 1.8552962807685264e-06  9.2733258388026296e-01  8.9399985115828096e-01  4.4551526249182938e-01  4.3091702965987327e-01  7.5696653955091051e-02  2.4932777335957185e-02  
q[206]: 4.7475113459769829e-06  9.3429784906187641e-01  9.2313963617622496e-01  5.0680537161682537e-01  4.8967836424873096e-01  2.9701600586285837e-01  1.4250911565258412e-01  
q[207]: 2.8433786307299369e-06  9.4129317028982362e-01  9.1394178542426052e-01  4.8911517337225430e-01  4.7252454448373821e-01  4.5258610833300578e-01  2.7023887690219289e-01  
q[208]: 4.6738951090275025e-06  9.4753828227057701e-01  9.0137777796742857e-01  5.5208560584070010e-01  5.3747584875295440e-01  4.6109408290584331e-01  4.1713824774465995e-02  
q[209]: 2.3052115395945375e-06  9.7043300413506339e-01  9.3888183583784934e-01  5.0899965855008666e-01  4.8200236866309171e-01  3.9943051139971725e-01  3.7626369717975050e-01  
q[210]: 4.0233327388904968e-06  9.2704239262052490e-01  8.8506703539350773e-01  6.3189691124683867e-01  1.0881601588213979e-01  7.6584900101704573e-02  4.9209133285743230e-02  
q[211]: 3.1518962592392677e-06  9.8350838816843011e-01  9.4920220260570476e-01  7.4689635572408852e-01  3.2489416700068974e-01  6.5159882298739494e-02  2.8020699052968247e-02  
q[212]: 4.4356430392039379e-06  9.6527676639972171e-01  9.2972400855376858e-01  6.9428705840264004e-01  2.7873865796468311e-01  2.1991427720716958e-01  1.9049560606987686e-02  
q[213]: 4.5069001031642143e-06  9.8217086828173694e-01  9.3256140020179978e-01  7.3382896182799640e-01  3.3442845255042647e-01  1.9945317227745452e-01  1.8576642291432088e-01  
q[214]: 3.6731504380544895e-06  9.8201649882093955e-01  9.5659241390634975e-01  7.8261562254328876e-01  3.4721842302609895e-01  3.2854023329244680e-01  2.1709656006614367e-01  
q[215]: 6.8315058881019928e-06  9.3999122792908740e-01  9.0115480620218602e-01  6.5765985265481375e-01  5.0832758518107446e-01  7.8705522325919555e-02  4.1835701742975955e-02  
q[216]: 6.2831483909129554e-06  8.9656400455507912e-01  8.7538450858491512e-01  7.0546615272080881e-01  5.2247648483663445e-01  3.8670707472888022e-01  8.6983736435533743e-03  
q[217]: 8.5395276589153007e-06  9.7418921236160105e-01  9.4366826702137241e-01  6.2980215755920377e-01  4.4974708988252549e-01  2.3893273748128580e-01  1.4470398085821021e-01  
q[218]: 2.3490134586097928e-06  9.9020060785504871e-01  9.3790181700871933e-01  8.8080332058845734e-01  5.1875054744370663e-01  4.6904587051099378e-01  2.3752006907662600e-02  
q[219]: 6.8824801919423839e-06  9.8171077461475609e-01  9.6320321756463134e-01  7.8189030235736401e-01  6.9361932522120062e-01  5.4751769696044572e-01  1.4580761272515130e-01  
q[220]: 6.8416560545830807e-06  9.6692449467434660e-01  9.3987381048088414e-01  7.0754299147308575e-01  5.7832009368049053e-01  5.3045549834784189e-01  3.5626538085124954e-01  
q[221]: 7.1299225189973134e-06  9.4482469957388004e-01  9.2779530765246687e-01  7.2799144634659618e-01  5.8931515073894059e-01  3.7890558219849796e-01  3.4840373749850323e-01  
q[222]: 3.6792132773396332e-06  9.5723394157192854e-01  9.3432022095405298e-01  8.1732472800705913e-01  6.0986187825200622e-01  5.9378521974267384e-01  1.5695014781890393e-01  
q[223]: 6.2053117387753737e-06  9.5923277827383824e-01  8.6299490139354562e-01  6.3149738203674111e-01  4.5073535952742638e-01  4.2173160608390775e-01  3.9519744207120860e-01  
q[224]: 1.7486051079410840e-06  9.8243165524880716e-01  9.3117942589447233e-01  7.5275240594765114e-01  7.1440531417104636e-01  7.7386185222619308e-02  2.2389572166444521e-02  
q[225]: 3.8368670442993253e-06  9.6647946214524838e-01  9.3300554915525058e-01  7.2289198751290595e-01  6.9766502902951055e-01  2.9314441767076704e-01  3.9847515118180250e-02  
q[226]: 5.0582251106764752e-06  9.7898783499486530e-01  9.2824990307501631e-01  7.3682936686404266e-01  7.3103913575201218e-01  5.2985165256149536e-01  3.4581528815398488e-01  
q[227]: 3.9844973890293627e-06  9.6475439237597771e-01  9.4038893046691652e-01  7.0928612206277963e-01  6.8496248495784751e-01  2.3923233438046093e-01  1.9788695375977555e-01  
q[228]: 6.9608313868454715e-06  9.4529433712943678e-01  7.8175362285446925e-01  5.7439350028263336e-01  5.5341845176696358e-01  5.1038443729666350e-01  4.4588930528856863e-01  
q[229]: 1.3711744767143925e-06  9.8182667139424573e-01  9.4324463714612738e-01  7.6574588206455996e-01  6.6608343545038085e-01  6.4460601858973876e-01  1.1455180152576346e-02  
q[230]: 2.9468217283520641e-06  9.6606402536143399e-01  9.0215060717687978e-01  6.7896991344875024e-01  6.5171635784235693e-01  6.4761159884183805e-01  2.1533524958282893e-01  
q[231]: 1.4010110135138992e-06  9.7755352484347069e-01  9.6440638210956109e-01  7.7701402507595863e-01  7.2549724394258808e-01  6.9497953444895133e-01  6.4402931058002844e-01  
q[232]: 1.8455321392481844e-06  9.8903265768595994e-01  9.5675158668617233e-01  8.9104646790639042e-01  1.6837558132165828e-01  1.0836463785412823e-01  5.0833283460939009e-02  
q[233]: 3.3660999744698203e-06  9.4760706799660765e-01  8.9643023186086790e-01  8.6740767169106481e-01  3.4798788180732942e-01  8.1361977621173448e-02  5.2283659300581924e-02  
q[234]: 3.4612496513072470e-06  9.5784554575289815e-01  9.3917663307663146e-01  9.0042148568864788e-01  4.2336025616653888e-01  2.3267093285655291e-01  3.6827709609909262e-02  
q[235]: 3.7421570456998646e-06  9.8686452559886617e-01  9.4480876840956907e-01  9.2122156238956721e-01  5.0913989531247228e-01  2.9495477994528380e-01  2.2688007209786532e-01  
q[236]: 3.2854367744358295e-06  9.3118128317609816e-01  8.6673608140637537e-01  8.3424017906693981e-01  2.5742380750487953e-01  2.4216461021727748e-01  4.3250140173487439e-02  
q[237]: 3.1475091448169456e-06  9.6057415662010748e-01  9.4805578673225688e-01  9.2372726848668474e-01  5.2619267900723599e-01  4.6894044244405575e-01  1.8077251720711421e-01  
q[238]: 4.0589231277329519e-06  9.4051351729959587e-01  8.9246509874216162e-01  8.6337000961486832e-01  3.2342073507424762e-01  2.8480612758144080e-01  2.4399753537276239e-01  
q[239]: 2.1091516850658255e-06  9.7385928973781044e-01  9.3228244199573740e-01  8.9856888962365911e-01  6.4264209943565087e-01  7.7645812387459559e-02  1.0534408025491632e-02  
q[240]: 5.1977316220952996e-06  9.1336548424501718e-01  8.9742874555203467e-01  7.4658681670552263e-01  5.9629798638261955e-01  2.2972763710683916e-01  3.3144993093422281e-02  
q[241]: 4.2060969527272483e-06  9.8167482832070552e-01  9.6560488544468237e-01  8.8488837972596845e-01  6.3794230368298144e-01  2.7775348953483592e-01  1.1137786799191104e-01  
q[242]: 4.6425474307348336e-06  9.6022548086289772e-01  9.1972075741494375e-01  8.5131695594405332e-01  6.3868621077662246e-01  1.7028214619793242e-01  1.6187439244663993e-01  
q[243]: 5.3838617372575529e-06  9.5955748266737795e-01  9.1064005736458997e-01  8.7726873015970386e-01  6.6206919115426799e-01  3.8812482458596637e-01  3.4104126697335299e-02  
q[244]: 4.3065082398158351e-06  9.3633408337696122e-01  8.9615434134615013e-01  8.5845197706876575e-01  8.4683207112942416e-01  5.9744481281899475e-01  1.6430911405352000e-01  
q[245]: 7.3451716602947426e-06  9.6426014115692515e-01  9.5024090586521148e-01  8.8726355303353877e-01  7.0952766443776083e-01  5.1814014561026900e-01  3.5912506531000971e-01  
q[246]: 2.9467776900859248e-06  9.2185030505272603e-01  8.8643591069380101e-01  8.7788289202648584e-01  7.3107636582391999e-01  4.8009552443300085e-01  4.5422945988311825e-01  
q[247]: 1.7960341154201749e-06  9.5803035924341962e-01  9.4813049570662145e-01  9.3584501732464842e-01  8.0621902673604984e-01  7.2877662242540109e-01  7.9387492810643126e-02  
q[248]: 4.7601954681867884e-06  9.9326677525456897e-01  8.7712433191490291e-01  8.7122950566665036e-01  7.1666565792598602e-01  5.2471155872898589e-01  1.5564175439003383e-01  
q[249]: 3.9874407795074743e-06  9.6043165503940053e-01  9.0347026264794428e-01  8.7821524204249313e-01  6.4366181144226020e-01  6.2489348877326056e-01  4.2297835702808584e-01  
q[250]: 3.3129759837947072e-06  9.7353384497664475e-01  9.3801840328886610e-01  8.7745285861942635e-01  6.0126037373332253e-01  5.4779148709769321e-01  5.1773600788436869e-01  
q[251]: 2.0356361740016362e-06  9.6663575027136006e-01  9.3035705121417456e-01  8.9194752864978344e-01  8.5037878037710712e-01  1.3653729795501932e-01  7.5573700692124643e-02  
q[252]: 2.0595788418821517e-06  9.7238645787692546e-01  9.2207131707486856e-01  9.0221305438039778e-01  8.4781380140637608e-01  3.0602893669040099e-01  3.0240457302289241e-02  
q[253]: 5.3222566506686460e-06  9.6924566119603439e-01  9.4640263522811086e-01  8.8859738873357419e-01  8.2708327988559738e-01  3.9569340619200888e-01  1.8076477803004629e-01  
q[254]: 2.7883860152743951e-06  9.8744758820640910e-01  9.2356705379138393e-01  8.9814298624675870e-01  8.4386542379173890e-01  3.5667037032028720e-01  3.0841821549477272e-01  
q[255]: 2.2130611798040011e-06  9.7442126610525437e-01  9.3833875426220159e-01  8.6347716234543714e-01  8.2657512873682604e-01  5.8451887295941551e-01  1.8516423360741299e-02  
q[256]: 3.2783741240399308e-06  9.4188372777302387e-01  8.9364712045935035e-01  8.7831983169425587e-01  8.6158193817636930e-01  6.2516857110725166e-01  4.3964391700910987e-01  
q[257]: 2.5356062922715845e-06  9.6662529362090910e-01  9.2787715477286470e-01  8.4668214249748830e-01  8.1772519982589109e-01  5.9428473877549248e-01  5.7258339398841451e-01  
q[258]: 1.8616830007402706e-06  9.7072032964542110e-01  9.1349784292883773e-01  8.5061802336061010e-01  8.3779042527749126e-01  7.9739166506579851e-01  1.1201186474524456e-01  
q[259]: 2.6459456601670095e-06  9.8623461007564106e-01  9.6068484146886191e-01  9.2849807787351546e-01  8.6392939273473568e-01  7.9730148470267548e-01  3.7008464538691654e-01  
q[260]: 3.5396071842098818e-06  9.5441606771321419e-01  9.0715519767905994e-01  8.0982863453050313e-01  7.8278441518904418e-01  7.5215312694403591e-01  5.1042582883829046e-01  
q[261]: 2.1035373082297633e-06  9.6977803578477662e-01  9.2946968671481656e-01  9.1302995481114191e-01  8.5066658396654871e-01  7.8601784829839627e-01  6.8796977899843870e-01  

