deg: 5
dim: 6
nodes: 78
efficiency: 0.846154

q[0]:  8.5842644259528893e-06  4.9105559835946422e-01  2.4038985911901994e-01  1.6346859473532668e-01  1.3580290907185208e-01  6.7016457276500768e-02  3.4049328634015094e-02  
q[1]:  1.3367952665810103e-05  4.4988179110987808e-01  3.6857989129552354e-01  2.9094931009314390e-01  1.9479201118321079e-01  1.4347125615374576e-01  1.3288901886075161e-01  
q[2]:  4.8337490474269594e-06  4.2014111050084130e-01  4.0273425543812641e-01  1.6968807409838368e-01  1.5186973324615857e-01  1.3132106822824852e-01  1.7295031271245355e-02  
q[3]:  6.3605959905631962e-06  5.1672551609930473e-01  4.1104328747494101e-01  3.9700902293586882e-01  3.2604435354248135e-01  3.1027145735766615e-01  5.5076807654139713e-02  
q[4]:  6.8334658104987323e-06  4.4535767183943153e-01  3.8823363456393806e-01  3.7187829600756539e-01  1.5267282791404915e-01  1.0484882383392682e-01  3.0800745533122405e-02  
q[5]:  1.1010490118649185e-05  4.6615384892590611e-01  4.3657765808130383e-01  3.8623592852786720e-01  3.4123236738297580e-01  1.2566139717245234e-01  4.0376752790322969e-02  
q[6]:  6.2268192419797470e-06  4.8565401081338438e-01  4.3965652704305452e-01  4.1826656828619607e-01  4.1707989542618767e-01  3.6944085874807747e-01  2.2355100366088759e-01  
q[7]:  1.4388526472651209e-05  7.5193669422137999e-01  2.8227404287949504e-01  2.4254837569330548e-01  1.5600589684945138e-01  1.2422442095043032e-01  4.8323283769269018e-02  
q[8]:  3.0163794057173854e-05  7.8723918703351325e-01  5.6583689159074479e-01  2.3167206613326521e-01  1.5611930698219023e-01  1.3017324504230773e-01  5.4961745878283397e-02  
q[9]:  2.3041696446260679e-05  7.1026741709103958e-01  5.5988011538853721e-01  3.4030170161478229e-01  2.6997859159841142e-01  6.3600256061898328e-02  6.0944204861664561e-02  
q[10]: 2.8300574615040327e-05  7.2412346281270246e-01  5.1760209000203905e-01  4.1993040909807239e-01  4.0670198159459819e-01  3.1684812266388868e-01  7.3151931684704755e-02  
q[11]: 3.1618721332111631e-05  7.8317408136416178e-01  5.4739639515064908e-01  4.7375211714365556e-01  1.5719343011097883e-01  9.6566961181826436e-02  6.0998532209686852e-02  
q[12]: 2.5109112496520020e-05  7.1723899031648963e-01  5.9324812867464816e-01  4.9030043837783521e-01  2.9162875933096399e-01  2.3682282141776942e-01  7.4073976302381174e-03  
q[13]: 3.4096659580468253e-05  8.0697772078354346e-01  5.8215151945476273e-01  5.2452625410620635e-01  4.0928439232597241e-01  3.6803385208839728e-01  2.1688675196692825e-01  
q[14]: 2.6096701021711826e-05  7.6665015240120116e-01  5.0148252059374498e-01  4.8629680662497549e-01  4.0946018764303477e-01  1.2867752411743943e-01  5.6141408975614981e-02  
q[15]: 2.0653286506479118e-05  7.7457260326925581e-01  4.9008661435335232e-01  4.3164008519299701e-01  3.9383799214589282e-01  3.2884495982049899e-01  2.9718824596571342e-01  
q[16]: 9.1051853044055820e-06  7.8245521420803155e-01  7.4521786417460822e-01  2.1166791636335364e-01  1.8388343660385473e-01  8.6833656532248296e-02  4.6099421510628895e-02  
q[17]: 1.9260465006398138e-05  6.9441484160266043e-01  6.6890875880561151e-01  4.0784239430492764e-01  1.5250121079860995e-01  1.0290061067362821e-01  5.2796553750900012e-02  
q[18]: 3.0257717394861437e-05  7.7447473527258992e-01  7.3159339042005056e-01  5.0439815361059515e-01  4.2823595567465628e-01  2.1222158433064978e-01  2.3059989643907101e-02  
q[19]: 1.7436049077424318e-05  7.1947058554742938e-01  7.1291058270003005e-01  5.1531513280658470e-01  4.4751218400859571e-01  2.5336598045200864e-01  2.2441071881178268e-01  
q[20]: 7.1842080484978641e-06  7.5104977380001203e-01  7.4101745762879989e-01  6.6870675311247152e-01  6.2959229780043746e-01  5.8446993520480606e-01  4.4242184965298643e-02  
q[21]: 1.4056602908351748e-05  7.7474397535620576e-01  7.5926790047380621e-01  5.2556096177412681e-01  4.4972698052196630e-01  4.2848266125750145e-01  1.5512613587289228e-01  
q[22]: 1.8122245842119269e-05  7.2433094568418488e-01  6.4533692741623216e-01  3.7605020412345069e-01  3.2449817025326733e-01  3.1261225766333695e-01  2.4152545176262763e-01  
q[23]: 9.6114082208008381e-06  7.8716596589334720e-01  7.5963416445699661e-01  7.1544326165842287e-01  1.7108673285833340e-01  1.3402700542092555e-01  6.2970929720701313e-02  
q[24]: 2.7997686311934824e-05  7.6114100046567401e-01  7.1103048541716340e-01  6.5805370372812366e-01  3.6873729467992344e-01  1.0426602306042275e-01  5.1003129539829828e-02  
q[25]: 3.7482483860836575e-05  7.5969150326369461e-01  7.3213151114513098e-01  6.7395061713147353e-01  4.8574795357219702e-01  4.1020215651637176e-01  1.7511692089175845e-01  
q[26]: 2.2313059844607851e-05  7.5132347469638272e-01  6.8386587476202754e-01  6.3753401088807482e-01  3.8358932569634141e-01  3.3174707939609283e-01  2.8883593314937805e-01  
q[27]: 1.4012808265233030e-05  7.7929285532338721e-01  7.2801362046664053e-01  6.4992834525256693e-01  6.0906072061244232e-01  1.0409987082713909e-01  5.0048813436035802e-02  
q[28]: 1.5677270076711957e-05  7.8017876522974094e-01  7.2425903986511142e-01  7.2012412587686192e-01  6.4444112913003293e-01  3.9920796332238045e-01  5.7514955952394121e-02  
q[29]: 2.7430380648080984e-05  8.1693880614769088e-01  7.4033418092562631e-01  5.8379163338989148e-01  5.8336084395230658e-01  3.9656810999762421e-01  2.0488099723852946e-01  
q[30]: 2.0131159062564312e-05  7.5229985735755722e-01  6.7675356066060410e-01  6.6838443937945757e-01  6.0273060953745417e-01  3.2496054332368024e-01  2.6662059139123434e-01  
q[31]: 9.3636964293862583e-06  7.4144581909705942e-01  7.0929670128542288e-01  6.4992613067780702e-01  6.0853840916288471e-01  5.6186842204390941e-01  5.0360406842935512e-01  
q[32]: 1.1803320705284647e-05  9.2228090532259577e-01  3.6445301940509783e-01  1.8551892177853904e-01  1.6206485948649516e-01  9.5988847721713344e-02  6.0638871774372091e-02  
q[33]: 7.5452945809628620e-06  9.5324850639914993e-01  3.8642598396193034e-01  3.5511260908483061e-01  3.2500462476838426e-01  2.8359781044702481e-01  8.8743794868406181e-02  
q[34]: 5.7414933710577081e-06  9.7227795252973370e-01  3.9156829741344823e-01  3.6830845931017808e-01  1.5888508525433745e-01  1.1816798733195764e-01  6.1464855184711273e-02  
q[35]: 7.2516168686340397e-06  9.4889883939067654e-01  3.6523655966761881e-01  3.5209298374881376e-01  2.9551297664010612e-01  1.2680647835988185e-01  9.2777073788997882e-02  
q[36]: 1.3555014257333010e-05  9.8109111703754748e-01  7.6080584876307999e-01  2.4432360365488254e-01  1.8534861005888234e-01  1.0498528097982174e-01  5.3795057261102827e-02  
q[37]: 1.3006070320968643e-05  9.0303389669340484e-01  5.5357363164301143e-01  3.7278352671393505e-01  3.3505386852167152e-01  1.1175610231477137e-01  7.3436643874393547e-03  
q[38]: 1.3554320112325927e-05  9.5981635178517888e-01  5.8677823465858114e-01  3.8507137382498385e-01  1.9716063993439914e-01  1.8996054738312856e-01  1.7499428345466428e-01  
q[39]: 8.1615647628323281e-05  9.3892546421231726e-01  7.9142591666685047e-01  5.7901360818687064e-01  4.2225589334700842e-01  2.3092729370811413e-01  1.4055375708273149e-01  
q[40]: 1.7037714986018273e-05  9.6691817768665655e-01  6.1391106992768329e-01  4.2684106124659532e-01  2.6114433040939816e-01  2.1436484103771603e-01  5.0095267323618624e-03  
q[41]: 1.8877117948487927e-05  9.3395866298583829e-01  6.6451481035030191e-01  5.0295958794360673e-01  4.7736591488929803e-01  2.4653957776870244e-01  2.3121800843676504e-01  
q[42]: 1.4169082766011839e-05  9.0568060151855445e-01  6.4374145332845933e-01  6.0237503012630245e-01  5.4079782983977021e-01  5.1622310072287347e-01  5.5837520915182480e-02  
q[43]: 1.9658345622034550e-05  9.7088929863900175e-01  6.9529822635767291e-01  4.6170095528347260e-01  4.5424531309023969e-01  3.9901325832888518e-01  1.7827840978139725e-01  
q[44]: 8.2804036846501086e-06  9.6705941320167021e-01  7.4597138279992159e-01  6.8776146863421173e-01  1.4527376325661470e-01  1.2140428814669668e-01  5.3074183417761170e-02  
q[45]: 1.3951280103968947e-05  9.5595942044137217e-01  6.2913775731945965e-01  4.8925876604035579e-01  2.3433126784736882e-01  2.8324814817267608e-02  7.2744651438670671e-04  
q[46]: 1.9157317983961150e-05  9.5939961226777182e-01  7.1696605319851658e-01  6.8719510506138548e-01  4.2765424590203244e-01  2.6757669680772866e-01  2.4774208630545372e-01  
q[47]: 2.4555767733322893e-05  9.3553956571743835e-01  6.9150570948888546e-01  6.8577032744771704e-01  3.9833378386209867e-01  2.8271266095637065e-01  7.2412447633424359e-02  
q[48]: 2.8420977543864936e-05  9.5940518453303492e-01  7.8637345390100344e-01  6.7560061213968048e-01  4.5446399522354008e-01  4.4493130654864244e-01  2.0963069128417303e-01  
q[49]: 1.5354569852865612e-05  9.6755880586792198e-01  6.9354509951616539e-01  6.3550330016550072e-01  5.7486788377631837e-01  1.2541445530586590e-01  6.3040845318614674e-02  
q[50]: 1.5342934834151702e-05  9.5130959679737870e-01  6.7113822469477236e-01  5.9744942076436403e-01  5.4834019303865134e-01  3.2681025717098422e-01  1.5537229828109228e-02  
q[51]: 2.5996234840881458e-05  9.7247303150356201e-01  7.3457735635703592e-01  7.0569395481176778e-01  6.4150203080572632e-01  4.4331635248127310e-01  2.2598726656267559e-01  
q[52]: 1.0685522410892233e-05  9.7176965931025949e-01  6.1892076859552558e-01  5.7077143672812958e-01  5.1710052894633796e-01  4.8333979856312936e-01  4.1418780074364420e-01  
q[53]: 1.7319718170751050e-05  9.4711455161459801e-01  9.1937463332361180e-01  3.2588583742840266e-01  2.3668738134155523e-01  1.7376121493924310e-01  8.7247150751408931e-02  
q[54]: 1.5613168874977405e-05  9.1966392877313863e-01  8.3155234268167344e-01  4.6262992314992679e-01  4.2639760070990174e-01  3.9393792631117430e-01  3.2006287228972773e-02  
q[55]: 8.9974446075500888e-06  9.4688053154442620e-01  8.4382398338024456e-01  4.7478935701920733e-01  4.7204303508285439e-01  7.6738158267727147e-02  3.1575000760737222e-02  
q[56]: 1.3703875837399749e-05  9.3878915371251681e-01  8.3951496557217442e-01  4.6757703963707609e-01  1.0433121567983646e-01  6.5851840767867598e-02  3.1741987742954239e-02  
q[57]: 1.3170483181815755e-05  9.4397940236758549e-01  9.1810126168739692e-01  6.0570740938104661e-01  3.6237274477524012e-01  4.7382562063423984e-02  2.4568627297687620e-02  
q[58]: 2.6380814566558304e-05  9.3666737836096980e-01  8.9439842593460150e-01  6.5038810239000089e-01  3.6645866262696591e-01  3.1686663278294247e-01  2.7545866429775978e-01  
q[59]: 2.9225127616332604e-05  9.4664938594570958e-01  8.9868062147047134e-01  6.5039696796223512e-01  3.6496633594415717e-01  3.0807560335394230e-01  5.1795121723538132e-02  
q[60]: 1.8623022679999444e-05  9.7528658555655634e-01  9.2444280280292135e-01  6.2982838168972699e-01  5.7617720981829779e-01  3.2221214050929992e-01  5.7019724802471305e-02  
q[61]: 9.9937648585848019e-06  9.6154648913429608e-01  9.6086843777518827e-01  6.5129413727376639e-01  6.0688414596924145e-01  2.9918241707058041e-01  2.5861188327999779e-01  
q[62]: 2.5161682693096775e-05  9.6384096098086791e-01  9.0237778235891608e-01  8.2351056464285988e-01  7.4413224072544804e-01  6.5769372896233547e-01  8.0205499758601306e-02  
q[63]: 1.7061309085589738e-05  9.7037588014921727e-01  9.4547247808012969e-01  6.9251197674378207e-01  6.3181640508555492e-01  5.7911367689015047e-01  3.1127473398448613e-01  
q[64]: 1.6521054334110799e-05  9.3957852150143251e-01  8.3935232465131804e-01  4.7647165621445670e-01  4.4142701719919525e-01  3.9236037212138508e-01  3.5996056375159802e-01  
q[65]: 2.1044278707215069e-05  9.5858768742252509e-01  9.1214959496503112e-01  8.2565834392467874e-01  2.4962316493725722e-01  1.5000092181007782e-01  7.7978776403686806e-02  
q[66]: 5.7478074981949380e-06  9.6882984802526406e-01  8.6023111167249711e-01  8.4399586651486780e-01  4.4753731156670984e-01  4.6653380076138451e-02  3.0954112884088190e-02  
q[67]: 2.9912612274465683e-05  9.5113077943107882e-01  8.9644446203720662e-01  8.3180941894155069e-01  5.7464491451005550e-01  2.8669978122385914e-01  4.0935753758365945e-02  
q[68]: 2.2146918834247282e-05  9.4326478494849930e-01  9.1271924213130862e-01  8.5342176324087149e-01  5.9693467894000918e-01  3.1605844199170563e-01  2.7220369652851500e-01  
q[69]: 7.6983330925281774e-06  9.1542737143055897e-01  8.6362834837787905e-01  8.4284953607169621e-01  4.5251421007249010e-01  4.3237658535301848e-01  2.2985291742363748e-02  
q[70]: 1.0965571961804034e-05  9.7775719232934299e-01  9.6656669888393276e-01  9.4352592419376757e-01  6.3951346341078863e-01  5.5880892776489177e-01  2.9209920666177680e-01  
q[71]: 5.1092017941155460e-06  9.5385859588326072e-01  8.6853881141318301e-01  8.5977668397541129e-01  4.3739096675928452e-01  4.3500265286290773e-01  3.9784054987261713e-01  
q[72]: 2.0592794979776228e-05  9.5248273203470690e-01  8.9919511690937504e-01  8.2901994183964678e-01  7.4384731803857029e-01  1.5279351415021594e-01  7.9681212852250896e-02  
q[73]: 7.2073458864523260e-06  9.4471651751101093e-01  8.8652646450179096e-01  8.3802054843345719e-01  8.3098945859752216e-01  3.9983889367192466e-01  3.8840110157048462e-02  
q[74]: 2.2395861899543176e-05  9.4781584747441994e-01  9.1568196874748886e-01  8.5683724506897763e-01  7.9813532630317829e-01  5.1723032029463878e-01  2.7408923106328181e-01  
q[75]: 7.0100119952351061e-06  9.5902810735054089e-01  8.7092376816273787e-01  8.2869495278323191e-01  8.1715126101840263e-01  4.2396236008290850e-01  4.0279799078734424e-01  
q[76]: 1.3182377832839509e-05  9.0538703429767942e-01  8.2587650486571818e-01  8.0513195292374762e-01  7.7789320101086123e-01  7.4785408515821605e-01  3.7022876352190109e-01  
q[77]: 2.8415421338191209e-05  9.4799338393053301e-01  8.8086368662258263e-01  8.0633312597097895e-01  7.2717100250675326e-01  6.4950285480255987e-01  5.7660108234270402e-01  

