4 335
5.5512081309415075e-02  5.0180565281472925e-02  6.9183567841466842e-02  4.3049770741401434e-02  1.9265699411828930e-04
1.2064148573103551e-02  3.0810007754559107e-02  3.3769585571062744e-01  5.9569848170104196e-02  3.9341856098862213e-04
2.9450563268154956e-02  5.9688711961985122e-02  4.6328262780282936e-01  3.3913873117631205e-01  9.0932248322851423e-04
3.7121602783032240e-02  3.4913059660906527e-02  7.1723145535242183e-01  4.2224566148732046e-02  4.3474761175284497e-04
1.0367165912548097e-02  3.2411489766428735e-02  7.1133001585042444e-01  6.7272453555319056e-01  2.9101976591661952e-04
8.1840095125597520e-02  4.0038543933038032e-02  8.8473797841291379e-01  1.8543966314171381e-01  8.2301399588903892e-04
5.0741250260234280e-02  1.9437596149114295e-02  7.5008429474083671e-01  3.4573695967881291e-01  7.4591411636074491e-04
2.1396742469565959e-02  6.1542341888470575e-02  9.4385883107618895e-01  5.3310480783862757e-01  6.0474639433101345e-04
5.8165462498154429e-02  6.2865399109575865e-02  9.5869303181838439e-01  9.1422698595763563e-01  3.6395002221727721e-04
3.2138314964957893e-02  2.0133465921216806e-01  1.8700821408390095e-01  1.4822736626226130e-01  6.8900867815988444e-04
4.9446883537164650e-02  1.7672872899467060e-01  3.2663871503888775e-01  1.3546784372278572e-01  9.6415196088625230e-04
2.2109754789962095e-02  1.8351501454911051e-01  7.2843530514419652e-01  1.5920639449940316e-01  8.6725720650763268e-04
5.1644997292121166e-02  1.8404577751127640e-01  6.2861621991988659e-01  3.4692447439308272e-01  1.5835985351829703e-03
1.8039441425792075e-02  2.0285819058257057e-01  7.9590928963316865e-01  3.8024393846543270e-02  3.6993436494662407e-04
4.6541375713095551e-02  1.3776806811824768e-01  8.3790237503804021e-01  5.9512957374474473e-01  1.3702810060799890e-03
2.5102359904581532e-02  2.5904223468732734e-01  8.2073101028889528e-01  8.0640289409122234e-01  4.2519746871824807e-04
9.6450779918712173e-03  1.6292755822466182e-01  9.7124517745734806e-01  1.5798195133894027e-01  5.0202969928387308e-04
2.2369476802323325e-02  3.9489865704092669e-01  5.1198267718896177e-02  1.6146060163184074e-02  1.8189779599099231e-04
3.5821428491010783e-02  3.9904282770072053e-01  2.7975369924895466e-01  1.6747656967823044e-02  7.1825695571810244e-04
3.2603239033194703e-02  3.3847459532256985e-01  5.1723343753798545e-01  1.1939690083926033e-01  1.8734351172017994e-03
1.1346785637949646e-02  3.8520838757251363e-01  3.3472139903489767e-01  3.0808136121731206e-01  4.5411275737731663e-04
4.3118965446950895e-02  3.4430098469565645e-01  6.3239474869923429e-01  5.2565873778933292e-01  2.0434815626125600e-03
4.0153351913305609e-02  3.6100767446861742e-01  8.0541454422665004e-01  3.5417042072071675e-01  2.4024355563409990e-03
7.6227357772472318e-02  3.3293526919587652e-01  9.6674012921951713e-01  3.2437820170509737e-02  4.8993546685272840e-04
6.8683585159778127e-02  3.0738293699989822e-01  9.7882616000455869e-01  3.7462880700650236e-01  9.8292749177123482e-04
1.6678502632202916e-02  2.6502609513951320e-01  9.8378604601193942e-01  8.0052703712287498e-01  5.1788814695049494e-04
3.4678370122213344e-02  6.7227736364857016e-01  1.4012529254733902e-01  4.4759926394361466e-02  7.9616863670913625e-04
3.0503044620712752e-02  6.8302840899551820e-01  5.2469206396014956e-01  1.8511825001258531e-02  7.5188650756710792e-04
4.2132264563555018e-02  5.8654124521282924e-01  4.3723297710036391e-01  2.6440536734887321e-01  2.7754511465310225e-03
3.3476733673197367e-02  6.4640256298659271e-01  4.8059112675548099e-01  4.7548146269034397e-01  6.0217658946758439e-04
5.2883245120795536e-02  5.7488883776638866e-01  7.1961103725937825e-01  1.5433367048425162e-01  2.1716162751112466e-03
4.1263989362872767e-02  5.0602540804250817e-01  7.9424489341527882e-01  2.7308071647206011e-02  7.6579109976570117e-04
3.0596616903477415e-02  6.7932605584269257e-01  7.6001836092646535e-01  5.2742335971844123e-01  1.7865574076609075e-03
3.0563169062831609e-02  4.9962679594375753e-01  8.8128292167184519e-01  7.3448422263802171e-01  1.4399592859502732e-03
2.6916895655894908e-02  7.0993691411126758e-01  8.8060397608394569e-01  8.5872009400545624e-01  4.3788898948179586e-04
1.6818855934290628e-02  6.7847591750371539e-01  9.5485724721147791e-01  3.2224221846780268e-02  3.4447529394721353e-04
1.5279317282401400e-02  6.0122623013486054e-01  9.3764536313252422e-01  3.4549498876962670e-01  1.1190890479630402e-03
8.3359292947309538e-02  5.5638349545861465e-01  9.7742194166012963e-01  5.8781479153802152e-01  1.0528126810414335e-03
1.8171229413995793e-02  8.5440781905936181e-01  3.3343568486324987e-01  1.2583482438928797e-01  9.0629398134754356e-04
2.6230272739343405e-02  8.8621283216529068e-01  6.7748649565856356e-01  3.1315706454959585e-01  1.6793203906744038e-03
2.6013889557075082e-02  7.9989392875114551e-01  6.0111585068798590e-01  4.6345793821540043e-01  5.5567784429767688e-04
3.6805419348757772e-02  8.2622101313300877e-01  8.8057984113479215e-01  1.5730260674012875e-01  1.4015008561409029e-03
4.3505992658546475e-02  8.5887335051936109e-01  9.4935493525981707e-01  5.9096002312491214e-01  1.3148945622057852e-03
2.7078391585324959e-02  8.1353769743637216e-01  9.9663373438258862e-01  9.5322811842916289e-01  2.0163272889319795e-04
6.0759776831945396e-02  9.8921015655024047e-01  1.2144859548145343e-01  4.0035865199045548e-02  2.2430617683905129e-04
2.9477290036047689e-02  9.0040725060865556e-01  1.9073644504010098e-01  1.6579325673380738e-01  3.7840226657569301e-04
2.0902689916241442e-02  9.6102577569011061e-01  5.6335205833059487e-01  5.4145987277977904e-02  5.6715622424068296e-04
3.2298522591839504e-02  9.8328565156301917e-01  4.3287620650661413e-01  3.7344703832895548e-01  3.3800516967719607e-04
6.7354903528969640e-02  9.6351455890369109e-01  8.6470256948116686e-01  2.9392188560215700e-02  3.5521967859298100e-04
4.0206667979599278e-02  9.1897705006577690e-01  6.9360920578958329e-01  6.4888562191421562e-01  8.1481381745082346e-04
3.1812085566596454e-02  9.7872148894983135e-01  9.7514472532503838e-01  1.8649828572907493e-01  2.2256820445300176e-04
4.1612906848990674e-02  9.9881281943210132e-01  8.7477260339874741e-01  3.7894988254596951e-01  3.6703480164306792e-04
1.2755120325285342e-02  9.8193369239733674e-01  9.3363313272333726e-01  7.8110067662855698e-01  2.3784313783958253e-04
1.8677364356303885e-01  9.0415111835211431e-03  2.1566033837725668e-01  1.0752976537764973e-01  6.1091081663377481e-04
1.4967976194824728e-01  4.1107129717997619e-02  3.1006665292736990e-01  2.8685787545053248e-01  6.6628367643259130e-04
1.6874372629454260e-01  4.4821216938174459e-02  5.5845458436860118e-01  1.6536460639654432e-01  2.2610095582394352e-03
1.6558013870563265e-01  1.6792826088994461e-02  7.3061979049825188e-01  5.7744938040970117e-01  1.1758303422758185e-03
1.2961075729334928e-01  3.9976056935574107e-02  9.5685051883261252e-01  2.8028095457470217e-02  3.7009507528926292e-04
1.8035815507357311e-01  5.0987520844873631e-03  9.9871134789042482e-01  3.3247966119815642e-01  3.2187059964356270e-04
1.7193648575317932e-01  2.4663429791046805e-02  9.5723549852644640e-01  7.5441665506579969e-01  7.8938020226519570e-04
1.5720552808134483e-01  1.4978689746961837e-01  1.5165232285661404e-01  1.7555140605477616e-02  1.0235937580575102e-03
1.3368740478709179e-01  1.4362442414079116e-01  4.8988450963993102e-01  2.2285206482002141e-02  1.4608120704677294e-03
1.7298398532182935e-01  1.9117822150766967e-01  4.0939264046457791e-01  2.2145428031209191e-01  1.7963186591534749e-03
1.2825531657089698e-01  1.4548876865929036e-01  5.3399352256142829e-01  5.1624735310715908e-01  1.1666693295136305e-03
2.0011917018536801e-01  1.8803061197703688e-01  7.4498710661145806e-01  1.5792490122569325e-01  2.4167103405955386e-03
2.1466938884711131e-01  1.7377139591245097e-01  6.3349425923837266e-01  3.7470335571693181e-01  2.8821333280222693e-03
1.7790543375575524e-01  1.8246817223238973e-01  8.5905866862706637e-01  2.6256745177631650e-02  8.6057070996539589e-04
1.8782926877509099e-01  1.3359050053886926e-01  8.9755678325460730e-01  3.3644421912912170e-01  2.9572885098547125e-03
1.6742677673972417e-01  1.6377048518878112e-01  8.5100077318067191e-01  7.6175001486108007e-01  2.3237450670957212e-03
1.7112668935644068e-01  1.9832431661568509e-01  9.8431245052093341e-01  5.8578003700674353e-01  9.9626030814622783e-04
1.8967686895914615e-01  3.7242029735447096e-01  5.4154687040519053e-02  4.0241292697757378e-02  4.6968526217908244e-04
1.7503270122722359e-01  4.0908023538357152e-01  2.6022362498679991e-01  1.1184951353422361e-01  3.0385560502893321e-03
1.8573247624995318e-01  3.4234509090402754e-01  3.7354956856410498e-01  3.1964828362100245e-01  2.1717632172443507e-03
1.9154545200629297e-01  3.6843509824318449e-01  6.2588995097996125e-01  2.8383124048331061e-02  2.1278446733740989e-03
2.0352584554012093e-01  4.8386665778731458e-01  6.0740847752505400e-01  2.8931449217171701e-01  5.8550726353075516e-03
1.8985609734755643e-01  3.5412344644991145e-01  6.4032839168555400e-01  5.3341852377300303e-01  1.9684812439871953e-03
1.6211797878602929e-01  5.5910560726827263e-01  7.0847688250070562e-01  6.8110426237407751e-01  2.2980784974826751e-03
1.6066302383716230e-01  4.1263638370126698e-01  9.0078618799277999e-01  1.4538333866401629e-01  3.7189898551896177e-03
1.8374264213440070e-01  3.7390343301162388e-01  8.8873776496356105e-01  5.6570686001708093e-01  4.2910066287431131e-03
1.4584177751110705e-01  3.9662096973666217e-01  9.6287005057090180e-01  9.3325524238799240e-01  1.0467595055367286e-03
1.3361406322118155e-01  6.0480564430596795e-01  1.8332721055673423e-01  1.5594808958819123e-01  1.3566425306030464e-03
1.9436910412169578e-01  6.1360527102538720e-01  3.8298632182597436e-01  5.6026877739091416e-02  2.9794245564542065e-03
1.8233346783601129e-01  7.2413757440457094e-01  8.3336134489673441e-01  3.3540574110675425e-01  4.4724808613879801e-03
1.8939056532322729e-01  6.3406730107280629e-01  7.7412490224917563e-01  4.8877294095635515e-01  3.0831761860297215e-03
1.5401616566582385e-01  6.3317339428938946e-01  9.9380562503416314e-01  1.6973997237884608e-01  1.1415088718831194e-03
1.5391310458870427e-01  6.5456019276490596e-01  9.7410313056021380e-01  8.0002403630712882e-01  1.4965746356118885e-03
1.7157785371822576e-01  8.4867985810272573e-01  3.9066932011869684e-02  2.5496555395824055e-02  4.1930802042370788e-04
1.3593540709260785e-01  8.8233149545080358e-01  2.7522645219390046e-01  1.5941152559334291e-02  1.0473842010281797e-03
1.9902650709167505e-01  8.6873933511021695e-01  2.6866142879240806e-01  1.5509939979131421e-01  1.2141637904595974e-03
1.2682809564564981e-01  7.7010986095031286e-01  5.4680065295299307e-01  1.5589561467803703e-01  3.2163165149823795e-03
1.4634798180279426e-01  8.2007758134800335e-01  3.7010408804137773e-01  3.2426054138481758e-01  1.6936515771270989e-03
1.5665850836647605e-01  8.0718980583008337e-01  7.4495971345374468e-01  3.6291243624608026e-02  1.9457826304381516e-03
2.0568780550282556e-01  7.8392204444748959e-01  5.7983100472353100e-01  4.7016592227854720e-01  3.6039990705228116e-03
1.3637058972397939e-01  8.2028404402403610e-01  8.5505905940653781e-01  7.5428405900844919e-01  1.8250585193243329e-03
1.6541459291484803e-01  8.7305363177772766e-01  9.7897953117275771e-01  3.6218920691308792e-01  1.4377433681087453e-03
1.5326478804034874e-01  9.8414844946116298e-01  3.9102541752807563e-01  1.3091847402497195e-01  7.5654470995231151e-04
1.4492679282358650e-01  9.7261653578525775e-01  5.0373263642327859e-01  3.2152247786408034e-01  1.3443794092765455e-03
1.9304250296888728e-01  9.5387058567862859e-01  7.4220460793916276e-01  1.6538890089140151e-01  2.2692452322087848e-03
1.8289146345884272e-01  9.6429757901764690e-01  8.9650271702305528e-01  3.8678467649342285e-01  6.8793514609593860e-04
1.3555155824150827e-01  9.5688658092656220e-01  7.8163524946953522e-01  5.4958932494156854e-01  1.5993491132871936e-03
1.6427770623786109e-01  9.7430030821001989e-01  9.0933461987006270e-01  8.8588163304255663e-01  4.2828267786715666e-04
1.7378094420620432e-01  9.0001530262450657e-01  9.7756615451348727e-01  4.0891497457283738e-02  5.5238360624670381e-04
2.0226255633107459e-01  9.3583497287037953e-01  9.7099716985605278e-01  7.9795917819194739e-01  7.2622811922425643e-04
3.9842498837588386e-01  5.0727958495456242e-02  4.1034049383100395e-02  2.2329200813513209e-02  2.6905043029972961e-04
3.7281197503552488e-01  4.1410861371075150e-02  3.3907657337599656e-01  2.8935522485521774e-02  1.1248108280770576e-03
3.6014802087113140e-01  4.2992559025489444e-02  4.6959180295004255e-01  3.3188905240255434e-01  2.2942385929251899e-03
3.7369239776003094e-01  2.8117811484922501e-02  6.9537780957415374e-01  4.0366253598659890e-02  1.2412215131217524e-03
3.2464881043979382e-01  2.7348672396058371e-02  7.2783930193493529e-01  7.0602554857939226e-01  4.7790785913068100e-04
3.5341670637186667e-01  3.6266957035267666e-02  8.8920152589179124e-01  1.1878866565768484e-01  9.3139755352461312e-04
3.9276034536318000e-01  2.4181154256125735e-02  7.7218633569384043e-01  3.5075215435216073e-01  1.9842480841193418e-03
4.1389833597528997e-01  5.3255496768214443e-02  9.3898056223912851e-01  5.3499403237823517e-01  1.8832372114689605e-03
3.7142160747351838e-01  3.5243731628232959e-02  8.9771187576074030e-01  8.8220001720001229e-01  4.7037433016976340e-04
3.7333343816139347e-01  1.6333050198182905e-01  1.6989799322488239e-01  1.3965638805619604e-01  1.8470261400676390e-03
3.9404499363760936e-01  1.6580170017415385e-01  3.5147226946659704e-01  1.3506757210326995e-01  3.0368488882665029e-03
3.9307411027169736e-01  1.2534789128411405e-01  5.7251418295428147e-01  5.2243495156207542e-01  1.8070298745676248e-03
3.9414321588529239e-01  1.9190197135135820e-01  7.3940569874103190e-01  1.6504399424246291e-01  2.3005411266469769e-03
3.9592315053609894e-01  1.9877061594681408e-01  8.2984785735260647e-01  2.8547626348376147e-02  1.1454791071329909e-03
3.6998385638886461e-01  1.3203761453316795e-01  7.9899073694137779e-01  5.3766213638169436e-01  3.2677583064150578e-03
3.6844484421270879e-01  2.6913147644845942e-01  7.8328916170104979e-01  7.7169459427324805e-01  1.2400475388933720e-03
3.6872560841470220e-01  1.4402826714020417e-01  9.8181241613059789e-01  1.2720836485770082e-01  1.3981262632748405e-03
3.7808521161868419e-01  1.0526836136695661e-01  9.9727220115092463e-01  6.1686886524497142e-01  1.1347815750680460e-04
3.9472323264681819e-01  1.2892321029102979e-01  9.8920638311298659e-01  9.4634354488155203e-01  5.3980483292218496e-04
3.7372930442500701e-01  3.8298461373069526e-01  7.9263268379722959e-02  2.7483579337270917e-02  6.6687108935381122e-04
4.0593580088407694e-01  3.5476502177990082e-01  3.0454567640586977e-01  2.1696696579586311e-02  1.9972386883665575e-03
3.8609926378698489e-01  3.1583853318172200e-01  5.1183534922619256e-01  1.2381953847554357e-01  4.7794567056709814e-03
3.8864339540294668e-01  3.6920055171965516e-01  3.7352145992252545e-01  3.4190474680229227e-01  1.9443916247305561e-03
4.0100808135766497e-01  3.4317383032467264e-01  6.5323901118728689e-01  5.0804776252286243e-01  3.1291322133959786e-03
4.2163892425991578e-01  3.5494962467819852e-01  7.8591843629384628e-01  3.3131856301995571e-01  5.9085102366037943e-03
4.0778586550199464e-01  3.6963685439792737e-01  9.9201618651150081e-01  2.2490732652324048e-02  6.0081308581885502e-04
3.9086188492754792e-01  3.0890471213394111e-01  9.7273021959852524e-01  3.1856480255749081e-01  2.3977760142938611e-03
3.6244098301188232e-01  2.5274635825544745e-01  9.7365417049574543e-01  7.8581204757079648e-01  2.1473164325820919e-03
3.5969833804909329e-01  6.7727257147791797e-01  1.3692638447656733e-01  2.6592450363181776e-02  1.9504224356515453e-03
3.8176434904452983e-01  6.1486961167579868e-01  1.9332137170828090e-01  1.7459230520563934e-01  9.3144292075170534e-04
3.9438559838715759e-01  6.4700409565483086e-01  5.2647021127160065e-01  1.3914893868543931e-02  1.2329053158399812e-03
3.9006293472476317e-01  5.8945321033538123e-01  4.4345977688681448e-01  2.9809764276692580e-01  5.0001072333959260e-03
4.0922523319100762e-01  6.3182239672541862e-01  4.8655848824570808e-01  4.7309367121625134e-01  1.7950507000899208e-03
3.5873568141699619e-01  5.7063902326353533e-01  7.2439425725043094e-01  1.2348282818906399e-01  5.0936428726192353e-03
3.7065582454737178e-01  5.2456869382165383e-01  8.1846282319542629e-01  1.0304489702930889e-02  6.7986122038032578e-04
4.1577111305577241e-01  6.3011785745026994e-01  6.9890737353229193e-01  5.4250321999301143e-01  2.9421187911977094e-03
3.8679656784163224e-01  4.6831276084110274e-01  8.5425272415096265e-01  7.2942042984262645e-01  4.3065179092051740e-03
3.2195886889076958e-01  7.1717282677400540e-01  8.9094019792583778e-01  8.8768809180916541e-01  6.8690148853879120e-04
3.1141288692512314e-01  6.5806506475174975e-01  9.1940378910517140e-01  3.0999965447227357e-02  1.6100881943407986e-03
3.8920898077193727e-01  5.8298811059300681e-01  9.3991572896086428e-01  3.5295164295336762e-01  3.6931010883120077e-03
3.5582964894307012e-01  6.0052284647747267e-01  9.8215893837335755e-01  5.6450082216048292e-01  1.8416794182232075e-03
3.5888853035768431e-01  6.1671725137335753e-01  9.5733043081337099e-01  8.7790843354774861e-01  9.9746601840923119e-04
3.9022302645210505e-01  8.0687801531510972e-01  3.1638991382441600e-01  1.5291510573524653e-01  3.6691010091422440e-03
3.9458529743581777e-01  7.8291298461318293e-01  5.5124785803986343e-01  1.2084144696374281e-01  2.4917851742045035e-03
3.9845351150547387e-01  8.8407720221668173e-01  6.2368528459133410e-01  3.1449459667348795e-01  5.8190183782134098e-03
3.9245042004140718e-01  8.2200532431186679e-01  9.0000624186098477e-01  1.6050191035824676e-01  3.4289468847925968e-03
3.9553083897613128e-01  8.0831793608930591e-01  8.4494729387631362e-01  7.5696597596468440e-01  1.6304394872166579e-03
3.4489918792713775e-01  8.2191338836017802e-01  8.9382226303252299e-01  5.8798751838025642e-01  3.7219185665711535e-03
4.1861008206486494e-01  8.4969089210276316e-01  9.9617013797099252e-01  7.1342124334141654e-01  3.0023451134931470e-04
3.7797113955108258e-01  8.8247082123798459e-01  9.8937051535290743e-01  9.5479876606660974e-01  4.4057916168320428e-04
3.6676174005922363e-01  9.7161957366684759e-01  1.3353530100830666e-01  1.8927171759229092e-02  3.1821797482541666e-04
3.4835152201011532e-01  9.5787822453708760e-01  1.8307942779894051e-01  1.4742928216674198e-01  9.0797196941956137e-04
3.3676133086378346e-01  9.3038138275252880e-01  5.3667474056907005e-01  2.0010798386331914e-02  1.3322409070299862e-03
3.5875283291369137e-01  9.8056664751233469e-01  4.3280693421325805e-01  9.7903874052610806e-02  7.9412727158632032e-04
3.3363949083211908e-01  9.6664842843423326e-01  3.9753687445406299e-01  3.8896646270844742e-01  5.5599461251505515e-04
3.9305528007733137e-01  9.8798046995268907e-01  8.3166373439408459e-01  1.9913864533645860e-02  4.5488055818249898e-04
3.3684955833765567e-01  9.3521284125587956e-01  6.5429620313097525e-01  6.3365915499018766e-01  1.2598869824952887e-03
3.9366571441875470e-01  9.7194439375307407e-01  9.5081620630160413e-01  1.6013970080019665e-01  1.0041819552204438e-03
3.7514199866224684e-01  9.4899878877791510e-01  8.4245138784027374e-01  3.8539691939632703e-01  1.1968787176610174e-03
4.0730098626869621e-01  9.8135231931421174e-01  7.6019248682343121e-01  5.9942591697562841e-01  1.5673104386578682e-03
3.4991888207962629e-01  9.9481279029178282e-01  9.9013376501745742e-01  5.9403243773484904e-01  5.1145714061102238e-04
6.0461714444339631e-01  1.7722240592976963e-02  2.2119681125651214e-01  1.0362913387334959e-01  1.0149118286460657e-03
6.3335158469566311e-01  4.4322205647532864e-02  3.1470612678737619e-01  3.0366267218599624e-01  8.3090863044257498e-04
6.1892774742780676e-01  4.1196681625864692e-02  5.4770914373481205e-01  1.7388033536126601e-01  2.5709868081225063e-03
6.0674096481851680e-01  7.2949842236701232e-03  6.7081811868043317e-01  5.6508443651082163e-01  1.0368597404583880e-03
6.3529855639448496e-01  2.6510238117729887e-02  8.9927889578276710e-01  1.8269331975659708e-01  1.1996733441120096e-03
6.5882615529334521e-01  4.4172084440450808e-02  9.5451028455087483e-01  2.0362583768032304e-02  5.0936334947189628e-04
6.3169157434583134e-01  2.7369876165698685e-02  9.9577789862391142e-01  3.2237757137953088e-01  3.3251969982981181e-04
6.1228465660937381e-01  3.1574457191858508e-02  9.4187283023016555e-01  7.7941513162420728e-01  1.2823162471227341e-03
6.3286346777540925e-01  1.4749658686589417e-01  1.4530333310685964e-01  1.4470205437328821e-02  1.1073745414736376e-03
6.3934062518505730e-01  1.4888752492544041e-01  5.1818533866881655e-01  3.0840046791776068e-02  2.4232983673762734e-03
5.8917002813723207e-01  1.8559548122693115e-01  4.0043262508869609e-01  2.5381522052795963e-01  2.1126850284118258e-03
6.3667913933484066e-01  1.2488896577430653e-01  5.5329892198145825e-01  5.4191979715796101e-01  8.6657646072247740e-04
5.9996842762429858e-01  1.4623526272728818e-01  7.2991409288689946e-01  1.5644064966758156e-01  2.4531800978926186e-03
6.1108210090108539e-01  1.9648912825127016e-01  6.2738514683295599e-01  3.5903161919363213e-01  4.4189697583224864e-03
5.9894250430581297e-01  2.0772457172752307e-01  8.6655999724545807e-01  2.6799959342301668e-02  9.1124158718623607e-04
6.4897953968018063e-01  1.4531767407091334e-01  9.1126978006690595e-01  3.3274972318251939e-01  3.2269528746146862e-03
5.9619132480721548e-01  1.2524230220384933e-01  7.9231358976965816e-01  6.0230075795468418e-01  1.7348003614165212e-03
6.1641886150568981e-01  1.6225686037770201e-01  8.4792291555316779e-01  7.5833210826973718e-01  2.2332273224709028e-03
6.3438970350306967e-01  1.7467838307853426e-01  9.9979072584413342e-01  5.6369699789098471e-01  8.7416337670545542e-04
6.1744238990428879e-01  3.7071386111729043e-01  5.6438757014719169e-02  3.0996689589753355e-02  6.3040015086337879e-04
6.2475095262191371e-01  4.4723332235592267e-01  2.2681281259718694e-01  1.0503626946223747e-01  3.8419613387460157e-03
6.1307783934594773e-01  3.2824173816879409e-01  3.7663788451818558e-01  3.0075915010882065e-01  2.3065730163094487e-03
5.9395153277722235e-01  4.0851398426447472e-01  6.5561952657874201e-01  2.6854651819348291e-02  2.5652663935322524e-03
6.2018541127862581e-01  4.5297217914037669e-01  5.9228804812089231e-01  2.9100188547347450e-01  4.4678909175372020e-03
5.9170022385206167e-01  3.2625199610423544e-01  6.1883000574508618e-01  5.6542627735702666e-01  1.4966242539117939e-03
6.4008707915358232e-01  5.1933445520830734e-01  6.9436900996603557e-01  6.6601840212313690e-01  2.2122002802209624e-03
6.1401754951875998e-01  4.0930859157030852e-01  9.0258000966186946e-01  1.3561018490878080e-01  4.7668402107694354e-03
6.1659958346552068e-01  3.8201325780407158e-01  9.1024498534164500e-01  5.7332035563377259e-01  5.6964714630948002e-03
6.2905474953164064e-01  3.6064923546670896e-01  9.3281983854581452e-01  9.0279922735467433e-01  1.4356831538447831e-03
5.9376299117190101e-01  6.4005472305115041e-01  1.6839745951628643e-01  1.5417159799020727e-01  1.1019607256682125e-03
6.1360599269355010e-01  6.0104701558117901e-01  3.6440405113871138e-01  3.5821750804255537e-02  2.2192598039651782e-03
6.1677085276032317e-01  6.1650123074241969e-01  4.5647143915347965e-01  1.7761916736225836e-01  4.0170576461772368e-03
5.8851521324584288e-01  6.9834652435928057e-01  7.8622079324821181e-01  2.8621524522936881e-01  5.7129395613474835e-03
6.1566764427414933e-01  6.5571909245160553e-01  7.5029367196555730e-01  5.0244058782584911e-01  5.1241833770428588e-03
6.2012684210659053e-01  6.5166305359040144e-01  9.2164035795914767e-01  3.8981731576825329e-02  9.0030974706348623e-04
6.3596556260775217e-01  6.6670304806107850e-01  9.9983380984344128e-01  1.5774554941958663e-01  1.2718538659342957e-03
6.0363144759364429e-01  5.8125285399745241e-01  9.9579098209891359e-01  5.6555241918967836e-01  4.5534330106899393e-04
6.1650508232461132e-01  6.2602294085579080e-01  9.7567957765734759e-01  7.8487285097117165e-01  1.8078209897305227e-03
6.0724726748685498e-01  6.0769339424972191e-01  9.7483052882603338e-01  9.4302262156564121e-01  6.5566926231878063e-04
6.4329465088377413e-01  8.0092764764018987e-01  3.5893219467411315e-02  3.3473924845101664e-02  4.8307377530270700e-04
6.1691223188992628e-01  8.9396733081795365e-01  3.0211594652718232e-01  2.3688709309677376e-02  1.6434706795396227e-03
6.0075550258543031e-01  7.9887038424509815e-01  5.5152793437876124e-01  9.4956626605578756e-02  1.7959814976697081e-03
6.3501093908864847e-01  8.2558452425656037e-01  3.2998294585717819e-01  2.9248814086481228e-01  2.2438932050264171e-03
6.0348299003142758e-01  8.2572023763380742e-01  7.5136372618330061e-01  3.9232444484565622e-02  2.5559361497957175e-03
6.3152760652451734e-01  8.1965908822711575e-01  5.9315189521556744e-01  5.0738704334654250e-01  3.4314089979208314e-03
5.9833105565361133e-01  8.1311908865379556e-01  7.9450208709068182e-01  7.5717133733010167e-01  1.7413673577124089e-03
6.1915203054751189e-01  8.7036227592958115e-01  9.7634216107722482e-01  3.7721793638563356e-01  2.0624866882054801e-03
6.0493640995732034e-01  8.1430796276100081e-01  9.1620487907707260e-01  6.0271491456115311e-01  2.0052683679605767e-03
5.8757407157305808e-01  9.3898821268718324e-01  1.2900303850313952e-01  5.4766925661856529e-02  8.1532315851027398e-04
6.2171987823784325e-01  9.9211880026566379e-01  3.9599991920625832e-01  1.3067969709445529e-01  7.3880819066460669e-04
6.0715429588146030e-01  9.6734705552777378e-01  4.6799975496974233e-01  3.4598589891879550e-01  2.2462315125815718e-03
6.2166336344979856e-01  9.6785966846940086e-01  7.0679180249780116e-01  1.4901866790352800e-01  2.1943189791061813e-03
6.3205575519172041e-01  9.5870514036953680e-01  8.5899118852271783e-01  3.8796474148097798e-01  2.2448302800061400e-03
6.4043967447408767e-01  9.8598068299423502e-01  8.9455443318338479e-01  8.6593000638133455e-01  4.5053958516071943e-04
6.1557246248203168e-01  8.9826118881858030e-01  9.7448860764243983e-01  2.8479373281198466e-02  6.2031853429394927e-04
5.8341498996325569e-01  9.3965745407323720e-01  9.4664276932965141e-01  7.9930333576825330e-01  1.3781493018485283e-03
8.2683276306191245e-01  5.3585762845501449e-02  6.3226805368805108e-02  3.9376862194740556e-02  3.5053454584621486e-04
8.5984631147276502e-01  2.8063275551398308e-02  3.6239374192668239e-01  3.8622208827705964e-02  7.9102831533422709e-04
8.1982839633621563e-01  6.1832456109960007e-02  4.8024681275672304e-01  3.3501449048626070e-01  2.2670047578084050e-03
8.3329486787488261e-01  3.2679663621989770e-02  7.0605383212495387e-01  3.0916820389684053e-02  8.6646942359999203e-04
8.5576437836237529e-01  3.7146221390398824e-02  7.3065843503939820e-01  6.8825318354046006e-01  7.9541340040880900e-04
7.9021160671944146e-01  2.7068193981478552e-02  7.2810877560750309e-01  3.4734281128255018e-01  1.6260948158040496e-03
8.5307428536819085e-01  2.6721285472899248e-02  9.0958098114978481e-01  5.1908348438913776e-01  1.1232699538774084e-03
8.0442424778913568e-01  4.6118961127813829e-02  9.2187600125935176e-01  8.9934584926715100e-01  3.5900948043112813e-04
7.8857523255181383e-01  2.0363879058692827e-01  1.8725942685593891e-01  1.4772590894656368e-01  1.4352069621963860e-03
8.2878937024327359e-01  1.5662160769433467e-01  3.2760940742370370e-01  1.1220723951779124e-01  2.0954166447878005e-03
8.4735022780460501e-01  1.8779418252967750e-01  7.5250706189660888e-01  1.6403897272057680e-01  2.9316794483830464e-03
8.1112688093983454e-01  1.9960601473790790e-01  8.3994939304445770e-01  4.2063206826508368e-02  1.0232391739469970e-03
8.2719810965726515e-01  1.3755796973337003e-01  8.0163121183683828e-01  5.6980505518656721e-01  2.4070591562055437e-03
8.0334455195279575e-01  2.3144772591920634e-01  8.0269208083321708e-01  7.8601021628768852e-01  7.7700569607559754e-04
8.6568670520808222e-01  1.3835279220329758e-01  9.7609902792197900e-01  1.3215351652260149e-01  1.0294603027581413e-03
8.1630008416505984e-01  1.5139388052763858e-01  9.6405927713827122e-01  5.8413020672061322e-01  8.9903850210582253e-04
8.1103271123816567e-01  1.2728241710239416e-01  9.9999436368646577e-01  9.6451281405106737e-01  2.3874616166642517e-04
9.0211650460275072e-01  3.9823838347866664e-01  5.2959823360251346e-02  2.4546139662235029e-02  5.2037309906291800e-04
8.2536960153120031e-01  3.2695978284147259e-01  2.9014267857835807e-01  1.9321283887184511e-02  1.3963074599964611e-03
8.0856877369236391e-01  3.5794404742631414e-01  5.0901484111097306e-01  1.3136122460339431e-01  4.3369749625671219e-03
8.1495132496450928e-01  3.3387745047227685e-01  3.5579985179943996e-01  3.2959454089336326e-01  1.3694447597936733e-03
7.9914210756769433e-01  3.3124789954529771e-01  6.2479506426411258e-01  5.1321134225029585e-01  3.5810888348113716e-03
8.2461320454074660e-01  3.3989300353201840e-01  7.9718096195092658e-01  3.6786174413744444e-01  4.4882970771553650e-03
8.1974703119824444e-01  3.4469872955279041e-01  9.7725038142573362e-01  3.9630738535916317e-02  6.4102079911659479e-04
8.0802968897200111e-01  3.1209881088366620e-01  9.7946711410326004e-01  2.9524767113606165e-01  1.2040479435788478e-03
8.1342202532402041e-01  2.8831349962674252e-01  9.7825776443340529e-01  8.0635623417349700e-01  1.4884756700871270e-03
8.2948230025561587e-01  6.9484147483941561e-01  1.4166631062795249e-01  2.3699798658427480e-02  1.5386499374002575e-03
8.9160509035634805e-01  5.9559626395420873e-01  1.9910262330598377e-01  1.6989257415209147e-01  1.3095768206098485e-03
8.3559759587251259e-01  6.6127785773926528e-01  5.0783041973898724e-01  1.1811758496721817e-02  1.2576832632228306e-03
8.3206452215482996e-01  5.8398239159229937e-01  4.5957504061335536e-01  3.2724202472537928e-01  4.4513684472819760e-03
8.0971793482538046e-01  6.1513087374934816e-01  4.8904402099120969e-01  4.8872762162190336e-01  9.8415665002214042e-04
7.8006550653473539e-01  5.7526289843357747e-01  7.1975098415916661e-01  1.4320088811820658e-01  4.1889697584903372e-03
8.3911654399710423e-01  5.3756154859131067e-01  7.9718170351264528e-01  1.8505568868198423e-02  1.1006291426412555e-03
7.9244985656362854e-01  6.3097439678580225e-01  7.5371814959857175e-01  5.0535180519959455e-01  2.1412675461916345e-03
8.5401620026479719e-01  5.0430776509635378e-01  8.4366143166303809e-01  7.1428658160147263e-01  3.4133389176833487e-03
8.3090285346030202e-01  6.8914494210463839e-01  8.6123797067575636e-01  8.5858459469971637e-01  5.8037136893636300e-04
8.6890024578733527e-01  6.5384984692538251e-01  9.3649141328306607e-01  2.8463547376017626e-02  8.5000658066938133e-04
8.1391853219501165e-01  5.8566940971049108e-01  9.3289442121621047e-01  3.5677377619644801e-01  3.6091227203559695e-03
8.8027715911261206e-01  5.8142842768960457e-01  9.9918026123032233e-01  5.5625765610360434e-01  7.5605555843930039e-04
8.2292637976877581e-01  6.2328914637017496e-01  9.5173605625154456e-01  8.2394889277651051e-01  6.8060569988089600e-04
7.9271710770150794e-01  8.2513967698126400e-01  3.0956397169770788e-01  1.4697006968217433e-01  2.8178831594386686e-03
8.1149130887092347e-01  7.9734104524427807e-01  5.3570934201340603e-01  1.2230099336979837e-01  2.0613858574921890e-03
8.2987177153794134e-01  8.7322394325656361e-01  6.3853948470098898e-01  3.2339967337973902e-01  4.6412668373682067e-03
8.3365324999710422e-01  8.3864487513989072e-01  8.8102239840672913e-01  1.6808878482917733e-01  3.2593215867067504e-03
8.1477819522315198e-01  7.9480884036149935e-01  8.6312306970281971e-01  7.5503377402174821e-01  1.6790037184955357e-03
8.2463119415185837e-01  8.0201604449834252e-01  9.2124022598650523e-01  5.5104964578772364e-01  1.7400950840132223e-03
8.0639770684260015e-01  8.3848387475835862e-01  9.8786639229259154e-01  7.0846712004751389e-01  5.2884320308196312e-04
8.3279891852752597e-01  8.7198075431081279e-01  9.8369147606361651e-01  9.4289046453451053e-01  4.8886224135094255e-04
8.8217427530906645e-01  9.8347925683098614e-01  7.0586408339091078e-02  1.2080675244390828e-02  1.7020407678817082e-04
8.5274912358750998e-01  9.5186921021784643e-01  1.8708794764351941e-01  1.4778968314213867e-01  7.8859072790869321e-04
8.5712033396572929e-01  9.4773498373869192e-01  5.6868107064756535e-01  2.1810172941779518e-02  9.5681575932509018e-04
8.1874574983189063e-01  9.9789251161502535e-01  4.4385817619682361e-01  1.3790422173580236e-01  6.2407127262088834e-04
8.7479300991161568e-01  9.6850274138778802e-01  3.9749634449494214e-01  3.8787367285984725e-01  3.5182670117009612e-04
7.8494343057296856e-01  9.6361973265039613e-01  8.6295147254278692e-01  3.3528217588715915e-02  5.6417176840273752e-04
8.5206110696882664e-01  9.4989808417535249e-01  6.6150165819447493e-01  6.3333805718434133e-01  9.9329935456180635e-04
8.2840983355743436e-01  9.9005300070651181e-01  9.7279567553127133e-01  1.9420728840770030e-01  5.1119979429731861e-04
7.7946014215547088e-01  9.6268198459633769e-01  7.8325359029637154e-01  5.8056580896126597e-01  1.8848330634579553e-03
8.5880256881647998e-01  9.8629952624845796e-01  9.7671746148453686e-01  5.9928976876713458e-01  4.8142456166712854e-04
9.5171056583014868e-01  1.1834147795160455e-02  2.1774867861600564e-01  9.4102063749594608e-02  2.6462358611871239e-04
9.5322415353305423e-01  2.5987068963766083e-02  3.2127143793497986e-01  2.6978311787284520e-01  4.0405200344051281e-04
9.7068339112249236e-01  5.6323559150067724e-02  5.8700539521096362e-01  1.6412050543163026e-01  1.0982049487717369e-03
9.9626306330860026e-01  1.2023880337001979e-02  7.1619702015486464e-01  5.3585076913310425e-01  4.2914428719214128e-04
9.2730576606293691e-01  2.8982106995425187e-02  8.4898221260522821e-01  1.4546264377192114e-01  6.6112480550163709e-04
9.8688155986241199e-01  4.2741428713642247e-02  9.5363678913333194e-01  4.0560264782178855e-02  1.4592419021769952e-04
9.3630358466277230e-01  2.5665476539833598e-02  9.7710257466002004e-01  3.3263327569892742e-01  3.1258400838692953e-04
9.1803649273426646e-01  2.6022895740178738e-02  9.9354128795547525e-01  7.6725580921020875e-01  2.1556228475845581e-04
9.7653183387168097e-01  5.2427346320400699e-02  9.3257020876166175e-01  8.7105686410495664e-01  2.4726285532215110e-04
9.8651308758976952e-01  1.4161434848678611e-01  1.3604464122331292e-01  7.0360163833331508e-03  2.7139754302017564e-04
9.6206842132088766e-01  1.5509018999257621e-01  1.4660186065841596e-01  1.2510747140825834e-01  3.3629064664742294e-04
9.8359942922177024e-01  1.7698369729181335e-01  5.0129396012908334e-01  2.4802091093415038e-02  6.0424881737166335e-04
9.5178977834883227e-01  2.0136723616954572e-01  4.0488580276028963e-01  2.1245334849233338e-01  1.5591565830301135e-03
9.3372332599818186e-01  1.3508153318858154e-01  5.3418009526510679e-01  5.0302391100233068e-01  1.0914031764823853e-03
9.4091416012439777e-01  1.6486102613521525e-01  6.5130804647267670e-01  3.6352387564208438e-01  1.4605007200584603e-03
9.7467337902342188e-01  1.8672366823148193e-01  8.3398892959793935e-01  1.9741093100408180e-02  3.8050965827354587e-04
9.7787517702799398e-01  1.4929268976363472e-01  8.7371044052596203e-01  3.4274451860368410e-01  1.3381548289683274e-03
9.5475707101219953e-01  1.5355746687170854e-01  8.9933717825883097e-01  7.1725564144590981e-01  1.1035708032630690e-03
9.6051544907052044e-01  2.4211485885957187e-01  8.0515078814385244e-01  7.6761094048790379e-01  6.1993413022766171e-04
9.8702154671255427e-01  1.6375954026977751e-01  9.9687818731067768e-01  5.6687935050679850e-01  2.0798068686733072e-04
9.6211895552812665e-01  4.2386693305887313e-01  2.3712921461423039e-01  9.6257583948278616e-02  1.2997533333568108e-03
9.9353349004726388e-01  3.7551791417561881e-01  3.6885043143989865e-01  3.2560983584911024e-01  6.9601501289899309e-04
9.3601096957899432e-01  3.6023617175691364e-01  6.3452228892671270e-01  4.6689283253630989e-02  1.3997309936149111e-03
9.5300166452700330e-01  4.2256301091233556e-01  6.1601483363349718e-01  2.7372455642260179e-01  2.0646243167044887e-03
9.7173514163200625e-01  3.4101721119721884e-01  6.6936057012851935e-01  5.1105909138911731e-01  1.4153057577383952e-03
9.6973071994357118e-01  5.4887464250604656e-01  6.8602842010876175e-01  6.6235506049311821e-01  8.5407733328328591e-04
9.6877936394024222e-01  4.0492700163941581e-01  8.9363468787618017e-01  1.4548494054094022e-01  1.5474696200811517e-03
9.8458967012105447e-01  3.7736666610055070e-01  9.7560096779964889e-01  1.6231975144673609e-03  9.4923805780557593e-05
9.4716963269092702e-01  3.3154749429894109e-01  9.7686467289914825e-01  3.5267335085372886e-01  5.6837347530427071e-04
9.6112141468703371e-01  4.1483052321067759e-01  9.2079660727842205e-01  5.8085451676573130e-01  1.7895305931019967e-03
9.5464780777218261e-01  3.6186993493311420e-01  9.5737679875174919e-01  9.1834537178276554e-01  4.9986559434934128e-04
9.6305812651197409e-01  5.9523264635277284e-01  3.6095128482223399e-01  4.1342892929778358e-02  1.1327720506674143e-03
9.5760905446320821e-01  6.4851542895363967e-01  4.4764147750499161e-01  2.1565526294473647e-01  1.5561289011928841e-03
9.8143761431992893e-01  5.4875885481935271e-01  7.1809299679154626e-01  1.5396443395207979e-01  8.4270112457857766e-04
9.5161382417016471e-01  6.8724342401333371e-01  8.0036466938424156e-01  3.1891569216488946e-01  2.0848839204164280e-03
9.7145243459947828e-01  6.4974889644588318e-01  7.4420273926677150e-01  4.8023548054809095e-01  1.4760816321410660e-03
9.6494491697093754e-01  6.5386552537607656e-01  9.7576292047109758e-01  1.6391065769376814e-01  6.7276382483478462e-04
9.9040724501682198e-01  6.4949054447559484e-01  9.8234399063708511e-01  7.9705319747095449e-01  4.4759765013385668e-04
9.5155486708818426e-01  6.3255252327106781e-01  9.6312322150671925e-01  9.3716847095172462e-01  2.5538266835550073e-04
9.9765189012799016e-01  7.9845944089186893e-01  7.9448323470688281e-02  5.3065213044268013e-02  2.6568741276361373e-04
9.5398083193163341e-01  9.2938332946943358e-01  2.8475639321194268e-01  3.5574502426178323e-02  6.7902575591901552e-04
9.6296532021343151e-01  8.6431730079335789e-01  2.7243141689662209e-01  1.5344260833198556e-01  5.1250250412246954e-04
9.7343834666132512e-01  8.2014468809169361e-01  5.4585618257640101e-01  1.1806570707885480e-01  1.1467844278096437e-03
9.7502330414757543e-01  8.1443906887308071e-01  3.6237363277897039e-01  3.2896324035303215e-01  5.8890353883676004e-04
9.6444049387317410e-01  7.6441757946630662e-01  7.5512658907528996e-01  3.8715453079628044e-02  9.3352296930763903e-04
9.3388868232060540e-01  7.8747238221113447e-01  5.8794879135778499e-01  4.9704728441269386e-01  1.9490409557131995e-03
9.7705005791067301e-01  8.3590731615010638e-01  8.3581678919160707e-01  7.7092082609618129e-01  6.4453694074325166e-04
9.8105933631071796e-01  8.6923939823405549e-01  9.7204669446032288e-01  3.6639291441837379e-01  6.5619928324365823e-04
9.5329727487796123e-01  8.1284753051794723e-01  9.0393044293977676e-01  5.8772862551045046e-01  1.0712370796651775e-03
9.7457399672770939e-01  9.7556858928347745e-01  4.7613875701451186e-01  3.0412961491055390e-01  7.1649489391563035e-04
9.9274612802135964e-01  9.6633541541003121e-01  8.5343054395421092e-01  4.1598540651328557e-02  1.7276343930310487e-04
9.5991874270044431e-01  9.6221700893312212e-01  7.2726427377903868e-01  1.7149584254411898e-01  7.8379532952679734e-04
9.3864200248703189e-01  9.6161305009740694e-01  8.4835765930590534e-01  3.6693661110967019e-01  8.7785242062231815e-04
9.8372707139923721e-01  9.5181444600008436e-01  7.6356091090983835e-01  5.7277937216576724e-01  5.1866056643215216e-04
9.6486365519046879e-01  9.8692865948970754e-01  8.9769672027800684e-01  8.9768641498424051e-01  8.5061865672532631e-05
9.4971878425243794e-01  8.9430637349005426e-01  9.7577273100193251e-01  4.8689380041551732e-02  3.0120484641194142e-04
9.4377329166879198e-01  9.5545995077797985e-01  9.5556257004373713e-01  8.0928024017979494e-01  4.4572410024329000e-04
