4 28
2.0033125998648516e-01  9.7554605162338395e-02  3.7521585001562741e-01  3.4777547534432317e-02  5.7138366543572723e-03
1.4643215549627930e-01  6.8273009453234904e-02  4.2262244767843771e-01  3.8697929792346086e-01  4.0439575086034856e-03
1.8640942802477209e-01  8.3002566791644014e-02  8.6064954630323964e-01  1.9309813164221185e-01  8.5893040603643670e-03
2.0559079398563429e-01  1.2484096615026635e-01  8.6679875259477090e-01  6.8369133444308705e-01  8.4921723572320435e-03
4.7889880669188450e-01  4.7723714328627383e-02  6.1927659061602680e-01  3.2265935489147651e-01  1.8149203439063934e-02
5.9837123069565346e-01  1.0285290139741410e-01  8.9830977154855884e-01  6.3637478841929621e-02  7.2210019602793659e-03
4.8930449796606362e-01  4.6789522971856408e-02  9.2122315537045585e-01  8.4491301581784761e-01  4.3675379057213663e-03
6.9867246701479568e-01  3.4242341688732053e-01  5.4543961096728966e-01  5.2088821035305904e-02  1.7196672215675120e-02
6.8699886343693939e-01  3.1375457453564110e-01  5.3449431193356622e-01  4.9431209948776272e-01  1.5523243119371279e-02
5.6478836217753725e-01  3.0432893725199051e-01  9.6333552606495743e-01  4.9074871989501545e-01  1.5279168843456939e-02
4.3442485981151663e-01  2.2032202345439622e-01  1.3719872183136844e-01  9.1355573434467666e-02  6.8901124322460578e-03
4.9165675697905648e-01  4.5605630466964853e-01  5.8036494904103308e-01  2.9747970554117309e-01  1.7283067217874915e-02
5.2188275386981764e-01  4.4283385014598875e-01  8.8359916539133931e-01  6.0124402721831269e-02  6.1602141579823206e-03
6.2898864666664245e-01  4.9105833812802641e-01  8.7807718889189823e-01  8.3635296968554595e-01  7.7439463891293518e-03
7.7243557173027744e-01  7.5139035591346770e-02  2.2356996590621081e-01  9.2366479214407299e-02  7.6826024953429075e-03
9.3866505106285270e-01  9.9820705299290879e-02  6.6419589874485774e-01  1.0993416430683016e-01  7.1581964256421399e-03
9.4740308149786090e-01  8.0843462942231409e-02  5.3897135203663737e-01  4.4844437220462263e-01  4.8158416128177518e-03
8.4574926136898709e-01  7.8298163801593004e-02  9.4463566241607055e-01  3.7370447151424435e-01  6.7496605694719073e-03
8.7045500662770325e-01  1.4749679203659263e-01  8.8002149351131553e-01  7.3570669725353399e-01  9.2817553447434083e-03
9.7192004513903030e-01  4.2419829292606359e-01  2.5389038273271403e-01  1.2691029985093411e-01  7.1694463066415770e-03
8.9048086547134664e-01  4.6329981932006481e-01  7.4708922912822751e-01  3.7536279124096994e-01  2.2745117293027414e-02
9.7455338638606326e-01  4.2442862552709726e-01  9.6164169921801357e-01  8.1414930111548794e-02  3.5100415187988409e-03
9.8696268715843505e-01  5.8939494584040397e-01  9.6167395735344552e-01  8.5094358750414745e-01  3.4126074065568804e-03
8.0670118525134493e-01  6.9205568630780034e-01  2.1436229172161769e-01  1.0134524142353298e-01  8.7367164329100345e-03
9.5036551146814341e-01  8.5112685219825213e-01  5.7391430856699932e-01  6.8236973778744880e-02  4.9807015182500667e-03
9.4540025308135212e-01  8.2589530995506233e-01  5.7106929413825758e-01  4.8464846407742918e-01  6.7093755339939437e-03
8.6693711565544940e-01  7.3825594623369095e-01  9.0324528751146871e-01  1.8841925498367912e-01  8.3864964934000415e-03
8.5522496722359864e-01  8.1505258700978056e-01  9.1152385869082153e-01  6.1793629095850178e-01  6.0080027870453240e-03
