4 70
9.3260241510466385e-02  6.4996610826727863e-02  3.1967821221696813e-01  7.2832536258560773e-02  1.5867175683435674e-03
1.5026648364036543e-01  3.7140934833490888e-02  3.0738104805857019e-01  3.0443137035943207e-01  1.0265118252170114e-03
1.1329091179645365e-01  3.9485340718343649e-02  7.1269212486460787e-01  2.4190477681234024e-01  2.7441805479901009e-03
1.1136723017242722e-01  7.3535285166187611e-02  6.9380020031905554e-01  6.0497912032456913e-01  2.0218575708768221e-03
1.4326571396643370e-01  7.6218496228095345e-02  9.2986510216524898e-01  8.8919187663274127e-02  1.5402253544684183e-03
1.5938589826739252e-01  9.1825315415844377e-02  9.2664041292270327e-01  5.5220644240952166e-01  3.0447647686103491e-03
1.9165182105244605e-01  4.1291294839951392e-02  9.6011792298268761e-01  8.9892390493753938e-01  1.0377888221016903e-03
2.9416291954400120e-01  6.6267652375408617e-02  9.3957720773423292e-02  4.1299828908151433e-02  1.4025365720022080e-03
3.4982209742996445e-01  8.0821766275897933e-02  4.7934089046950440e-01  2.4353696374718309e-01  7.1008604427527065e-03
2.9637554176882885e-01  2.1315230234853638e-02  6.6752128717646519e-01  8.8271419467722007e-03  1.6565314296225486e-03
3.8174303496518597e-01  1.6390112833169171e-02  7.6542933412381753e-01  5.9213897548821959e-01  4.0298747235546504e-03
3.7965701425805332e-01  4.3557168235996611e-02  9.4354484843236508e-01  2.7949231794165680e-01  3.4727437333596802e-03
6.4305195830271245e-01  2.9490679313405860e-01  1.4806901110985771e-01  8.4998353861622883e-02  4.4992588312646620e-03
4.7527261047538133e-01  2.5844698149782802e-01  7.9339802946004789e-01  3.3879335207477090e-01  1.0024155565494368e-02
4.9544878026180006e-01  2.1287236562725959e-01  6.9506088697116120e-01  6.7439992882154676e-01  5.0716531347306769e-03
5.1025086648940010e-01  2.5474104272914744e-01  9.3342538068060743e-01  4.6555561535557247e-02  3.5518346986225888e-03
5.1093477921087360e-01  2.0746056807467977e-01  9.5617008296437023e-01  7.0286163639833821e-01  5.3616025133904318e-03
3.3567313398305515e-01  3.1889455195160987e-01  1.5164098464733020e-01  9.4479036201548350e-02  1.4610927965574691e-03
4.3472597892128850e-01  2.0536198630454738e-01  4.2665156998084142e-01  3.9244493162872249e-02  3.7802982931947112e-03
3.3754128057423177e-01  2.4499409606387118e-01  4.5299239165141136e-01  3.2668681661762400e-01  4.9671372958038796e-03
3.2212750182629757e-01  2.8061967846650637e-01  6.9449473774991954e-01  8.7845374839222640e-02  4.2804792864506490e-03
4.2652925549463311e-01  3.9289797053788905e-01  7.0693085846738712e-01  4.7698379007636460e-01  4.6530885284461867e-03
3.9295923609810379e-01  3.4631942419970635e-01  9.8791402679211471e-01  3.2345610009283510e-01  2.1621368970592097e-03
3.7198842984397540e-01  3.1724438049096021e-01  9.1557672339482687e-01  8.3821701895346179e-01  2.4815924663502166e-03
6.2010692749997487e-01  1.5731953121264769e-02  2.7946526535516275e-01  4.0941076094038499e-02  2.3327393466092920e-03
6.4281400925841470e-01  8.4796674384470153e-02  3.5651982104958801e-01  3.1452911644031301e-01  4.6393099075730682e-03
6.4714715707482973e-01  1.1722257860902539e-01  7.3746543399782094e-01  1.4206164117871314e-01  8.5274313572913426e-03
7.4617367509444033e-01  2.2190394574290170e-02  7.3158805717401210e-01  4.4962820805139758e-01  4.2538538499449973e-03
7.0794737353564763e-01  3.8061012230119498e-02  9.5119384547137886e-01  5.2603254137789456e-02  1.2997810714678974e-03
6.7701248595784991e-01  8.6021808679977468e-02  9.5205017521739688e-01  5.3036144926256645e-01  2.7482691818481570e-03
6.8930445626704762e-01  8.3557429465586849e-02  9.3263696428748077e-01  8.8360516626930452e-01  2.4679756815592694e-03
7.6455786737810472e-01  2.4850202662488402e-01  4.9888250398701600e-01  1.9891025911417357e-01  1.0333497144146045e-02
7.9138657514564481e-01  3.5231633836368248e-01  7.0633537498758847e-01  5.2957874782929193e-01  1.1902127967788046e-02
8.3441395835476895e-01  3.3684603914297229e-01  9.7842675035214777e-01  2.7033232814024893e-01  4.3167128581639014e-03
8.6171400976878643e-01  2.2855914166207233e-01  9.5500104000592823e-01  6.3402265156543636e-01  3.1179905748061607e-03
5.8318786702049874e-01  4.4670816498970989e-01  3.1260676366789131e-01  4.9722808226374184e-02  4.3534121442984899e-03
6.8079796040624208e-01  5.3490267404312142e-01  4.0333943825376051e-01  3.4944110520571825e-01  6.6876099019734523e-03
7.8557697873529897e-01  4.9262716466544870e-01  6.6093236272646205e-01  2.3151173071086630e-02  5.3354382725037536e-03
7.3986727598963931e-01  5.2443505136594259e-01  8.6167374067505087e-01  2.8535608549091129e-01  8.7428633732154291e-03
7.1852071865960887e-01  5.9209031501638976e-01  8.5294320889640751e-01  6.1324950234945919e-01  5.8111481738114552e-03
7.5214987873158212e-01  5.2871625298795577e-01  9.4990720340380397e-01  9.0139262704433476e-01  2.7564437618895943e-03
7.6678132044897052e-01  7.4913390897146326e-01  1.2161735253773751e-01  5.3849952038264585e-02  1.0939989003120861e-03
7.0216650200896580e-01  6.6400718759995769e-01  5.6432530906143163e-01  1.7132857103617452e-01  5.6169203975341350e-03
7.4635397949605919e-01  7.4401236593122932e-01  7.2008264972198766e-01  7.0126123343436431e-01  1.4094588991733653e-03
6.6201890520661877e-01  6.1944926774764819e-01  9.0767719807403424e-01  7.6508567018776133e-02  2.3922888884264667e-03
6.7771555158610131e-01  6.5386205725368141e-01  9.9665551423744658e-01  6.2860350289838840e-01  1.3849800235347814e-03
8.9233436456287496e-01  1.1540760251525470e-01  1.1014482252445941e-01  5.9360315047319902e-02  1.7662657987377007e-03
9.5302787037571690e-01  4.4005370704160912e-02  4.0558976398009250e-01  2.2753047229631496e-01  2.4818775828244466e-03
9.0942787739155373e-01  7.2040787989209987e-02  6.1101186610275349e-01  5.9514710670808310e-02  2.9375693676230541e-03
9.0098402068588479e-01  1.0745132945106527e-01  6.6128788787699022e-01  6.1233968661800420e-01  3.4340822246758280e-03
9.9200330492587363e-01  3.7400222639215115e-02  9.4927076492758988e-01  9.9118615901596721e-02  3.5290453699690497e-04
9.0889446301319365e-01  5.9041435399305293e-02  9.1195136475312844e-01  3.2365213818814653e-01  2.5633916136917540e-03
9.6888569070939778e-01  4.1686756998184249e-02  9.3647507539993757e-01  7.7468565175779081e-01  1.0568619607815549e-03
9.3317664437757919e-01  3.2504000259309768e-01  3.2756657298650299e-01  3.0205564092361439e-02  3.4044606490011217e-03
9.6044319785886345e-01  3.8062627352173978e-01  3.5324243426600405e-01  3.0317841153264702e-01  3.5407934728365863e-03
9.8504754255663063e-01  2.4711910689851380e-01  7.5837195165371296e-01  3.7094841441498705e-01  4.5423860368352352e-03
9.2578635818913968e-01  2.9019468583433450e-01  8.7957346999391184e-01  5.5286553450230098e-02  3.1069973997314222e-03
9.4687810867094591e-01  3.5996909246343251e-01  9.1521892501656188e-01  8.4892506647268828e-01  2.4098362388575972e-03
9.1982030801446413e-01  6.2965119220284660e-01  1.1586718403624566e-01  5.5621354081993694e-02  2.1477497243178262e-03
8.9764814946049143e-01  6.4914308762231454e-01  4.5045167011352388e-01  2.1191094326604232e-01  6.8389589008685178e-03
9.8376714678133748e-01  6.0439396344317431e-01  7.2237790654354661e-01  1.8503448815802134e-01  4.5411556914781723e-03
9.5122753134372351e-01  6.8426339395549873e-01  6.8071226239177229e-01  6.2979075756290681e-01  3.4346828916507325e-03
9.3114967058958953e-01  7.0888463954734116e-01  9.7875854979219945e-01  6.4341172994733228e-02  1.3823811316915724e-03
9.5135474507432893e-01  6.1994033630068068e-01  9.4365357034153918e-01  5.8983776218687622e-01  3.8041882055881962e-03
9.5429089523595756e-01  8.6170290834677354e-01  3.5763150529708410e-01  2.6636476859749670e-02  1.5121165402167320e-03
9.5967961771913923e-01  9.0846205923214096e-01  3.1142888077223974e-01  2.5558757761191608e-01  1.3413335089786111e-03
9.3927134404434298e-01  8.8380488603816720e-01  7.6206489365404628e-01  6.5287091954879958e-02  1.6589464927519951e-03
9.3146201561526343e-01  8.7058830350135830e-01  7.0172452750093306e-01  4.4084591492532821e-01  3.7848688448733612e-03
9.2602584627564921e-01  8.6205716406439725e-01  9.3317665801651162e-01  3.2685271765025747e-01  2.2823552583780093e-03
9.5477752227456747e-01  8.8215873335221151e-01  9.4617560600322015e-01  8.4001100265729778e-01  1.1906605824771061e-03
