deg: 4
dim: 6
nodes: 32
efficiency: 0.9375

q[0]:  1.1246831500194938e-02  8.7026503222508558e-02  1.6002390323437571e-01  6.8933807954556586e-02  2.0638889219623133e-02  9.8724233958430263e-01  2.5310290026618043e-01  
q[1]:  2.3938467502508540e-02  1.9641676902035407e-01  5.0776860093390483e-02  5.2594995333171324e-01  7.7648193915730956e-01  6.6342934302215006e-01  1.1081671875523456e-01  
q[2]:  1.0356409963949877e-02  8.0282178664598053e-02  8.4917918779248799e-02  8.1678061467717289e-01  9.7208934554661830e-01  1.3715951659507228e-01  9.4281059211583451e-01  
q[3]:  4.3568051799116846e-02  1.6979008529382483e-01  1.8788009658168328e-01  7.4149858378530276e-01  1.7087688379182775e-01  4.5121506734252920e-01  6.5136499763655442e-01  
q[4]:  3.2505452693996316e-02  7.6105879611688160e-02  5.3350562004431423e-01  7.9361007696614372e-01  8.2579019890113281e-01  8.0680234761611691e-01  6.1857129370263153e-01  
q[5]:  3.2064650954549870e-02  3.5444450296966173e-01  5.1524653569472867e-01  9.6546918051458996e-01  6.4329945418317691e-01  5.3117821565536863e-02  2.2448824148728028e-01  
q[6]:  3.1624566827492505e-02  1.3180770995444888e-01  4.2962732749101568e-01  2.0901835363422538e-01  3.1995050875674719e-01  5.9175774302812711e-01  9.3758300891393120e-01  
q[7]:  4.4187455766340158e-02  6.0411615154104911e-02  5.2578753888886642e-01  2.7897687893698686e-01  6.3627010078685498e-01  2.9714104715546630e-01  1.6054944637245791e-01  
q[8]:  3.6247500681106805e-02  2.1604236364397414e-01  8.4379262633082752e-01  3.3949466671812523e-01  5.6108510234278686e-01  9.1894333067015810e-01  6.8823284368849891e-01  
q[9]:  1.0758909940693118e-02  1.2302432478053313e-01  9.4972137372722887e-01  1.3840890545552229e-01  8.8987038412435437e-01  2.6419393098750424e-02  8.8962122044169833e-01  
q[10]: 3.3468213831126983e-02  1.5117921386426181e-01  7.7810938191150880e-01  6.1067654400329696e-01  1.2289886414985472e-01  1.3749079070411815e-01  6.0582117031943750e-01  
q[11]: 1.0810327196896003e-02  2.9064111881394992e-02  9.6560733502648533e-01  8.7675157866818143e-01  1.4602256631166741e-01  7.9641334931446206e-01  1.5180816558110873e-02  
q[12]: 3.3636399136028797e-02  3.8702534340838518e-01  4.6546260238400410e-02  1.8107444042393586e-01  4.1613405871353221e-01  5.6549213187457828e-02  5.1917218327702785e-01  
q[13]: 2.2868466884659294e-02  6.1986435231965931e-01  3.3407018956333523e-02  5.3203833542970591e-01  5.3100795338174256e-01  9.0403705866206918e-01  9.9196394392467413e-01  
q[14]: 5.3110693683005965e-02  4.7902427371917677e-01  2.5873121767275337e-01  8.8786356322157078e-01  3.7620103170911484e-01  8.0435960048397870e-01  3.2728624734173950e-01  
q[15]: 3.7341248554167504e-02  4.2473071838480370e-01  2.7239542583244453e-01  5.6343197265966344e-02  9.4438879118083741e-01  6.8223118957211581e-01  6.1605733645878125e-01  
q[16]: 3.4296757112950507e-02  6.7213138091098235e-01  5.9656546160314228e-01  3.4132736827511395e-01  7.0288775370491130e-01  9.6407058928975020e-01  6.1765878605760043e-02  
q[17]: 3.5340729411712686e-02  6.1056059066572987e-01  3.1640102627694483e-01  5.2198823109116721e-01  6.4987370803458067e-02  2.6691085851380414e-01  2.4128547198814163e-02  
q[18]: 4.0316050587506924e-02  7.0271398943353536e-01  6.9497010066076970e-01  5.9434698569641953e-01  3.5707138273514183e-02  8.7032770446843410e-01  6.9730813829020366e-01  
q[19]: 3.1381093681656688e-02  4.6524039686370794e-01  8.8168969842045164e-01  9.3756796344709936e-01  4.7438852266960174e-01  4.6971299464667998e-01  9.5445218592232905e-01  
q[20]: 2.1143991182102154e-02  8.6454693326279708e-01  3.3945762181293582e-02  7.3627401158359451e-01  8.8916701972732670e-01  3.5723495603606426e-01  2.0343641684302999e-01  
q[21]: 5.7518556296751913e-02  4.7825038906219552e-01  8.4382468419289369e-01  9.8253058280011726e-02  2.7436025992657087e-01  4.9275151671063994e-01  3.0189576142700891e-01  
q[22]: 3.9284386021850845e-02  4.6613429051518362e-01  9.3280149036075466e-01  6.3534140860177679e-01  9.5168000372014783e-01  4.5595565660632864e-01  2.7840118626463406e-01  
q[23]: 4.6920730139353696e-02  9.3079957830943671e-01  1.8879931991468968e-01  2.0648104803700615e-01  3.2362822824801596e-01  6.8072252531505473e-01  4.1961502297789161e-01  
q[24]: 1.3066127276214539e-02  9.5182796214732335e-01  1.3251911967915375e-01  9.7971666217080133e-01  1.1573356189445419e-01  1.6346074187261278e-01  8.1813500637311121e-01  
q[25]: 1.0331489446414963e-01  7.3089187106607867e-01  4.7096652294602942e-01  5.0822036519841596e-01  7.2390485279675576e-01  2.6100776205611947e-01  7.5415121903662197e-01  
q[26]: 1.3163831732083190e-02  9.2249490463648343e-01  4.9206358030102509e-01  9.5520145282033631e-01  9.8688035110506278e-01  9.2945837283597366e-01  7.0675235529742486e-01  
q[27]: 1.5620050450693802e-02  7.3759517725227675e-01  5.1169524811295075e-01  4.5679997228386782e-02  5.8402520375376764e-02  2.2203129502259814e-01  9.8607919998810223e-01  
q[28]: 1.1619195332634927e-02  9.2039380444468566e-01  5.6061924690748222e-01  1.6197732293755561e-02  8.8478435833674707e-01  4.4793486747700242e-02  5.2879732032104040e-02  
q[29]: 1.5362490625242760e-02  9.8960226267046691e-01  9.5050556977899558e-01  1.3836070564382696e-01  7.4256100868978081e-01  7.6216348339924589e-01  8.6582099866195805e-01  
q[30]: 1.9966036689210525e-02  8.8540305823186449e-01  9.3106689262207021e-01  5.1456278320333593e-01  2.8203349094800312e-01  8.1075656155532045e-03  4.5515910819484662e-01  
q[31]: 3.3951432080051656e-02  9.3863552035969733e-01  7.9700788101525522e-01  8.3541619339524575e-01  3.9963695409330280e-01  5.6898169970463597e-01  2.1129674327211614e-01  

