deg: 6
dim: 6
nodes: 140
efficiency: 0.942857

q[0]:   5.6200215939350108e-03  1.5608534217686175e-02  1.8293144396004740e-01  1.0152056827009222e-01  8.4814090731734626e-01  3.8451758514434392e-01  6.5831112674259984e-01  
q[1]:   4.4713329074775833e-03  1.1980174144307625e-01  3.0178880737368203e-02  2.4016026522385436e-01  3.7693325874349655e-02  7.0548214002236653e-01  4.6072152246771414e-01  
q[2]:   5.3763491307807255e-03  1.7405505524045831e-01  4.3658736726101266e-03  4.2320622181201717e-01  6.7341922457671266e-01  6.3788873809830537e-01  9.8148273223809937e-02  
q[3]:   2.6841403605239538e-03  1.0060490057188915e-02  2.0113340625068157e-01  2.7980231598125815e-01  9.1834062112924686e-01  9.6172939455582984e-01  1.9298191218801747e-01  
q[4]:   2.8590128508979590e-03  3.6852754079931778e-02  2.1207814046639453e-01  6.0326057910434594e-01  1.1471649317843412e-01  4.3559738942903917e-03  1.7490126882160376e-01  
q[5]:   1.5970180328185667e-02  2.9570982106756272e-01  2.4731073946390211e-01  3.5472298435038757e-01  7.8863524774294269e-01  6.9857244427398346e-01  5.4523375448973754e-01  
q[6]:   3.4629936565226623e-03  1.4590905437590437e-01  3.1581253537339184e-02  7.8402493488158131e-01  8.3300549115713574e-01  3.8707085227737792e-01  9.7680808689368870e-01  
q[7]:   3.7766842674271579e-03  1.1895303463652866e-01  1.8791189844839976e-01  7.3753547246014872e-01  8.4046657622910526e-02  5.7641952624187287e-01  1.8559047377394188e-03  
q[8]:   6.7960452841312347e-03  8.1468963044743267e-03  1.0591978884201671e-01  8.9426980220490648e-01  4.3574297475803964e-01  6.3443854194582672e-01  5.8197201340059024e-01  
q[9]:   8.5213891781234629e-03  1.3310707745844236e-01  2.5869766590124088e-01  1.0612595893816842e-01  2.7924340769923506e-01  6.2158535000104875e-01  9.0688690909889025e-01  
q[10]:  1.5909497060768218e-02  1.1205850480855312e-01  3.8015111776697502e-01  5.0928649591405417e-01  6.2385166898440203e-01  2.5525342435877513e-01  4.3210149495601152e-01  
q[11]:  3.0876081795016786e-03  1.6145828998512815e-01  2.7067730780779881e-01  8.1983910314802111e-01  4.1526629176191251e-02  9.7954384639188408e-01  9.1954908447455397e-01  
q[12]:  5.2199496249769944e-03  9.8111849886250935e-02  3.6879505964481651e-01  7.2995239383668406e-02  2.0178404977948636e-01  7.7517141931490219e-01  1.0867137882918411e-01  
q[13]:  5.7255031039752284e-03  8.2469505593036327e-02  3.3211202343166835e-01  8.5350749932964476e-01  7.7514549099171781e-01  1.4047030481480420e-02  6.3995365973575391e-01  
q[14]:  5.2605359601004412e-03  1.2292970353906160e-01  1.8803484810653393e-01  8.4117480636648978e-01  8.8032606243096090e-01  3.1127476038190699e-01  8.8001969560630056e-02  
q[15]:  4.6060670132668617e-03  1.4360154599811226e-01  3.8706862940080644e-01  8.1101819792326602e-01  9.3114014997335026e-01  9.0934202112906981e-01  8.6025444904431536e-01  
q[16]:  1.4869231177353379e-02  2.7916246692117097e-01  2.9538069770275166e-01  7.4798555567621383e-01  2.0327259009688434e-01  3.6968080211954968e-01  3.5116389316747443e-01  
q[17]:  2.9915279802681873e-03  1.6466199665166839e-02  7.6878632352172049e-01  1.7702114629217497e-01  1.9707971459786240e-03  2.1766170509184746e-01  1.5113363764700732e-01  
q[18]:  5.3307626438274230e-03  1.3672059691619021e-01  6.7617094987208481e-01  3.1224822740667985e-02  5.3696595831746929e-01  8.7036675169308186e-02  5.7520093668723027e-01  
q[19]:  6.4728660722011650e-03  1.6582896449233858e-02  4.5970470336849073e-01  4.1708690788479780e-01  1.6396015929652077e-01  2.0537226695735386e-01  8.8969141276945851e-01  
q[20]:  6.5446399423050141e-03  2.3135257379942911e-01  8.5537671917494540e-01  3.8617584787759229e-01  3.3849033047920363e-01  5.9975997256646570e-03  6.7809992024412413e-01  
q[21]:  9.9356168528203937e-03  7.9642279933039087e-02  6.8557389143675440e-01  5.4991711519904019e-01  6.3318399981757489e-01  7.1528534518352849e-01  9.5416696513511823e-01  
q[22]:  4.9179372926291256e-03  1.1779212114173626e-01  7.3811637707730804e-01  2.8869321100675199e-01  9.6262387282811701e-01  1.0728597050632686e-01  2.2011556032409010e-01  
q[23]:  8.3348915652840458e-03  6.6026411821165393e-02  8.3564653607132022e-01  8.0641411467855395e-01  1.4003615693366578e-01  4.3722767932006468e-01  6.7792910719085109e-01  
q[24]:  1.3504721891890179e-02  6.1704723514508876e-02  4.8792855645108368e-01  5.8369167077688089e-01  3.1582426764591209e-01  8.9206407278058242e-01  3.9843140224812440e-01  
q[25]:  4.9987782382777800e-03  1.4043924687522991e-01  6.6861944228426373e-01  9.9161202761594813e-01  3.0508141422954999e-01  1.5228167639979420e-01  1.2959388812858494e-01  
q[26]:  1.3940324251988101e-03  3.3875643725279632e-02  9.5185739267056213e-01  1.3455711083114641e-01  9.0734044754359189e-01  1.4933921381869389e-01  9.6938391276030300e-01  
q[27]:  2.4595511887837806e-03  4.5411686847158163e-02  9.0518979190181037e-01  7.8409397826120997e-02  1.6479474117954807e-01  9.7279865924683273e-01  8.0587818895109786e-01  
q[28]:  6.2115956760474761e-03  1.6027478885048496e-01  9.4643179866680383e-01  6.5576477068009875e-01  3.9742093810253704e-01  1.0867614682163303e-01  2.9193868423901026e-01  
q[29]:  2.3610398427643901e-03  3.2980282995567311e-03  8.9607178832312695e-01  2.4008883720962323e-01  9.6077294962113113e-01  8.8342903579613530e-01  5.4813484680257896e-01  
q[30]:  7.5155899019736317e-03  4.6789385378897402e-02  6.5644487977522892e-01  4.3063891786455644e-01  6.8209021163469541e-01  4.2905609476668244e-01  7.4555861614697558e-02  
q[31]:  2.7281475965347940e-03  1.4683180965086086e-02  9.4006305193099526e-01  9.4565915593577765e-01  8.0613002803075196e-01  2.7938525533894609e-01  7.9963709253066340e-01  
q[32]:  3.8146210894871944e-03  1.8645927534077053e-01  7.5863866366469646e-01  9.8149603530307761e-01  3.3008562046778558e-02  7.8839104726609832e-01  2.9196176136203889e-01  
q[33]:  3.2601782827801819e-03  3.7606540657538129e-02  9.8618954498498590e-01  7.5312583428667612e-01  5.2640260962442831e-01  7.8302781445593239e-01  7.4165337561050981e-02  
q[34]:  3.1970524720964849e-03  8.9099000209648768e-02  6.6470360189235272e-02  5.6056302792181031e-02  5.1562115027426358e-01  1.3407128318093922e-01  1.3360160225270959e-01  
q[35]:  5.1353869533686163e-03  4.3693917547772776e-01  1.3177841213770414e-01  2.7172556132841487e-03  4.2300302495016789e-01  9.5412017501795554e-01  4.5074665524916097e-01  
q[36]:  5.9466626398721927e-03  1.7951753723060651e-01  7.5477592819637063e-02  3.3699260115082547e-01  6.0710579970119571e-01  9.4697731451047618e-01  8.2990356082972783e-01  
q[37]:  4.8749739957508137e-03  4.1537749731166768e-01  1.9985037474648956e-02  4.0720351632792468e-01  9.6237259939166608e-01  6.6517538212235744e-02  3.8229758741448028e-01  
q[38]:  6.2135899929949895e-03  1.9117481503405412e-01  1.6443178716373341e-03  4.3870233853164253e-01  3.1432153563311654e-01  1.4636270430096124e-01  7.3962120803652165e-01  
q[39]:  7.0285141977854525e-03  4.4011623664361171e-01  6.7240902283804790e-02  6.9990499696797814e-01  1.8815333125436429e-01  9.2234315361269936e-01  2.6887443143581080e-01  
q[40]:  6.9353370989576960e-03  4.7820710902590424e-01  4.0505255584946373e-02  9.4976974831609484e-01  4.4775224494225446e-01  1.5140269776880197e-01  2.5931701733443857e-01  
q[41]:  3.5541642989453826e-03  2.4332868665578342e-01  9.9099157048429060e-02  9.0859397317941937e-01  1.3788429338185398e-02  2.3154406238140454e-01  7.8233963511945237e-01  
q[42]:  7.0306864101785738e-03  3.7620793879139192e-01  9.5219469667161896e-02  8.0487364512287229e-01  9.6335868086963039e-01  7.0437816377761853e-01  4.9895124189428858e-01  
q[43]:  6.1717684470584955e-03  3.8894140301748426e-01  3.1853408878354089e-01  3.5169374707159938e-02  6.2661803745168179e-02  1.0445923150547450e-01  6.4903711202360881e-01  
q[44]:  6.7571172644753565e-03  4.3345656395067489e-01  3.1177421783495546e-01  3.0663839450606512e-02  9.5984663745701926e-01  4.5671557701198268e-01  1.2936072872672441e-01  
q[45]:  1.8598067021445345e-02  5.4577895044788249e-01  5.5558169796074675e-01  3.3963561123510055e-01  3.2778106364927567e-01  9.3095543112883428e-01  7.0958840759218511e-01  
q[46]:  6.5663770513849284e-03  3.9115726543015372e-01  3.9031297240381940e-01  4.2863969238754718e-01  6.1783725665009914e-01  2.7603918672976454e-02  2.4041691068615725e-02  
q[47]:  4.1257102600817915e-03  3.3994093776768808e-01  2.0290460011323919e-01  1.5684046577908331e-01  6.8372708804025950e-01  8.2079232122430103e-03  9.7415508832935760e-01  
q[48]:  1.0753925751446451e-02  5.2890161102332811e-01  1.2414612821324485e-01  5.8132790726329286e-01  2.2360288191203267e-01  6.7020925293355871e-01  9.3437790031981793e-01  
q[49]:  1.2676673058751059e-02  5.4078483638646535e-01  1.5833781323544674e-01  6.1542131685358448e-01  6.9911729769385578e-01  7.7834609256115861e-01  2.9636811716390427e-01  
q[50]:  9.9923585421782240e-03  2.5720479721279621e-01  4.7684730414378568e-01  4.2214437752858558e-01  9.6067857329174489e-01  2.8796927147156681e-01  8.4860358898512589e-01  
q[51]:  5.0162051199594097e-03  2.4593232026942033e-01  2.6615681927185020e-01  9.6130496346491978e-01  5.8438090984870505e-01  9.3440302690247001e-01  7.6539437633262694e-02  
q[52]:  1.2099905904711220e-02  4.9040746177065336e-01  7.0270899788860197e-01  1.0468325013132988e-01  5.8719260507135018e-01  4.5634885777428497e-01  9.3072744407739971e-01  
q[53]:  7.3597206536764647e-03  2.5649307047176129e-01  6.1082919118091439e-01  3.5906582060104504e-02  8.4355469482978129e-01  8.1908336399727788e-01  7.1672814194334744e-01  
q[54]:  1.5741386705757691e-02  3.1906607090881484e-01  6.0434152889361015e-01  3.7667995354204115e-01  3.1438405627123363e-02  6.3580882660192439e-01  6.3771787454869489e-01  
q[55]:  6.6116450872151589e-03  4.8082593259837897e-01  6.1439277059132902e-01  5.8260476743160805e-01  9.1097043391653809e-01  9.2551794297479906e-01  4.1521917282270393e-02  
q[56]:  8.9391062228730955e-03  5.6922631249500943e-01  5.7904286711621611e-01  7.7071988051855478e-01  4.3182378915250022e-02  4.5566090903576467e-02  5.0812548684616743e-01  
q[57]:  1.1237254990581296e-02  2.6498102498022913e-01  6.3335091771878904e-01  1.4794780351020828e-01  6.3367466744651191e-01  8.3317991625726029e-01  1.4762906810478052e-01  
q[58]:  7.1428675717427961e-03  2.8932019187837316e-01  5.7341894493503109e-01  8.9390443394298302e-01  3.0805438166336246e-01  1.2560104521698032e-01  9.6721110359200901e-01  
q[59]:  1.4889444940787599e-02  4.3452815571788905e-01  6.7407934727997554e-01  6.1762875453314459e-01  2.5357766354144951e-01  5.4601466230364892e-01  4.3109552603317919e-02  
q[60]:  1.3625656244051154e-02  3.4875207483684845e-01  4.6799868571267966e-01  9.8348986279672557e-01  5.0428354295745570e-01  6.6266790651345076e-01  7.6779278182624500e-01  
q[61]:  8.6101986853689000e-03  1.2401239069427682e-01  6.8459992318378315e-01  8.5895595267730462e-01  9.3879450083768601e-01  6.2218224529731869e-01  3.0882854804423659e-01  
q[62]:  3.7074794618762470e-03  3.6711039132552226e-01  9.8708531171342273e-01  2.0084845039506749e-01  8.1667255758225643e-02  2.5118705077274389e-01  9.6934773542904629e-01  
q[63]:  2.8638123112137270e-03  2.7388150749675055e-01  9.9860144063933798e-01  5.1340277985935621e-02  7.2398301521270625e-01  3.5481261686850046e-01  2.8840208957455087e-02  
q[64]:  1.1488405254823066e-02  1.2910733854463602e-01  8.1229823198840512e-01  1.2288803041756975e-01  3.9430112443370047e-01  4.7253061627729975e-01  4.5618369461384545e-01  
q[65]:  1.0093185434795222e-02  2.2554317305284441e-01  9.4881787994247369e-01  4.0216216525654319e-01  5.9568720316785040e-01  5.7288246189082925e-01  6.6376761244433191e-01  
q[66]:  6.6284468908567118e-03  3.6533822545158307e-01  9.2837664368927375e-01  7.8632009578361373e-01  2.1741094170884639e-01  8.1571509480522320e-01  9.2537410199256387e-01  
q[67]:  5.4357200867555218e-03  2.8518693374278148e-01  9.4364043459123836e-01  3.4765511037962571e-01  1.3143305360382676e-01  9.0630704153003849e-01  1.5358120411730242e-01  
q[68]:  5.8786140379450229e-03  4.5012825644904675e-01  9.4370369269289134e-01  5.8632283941491337e-01  6.8910517471445568e-02  2.5391335972719525e-01  2.2895031557926729e-01  
q[69]:  2.2614320519967292e-02  4.8178973213712095e-01  6.9665183321694391e-01  8.3763781424401174e-01  6.8298375404960887e-01  3.5512077410603243e-01  3.1428521301913598e-01  
q[70]:  1.3579952221029198e-02  4.0622342567076064e-01  8.3760045202350952e-01  6.6723275176964802e-01  8.0457173284328054e-01  1.8264978705153667e-01  7.6552780060722403e-01  
q[71]:  7.8468950130918015e-03  2.8626159128995615e-01  8.6265538237689332e-01  8.4277038860568321e-01  6.8959761229491334e-01  9.7867493540724981e-01  5.4129285828831430e-01  
q[72]:  2.1604052757672005e-03  3.8889875291306419e-01  9.5228759638307126e-01  8.4508028908450616e-01  9.2267734967398307e-01  1.6234626830869566e-02  8.5714181604077649e-02  
q[73]:  1.1568164614046838e-02  6.9112699095402319e-01  6.7161197579954771e-02  1.0333830779957834e-01  7.1367475681915715e-01  3.7432542062200030e-01  6.9396843487531490e-01  
q[74]:  3.3792394370234413e-03  6.1186141863625643e-01  1.4140580936697913e-01  1.3980775192552580e-01  9.6905437228615454e-01  8.2241078678702839e-01  9.7366169248804368e-01  
q[75]:  5.9162764759881376e-03  7.6679749028577493e-01  2.7981251555334086e-02  1.4563829954199534e-01  1.4166641097392116e-01  5.7953409605937789e-01  6.0518841911154975e-01  
q[76]:  3.3600963687908021e-03  8.0158982760530062e-01  1.1618357894379784e-01  3.0108954117048464e-01  7.6121098309513094e-02  1.3220126995004886e-01  9.5298431914716808e-01  
q[77]:  6.9896748786294994e-03  7.0275328139045334e-01  9.1374472654119784e-02  2.1461301239404307e-01  4.3715273616378653e-01  6.6459221795268519e-01  1.0562329929699037e-02  
q[78]:  2.5373138183887537e-03  8.7205419776414916e-01  5.8029695550797997e-02  2.0468008473564539e-01  9.6774174834862237e-01  9.6073035591165734e-01  1.8463444002185869e-01  
q[79]:  4.3245319167293439e-03  7.4935257916361520e-01  6.3697919304943368e-02  4.3166212344946675e-01  2.8575367099188623e-02  1.5126291118499124e-01  1.1978764683932977e-01  
q[80]:  2.3351310652465124e-02  7.7795224790141293e-01  4.2018089521021890e-01  2.8669983302894675e-01  6.5502092425196545e-01  6.2023185832540162e-01  3.2263795397835737e-01  
q[81]:  3.6277942105793796e-03  7.0798416382115348e-01  1.3288482981915534e-01  9.0243726899648613e-01  8.2000118929825860e-01  2.1213077243657924e-01  9.5388286340472817e-01  
q[82]:  3.5856713748985036e-03  7.6929889956839159e-01  2.6223305341971692e-01  9.6264361838013335e-01  5.9332026734420250e-02  4.9095952321846487e-01  7.9325634107953111e-02  
q[83]:  3.1891470620933659e-03  7.2873162393776092e-01  2.3729694762644462e-03  9.5168940198371987e-01  6.0708509845859926e-01  9.7106316091558131e-01  7.7545267757635661e-01  
q[84]:  2.9727365056250992e-03  6.9356497799567374e-01  4.2874420469243252e-01  5.4119585004234833e-02  2.3953006398392002e-02  8.6499122971424647e-01  9.4550094598558421e-01  
q[85]:  2.2022447434725513e-02  3.8602388529871340e-01  2.5425183736030699e-01  2.2395347993129816e-01  2.7444134272428100e-01  3.0806409087234315e-01  2.6894004012775219e-01  
q[86]:  3.9283267444161730e-03  6.2216819693076297e-01  3.4314262055276062e-01  3.2126700178065437e-01  2.8250312576856951e-02  9.8695367385296728e-01  1.1728640066785424e-01  
q[87]:  1.3116404927636806e-02  8.0292793491538772e-01  1.9800192363402916e-01  6.0505691327585531e-01  4.4994645233392216e-01  4.7457155094792938e-02  6.0959743066752237e-01  
q[88]:  5.9508202028564459e-03  6.7668854686703428e-01  3.7057896428248593e-01  9.6518291601786355e-01  9.2449681978276288e-01  1.2018415598772207e-01  5.7831860611880048e-01  
q[89]:  9.6879565301828952e-03  7.3231086165920178e-01  2.7236815967276540e-01  7.0623886073602260e-01  8.2137768060018834e-01  2.6359157356173452e-01  5.3854830535910725e-02  
q[90]:  2.0029182656844738e-02  5.1207320228560094e-01  2.5300825392434212e-01  6.3472073038753496e-01  5.1757678605402246e-01  3.6357084265328893e-01  8.0432868041463168e-01  
q[91]:  1.1174730334751970e-02  7.6828595596060156e-01  4.3676085758158728e-01  6.3179366105570933e-01  8.4236255282076666e-01  9.4202391111449901e-01  6.6268123786147781e-01  
q[92]:  1.3058046265895112e-02  7.4292146177384999e-01  2.4722802046712392e-01  8.7087489523330630e-01  1.2771285535074064e-01  6.7486616002647315e-01  5.8144563291701967e-01  
q[93]:  6.5448228276830866e-03  5.7805175915455587e-01  7.2752702701557637e-01  1.4487456281629829e-01  2.0592262755564411e-01  1.0596933671520606e-01  5.4926919171755989e-02  
q[94]:  1.3901205707538260e-02  6.3223245770628966e-01  5.9401000747818977e-01  1.4817664619036619e-01  7.9408284759455305e-01  9.3101598319794240e-02  4.1759848898847063e-01  
q[95]:  8.6868950134687609e-03  8.2232637913755047e-01  6.9592599868916449e-01  6.6627398856303188e-01  6.7342814720962318e-02  4.3573672243911682e-01  9.2196638186082636e-01  
q[96]:  1.6077548563330005e-02  7.0787370788038928e-01  6.6098483909143801e-01  3.3600905470363968e-01  3.2632165256289197e-01  1.9378820791402457e-01  7.8325867769601387e-01  
q[97]:  4.4429295474943320e-03  5.8202774487517661e-01  8.8633684372743060e-01  3.0988802574081481e-01  8.2659366598273953e-01  9.3455073593350191e-01  9.5813052032795576e-01  
q[98]:  1.3294313669979548e-02  6.9059048698016745e-01  9.1817974187299367e-01  6.5563231521393894e-01  3.9083304245725237e-01  7.1496554758580644e-01  5.6201167057845003e-01  
q[99]:  1.3055071856233147e-02  7.0353763025956728e-01  6.4609128973433783e-01  8.0665456341714659e-01  3.9613020490873319e-01  7.8261325125718517e-01  2.4726468138547275e-01  
q[100]: 1.1486532972783566e-02  6.5569505155729302e-01  8.7514194321275995e-01  5.1276355013849473e-02  1.9700294970218143e-01  5.8844725633425132e-01  4.1706641003921868e-01  
q[101]: 4.1991441724420079e-03  7.0745253661435548e-01  9.0060295578376892e-01  1.0396214997105888e-01  6.9292707068128290e-01  9.8529742974852319e-01  2.0553136950668249e-01  
q[102]: 2.8164467249117502e-03  7.5242229663541071e-01  9.9848672301779884e-01  2.4742917744210509e-02  9.1264173825464590e-01  1.8759390307207310e-01  7.1606803654964324e-01  
q[103]: 3.4116766823162922e-03  8.9900233233926929e-01  9.1788565930149491e-01  1.4522763189351048e-01  3.7634216231445478e-01  8.5041566492138143e-01  8.8010383891871691e-01  
q[104]: 1.2566066453889402e-02  8.0689199114579646e-01  9.1219124255199979e-01  3.6852184927848569e-01  5.6122032828657298e-01  1.9058335544249427e-01  2.3633750966899250e-01  
q[105]: 1.0007881879131163e-02  4.4213195687139673e-01  9.3598778812747796e-01  3.6454754446666493e-01  9.2330314009839920e-01  6.4194403818996848e-01  3.7648434897563732e-01  
q[106]: 5.5658747186037453e-03  8.4200790708891793e-01  7.8089755245997416e-01  5.0009362720803874e-01  9.6377282520859608e-01  5.1367775567740181e-01  9.7082829697236889e-02  
q[107]: 3.6012561219527991e-03  6.5934149810458031e-01  9.0746234395778358e-01  9.6091066197970310e-01  9.6547273489709273e-01  6.4872138370121202e-01  9.0472134439610419e-01  
q[108]: 5.9817928921221892e-03  7.3210332261505728e-01  9.6700159632382976e-01  9.7536111186222996e-01  2.4491391218966374e-01  2.3139169719668345e-01  6.5489576389885373e-01  
q[109]: 3.4607645446009735e-03  7.3812791388435983e-01  7.6874185073379087e-01  9.2080186030864708e-01  7.8422179009587437e-02  9.5184590960925641e-01  2.8832962692785791e-01  
q[110]: 2.7374084227297841e-03  7.0463535786444775e-01  9.9393895659367892e-01  9.9772702459417317e-01  6.8290947782624767e-01  6.2490269160379941e-01  1.7217357611696384e-02  
q[111]: 2.7704277154757067e-03  9.5874074007247889e-01  1.4432105612086860e-01  3.9240244976773142e-03  4.5132353575362594e-01  6.0624306443932761e-02  2.0805315620197048e-01  
q[112]: 4.4539107720577478e-03  9.2828538198293165e-01  3.1327402229814083e-01  8.0391875530532078e-02  4.6484223812762321e-01  9.0507061991007831e-01  4.7334338946429461e-01  
q[113]: 5.4193287926609839e-03  9.4534301343283611e-01  1.9272656686237580e-01  3.3611674067782993e-01  5.1873569909559736e-01  8.1733799596925727e-01  9.4178417694714889e-01  
q[114]: 4.2717744676394366e-03  9.7446408982579269e-01  1.1670451538440338e-01  4.7139091235373315e-01  1.2113227770898556e-01  8.7068899987937121e-01  5.7355119305203750e-01  
q[115]: 5.3052547339547127e-03  9.1046473013284435e-01  6.3356044609540483e-03  7.6971924102298717e-01  4.6817202738252606e-01  4.5817525963315636e-01  2.2650831604243415e-01  
q[116]: 2.2977936283982568e-03  9.9214856642951876e-01  1.4073597341178859e-01  9.6468381737775866e-01  1.7029383167671483e-01  1.8068877506441769e-01  8.7869180315472073e-01  
q[117]: 6.2189303656661225e-03  9.5652011087404931e-01  7.0562729044023928e-02  6.3099455841192276e-01  8.6350218227289077e-01  4.8556556157587089e-01  6.8715925795879540e-01  
q[118]: 3.6448512939730557e-03  8.3940621288475670e-01  4.8639137207100136e-01  3.4166391447845987e-02  4.2456474279983877e-02  6.6238117964591925e-01  1.0931229462436176e-01  
q[119]: 2.5972525994441384e-03  9.8364645487664337e-01  7.2585747853680660e-01  5.6617263039265966e-02  7.3386705657759466e-01  4.0426897728465194e-01  2.6768329935059057e-03  
q[120]: 1.5093471781687176e-02  9.3085780724647693e-01  4.5474039891483670e-01  4.0974763634926858e-01  1.5835577166080325e-01  3.5496484320260063e-01  3.5321394781377646e-01  
q[121]: 4.2167425727002153e-03  9.5890382619032144e-01  1.8453355149427325e-01  3.3915399150933606e-01  8.8938897917973170e-01  1.7283452459590989e-01  2.1142724390888668e-01  
q[122]: 3.8177155322193460e-03  9.4625973829730525e-01  3.9945566330600529e-01  2.6569151813997099e-01  9.0878852695743306e-01  9.8624667927534909e-02  9.2043518906239441e-01  
q[123]: 7.5400879500164258e-03  7.2609543831576751e-01  5.8864989070898888e-01  4.9767200438356868e-01  9.9228409728336986e-01  4.5873641908567514e-01  7.4370656322040241e-01  
q[124]: 4.8927314746492392e-03  9.7203680357670252e-01  2.9837307312941541e-01  7.1274026946083802e-01  4.3398631159466061e-01  8.9973886607125397e-01  8.3723867874291910e-02  
q[125]: 6.2216431065227305e-03  9.3577739019610739e-01  4.5745389854501251e-01  5.7036249859963618e-02  3.5256716977507790e-01  3.4229682755406782e-01  8.4736138923409354e-01  
q[126]: 6.2792937730791780e-03  9.3455009744708606e-01  6.5648056840280222e-01  9.0332224644462930e-02  9.0411138420200621e-01  7.4826318114657797e-01  5.9976084091507342e-01  
q[127]: 3.3813187832107488e-03  9.3673714985098888e-01  8.8289797883765442e-01  4.1232677625709091e-01  2.5992361230135132e-02  8.5607902672415892e-01  6.1763948554243286e-01  
q[128]: 5.5186694673937118e-03  8.9613465849089213e-01  5.7013243228845534e-01  8.5575324395439700e-01  3.4133065490395909e-01  5.4720877596666453e-02  8.5009626105254282e-02  
q[129]: 7.5237190444790115e-03  8.2381215358926019e-01  4.7836433209010748e-01  7.9126267133870143e-01  7.2135379885970352e-01  6.8394022594458881e-01  9.6613835604178910e-01  
q[130]: 4.3549523597036996e-03  8.7058981381537781e-01  2.8496771153287193e-01  9.9763886517878086e-01  9.0591153957714432e-01  7.3006678621051713e-01  2.0789911486624715e-01  
q[131]: 2.3067574029718226e-03  9.8482146739024634e-01  9.0467413964341903e-01  1.3957176859874817e-01  1.0035554015519302e-01  1.4776766873751455e-02  6.1070241395525371e-01  
q[132]: 5.5776071896981869e-03  9.2865615547292013e-01  8.2277891620175991e-01  3.6797403418521019e-01  3.5681493789681690e-01  8.3803481789350709e-01  9.5033037560914191e-02  
q[133]: 7.4028525884834960e-03  9.4427820771953352e-01  9.1806858522811619e-01  4.5728655799882395e-01  6.6284798101233722e-01  4.9618313875438358e-01  8.1981483061195726e-01  
q[134]: 3.2330735709648517e-03  9.3092432848632745e-01  6.4470379487827900e-01  9.1032917599478602e-01  2.4825135248424254e-01  9.5497514783853787e-01  8.9307641621783673e-01  
q[135]: 2.5059299408310793e-03  9.5397820341241324e-01  9.4750012868374434e-01  7.4896549785149613e-01  4.4341284366077552e-02  4.0563120977963463e-01  1.0193206762489593e-01  
q[136]: 1.0216434809996441e-02  9.7510714396193243e-01  6.1543108192236795e-01  8.8860482761894488e-01  5.5268062404208540e-01  3.9367334486093153e-01  5.7746587101257629e-01  
q[137]: 3.3474043839434660e-03  8.3430888285327875e-01  8.5213638493091159e-01  7.1735915081662072e-01  6.2982867685707644e-01  9.0806619375239529e-03  9.8741347781858202e-01  
q[138]: 4.0260646483661544e-03  9.6060638640874652e-01  8.9303878821409366e-01  7.9461175200310274e-01  8.4035803185446167e-01  9.0422626544622975e-01  4.1078695359497774e-01  
q[139]: 3.8344658133944659e-03  9.4789036463095067e-01  8.0841642739410113e-01  7.6106506766513682e-01  9.2025962739389899e-01  7.7087700215288657e-02  3.8130431589905073e-01  

