deg: 5
dim: 6
nodes: 86
efficiency: 0.767442

q[0]:  1.1380968689874664e-02  1.0773570021268197e-01  1.4950293689282743e-01  9.9881884153373693e-02  2.0709805066978351e-01  1.7990280739408832e-01  4.0054907712349175e-01  
q[1]:  1.3669339936518645e-02  1.2416100211371228e-01  1.4018788631036336e-01  8.1848129907915568e-02  8.0076574971568915e-01  4.9595756688666143e-01  7.2825838010781663e-01  
q[2]:  1.0945784970132036e-02  2.0234972536523504e-01  7.0859176428574380e-02  5.3509817430099349e-01  4.3200867554460604e-01  7.7585425703525557e-02  1.7586344434779103e-01  
q[3]:  1.4226414526969180e-02  7.4312192736385244e-02  2.1489590390155761e-01  6.4528148562193377e-01  1.3883836432637520e-01  9.2553489734945782e-01  5.2316948542019315e-01  
q[4]:  9.8319644773190648e-03  1.8003476731318049e-01  8.0931494745748844e-02  4.9963124700502498e-01  5.9562062687111206e-01  8.5048628064920240e-01  9.2911561686117838e-01  
q[5]:  1.3793499971498703e-02  8.1143689977383637e-02  1.5715215786085537e-01  5.0871245642648177e-01  8.3699994118300580e-01  5.6696693683609845e-01  6.5215025726878345e-02  
q[6]:  1.3090034010899303e-02  3.7060283359341036e-02  1.2094004851981184e-01  8.7290286931259919e-01  4.8696739011217588e-01  3.9828649636620383e-01  7.1436084508296127e-01  
q[7]:  5.6900107777029018e-04  2.3195758055600132e-01  2.9040659402548907e-01  7.9191376929825341e-01  5.2591736810613698e-01  7.8209447184168579e-01  6.7028541635643002e-01  
q[8]:  1.3349093142032495e-02  1.3696296510452566e-01  4.5212227002993177e-01  2.5478644990585753e-01  5.3774428934142707e-02  5.9490392752968002e-01  6.5967538210679508e-02  
q[9]:  1.1842063760251834e-02  1.5835315685829945e-01  5.5449541164001881e-01  5.0019756790509289e-02  1.9380379512430804e-01  8.5724502943545866e-01  8.2367896493621118e-01  
q[10]: 1.4146580116763634e-02  1.7610318943734427e-01  4.8768162192761111e-01  1.9376627198424351e-01  5.0603110914852478e-01  8.3423924376459554e-02  9.3257684437105948e-01  
q[11]: 7.2627274513603439e-04  1.6357905255669930e-01  4.9489844444427733e-01  1.8830022505303443e-01  6.6053086320714793e-01  4.2905740468204651e-01  2.5889243198662681e-01  
q[12]: 1.4038894881264107e-02  1.6345379372875346e-01  5.0679110089770574e-01  2.0774197404160752e-01  9.3863508296205866e-01  9.0518570809908971e-01  3.7913324976961643e-01  
q[13]: 1.0422715546091116e-02  7.4665722289339292e-02  4.9524064684242070e-01  5.0284105470410534e-01  5.0381529524659008e-01  5.0794066652890346e-01  5.1196523986027376e-01  
q[14]: 1.4806495572108285e-02  1.2074707272021255e-01  5.2624240107368292e-01  7.6496608781429531e-01  6.2101216449307349e-02  1.0909240837396429e-01  6.3997231974876578e-01  
q[15]: 6.7175503943087394e-04  1.4477760453299168e-01  4.9607308449025778e-01  8.3145187959553080e-01  3.1823033030585218e-01  5.9135313273685719e-01  7.6771064542485590e-01  
q[16]: 1.4335204083690578e-02  2.1144905781505174e-01  4.7828146368693214e-01  8.0559144878534916e-01  5.1370994923126168e-01  9.2290394264235531e-01  7.7434243015863713e-02  
q[17]: 1.3103733636923970e-02  1.6500052420502845e-01  4.7182018527814362e-01  9.5866194087576262e-01  7.8503239105480294e-01  1.5700816046297772e-01  2.1252377148363655e-01  
q[18]: 1.3753196423901938e-02  1.4178283199569064e-01  5.4202861780895206e-01  7.4146346880280622e-01  9.5198884874048906e-01  3.9781956187640222e-01  9.2917861424296588e-01  
q[19]: 5.4421724050199606e-03  1.8478557572101970e-01  7.1435363454204559e-01  1.5211309274469820e-01  4.8254659436587388e-01  9.6220989402367979e-02  2.9422261511328635e-01  
q[20]: 8.9732717174041481e-04  4.1838070197543903e-01  6.1653176852011604e-01  4.2555228126853040e-01  4.0681006147993953e-01  5.2168579380575408e-01  4.1819423117016918e-01  
q[21]: 1.2472074523406975e-02  3.2801587578086995e-02  8.7215914791252436e-01  1.3714204021154994e-01  5.1228131609668548e-01  6.4811449773958851e-01  2.8126627110413732e-01  
q[22]: 4.4529171604321439e-03  4.1120816357201256e-01  5.9004190115425803e-01  4.3207418522998325e-01  5.5885522962470546e-01  5.6448839961670760e-01  5.0105213214569233e-01  
q[23]: 1.4004714195743024e-02  1.0551031156723840e-01  8.8943206027772315e-01  4.9187163285296115e-01  1.9560898904947654e-01  4.6161025954789736e-01  9.2306238558427134e-01  
q[24]: 9.2023613020259399e-03  1.5786593783113978e-01  9.1037291677673737e-01  5.2378343885184264e-01  4.0138095818508690e-01  1.9768661066630966e-01  7.3493356702688570e-02  
q[25]: 8.3202757760857792e-03  1.7521946660795434e-01  9.0598692880256515e-01  4.4642108843512535e-01  5.8617607578307029e-01  8.5418836739400106e-01  8.1610725509353710e-01  
q[26]: 1.2393594287703258e-02  7.3437303029358122e-02  8.1558902948231993e-01  3.6625009702493599e-01  8.8619871199510081e-01  7.6756949353632864e-02  4.5164468022692206e-01  
q[27]: 1.3156627863324952e-02  1.5235564180608924e-01  8.6021626728986333e-01  9.2422096672939846e-01  1.9604982728829165e-01  5.0934057147193157e-01  2.1295262017217301e-01  
q[28]: 5.7309911791634063e-04  3.5774583741499949e-01  6.2427781808377547e-01  6.6960686566675420e-01  5.4016316153457000e-01  6.6290347505174863e-01  5.8571446634510405e-01  
q[29]: 1.2501085229416137e-02  9.7810655320840559e-02  8.5025738424506880e-01  8.8409966313814436e-01  7.6183456451351095e-01  8.7096284763145515e-01  6.0799481331690519e-01  
q[30]: 3.0496771601569170e-03  5.0737093712137760e-01  2.2319425175396165e-01  3.2962232545306946e-01  2.8305439381199848e-01  4.3295441550041736e-01  4.9986674408054399e-01  
q[31]: 2.1272416815590896e-02  4.9829802172160637e-01  5.3480708709741295e-02  1.4275920561761110e-01  4.2544439359260083e-01  8.7624526988757390e-01  2.4195808962485024e-01  
q[32]: 2.0750543431779938e-02  4.9258845177261806e-01  1.0044455368588211e-01  3.5436086460036581e-01  5.4175536926420978e-02  4.2372363174636313e-01  8.7886820663738918e-01  
q[33]: 1.9675574357921034e-02  5.0030649186646636e-01  1.2045368128910797e-01  4.3961457289360623e-01  9.4580551970109350e-01  1.0029113048153462e-01  5.6002379874267028e-01  
q[34]: 6.5433291127950659e-04  4.9707509957692586e-01  3.2739726537918795e-01  5.0141270215250733e-01  6.1548905869074544e-01  5.3470931774314734e-01  4.0950907357502675e-01  
q[35]: 1.9059343674934750e-02  4.9983378834795211e-01  8.9812069463696534e-02  9.0863255327183889e-01  1.3923958078063811e-01  5.0008287094252846e-01  1.8464479353821861e-01  
q[36]: 1.0750173584015763e-02  4.9964531390561540e-01  1.1124412235343555e-01  8.4220762532881777e-01  5.2362149093379551e-01  5.7804445903819168e-02  9.1352139355664264e-01  
q[37]: 1.8509747536375239e-02  4.9881314593068687e-01  1.0739468013944464e-01  8.9807689821248649e-01  9.0404645530742744e-01  8.1625687917188061e-01  4.9779449352415994e-01  
q[38]: 9.6023106743265158e-03  5.0165731954744208e-01  4.5098997613204184e-01  1.1431886682431582e-01  2.5525679773734034e-01  6.2343954824624548e-01  5.2944912032512770e-01  
q[39]: 1.0323620832103490e-03  4.9815622533757148e-01  5.2919904820127961e-01  3.5153265727522764e-01  4.8786015152343531e-01  1.7480461981625958e-01  8.0345661251019806e-01  
q[40]: 1.9704156988316953e-02  5.1253742887109965e-01  4.6495441167091955e-01  3.0276072076743016e-02  7.8719164672868547e-01  2.3801206514819398e-01  7.2331539941589862e-02  
q[41]: 1.3325671907373484e-02  5.1804041971601833e-01  5.3221362601000965e-01  6.0740946482877278e-01  1.9431192704944972e-01  4.9153862771837233e-02  7.1081673742263207e-02  
q[42]: 1.3359635979273851e-02  4.8204884927478397e-01  4.6782399136148584e-01  3.9264162434457028e-01  8.0553402174271982e-01  9.5061671744477694e-01  9.2868917515906468e-01  
q[43]: 7.7924790065561203e-02  4.9712342123472208e-01  4.8431032056063189e-01  5.0198078717881844e-01  4.9706230495264248e-01  4.9407128421835250e-01  5.0247139755359105e-01  
q[44]: 1.9750489353751306e-02  4.8756698697977185e-01  5.3501561596538960e-01  9.6948471463676467e-01  2.1296268398412535e-01  7.6189637022023282e-01  9.2745847117412039e-01  
q[45]: 1.1051705819063609e-03  4.9371686662770453e-01  4.7282908061207923e-01  6.4725269943996999e-01  5.1234328963451770e-01  8.1844078070916204e-01  1.9875995905901650e-01  
q[46]: 9.5770500451761321e-03  4.9478241128443978e-01  5.4902860928342900e-01  8.8592541426074667e-01  7.4482499094363919e-01  3.7638745906381288e-01  4.7054098142308542e-01  
q[47]: 1.8453464309200553e-02  5.0111490830978977e-01  8.9282306161176239e-01  1.0169685056870909e-01  9.5703025571232225e-02  1.8356175032002447e-01  5.0223403810594691e-01  
q[48]: 1.0765580584608823e-02  5.0036177292645090e-01  8.8864532002419250e-01  1.5789223435024624e-01  4.7638410645650409e-01  9.4208277617066660e-01  8.6605828451359501e-02  
q[49]: 1.9032146326590803e-02  5.0018043746526675e-01  9.1029468461598873e-01  9.1247488836851576e-02  8.6086450536949588e-01  4.9990742781924941e-01  8.1544304879799723e-01  
q[50]: 1.9637976336996276e-02  4.9967939243776027e-01  8.7969336795856501e-01  5.6041215650238030e-01  5.4026020491089274e-02  8.9985790797895260e-01  4.3995692993977614e-01  
q[51]: 7.4811170461686429e-04  4.9905155802155504e-01  6.3951712184067544e-01  4.8281459586523517e-01  6.2478460248840517e-01  4.0692444450736315e-01  4.9169837476253181e-01  
q[52]: 2.0761660720285659e-02  5.0736928126486303e-01  8.9950561304910814e-01  6.4561111606411670e-01  9.4577748108823534e-01  5.7625917138090754e-01  1.2116696091371570e-01  
q[53]: 5.8310904026819118e-04  4.9938700919624784e-01  6.6165194182395726e-01  6.5128181850776334e-01  3.5031438930051728e-01  4.6230374963463100e-01  4.2451530534686649e-01  
q[54]: 2.1253459452145462e-02  5.0172365362187321e-01  9.4659370288408651e-01  8.5730747334185597e-01  5.7456688543278145e-01  1.2368569283285964e-01  7.5808309821230457e-01  
q[55]: 2.6504212331476987e-03  4.9708680982684078e-01  7.8462396068994633e-01  6.7767348217098133e-01  7.2255853331043030e-01  5.7260676283952017e-01  5.0003090705189801e-01  
q[56]: 1.2514553863082320e-02  9.0203983287164802e-01  1.4981479039103338e-01  1.1586414703225839e-01  2.3822526992030674e-01  1.2909133808327597e-01  3.9206168154688248e-01  
q[57]: 1.3188472995439212e-02  8.4744124841513935e-01  1.3984806944986430e-01  7.6026848543442313e-02  8.0387017967022822e-01  4.9078870335825570e-01  7.8692554427869998e-01  
q[58]: 8.4007874391211698e-03  8.2444238390224744e-01  9.4853570645924423e-02  5.5343650618081375e-01  4.1396136355398622e-01  1.4642175353651099e-01  1.8460928798010978e-01  
q[59]: 1.2423005078367032e-02  9.2638707695204559e-01  1.8455688261800227e-01  6.3377479409340254e-01  1.1402048189276966e-01  9.2307756427559695e-01  5.4841736134393904e-01  
q[60]: 9.1855612535714278e-03  8.4234330018752357e-01  8.9624874514474609e-02  4.7640148643444324e-01  5.9851203663739183e-01  8.0246375176418605e-01  9.2670997478053851e-01  
q[61]: 1.3947344631956040e-02  8.9484368691547900e-01  1.1028769613152682e-01  5.0813803887541631e-01  8.0465353497747838e-01  5.3838708922192990e-01  7.6541277629394999e-02  
q[62]: 1.2577083757001709e-02  9.6638122612405664e-01  1.2841863320724378e-01  8.6224558196864187e-01  4.8778468560675281e-01  3.5217819727575761e-01  7.1839198251326597e-01  
q[63]: 5.4050344961134858e-03  8.1490483603061992e-01  2.8517876908510548e-01  8.4804471125034842e-01  5.1837605149606580e-01  9.0445845841312789e-01  7.0543256393354359e-01  
q[64]: 1.3762565060847188e-02  8.5815803709459593e-01  4.5793788983596623e-01  2.5852619199918253e-01  4.8029149147175987e-02  6.0220267440532593e-01  7.0928797657601253e-02  
q[65]: 1.3116866632865360e-02  8.3485549215717614e-01  5.2812476027966970e-01  4.1235365402773123e-02  2.1492090086155724e-01  8.4291334620920910e-01  7.8734484764691981e-01  
q[66]: 1.4354943147496357e-02  7.8849513000152327e-01  5.2166478352477974e-01  1.9447525115227079e-01  4.8637558939030850e-01  7.7228857821992167e-02  9.2250969198012100e-01  
q[67]: 9.5378860465234621e-04  8.3542600474501172e-01  5.0949192953369804e-01  1.8689156075726085e-01  6.5786429725572904e-01  4.0223935954732820e-01  2.5442634534224956e-01  
q[68]: 1.4831271404253790e-02  8.7919149389031848e-01  4.7378394685087982e-01  2.3508683504773248e-01  9.3774781499356152e-01  8.9071425915836855e-01  3.5996944170285172e-01  
q[69]: 1.0240133822824037e-02  9.2683056653879636e-01  5.0479257835418800e-01  4.9714937815884197e-01  4.9571058577197274e-01  4.9199656016625837e-01  4.8862242711000708e-01  
q[70]: 1.4101908672849174e-02  8.3631517634307995e-01  4.9315810617768618e-01  7.9202795532112635e-01  6.1771740908324282e-02  9.5222495835547039e-02  6.2084482167303012e-01  
q[71]: 6.3267664495829476e-04  8.4792488231986329e-01  5.0058633016114529e-01  8.2822584705040869e-01  3.4436025667533604e-01  5.8597489339810438e-01  7.4469203233528425e-01  
q[72]: 1.4112086294493779e-02  8.2404110596185198e-01  5.1232286305194474e-01  8.0638129813081882e-01  4.9390086451744225e-01  9.1680626790103392e-01  6.7189374527275136e-02  
q[73]: 1.1873022437295561e-02  8.4138089279924411e-01  4.4559143071658591e-01  9.4994385530584036e-01  8.0613100595759735e-01  1.4296201755730431e-01  1.7657586069614886e-01  
q[74]: 1.3356075341344644e-02  8.6299200681592403e-01  5.4790625880343469e-01  7.4523451078219527e-01  9.4622382043317088e-01  4.0507042378784430e-01  9.3393853741729904e-01  
q[75]: 7.3140877074462753e-04  7.3128689857485207e-01  7.0651645463189727e-01  2.2973200778026254e-01  4.4843737461170768e-01  2.2685660124281173e-01  3.5474938744296802e-01  
q[76]: 2.7964418989359081e-03  5.7417262020309656e-01  6.1702643425560733e-01  4.3135059469762832e-01  4.4319164118854421e-01  5.4246685698529873e-01  5.3304654700964926e-01  
q[77]: 1.2996413314148888e-02  9.6358986267042890e-01  8.7960787615609537e-01  1.2652507488273504e-01  5.1305178772822624e-01  6.0173294595986881e-01  2.8525013174067432e-01  
q[78]: 1.3792777466691823e-02  9.1884055381366037e-01  8.4284427069624390e-01  4.9130796223399320e-01  1.6297145580207037e-01  4.3302339363204478e-01  9.3483031732553012e-01  
q[79]: 9.8075470747794012e-03  8.2020743204572788e-01  9.1916768718360120e-01  5.0022829515991662e-01  4.0446650975178461e-01  1.4932305343628696e-01  7.0634803833813681e-02  
q[80]: 1.0928604258583054e-02  7.9792289098245794e-01  9.2924595104627083e-01  4.6491952445497692e-01  5.6804191150310790e-01  9.2255747811358479e-01  8.2418214620052221e-01  
q[81]: 1.4179937707250526e-02  9.2601088676697085e-01  7.8528065634953026e-01  3.5454125373055329e-01  8.6135046981141083e-01  7.4165995165612744e-02  4.7672853849687696e-01  
q[82]: 1.3606937515384301e-02  8.7616849213362868e-01  8.6018538245987020e-01  9.1847496917912685e-01  1.9894028512999201e-01  5.0396179039566502e-01  2.7150887592370215e-01  
q[83]: 3.5228216253766088e-03  6.2554159443209501e-01  5.5616353284168052e-01  5.6539741253250553e-01  4.9292156895589634e-01  5.4727992629799749e-01  4.3787315871385513e-01  
q[84]: 2.2063719312461947e-03  5.6657762259449840e-01  6.1937922098048981e-01  5.6014329723566725e-01  5.9015787192239777e-01  4.7961027535305428e-01  5.4270919851357347e-01  
q[85]: 1.1344918358123908e-02  8.9246465071662473e-01  8.5064320100009072e-01  9.0042656017468992e-01  7.9309215957365464e-01  8.2027804094938295e-01  5.9943163171336844e-01  

