deg: 7
dim: 4
nodes: 72
q[0]:  4.3939558562662425e-03  1.5841344993929321e-01  1.4289883637942197e-01  2.7578222204992775e-01  2.2227126934033056e-02  
q[1]:  4.2257758668628170e-03  8.6395628720859225e-03  7.2991088567382456e-02  4.1815918519612194e-01  2.5274148028628285e-01  
q[2]:  1.0008592107025855e-02  9.3464924784607842e-02  3.0618927088781700e-01  7.5642254765996442e-01  4.4629873282259264e-01  
q[3]:  4.2404105670469277e-03  6.4975004758443894e-02  2.0865321427630931e-01  9.1920821650324336e-01  8.0914268897365874e-02  
q[4]:  3.9536872430801411e-03  5.2799548716004036e-02  7.1431135987751151e-02  9.3169616430235069e-01  4.6638114347870840e-01  
q[5]:  1.1847474077507492e-02  2.3716490847972904e-01  4.2695734243954320e-01  3.9717410912860174e-01  2.5487234059090574e-01  
q[6]:  7.9796744673567444e-03  5.8366526546198352e-02  4.4912509339630863e-01  5.9405201979190614e-01  6.6950518701624454e-02  
q[7]:  8.9989173801909746e-03  8.3112883357249451e-02  6.7572159075489768e-01  8.1286544998990762e-01  2.3546460876158157e-01  
q[8]:  5.3171894969069045e-03  1.0083184508187336e-01  5.9938548465901598e-01  9.7205268696227309e-01  5.5141394362253981e-01  
q[9]:  3.4285039958073028e-03  1.0681509002081307e-01  1.3106194976471663e-01  9.3007336815083530e-01  8.6664189406881698e-01  
q[10]: 5.0132218971937637e-03  6.5768409551749743e-02  5.6154454497892536e-01  1.4308221106312433e-01  7.3106012001808565e-02  
q[11]: 5.0254806880705265e-03  1.2949291176717750e-01  3.2454439334216600e-01  5.2286264044812192e-01  5.1090604237492976e-01  
q[12]: 6.4487448569142186e-03  5.2797239854473883e-02  5.4278770199881432e-01  7.9408424106059983e-01  7.1145565963548274e-01  
q[13]: 2.5999770008940611e-03  9.9260131034675306e-02  9.5124052577938467e-01  3.3588608757478022e-01  2.7066215809199722e-02  
q[14]: 6.1654435556263362e-03  1.1993332181714947e-01  8.4962419776713860e-01  3.9044933878544019e-01  3.2729134408887706e-01  
q[15]: 2.2555558396330760e-03  1.1595324620867564e-01  8.9744032947721220e-01  7.9200113936999017e-01  1.4812344039752944e-02  
q[16]: 5.2440068203531360e-03  1.7130913776792493e-02  9.0264835055927839e-01  5.9860670805750416e-01  3.2735442275696935e-01  
q[17]: 2.2571755734439071e-03  6.7874306426253903e-02  8.6929849145493820e-01  9.9132022798631214e-01  1.6310997656808207e-01  
q[18]: 3.4215345851256128e-03  7.6732298750086525e-02  8.8030834955535764e-01  9.5408879822860371e-01  8.0972864674618883e-01  
q[19]: 3.4474390043373803e-03  3.0720954731709094e-01  9.6056239537397101e-02  1.1196773604987230e-01  1.0382480364209097e-01  
q[20]: 3.9519808432712062e-03  4.6094687267056689e-01  1.6902278664113940e-01  4.1299927345615300e-01  3.8564272415508871e-01  
q[21]: 4.1898377704364664e-03  2.4185488104851846e-01  1.1703227966006849e-02  7.0634534533993298e-01  6.5341018641964982e-02  
q[22]: 1.5183006416949085e-02  2.8706594356836601e-01  1.7028368614585945e-01  6.5733121974133213e-01  2.2592529636997422e-01  
q[23]: 8.4838309991326737e-03  3.2206231693521087e-01  3.2086751883687342e-02  7.0716714375275813e-01  5.8852874488691143e-01  
q[24]: 4.2208887555659569e-03  3.6896852159271692e-01  1.0695393957177801e-01  9.4670243807541787e-01  1.8576357280668870e-01  
q[25]: 1.2346681669233861e-02  3.7972036339180215e-01  2.9192664443749006e-01  9.4729515086998084e-01  7.1979559837786322e-01  
q[26]: 1.3537108763407945e-02  3.5573886090562129e-01  4.4051344253374886e-01  9.3544999532603834e-01  2.8532451100617673e-01  
q[27]: 1.8586234982471927e-02  3.3580627097600774e-01  7.0278127027560722e-01  4.4680305781798513e-01  1.1332114473948469e-01  
q[28]: 9.3790220815375049e-03  3.9064300871389196e-01  9.1193279385010706e-01  7.3961370830784778e-01  1.0757461664206197e-01  
q[29]: 2.1647350444792962e-02  3.4838978075338700e-01  6.9681634334906362e-01  7.1749361601169104e-01  5.0073853928503143e-01  
q[30]: 5.9822340740717265e-03  3.5021362580823734e-01  5.8475884305232118e-01  9.2632168908101020e-01  2.6450723141171729e-02  
q[31]: 4.2247144969793085e-03  3.9457828106362591e-01  6.2927532847026579e-01  9.6387465697593222e-01  9.4091322666880040e-01  
q[32]: 3.7911062561619127e-03  3.4944816605726076e-01  9.3536081504304214e-01  1.2677140818716215e-01  6.7541704110337969e-02  
q[33]: 4.9305445149421161e-03  2.9298115102362488e-01  9.4825839126569511e-01  7.3616228895502778e-01  7.0509608659778944e-01  
q[34]: 7.5122244693488537e-03  2.6193892219996689e-01  9.7004273309036237e-01  8.8039366654409368e-01  4.2865576656855819e-01  
q[35]: 3.8705578930903302e-03  5.0442088176559863e-01  2.7027525320707990e-01  2.1450303946588986e-01  1.1892085612824912e-02  
q[36]: 8.2010179204823411e-03  6.8612920888542439e-01  3.5274764985598672e-02  4.0588129926601085e-01  1.2747863476971708e-01  
q[37]: 3.6740685451622981e-03  7.0571476771259201e-01  1.1289878462586059e-01  9.4866620388570555e-01  4.8913447538969028e-02  
q[38]: 5.8033933186329460e-03  6.1050023224915873e-01  2.8250152024702650e-02  9.3624770442209537e-01  4.7174715404529388e-01  
q[39]: 1.2299883211326740e-02  5.4036648344950544e-01  3.4175634150084988e-01  3.7763553406989953e-01  2.1866952307138465e-01  
q[40]: 1.0698344755133232e-02  5.9672803811972308e-01  3.5083723132205835e-01  6.4551238189638616e-01  1.5810377934974421e-02  
q[41]: 1.7432214288950254e-02  6.8975246149228242e-01  2.4132780285884195e-01  7.2306213086477900e-01  4.1161791571619044e-01  
q[42]: 8.8345815788740002e-03  6.8280016990738324e-01  2.9948206577483616e-01  7.9343216721128773e-01  2.2540474355882872e-01  
q[43]: 4.8241082890386807e-03  6.5806251129037951e-01  7.9688255648162842e-01  9.8912145369210625e-01  3.9342038718177219e-01  
q[44]: 4.4599482966296280e-03  6.7937178123215780e-01  1.8799567333669356e-01  8.4649359171211747e-01  8.2116975323527841e-01  
q[45]: 6.1676523379821102e-03  6.7259874906728145e-01  5.6462447790095471e-01  1.0649138767534573e-01  4.3138077283836028e-02  
q[46]: 7.5905589798012582e-03  7.5535374554699741e-01  8.0631495276316589e-01  3.6787060686596995e-01  3.6377736269389775e-02  
q[47]: 1.7173074773367849e-02  6.9819319145718806e-01  6.9142519755359355e-01  7.9830244396598471e-01  2.1035547620148864e-01  
q[48]: 9.0081330602801296e-03  7.5054976742401402e-01  7.2146754321470363e-01  7.2429990642484521e-01  5.0184744915530910e-01  
q[49]: 1.1281814839433555e-02  6.3882159277301098e-01  4.8204937014616217e-01  7.0265895584299687e-01  6.5605334496243917e-01  
q[50]: 8.4714460672132494e-03  5.8667274345888787e-01  7.9734272238895254e-01  3.5276041172048250e-01  3.1997231885530703e-01  
q[51]: 9.2415729350500825e-03  6.7904473099143225e-01  9.9308525941216497e-01  5.2522390823019272e-01  2.7906528583370049e-01  
q[52]: 3.3372668650380206e-03  7.0228560827636943e-01  9.3333439022466891e-01  9.7590385668530000e-01  9.9453579569894743e-02  
q[53]: 7.9002091861039084e-03  5.6530905500024187e-01  8.1970033801742737e-01  9.4058433806956798e-01  6.5408949095360958e-01  
q[54]: 2.5165044458587810e-03  9.2012372140883503e-01  1.3587061505394959e-01  1.2000093147442445e-01  5.6898703878599265e-02  
q[55]: 4.2047526951964325e-03  8.0987388336542987e-01  5.3913798220411098e-02  4.2391872861904040e-01  3.4976470765648415e-01  
q[56]: 5.6774561728992869e-03  9.2704223307826095e-01  8.1870802622795030e-02  7.5215895824269952e-01  1.2150911408718620e-01  
q[57]: 5.4483714167680641e-03  9.6172164254519754e-01  1.6302109815590649e-01  6.7378787424085829e-01  5.6835133121868087e-01  
q[58]: 2.8545483797882579e-03  9.7040836640689421e-01  6.6304562037145576e-02  8.4565170621815478e-01  4.8874361995737930e-01  
q[59]: 5.0345585222545276e-03  9.4980344956753504e-01  2.9530650528981839e-01  4.0881230031500670e-01  5.1436153573587676e-02  
q[60]: 7.1371654508020580e-03  8.8810121597476377e-01  4.3582377001993050e-01  3.2284424948252866e-01  2.6863859149350383e-01  
q[61]: 1.0166231431229977e-02  8.7168170280911306e-01  4.6240641932297588e-01  9.3390064641235893e-01  6.2899709894928946e-01  
q[62]: 4.5606979807810344e-03  9.1245733804703022e-01  2.9571441815714783e-01  9.8151413522536823e-01  3.0172353855241496e-01  
q[63]: 2.6534321704468080e-03  8.0941282515654733e-01  6.4501412637937114e-02  9.7062457048138839e-01  8.6744393183870871e-01  
q[64]: 1.3616863302006029e-02  9.3024560640782483e-01  5.7501455047801431e-01  5.5640287028598501e-01  2.3115001206503061e-01  
q[65]: 5.1046830967705729e-03  9.3223058751270793e-01  5.6547916467184589e-01  9.0858863772407650e-01  6.5781930257172910e-02  
q[66]: 3.0002008078349358e-03  9.6325024848176943e-01  5.6954892908656629e-01  9.3037979677974092e-01  8.7178912240422513e-01  
q[67]: 3.5099401446095461e-03  9.4799412728097865e-01  8.8967792014944691e-01  1.8941881897075241e-01  1.0058866527648765e-01  
q[68]: 3.6871469616476110e-03  9.1151364029524706e-01  9.1380377625827580e-01  6.9159467269787311e-01  3.7604674626768649e-02  
q[69]: 5.9537514548697644e-03  9.2817189029388003e-01  8.4492356709123262e-01  6.2140659381345131e-01  5.5720026160706615e-01  
q[70]: 5.4558735426608659e-03  9.7429709225862804e-01  9.1394584888727359e-01  8.7335184624555162e-01  4.0097429309204202e-01  
q[71]: 4.9084474640379173e-03  7.7648963319222164e-01  9.3443769618274841e-01  9.2157915811661695e-01  8.1865616993739976e-01  

