deg: 6
dim: 4
nodes: 47
q[0]:  2.6901360881856837e-03  1.2800997729992525e-01  6.6560503072774987e-02  2.2386946158362453e-01  7.2734825361898237e-02  
q[1]:  5.8426599775712827e-03  1.3379087604552689e-01  8.6023281727477016e-02  8.1610931845990575e-01  3.8700720822675921e-01  
q[2]:  2.1268886295277996e-03  1.0828593845982709e-01  3.1419216644198139e-02  7.3174767831425114e-01  6.7222163814831226e-01  
q[3]:  1.1501180149150855e-03  1.5816690607185671e-01  4.1747560531722273e-02  9.9550591017314682e-01  1.3113099885003104e-01  
q[4]:  8.5976281921014159e-03  4.3817191891954071e-01  2.0294205433177775e-01  9.5097635354243137e-01  5.4245699176761597e-01  
q[5]:  1.2146310087139293e-02  3.8171803944849991e-01  6.5969879164723258e-02  5.1198344137188601e-01  2.5488122916109279e-01  
q[6]:  2.8119765323903418e-03  1.9792832199314711e-01  5.5578082942853005e-02  6.8257501676795174e-01  1.6373490159535195e-03  
q[7]:  2.3925926838120970e-03  3.2340286526233086e-01  1.8676189499948388e-02  9.5489322559101686e-01  8.2103631664630294e-01  
q[8]:  8.1352940152095207e-03  6.1288948626223771e-01  3.8252902992737281e-01  3.1128513614536563e-01  2.4728503336463589e-02  
q[9]:  5.5076667564660084e-03  3.0994956861673939e-01  1.9617013330371372e-01  3.9470796583673429e-01  3.6029185023911886e-01  
q[10]: 7.4640626096429633e-03  3.6713037280470157e-01  3.3641044227915518e-01  5.6554882232267201e-01  1.6483714517862150e-01  
q[11]: 1.0224460717359475e-02  5.7114263729430315e-01  2.6725009693510016e-01  7.3389477388194302e-01  6.0318266196920722e-01  
q[12]: 3.4673075512016553e-03  4.1801878663001113e-01  3.6556232585600795e-01  9.5048140517598045e-01  1.2215219368837087e-01  
q[13]: 2.7677067905352974e-03  3.2327863130564621e-01  2.8232191175696392e-01  9.5175235451058393e-01  8.5607856740466748e-01  
q[14]: 3.9118892797690421e-03  5.4645240962956787e-01  9.8477778102177629e-02  1.1820028079119739e-01  6.7364832336592212e-02  
q[15]: 8.2173700748380575e-03  7.4019980484760040e-01  8.8604504363745354e-02  5.1385156787835828e-01  6.7286494790771409e-02  
q[16]: 3.1762533051412048e-03  5.9847443916992893e-01  3.9673889306687145e-02  7.0362086723647776e-01  6.6842010275041108e-01  
q[17]: 5.3314023516977871e-03  5.2388154603674109e-01  2.6039594886928832e-02  9.0945441573512409e-01  2.2950213847380022e-01  
q[18]: 1.8369945487222022e-03  8.6628595590410640e-01  3.8069137618758901e-02  9.9848146027429108e-01  8.3143417555004273e-01  
q[19]: 1.2007476454723115e-02  8.0450102507927523e-01  3.6817712490370585e-01  3.7461763266240050e-01  2.9519390381272625e-01  
q[20]: 1.0571467522383674e-02  5.3540346075666156e-01  2.6275936320408494e-01  7.9206127132725024e-01  1.2901311966157547e-01  
q[21]: 2.7094279115852356e-03  7.1437997170138845e-01  2.6969059191724376e-01  9.4300166953694886e-01  2.8959009141902568e-03  
q[22]: 3.5031863256538421e-03  7.3917739784241754e-01  3.2121256266090598e-01  9.1885180729251847e-01  9.1753458246166331e-01  
q[23]: 2.9426051996824616e-03  5.6030031529456004e-01  4.9051410396400280e-01  1.2500745188337448e-01  9.5236291017100558e-02  
q[24]: 9.1407364197753534e-03  7.5687631073915607e-01  6.7152010191070566e-01  5.3953094815642944e-01  3.0262570238620407e-01  
q[25]: 2.9742294446820621e-03  7.9271016257869054e-01  7.7388508536129519e-01  7.4397338752985231e-01  2.0616706099245808e-02  
q[26]: 1.4731569914036789e-02  8.0245882735854535e-01  4.8896640299969690e-01  7.6545011611449776e-01  2.2666641131969140e-01  
q[27]: 8.0583879890829754e-03  5.6453089540348145e-01  4.8660887260768620e-01  7.2237982068146189e-01  5.9149832442601680e-01  
q[28]: 6.8294026203671561e-03  7.1205339658102595e-01  6.3521094996826244e-01  9.4238849755372001e-01  4.4860050357419645e-01  
q[29]: 3.2203239410368567e-03  8.6937931075182595e-01  8.0332560706515765e-01  9.1365072767303257e-01  8.2211788193150437e-01  
q[30]: 2.9175946191490458e-03  9.4290508573266052e-01  1.2769326738579120e-01  1.9226944189360060e-01  6.0485332718448144e-02  
q[31]: 2.8577143337535907e-03  8.3119564211181773e-01  1.3890160143671924e-02  3.9543616746512994e-01  3.5256902172805221e-01  
q[32]: 2.5744461925414322e-03  9.8373708847685859e-01  2.6754569998869899e-02  7.1676160211333728e-01  2.9833976136232782e-01  
q[33]: 2.4986570685210725e-03  8.8694903257428170e-01  5.7517972499407932e-02  8.9469340251882012e-01  8.2908798887333365e-02  
q[34]: 7.2678313004053037e-03  9.2106929530930282e-01  2.9058039269502012e-01  4.8415685914125794e-01  2.2669690793896560e-01  
q[35]: 3.6915097517486871e-03  9.8010946520520992e-01  3.5925375095700834e-01  7.1827803622890984e-01  4.8607699386332359e-02  
q[36]: 1.3607452323505428e-02  7.7749284067037927e-01  1.3385658001630604e-01  8.0838285833009615e-01  5.0737801121939918e-01  
q[37]: 3.2156559692046276e-03  9.9884130079374100e-01  2.1469477382166263e-01  7.5292064112394130e-01  6.9884439808100085e-01  
q[38]: 5.3105524724341322e-03  9.1601256395288122e-01  2.6218233809621516e-01  9.7843644193143986e-01  3.4534173391318601e-01  
q[39]: 2.1730750991835798e-03  9.5118879881870833e-01  5.7997321518656597e-01  1.0037157174447643e-01  4.7821019356940213e-02  
q[40]: 5.5292535977706130e-03  9.8545553486320780e-01  6.1835970838880572e-01  7.3706841416993107e-01  4.9911764186105512e-01  
q[41]: 3.6075567980431394e-03  9.2764357252760221e-01  7.2565304392620955e-01  9.6245819513739350e-01  1.2687368392922582e-01  
q[42]: 6.1901359733766564e-03  8.9112645572752780e-01  5.2624586103335436e-01  9.5465624436825458e-01  7.3242647620954227e-01  
q[43]: 3.2422567461837734e-03  9.0704225829797469e-01  8.5818622530426525e-01  2.6250349637562254e-01  1.3807557920271904e-01  
q[44]: 4.7854480101629602e-03  9.4576503959918523e-01  7.2056614417317066e-01  4.7128740700253596e-01  6.2981480918565175e-02  
q[45]: 3.3019451134208397e-03  9.2255086928621377e-01  7.5959464505302055e-01  5.5796902563949180e-01  5.5544655103362661e-01  
q[46]: 2.7413826813593909e-03  9.9711030189578553e-01  9.5158579094579521e-01  8.0822215367889827e-01  3.7781649034767090e-01  

