deg: 4
dim: 6
nodes: 35
efficiency: 0.857143

q[0]:  4.2402657494529616e-04  2.9443168790376290e-01  1.5841371091275136e-01  1.1968145194523953e-01  2.7999878081429952e-01  2.0111843760378079e-01  9.6286817529459598e-02  
q[1]:  4.6326373289234035e-04  3.5484524308869725e-01  3.2551531412404872e-01  2.3121085572108555e-01  9.3450510355537908e-01  2.3041982042612386e-01  7.3921799803280536e-02  
q[2]:  4.8431043318586598e-04  2.4407695614260827e-01  1.5209574315061661e-01  4.0993655230089243e-02  8.6807955758137911e-01  6.6423764144934416e-01  6.6017245192311585e-02  
q[3]:  7.5764606993790503e-04  2.9065487743977492e-01  2.4208457639090142e-01  1.2299906281104125e-01  8.4269087746666049e-01  7.2261861754725176e-01  5.7922941439499587e-01  
q[4]:  5.9378904045509788e-04  4.2762057480910010e-01  2.0153047939026125e-02  1.2064055268021763e-02  8.5629400747421969e-01  4.3090011826685110e-01  3.1998036697778315e-01  
q[5]:  1.2605175870331218e-03  6.4012282056378067e-01  2.0353017931400222e-01  7.3076471110070415e-02  7.0447946563862729e-01  6.5094477568582876e-01  2.0986224789622088e-01  
q[6]:  9.1076068409147296e-04  6.3251505086427107e-01  4.2708620472717734e-01  3.7924578114648294e-01  5.4277725394890008e-01  1.7165379448985893e-01  4.5457693829077273e-02  
q[7]:  1.0495301568712301e-03  5.2172032278085423e-01  3.9557024531336837e-01  7.4244182657295047e-03  6.4708431453518922e-01  2.1247714691259312e-01  1.4123276444359198e-01  
q[8]:  9.3193692698275549e-04  6.2032723637666909e-01  5.9900842155907008e-01  2.4895663011224595e-01  6.0887942457881405e-01  5.4058819243869349e-01  5.9649200975063162e-02  
q[9]:  9.8630637246681168e-04  7.3750146483593193e-01  4.9196468771580287e-01  1.2228547738597416e-01  4.9260989081230439e-01  4.8522777207418721e-01  4.0957641252476140e-01  
q[10]: 1.1286829250373200e-03  7.4126724108364284e-01  5.1103733601774748e-01  2.6187005628421756e-01  9.9551302814147902e-01  4.5605998354735816e-01  3.7765307452446234e-01  
q[11]: 9.5828986785162669e-04  6.7020065796823147e-01  5.3616841467465970e-01  5.2599775407455085e-02  9.7459906063982216e-01  8.3140980555026922e-01  3.9455787638673401e-01  
q[12]: 1.7919441884317790e-03  6.1890023185059295e-01  5.2356928430620897e-01  3.7574519190605027e-01  7.1128558774469874e-01  4.9912345474300723e-01  3.3236210438623265e-01  
q[13]: 8.2804592074436705e-04  6.2739833796297306e-01  4.2173982725057585e-01  4.2144120292678156e-01  9.5399456556136053e-01  8.6509231920809448e-01  2.4937753228592299e-01  
q[14]: 3.4618783166921811e-04  9.4350583962154433e-01  5.9133716917904484e-02  1.0975819933691148e-02  9.2887528126089824e-01  7.6288058045390317e-01  2.8241332437203875e-01  
q[15]: 8.0593527802281302e-04  7.6647577302330516e-01  3.5587212203876128e-01  1.7503581728485265e-01  9.5842237467188962e-01  8.9883161207378381e-01  7.8870733352868627e-01  
q[16]: 8.3563446001038160e-04  8.7523516005876834e-01  2.8439874074672505e-01  9.3114990356181454e-02  3.3418609440761488e-01  1.7729653756782332e-01  4.4313212303247133e-02  
q[17]: 1.0148915628050783e-03  9.7382442549421144e-01  4.5011195955123978e-01  5.0184174721203068e-02  8.2814934409749397e-01  5.2988615985706689e-01  3.9786992609302035e-01  
q[18]: 3.2147197151371197e-04  8.8418421954131288e-01  2.0306298503991377e-01  1.2239234685730391e-01  8.4064154330481933e-01  5.1801439571123292e-02  4.7015177816211479e-02  
q[19]: 1.9025442182320472e-03  7.9019112230172728e-01  3.8082129395166331e-01  1.7614219199790793e-01  8.8218573585588012e-01  4.3858943874371348e-01  4.8620707264276142e-02  
q[20]: 6.6610347819464309e-04  9.6080747290026192e-01  4.9081467890558000e-01  3.5174100137552095e-01  6.5613838636344679e-01  5.7655986578242957e-01  5.0292276454438595e-02  
q[21]: 7.8658972509965239e-04  8.7476965128133344e-01  2.4213356031631114e-01  2.3818540860095114e-01  6.3469574533848083e-01  4.6594722880893524e-01  4.2629730928421811e-01  
q[22]: 6.7270771897726871e-04  9.9160762329341545e-01  5.7641675934436776e-01  5.3114796224250427e-01  9.3025682685205113e-01  5.8344014933566357e-01  2.9980709026583285e-01  
q[23]: 4.4298779108275713e-04  8.5179921845066331e-01  7.7017237190129362e-01  1.9813361695600804e-01  2.2291253452863166e-01  1.3429606569237276e-01  6.5112613216081014e-02  
q[24]: 8.7281606187223899e-04  9.4371601467432686e-01  7.9620058362638446e-01  3.7244335145761552e-02  6.9474883717484237e-01  5.1179646546903590e-01  1.3672903021715402e-01  
q[25]: 3.7177976523228621e-04  8.8385080472807631e-01  7.5979058642873243e-01  9.9783064454060169e-02  9.4075878162377535e-01  1.6055414747825519e-01  5.2917206313476066e-02  
q[26]: 2.9860354255089672e-04  8.7244974644839557e-01  5.5607796560741540e-01  1.5793149843118170e-01  9.9298009099015061e-01  9.5527129173357483e-01  9.3078565424880213e-03  
q[27]: 4.4458228470475625e-04  8.7938544598267576e-01  8.7460877965130934e-01  1.4254036974311357e-01  8.5317614204558934e-01  6.7292158795958346e-01  6.6000088634336873e-01  
q[28]: 1.4383442221565903e-03  9.4539940521667210e-01  7.8889941895588411e-01  3.8261313385449031e-01  6.3809058119585449e-01  2.3316942548170896e-01  1.5435045430289066e-01  
q[29]: 7.2565990711234913e-04  8.5364783803592914e-01  8.5212627491482196e-01  3.5385351835048590e-01  9.6147837933012226e-01  6.2799759175429748e-01  1.6309156223330407e-01  
q[30]: 9.1793166218437318e-04  9.9580755303218771e-01  7.8075949528546218e-01  3.9357666279189479e-01  8.2962000172022821e-01  8.2608889973806010e-01  4.3898896585878855e-01  
q[31]: 6.9908546321918719e-04  8.9835853036689894e-01  7.4831345508791791e-01  6.5736703303856481e-01  3.4480859567601874e-01  2.7982150331604794e-01  1.5383155530463319e-01  
q[32]: 4.2948307529062110e-04  8.9911504118942187e-01  7.9593490024152103e-01  7.1250007426791184e-01  8.7336895402811732e-01  1.7941116029235785e-01  9.0524849758294473e-02  
q[33]: 4.9217326761716166e-04  9.0732037968659829e-01  8.8402433366097100e-01  7.6368325629795553e-01  8.2055454695539665e-01  6.2313531304275516e-01  6.4794682554369126e-02  
q[34]: 7.2321400930275336e-04  8.6595099905811102e-01  8.0154917577702212e-01  6.8505248514315509e-01  8.6454597970421954e-01  7.1865704540543129e-01  6.2270873954243477e-01  

