deg: 5
dim: 6
nodes: 70
efficiency: 0.942857

q[0]:  3.4322794266141983e-04  2.9222142496365694e-01  2.5309965696722947e-01  1.3323149589809044e-01  6.1318656154166051e-01  1.9190383458562763e-01  6.2960377215200147e-02  
q[1]:  2.1672322247894341e-04  2.8164673111594019e-01  1.4622423748176372e-01  8.5445941783699644e-02  5.4215776197011101e-01  5.3824066479203903e-01  7.4888025726631932e-02  
q[2]:  2.9804730196412207e-04  1.9980499363885740e-01  1.3861928459164849e-01  4.0183028476355874e-02  6.2549311440418731e-01  4.8861335336651601e-01  3.9328592402051010e-01  
q[3]:  2.5973267140083655e-04  3.1894676474259198e-01  1.9756400104721891e-01  1.0471921004791050e-01  9.3988345175545773e-01  2.3187397234621790e-01  1.5440117990871410e-01  
q[4]:  2.2187484717046992e-04  2.3982902246703586e-01  1.1547475451418371e-01  3.7516588958753441e-02  9.3803234182229522e-01  5.8437347950518792e-01  7.4490746826156612e-02  
q[5]:  2.5694201399786392e-04  2.9564090190800885e-01  2.3382385508143919e-01  1.2895209498460847e-01  9.1310542091692937e-01  8.6929139527425558e-01  3.5642275514489580e-01  
q[6]:  3.4390595092517826e-04  3.3940608716928661e-01  2.0012053244127986e-01  1.4682590699925407e-01  9.7522531166501403e-01  7.4355540258548292e-01  6.0986188233524441e-01  
q[7]:  2.6136823150351308e-04  4.5701716110458740e-01  1.3305399918719502e-01  5.9240010930169049e-02  3.1450598806400470e-01  1.1116948771583475e-01  5.4744963907534729e-02  
q[8]:  6.8562529883240775e-04  5.8277826299844504e-01  9.4717404858407933e-02  6.7264092435900869e-02  7.7668370606767678e-01  4.1089834043723833e-01  2.4067486702748450e-01  
q[9]:  4.0707087895423057e-04  6.0415559077339009e-01  1.6213936194864761e-01  8.6868854592860215e-02  9.2620108721532257e-01  8.1611950983562975e-01  1.4516879094979931e-01  
q[10]: 1.9301500072417310e-04  5.4389639942916235e-01  1.5317135948227742e-01  6.2468547702148727e-02  8.6682847562323673e-01  8.4959266601178440e-01  7.6581551552224825e-01  
q[11]: 5.0780866134608532e-04  9.0417046940224355e-01  4.9423661049441864e-01  1.4280464991860689e-01  5.7990095645659845e-01  5.2869880612548292e-01  8.8273151443973380e-02  
q[12]: 7.9482132621973896e-04  6.4599234193776278e-01  3.1190930708912012e-01  2.9498338026031919e-02  7.9562146979460113e-01  6.9583945508228018e-01  3.7811415349039046e-01  
q[13]: 3.6476499077634200e-04  6.5110415838892055e-01  3.0910014534314117e-01  7.3547701803361176e-03  8.8587292937613660e-01  1.8879256279117196e-01  3.6912093263004334e-02  
q[14]: 8.5301663358379671e-04  6.6011292581208070e-01  4.1324825080256866e-01  1.9700485563521278e-01  6.1629859658753106e-01  3.9884879825336644e-01  5.9486586468731652e-03  
q[15]: 5.0163661823769950e-04  7.0921908134327494e-01  3.7451726470526697e-01  3.5482668059011124e-01  6.4619808232018505e-01  6.1281682620484257e-01  3.0138971328831810e-01  
q[16]: 2.4796382229703577e-04  7.6037846246411678e-01  3.7025234101681892e-01  3.4658372606649940e-01  8.6549652242649155e-01  7.0189422281706382e-02  6.5730857659658401e-02  
q[17]: 4.0678792557343087e-04  6.0993052026556127e-01  5.2014144864567813e-01  2.6826450585553264e-02  3.6195360665690807e-01  2.4475955424935236e-01  1.0832255691725470e-01  
q[18]: 6.2231795447414073e-04  5.2038631203185615e-01  4.8478999299665831e-01  6.8040203243445896e-02  8.5846237278448378e-01  5.9755372531988971e-01  1.8782249757663211e-01  
q[19]: 5.3569072170304923e-04  5.8656600106436141e-01  4.7744703931222798e-01  9.7134309919305578e-02  8.5338034327945289e-01  4.0705181016548958e-01  3.9387232093388830e-01  
q[20]: 1.8820132422207324e-04  6.7563510851311304e-01  5.0897199496290357e-01  7.4883914020064321e-02  9.0689389533824516e-01  8.9092109690832177e-01  3.2390016883500163e-02  
q[21]: 2.6200696634908610e-04  5.8044362636280955e-01  5.1268942716038302e-01  9.1077603734840390e-02  9.2381151622718205e-01  8.6409150968741077e-01  7.4583822180286963e-01  
q[22]: 5.2488660356860407e-04  7.4342305760013616e-01  6.0362119282222648e-01  2.7497706367626201e-01  5.8131061411110374e-01  8.4506402481923329e-02  6.1609265994550869e-02  
q[23]: 8.3245072952540372e-04  8.2654931982609015e-01  5.5390255485610329e-01  2.9718840408727570e-01  6.4708733165884491e-01  3.8537988828541520e-01  3.6415440284110334e-01  
q[24]: 8.6806618635807396e-04  7.2542077929181037e-01  6.9643932075912651e-01  3.3249191592465405e-01  6.4645936816030392e-01  5.4646801731957761e-01  2.2174548101334207e-01  
q[25]: 6.7210468879883175e-04  6.1965503532715538e-01  3.6491872710198275e-01  2.0213949401981110e-01  4.9284790840008991e-01  4.2100491270470619e-01  3.5922033178740154e-01  
q[26]: 3.5814014953612731e-04  6.6889240451579146e-01  6.5111346471416209e-01  4.3072461562608372e-01  9.5581861453160244e-01  2.6537039419271791e-01  8.1565757286389873e-02  
q[27]: 1.1630882537325147e-03  7.5849842050550287e-01  5.2054470587603796e-01  2.6973656959161929e-01  9.8477008442111047e-01  6.1262431229705161e-01  3.2934380888594633e-01  
q[28]: 1.7663495270966621e-04  4.8291860360025096e-01  4.5035267330886825e-01  3.3735794889099685e-01  1.7653425737225226e-01  1.5690263449634256e-01  8.5325061926179863e-02  
q[29]: 7.7611052247103290e-04  5.3999435619381919e-01  4.2943062671973353e-01  4.2158817270413573e-01  7.5397065591251977e-01  4.2097932122800530e-01  1.9774639019767015e-01  
q[30]: 2.9633290550166774e-04  5.3685678281444105e-01  4.8817045005389709e-01  3.8121438055866502e-01  9.1108885740359691e-01  7.8873510891004905e-01  5.6720631441645873e-02  
q[31]: 3.4278779055377001e-04  5.8903616029104344e-01  5.8683372437368986e-01  4.5806166743444193e-01  8.0106358205547556e-01  7.1344036718150694e-01  6.2871738832660751e-01  
q[32]: 1.8220292744604760e-04  8.0756338947904860e-01  1.5349906184482018e-01  8.9458020210193261e-03  3.1920972413608678e-01  2.9771652380974384e-01  1.2755932932059402e-01  
q[33]: 4.9978227132581484e-04  9.2779215377151381e-01  2.6450226839986613e-01  1.0719391673562462e-01  6.0812868142072540e-01  1.6862930799866677e-01  8.0572441506419984e-02  
q[34]: 3.1829429022342553e-04  9.0412602748809212e-01  1.1723689303043647e-01  7.6812812543167214e-02  7.3267805514336271e-01  5.7931260811692675e-01  9.7763699207772656e-02  
q[35]: 2.1290021834028612e-04  9.4217475280214846e-01  1.5187671044828827e-01  9.2303760543691452e-02  5.9105658169095077e-01  4.9591872339140930e-01  4.4110664050365012e-01  
q[36]: 1.6014503658116195e-04  9.4122026194173480e-01  1.5831911859909267e-01  7.0302186200197028e-02  9.9020373459431443e-01  3.3089682094263356e-01  1.3083437496763611e-01  
q[37]: 4.9313615034437262e-04  7.9792094507765243e-01  4.0344634521405365e-01  2.9666036434588966e-01  9.3161394258748986e-01  4.5961119584949517e-01  1.5962939135486402e-02  
q[38]: 3.4536446703698658e-04  8.4515458638489183e-01  2.4142456031615603e-01  1.0680669191934730e-01  9.3645885853888733e-01  5.2518855459655300e-01  4.9339283657791033e-01  
q[39]: 3.0512283289419676e-04  9.5630701827633458e-01  3.8614264011647503e-01  7.1726852242136860e-02  9.6069253434896262e-01  7.9059127726113010e-01  1.3098150955246821e-01  
q[40]: 3.5277557491273487e-04  9.0733720418169284e-01  2.1125525325194730e-01  1.2316508764208597e-01  9.5278919257802308e-01  8.5963769032309778e-01  5.4866087712163791e-01  
q[41]: 1.7675236682544951e-04  9.2689172980555112e-01  5.2242735723114531e-01  5.4945387692372678e-02  2.4173303848410474e-01  1.4606715731794334e-01  1.2425287714152980e-01  
q[42]: 7.3334604553344264e-04  9.1303781870038281e-01  5.5748773126380902e-01  3.6967699281874357e-02  7.7308658110364115e-01  4.0917889770041604e-01  1.9079194357530702e-01  
q[43]: 3.4095918507068545e-04  8.8177379149300483e-01  7.9895599203271839e-01  1.1415063500615656e-01  6.1287571227423665e-01  5.7044177239070248e-01  4.9507733166090989e-01  
q[44]: 2.2922267908621235e-04  9.2308788165559141e-01  4.3780450492103834e-01  2.2394046196889290e-02  8.7970122899567360e-01  7.6324837509215082e-01  6.9951387205119619e-01  
q[45]: 6.5130947735731707e-04  9.8415886443193268e-01  6.0189484517134584e-01  2.7349687530681016e-01  7.1014399156279251e-01  6.3787391611115130e-01  3.8651657146165613e-01  
q[46]: 2.9801384320285402e-04  9.8659611733648045e-01  7.0137307744425736e-01  2.3886595404323499e-01  9.5685143302155995e-01  1.9757171979399019e-01  1.4842612826672610e-01  
q[47]: 5.0014610502008261e-04  7.6221038904838645e-01  5.6944090182862872e-01  4.2500163186671647e-01  9.5164520193851243e-01  9.0637652597713425e-01  4.4606388282775800e-01  
q[48]: 4.0748730846847840e-04  8.8959092371904802e-01  4.1472956255480969e-01  3.5447701223726580e-01  2.8771998750365013e-01  1.7355059075369578e-01  5.7737590544399739e-02  
q[49]: 6.9659185626761149e-04  9.8178001918018976e-01  5.4336884941121200e-01  4.7832379023302651e-01  8.1983564689624544e-01  4.8326668753240443e-01  2.5543190116711362e-01  
q[50]: 2.2355434719406361e-04  9.2286615899756785e-01  4.8406471614441110e-01  4.2632895744827809e-01  8.8262761183123972e-01  8.4921509552821794e-01  8.4995782553983226e-02  
q[51]: 2.3674708730280161e-04  8.4418224827865185e-01  4.5638294862801054e-01  4.2900345658873040e-01  8.9406187252509539e-01  8.0649636459867868e-01  7.7445838009846546e-01  
q[52]: 3.0502760600476832e-04  9.4428199043369321e-01  8.5294451937398807e-01  9.7129568267592364e-02  5.2570630976212851e-01  2.1322559245322836e-01  1.0960434334667507e-01  
q[53]: 1.5935174882458186e-04  9.4526950857615766e-01  8.7860790586518089e-01  6.6900991664597301e-02  6.2157290630469963e-01  5.7277312848822115e-01  7.1144360705343343e-02  
q[54]: 1.8868205151649029e-04  8.1310101748632757e-01  7.9622452106441666e-01  9.2973863219567729e-02  8.7744903387110329e-01  1.6802109667234771e-01  6.0760109820691119e-02  
q[55]: 3.9677216407308372e-04  8.9703092004453899e-01  7.8731450923006907e-01  1.3813135188386305e-01  9.3341220617332277e-01  5.8780827847655093e-01  5.7634445441291919e-02  
q[56]: 2.5199294018400778e-04  9.2347699920063309e-01  8.4188488369573289e-01  5.5471917442692829e-02  9.4391646969755350e-01  6.2595397851235679e-01  4.9194904192437056e-01  
q[57]: 3.2196409269757688e-04  8.9300150963537894e-01  7.7109899431323048e-01  1.0700209357275101e-01  9.3904533634606757e-01  9.0321502642338247e-01  3.9819533786688344e-01  
q[58]: 3.0191458434242614e-04  9.2860840406119993e-01  8.1915509555662158e-01  3.6010726308082996e-01  2.3725200020266238e-01  1.6905849391633013e-01  5.8807749267946866e-02  
q[59]: 4.5044155584825332e-04  9.5671926826854470e-01  7.6751410413432819e-01  4.4733572373691549e-01  7.1456483121894676e-01  2.9633860512048332e-01  2.2394997945763741e-02  
q[60]: 4.8855441137629998e-04  9.5240795953177293e-01  9.4808735303040692e-01  4.6452948710844028e-01  8.0794302379938576e-01  4.8557974192973369e-01  3.2337138676437910e-01  
q[61]: 4.2287744555803800e-04  9.4390890533311889e-01  8.3842903689190673e-01  4.7451365648117355e-01  9.0185762652123691e-01  7.9779676489971441e-01  1.2181450252355137e-01  
q[62]: 3.5323542129387590e-04  9.2235472700042087e-01  7.5887511498191929e-01  3.5109633327689549e-01  9.5551028423040818e-01  8.5699110737440953e-01  7.6947062773514974e-01  
q[63]: 4.2124296442500048e-04  8.5575662355762339e-01  7.7197513669522333e-01  6.9198153479055247e-01  4.4976631851554810e-01  1.8659685282261065e-01  1.1876984852874815e-01  
q[64]: 3.6475534679049891e-04  8.8585729714926920e-01  7.8995128012289928e-01  6.9724606226988228e-01  5.6412825379498877e-01  4.9738286474007115e-01  7.5452148603556077e-02  
q[65]: 1.6289697652608603e-04  9.8929817883693860e-01  8.5252695543447010e-01  7.0715944103462336e-01  4.5595928062861191e-01  4.4027598335875434e-01  3.9409215994778035e-01  
q[66]: 2.0874115832916328e-04  9.6007864819412447e-01  8.6538872481949436e-01  7.5402163620759333e-01  8.6011967939881639e-01  2.0405816792049117e-01  6.5794766334320964e-02  
q[67]: 2.4180054978213092e-04  8.9287158174650283e-01  8.2052380110115308e-01  7.7414368651252896e-01  9.4526472586861776e-01  6.8997315990975450e-01  1.4269872566689726e-01  
q[68]: 2.9003591001122979e-04  8.4871440085069150e-01  7.3880238482974792e-01  6.5036908734168830e-01  9.3045342575208378e-01  4.5535839951478768e-01  4.3835721996578797e-01  
q[69]: 3.0048369160889054e-04  9.3386790250567664e-01  8.6160955286200647e-01  7.7114605026048899e-01  8.7812545702082734e-01  7.7537640964092025e-01  5.4944175158240882e-01  

