deg: 8
dim: 6
nodes: 450
efficiency: 0.953333

q[0]:   1.3027472012737102e-05  6.5805233280590389e-02  3.4189861643720482e-02  8.5433304313920488e-03  3.4920980217788028e-01  2.2631335241360570e-01  1.1154236191046159e-01  
q[1]:   1.5239236262659203e-05  1.3311422686097676e-01  1.2392551707368911e-01  4.6072127785649543e-02  6.4283528007800339e-01  1.2468209958644599e-01  7.2939415250742989e-02  
q[2]:   5.2986272271655800e-05  2.1563412527646489e-01  1.6114147156114364e-01  9.6567226799431277e-02  6.5459807476429033e-01  3.3567793088498199e-01  2.1885353220844037e-02  
q[3]:   6.4561036917160810e-05  2.9582449178946540e-01  1.5994407776221464e-01  2.1857471979648473e-02  5.9463845571193408e-01  5.3384226638109311e-01  1.8885371966461859e-01  
q[4]:   9.6644040269264873e-06  1.6955707149139224e-01  9.3111866672170807e-02  5.1821679107465199e-02  9.3658033864433587e-01  8.2340991070946307e-02  2.3593492522078232e-02  
q[5]:   1.7860189555587943e-05  1.2557793625146790e-01  9.4795278573063760e-02  5.7746540615693571e-02  7.4553752596155032e-01  6.6369927233636572e-01  6.2450121035219752e-01  
q[6]:   1.4376945728867183e-05  5.5522815947494690e-02  1.3044871369734128e-02  3.4421931560033353e-03  9.1249689932816325e-01  4.6960093336943792e-01  2.4742055832710710e-01  
q[7]:   1.9032278946718870e-05  1.1518286085576493e-01  9.2029589367823975e-02  3.4117153409668026e-02  9.0172737435786454e-01  7.2651587313239352e-01  7.4498038485099324e-02  
q[8]:   1.9674488014556641e-05  1.1080795995406016e-01  7.0974184579830457e-02  3.6393219885161358e-02  8.7116522559172516e-01  8.5183446629208215e-01  4.3558501592622129e-01  
q[9]:   8.8948934388770851e-06  1.9537409084948262e-01  1.1734786398734944e-01  5.1499433270185524e-02  9.8229613674608240e-01  9.4984823428952792e-01  8.8748524433809051e-01  
q[10]:  1.8078755967299788e-05  3.1239397060107232e-01  2.0969249679111490e-01  1.1875534156762176e-01  1.0514655394277458e-01  8.6160106650208707e-02  6.1953619288076689e-02  
q[11]:  2.9677164651121785e-05  3.0716763297144750e-01  1.0258178281819239e-01  4.8591406407522797e-02  3.2413055086380810e-01  2.3835742795811854e-01  1.1634589036218015e-02  
q[12]:  2.8562610826843365e-05  3.7148422252861979e-01  5.8114544759146944e-02  2.9897673734532931e-02  6.1266532867609036e-01  1.2784802465936229e-01  1.6088230621963181e-02  
q[13]:  4.6377703200224124e-05  2.5251505313979355e-01  6.8795248639769879e-02  5.1529720987445050e-02  5.8906010770906259e-01  2.8473569710474106e-01  2.4001819381742004e-01  
q[14]:  4.5373830509078692e-05  2.7346491176401705e-01  9.2419353787031991e-02  5.9849052785856026e-02  5.3975769790951056e-01  4.8887493232902063e-01  3.3233543691617667e-01  
q[15]:  2.5351415853143413e-05  2.2930559032186204e-01  3.4277034445434867e-02  2.7891226891431698e-03  7.8673580854124414e-01  6.7899558816836492e-01  7.5750501268954135e-02  
q[16]:  4.6012136113152033e-05  4.3528212237875830e-01  1.7672581318655470e-01  9.3200637038194881e-02  7.2586771395808725e-01  6.9102279332028460e-01  6.6817139674044856e-01  
q[17]:  4.8695306048426674e-05  3.5177737617077265e-01  1.1459024490364722e-01  5.8862161895308580e-02  9.2547624372092674e-01  2.6705441446548805e-01  2.2608731568059581e-01  
q[18]:  2.3208610199117094e-05  2.6962701513890019e-01  7.3960432572854229e-02  3.8885625824152163e-02  9.6752692619346248e-01  4.6381096688590334e-01  4.0887724526788162e-02  
q[19]:  4.5298246582708556e-05  2.8499585232377822e-01  5.1452347283684134e-02  1.4844546630970189e-02  9.2433515748386286e-01  7.4709353500918119e-01  5.8019181442507872e-01  
q[20]:  3.5870822460048919e-05  3.5627024617998115e-01  1.1553853687773376e-01  4.2291015492895642e-02  9.9550064063800325e-01  8.9978318184845363e-01  3.4165359093377823e-01  
q[21]:  1.2679517731759273e-04  5.9976243923192596e-01  2.5350297397016053e-01  9.8750668570134911e-02  7.4637572251540474e-01  7.2515816932481447e-01  2.7451197150278556e-01  
q[22]:  9.3632848645000045e-05  4.8478513436488885e-01  2.3610555870130673e-01  2.5499137829320836e-02  7.4039374675732728e-01  5.2513406219350611e-01  5.5306595298876736e-02  
q[23]:  1.1946125911572092e-04  4.8977203435653388e-01  2.4205304527061211e-01  3.8391106993751603e-02  8.4323999057286236e-01  7.6709604356965144e-01  5.2973837159925663e-01  
q[24]:  6.7382083690998196e-05  5.6424013493653602e-01  3.4091885717109982e-01  1.0993427281650416e-01  9.7530992652288595e-01  2.4091364642342417e-01  3.6950530302939322e-02  
q[25]:  4.3028562667229123e-05  4.2333833730773424e-01  2.5665710965632782e-01  1.8286019531216158e-01  9.6255759856254774e-01  7.3140767961265873e-01  7.1970639219745647e-01  
q[26]:  2.3176363621905941e-05  4.2857111419283789e-01  2.4891203666272468e-01  5.1491246219551562e-02  9.7650747793658699e-01  9.0311920328006101e-01  1.4423694547089026e-02  
q[27]:  2.6347013348813764e-05  3.3078452187811941e-01  2.5396919911461802e-01  2.1710810738349914e-01  3.2232156567979142e-01  5.5484301050412486e-02  1.2093533448188849e-02  
q[28]:  3.7553500870090775e-05  2.7457292869756234e-01  2.4723112847134848e-01  2.2410585074550540e-01  4.1602180663557420e-01  3.2757123952415013e-01  2.5241109399852518e-01  
q[29]:  3.1128807359292950e-05  2.1636009637538728e-01  1.9074901497738037e-01  1.3336203516265421e-01  5.4744044285123517e-01  5.2283760013715463e-01  7.5612013276251472e-02  
q[30]:  5.3764182558909845e-05  3.5179587495856246e-01  2.5047811301322226e-01  1.6761969479196717e-01  7.3538237593198352e-01  1.0135380557391438e-01  7.8306794838882809e-02  
q[31]:  8.4589449752578753e-05  2.4798510016223180e-01  1.5952748840170808e-01  1.4964478517346264e-01  7.7324648900860238e-01  4.9845582221262191e-01  2.2868798502187215e-01  
q[32]:  4.5857113289162155e-05  3.0862903174512246e-01  3.0756762146534478e-01  1.9112346805820815e-01  7.2184469111618710e-01  3.2374715337326321e-01  2.9459500977970415e-01  
q[33]:  6.5645120552223829e-05  3.8295499485420487e-01  3.5790858333766051e-01  2.3185849964095390e-01  6.9978314223932170e-01  5.2508904481162333e-01  1.7506307849186420e-01  
q[34]:  9.2327004629682270e-05  3.7900619313296346e-01  1.7368508430010915e-01  1.4473130186855948e-01  8.4518216523273237e-01  7.3939033884161542e-01  2.4436121914296433e-01  
q[35]:  3.2458366260370042e-05  2.6496135919727931e-01  2.5082636660202112e-01  2.0775124825749072e-01  9.4113249095397677e-01  3.0977184411151970e-01  7.0066333208909287e-02  
q[36]:  1.5858214477047264e-05  1.5607513364102585e-01  1.2180269252500209e-01  9.1250764666051240e-02  9.2932383212135239e-01  4.6657500798152257e-01  4.4588025029056866e-01  
q[37]:  6.0931087094688873e-05  3.7167705516641408e-01  2.5660275242086567e-01  1.7922760206935068e-01  9.8628148403641425e-01  6.9647182636963401e-01  8.0254252627959863e-02  
q[38]:  8.6180662210787756e-05  2.7701015387692329e-01  2.2320770543033808e-01  8.0580831331233019e-02  9.5155956140144671e-01  6.9850816456175868e-01  3.1549188613707169e-01  
q[39]:  1.3012501271838893e-05  2.3466199220017256e-01  1.8226929648888737e-01  1.6203845901438890e-01  9.4914109085808807e-01  9.2215468469436657e-01  8.7492980091539607e-02  
q[40]:  4.1593842840390877e-05  2.8099150370645137e-01  2.4922594156463193e-01  2.1800237831271374e-01  9.5645982832349663e-01  7.9785816412387567e-01  5.9201414194835744e-01  
q[41]:  2.2591139380859543e-05  5.0176972655726715e-01  4.5461144293747213e-01  3.7814649006597489e-01  9.2131940935743906e-01  8.9750087526340050e-01  8.5325757708889804e-01  
q[42]:  4.1735269118341726e-05  3.3807946063438921e-01  2.5006070900864019e-01  1.8962591397082552e-02  3.7659022083248578e-01  1.0978290655016119e-01  8.0906577523839437e-02  
q[43]:  2.5721152442461855e-05  3.6630878127721378e-01  3.3563844012727267e-01  7.1219410710513187e-02  2.5909706131871568e-01  2.1508352640523209e-01  3.8294595905915566e-02  
q[44]:  6.7814473114654697e-05  2.4569156983739976e-01  2.2644434503768088e-01  3.9268795550074009e-02  6.5785164854573064e-01  4.8684913076856562e-01  2.8798947216322129e-01  
q[45]:  2.3716837022311926e-05  3.0377381313664026e-01  2.4421654052874617e-01  4.4700455554918750e-02  3.9347645040916401e-01  3.7019187792781760e-01  3.4607772036977602e-01  
q[46]:  7.3420508094590488e-05  2.9478529599329295e-01  1.6466691266356070e-01  2.0648176354835162e-02  8.1671677557044442e-01  2.7989426904463621e-01  9.8194922609631002e-02  
q[47]:  6.1269282862339223e-05  3.3430009157198454e-01  1.6865879524905988e-01  3.8497916991096413e-02  7.5158804726501671e-01  4.9855968704166864e-01  4.5198580680015238e-01  
q[48]:  2.1059335018985067e-05  3.1946173180336379e-01  2.8306580654276708e-01  3.7113148176800170e-02  7.5006749400735617e-01  6.9669946338579303e-01  3.5821215187594464e-02  
q[49]:  7.6154230067894589e-05  3.4677788129781145e-01  2.8402556798629963e-01  1.5738581650295067e-01  7.6163189399816789e-01  7.3237223739439017e-01  5.2795359741870507e-01  
q[50]:  2.6851208466220517e-05  3.0376948247660340e-01  2.7310852779030426e-01  5.3821071583352136e-02  9.7514540000090122e-01  2.4950590413771281e-01  1.8668955254701253e-01  
q[51]:  3.2389971950686795e-05  3.2050836976819241e-01  2.8901741798515290e-01  2.6480983108079371e-02  9.2075866046029131e-01  4.3706473281590535e-01  4.3771224535985170e-02  
q[52]:  1.0516881348804785e-04  5.2439000873078856e-01  2.7470607571210304e-01  3.4741842993105218e-02  8.9433606750124806e-01  6.9979468026908209e-01  2.0673678541679080e-01  
q[53]:  3.2580200887285163e-05  2.4939973842428195e-01  2.0805210315017453e-01  1.4135948768380948e-02  9.2671186267542049e-01  6.7951212440149189e-01  5.8514666360248968e-01  
q[54]:  3.1143837815940556e-05  3.4541157420439211e-01  3.0031075216984610e-01  4.4097765933141728e-02  9.5034523795787118e-01  9.0916299788911259e-01  2.2179753561113097e-01  
q[55]:  3.7065316262574457e-05  4.0680705050948590e-01  3.3737428424459809e-01  8.2059823800675835e-02  9.8536366973045986e-01  9.4621186837017968e-01  6.6177458876549478e-01  
q[56]:  6.1204730052273048e-05  4.7090043831083417e-01  4.5355112911206713e-01  2.4359088694392023e-01  3.3143091184145573e-01  1.9408226283138194e-01  7.5055980045782289e-02  
q[57]:  8.8917896114418837e-05  5.7295152660165782e-01  5.0974662815289518e-01  1.7319708829666913e-01  4.5963286265071257e-01  4.5287872277040825e-01  2.1085591072273555e-01  
q[58]:  5.5938480678626601e-05  6.7323223053585657e-01  4.9235032261094219e-01  2.3038586298828384e-01  5.4190642507208475e-01  1.7657569619046611e-02  8.1711376195768952e-03  
q[59]:  5.6792418854358140e-05  5.1132948565208081e-01  4.8722111685622393e-01  1.2197362149909287e-01  6.1610305202838545e-01  1.6014163271164286e-01  3.2082306353295821e-02  
q[60]:  7.5750103508067052e-05  5.6281461849930559e-01  5.2889455253752415e-01  1.6700263770943630e-01  5.8756295924946289e-01  4.4740602253334777e-01  4.1909215391037169e-01  
q[61]:  2.5200163516160392e-05  5.5588538972109736e-01  4.4371484475199097e-01  2.8435482106793308e-01  9.6111967154361955e-01  4.5196079141411598e-02  3.1021928427156602e-02  
q[62]:  2.1801086812892978e-04  6.2259787835535152e-01  4.1867016805948987e-01  2.5699440611867230e-01  8.1531798422553814e-01  6.2368988971217099e-01  4.6346236884234693e-01  
q[63]:  5.0576654542896790e-05  4.6683471913550978e-01  4.5486854661553461e-01  2.3518480093430444e-01  8.4780171550972072e-01  7.2573999090663832e-01  6.6601136312466924e-01  
q[64]:  5.8315936168265697e-05  5.2669200167252339e-01  5.0949767124821943e-01  2.4425091780134159e-01  9.6705204939909239e-01  3.5666785371262971e-01  1.2853714490289803e-01  
q[65]:  6.6953531576860256e-05  5.3166222213199121e-01  4.6330309197569147e-01  2.1316686567709697e-01  9.7705243038431178e-01  5.1615461776156757e-01  4.5863207708325948e-01  
q[66]:  9.1623421569879984e-05  4.7528472814291212e-01  4.6077837286735973e-01  2.1139741963406916e-01  8.6401214330610032e-01  6.4654371900076024e-01  7.2822709999460666e-02  
q[67]:  1.9524514960381415e-04  6.1547244254795730e-01  5.7249327904611891e-01  2.7809708089592189e-01  8.8818403842015226e-01  7.7083126161969995e-01  4.1667909381500773e-01  
q[68]:  9.7139000503963238e-05  5.1957772601974661e-01  4.0396562151406623e-01  1.6383005467364023e-01  8.2896895965816042e-01  8.0392439308407737e-01  1.7917958672784018e-01  
q[69]:  2.0942086053311673e-05  4.7296517360754065e-01  8.3810924950366045e-02  4.5438031667577601e-02  2.2192714585338641e-01  7.5786164589422958e-02  5.3954616873849413e-02  
q[70]:  1.9532865064544278e-05  4.9817922406778015e-01  7.8742799418598033e-02  3.1522520581575685e-03  3.3759924417284126e-01  3.1227468161276140e-01  2.8020425365050194e-01  
q[71]:  9.7300081216611893e-05  5.1296625114763117e-01  7.4513831916787843e-02  4.9653390096561868e-02  8.3773828097540826e-01  4.9848231617247929e-01  1.3781684693576696e-01  
q[72]:  4.1749800989669885e-05  5.8533675307742461e-01  9.5430518889449575e-02  3.4472971922367091e-02  5.2351471104886105e-01  4.9965737969387003e-01  6.8055255338190443e-02  
q[73]:  1.1410188522481198e-05  5.3663587576504457e-01  8.7657571870165027e-02  2.9976733882199527e-02  9.9234847894976896e-01  1.0600647559897211e-01  3.2704100225767398e-02  
q[74]:  2.0096120023952412e-05  6.7571642597294113e-01  1.0006352389524287e-01  7.3583295425389494e-02  7.8561032690911758e-01  6.1775575587424761e-02  1.2573982180257176e-02  
q[75]:  9.8009339541181266e-05  6.7219693689824334e-01  2.3538693879633243e-01  5.0887144856813428e-02  7.0415203938173254e-01  5.0529477342823303e-01  4.9197487867582701e-01  
q[76]:  5.1817377938318074e-05  5.5714751145614316e-01  4.9166969622376704e-02  4.8885384250496433e-02  7.0923010087122040e-01  6.3574586404921352e-01  4.1633764478429491e-01  
q[77]:  5.2015567202482813e-05  5.2350069166825630e-01  1.2758744425901364e-01  1.4631480905730927e-02  9.7210034660685807e-01  4.6490721294993870e-01  2.1100035256706859e-01  
q[78]:  4.2179992664037805e-05  5.7736949354851963e-01  8.2099072705970944e-02  4.5739187010147030e-02  9.5296936007282951e-01  6.0762771624233314e-01  5.4339357115809650e-01  
q[79]:  4.3575554812793312e-05  5.2742053222485930e-01  2.3217612670376847e-01  1.4972034682932811e-01  8.6640689904941370e-01  6.2592085436798495e-01  2.9858378114506440e-03  
q[80]:  1.4965301013839993e-05  4.5252125217977035e-01  6.8535396427227904e-02  5.1553683054971565e-02  9.1500916997839699e-01  9.1060415193034505e-01  1.1866896104073302e-01  
q[81]:  2.2143570263718786e-05  6.0316308860634082e-01  1.1297021904267142e-01  3.5091983975362791e-02  9.3616930023865530e-01  8.9652375588969402e-01  8.5418178688721835e-01  
q[82]:  1.6331620668497870e-04  5.6325148572686756e-01  1.4413582798244021e-01  5.1319115597407990e-02  6.4422711086668860e-01  3.9364277502105471e-01  2.3073925547476917e-01  
q[83]:  5.9217325923318586e-05  7.6271436765730116e-01  2.3904055303561947e-01  7.9655269846602150e-03  7.4148502190910726e-01  6.2992836291326182e-01  1.9781053968895448e-01  
q[84]:  1.3651627834898323e-04  6.8251869127011322e-01  3.2854980081671603e-01  8.3599631964707544e-02  9.5852784593066709e-01  7.0848549464891442e-01  5.3276520917607995e-01  
q[85]:  1.9522120818957512e-04  4.8534170591049675e-01  3.1508678430205900e-01  1.6392528991464655e-01  5.2489280259464755e-01  2.8411854412666165e-01  8.7370857938810303e-02  
q[86]:  1.3183907425424834e-04  5.3209830348786868e-01  3.5978754682691294e-01  1.9487519940399481e-01  4.3298693017388101e-01  2.5503707728460984e-01  2.4158535579570545e-01  
q[87]:  9.1089236678055336e-05  5.1394154192009422e-01  2.4287808315448983e-01  1.9115852339441650e-01  3.5971108073911512e-01  3.2304470698632298e-01  1.7181944481403111e-01  
q[88]:  9.3108557296147629e-05  6.4229895335949316e-01  2.4303029090868475e-01  2.1415750821155977e-01  5.2809433899974934e-01  1.6362645486478258e-01  1.0468744582507762e-01  
q[89]:  7.8037337430024309e-05  5.2049410934274432e-01  2.2995103884714180e-01  2.0505195988925537e-01  5.5526138255947366e-01  4.2287717229148297e-01  4.4652572223961295e-02  
q[90]:  4.5277803222610616e-05  4.7669423456392102e-01  2.2681087629439850e-01  2.2508810248283398e-01  8.6615657067720919e-01  1.9220826669734967e-01  3.3819929192703095e-02  
q[91]:  1.0702121048541102e-04  5.7296839594714344e-01  2.3839972873740620e-01  2.0994527175199290e-01  8.0633775222796178e-01  4.0882862119650393e-01  3.4574451479455420e-01  
q[92]:  1.3303887977031263e-04  5.8389266958900132e-01  3.5778641146468182e-01  2.3432016614598702e-01  8.4005442132591390e-01  3.7357877761332037e-01  1.9176557117246786e-02  
q[93]:  9.3037452512839873e-05  4.8036797956793553e-01  3.5092656872725392e-01  3.2806656182857097e-01  7.3766079047414845e-01  5.8110539418799001e-01  5.1780957298379093e-01  
q[94]:  4.9139274491106960e-05  4.6831255262900517e-01  3.0439784203301312e-01  2.2793892789136305e-01  7.6476026948153042e-01  7.2255336224000954e-01  1.8036865519670379e-02  
q[95]:  1.8028900999880125e-04  6.5541194611258091e-01  2.5758926703365065e-01  1.9326696840294980e-01  9.3125648883135637e-01  7.4524968827691596e-01  4.0470615407969701e-01  
q[96]:  9.2081452503364872e-05  4.1849367755331751e-01  2.3934147555259883e-01  1.7337542265914058e-01  9.8080310844867546e-01  5.1631923634626387e-01  3.3383071240684387e-01  
q[97]:  4.1924546329638756e-05  4.7393380728949291e-01  1.9266947511535765e-01  1.7590994574288127e-01  9.2892551637795095e-01  9.1247210228714215e-01  7.0721089018987549e-01  
q[98]:  3.3447379915353273e-05  7.0852862950433981e-01  4.9684362940748661e-01  1.1674437180454250e-01  1.0596775616365457e-01  5.4399083846184075e-02  1.7886553436275765e-02  
q[99]:  8.9759227268634121e-05  5.9537549336739026e-01  3.0609189204933718e-01  2.4907821838403305e-02  3.0523927483121660e-01  2.2420908181994639e-01  9.9319883321732083e-02  
q[100]: 6.4909546506554663e-05  5.8733164869132326e-01  2.4291152871447336e-01  3.3953919572752421e-02  5.5689057888121030e-01  1.4378980756821966e-01  6.4006032128468657e-02  
q[101]: 2.8994718575096992e-04  5.0560427272632902e-01  3.7712784823479611e-01  1.3885434849218131e-01  8.1489158649373228e-01  4.2004253875588593e-01  2.6010457812828292e-01  
q[102]: 5.6159406349764969e-05  5.4971996765565634e-01  3.4640393813020259e-01  8.1010884377690183e-03  9.0942357759795123e-01  4.5411122532896725e-01  4.2999762676226660e-01  
q[103]: 3.8053296631691035e-05  7.2481694898487803e-01  4.5459386914720695e-01  2.1625344584557618e-01  2.8575968238044763e-01  2.8148545969711397e-01  1.6617540405657546e-02  
q[104]: 2.4642493139983706e-04  6.9703173264568030e-01  5.2008222276121718e-01  1.7454782292290227e-01  6.9210339977106416e-01  4.8249716289547245e-01  1.6998194155296040e-01  
q[105]: 1.5995149093580771e-04  7.2675457265923427e-01  4.2377461699657937e-01  2.5075516661311653e-01  6.4674706001472804e-01  5.9414213967616480e-01  4.1767734196540307e-01  
q[106]: 7.7858995704318501e-05  7.5180538948647679e-01  6.1017910222184901e-01  3.0799634220983529e-01  9.8308989244506484e-01  5.3279918233029744e-01  6.6574045300758486e-02  
q[107]: 1.0380803841494639e-04  6.9401564012738559e-01  3.9886161465480896e-01  1.6861501451509137e-01  9.8577540137478259e-01  7.8155395212539369e-01  1.9198353774478141e-01  
q[108]: 6.8808414884901319e-05  5.1177993020052226e-01  4.5550732650054254e-01  3.6163999580859842e-02  5.6776426043460615e-01  3.6184062120992883e-01  4.0357430703050368e-02  
q[109]: 1.7564238592123119e-05  6.2400864458132876e-01  5.9956431476113892e-01  8.3394612689038639e-03  2.2692017058496519e-01  1.8390138758181312e-01  1.3271067290938990e-01  
q[110]: 6.9827470921855853e-05  6.2788767769364684e-01  4.6830499790967911e-01  7.9927904339251843e-02  5.4013263875337347e-01  5.1558116291507772e-01  3.8094276103609076e-02  
q[111]: 1.4268681997459278e-04  5.9699131635680669e-01  4.3632024068899861e-01  4.2519270308130894e-02  5.8855113088141531e-01  5.0935692325643778e-01  3.9681997911261535e-01  
q[112]: 3.3631610700760670e-05  5.1437468791491714e-01  4.4714223491217109e-01  5.8390301150859775e-02  8.6501734071805048e-01  7.8415900735887306e-02  1.4385178538376554e-02  
q[113]: 5.7166866065150010e-05  5.0564661184259352e-01  4.7646685969833574e-01  3.5804535396711308e-02  7.3529059372599570e-01  3.0385543515630398e-01  2.5130266886153513e-01  
q[114]: 8.3199319652159682e-05  5.3331893453796508e-01  5.1313785594327554e-01  3.6481809444929590e-02  7.7380855348659583e-01  6.7391119674731104e-01  2.9299611211441046e-01  
q[115]: 2.8519878804388258e-05  4.7536444172703307e-01  4.3047011399917823e-01  3.2850044332541281e-02  8.3218202606459357e-01  8.0415316863629616e-01  7.4126514065850535e-01  
q[116]: 1.0951158621783083e-04  5.8214879160116195e-01  4.6405282121421199e-01  2.7790137051746936e-02  9.5255804121087706e-01  5.8096376485120094e-01  2.4209735615195097e-01  
q[117]: 2.6580509529108250e-05  6.0767560582392988e-01  5.4576716260275138e-01  3.1110490659835413e-02  9.6788566519065888e-01  7.3434082857787120e-01  3.3336376287883239e-02  
q[118]: 5.2755843390849738e-05  5.8491864735138732e-01  5.7246203092639691e-01  8.5077522286333834e-02  9.7030160182881176e-01  7.0008079965763681e-01  5.4436985616753963e-01  
q[119]: 4.7037754961788523e-05  6.6330444667505639e-01  5.1128379035220894e-01  3.0869253009727832e-02  9.3254885244722419e-01  9.1865402273385122e-01  4.8038006440331488e-01  
q[120]: 3.8593726266497369e-05  5.4086255417011009e-01  3.8300783365246233e-01  8.7588358305244710e-02  9.5499385371339240e-01  8.5539594173780176e-01  8.2897174754241953e-01  
q[121]: 2.6398352076014400e-05  5.1826390842584080e-01  4.6333754811459060e-01  4.4090859698637702e-01  2.8929125710949705e-01  2.6629037053529464e-01  4.6338408974077309e-02  
q[122]: 6.7330935351479627e-05  5.2213021606832921e-01  4.5250421988719258e-01  4.4116604145563482e-01  5.6020311099856079e-01  1.9323245683902324e-01  7.9907501264815189e-02  
q[123]: 5.4187693657207074e-05  5.6526933744701358e-01  4.8552524514386242e-01  3.8022406961882266e-01  5.5241569909112398e-01  5.4601487750505573e-01  4.6134605586359584e-01  
q[124]: 1.0708073927408354e-04  5.1470950207460531e-01  4.3741118879615210e-01  3.7568092882333171e-01  7.0051152210851597e-01  6.5468988799336292e-01  2.5954321169803263e-01  
q[125]: 3.3778202100971633e-05  4.5556113377950219e-01  4.4472582989585330e-01  4.2639348749947409e-01  8.1731284540168792e-01  5.7637761159839540e-01  3.8476462277869425e-02  
q[126]: 2.4606512945623891e-05  6.4012886892988152e-01  6.3294250187452128e-01  6.2355729190188980e-01  8.4787191150354602e-01  7.9949811163608175e-01  5.8255273151395759e-01  
q[127]: 1.1244541279814881e-04  5.7493555962883014e-01  5.3365212755241176e-01  3.6064509063131378e-01  7.5200770846129839e-01  1.9906046239472194e-01  5.2286936104781960e-02  
q[128]: 4.4317675606483345e-05  4.8691284395120094e-01  4.1601782731269538e-01  3.8189076515447923e-01  9.3510399744172057e-01  2.2916340668627708e-01  1.7750808259002301e-01  
q[129]: 1.9046861304172058e-04  6.0002406028927791e-01  4.5220682169737092e-01  3.9649111251870006e-01  8.8370377487386775e-01  5.2278616119178545e-01  1.6963868611430921e-01  
q[130]: 6.7189356133063818e-05  5.2678384326217020e-01  5.0849319935382942e-01  4.5845627900149560e-01  8.7774348617637432e-01  4.9495398909590488e-01  3.8514766596484257e-01  
q[131]: 3.7524626635910975e-05  6.1230502504006834e-01  5.6360355764965608e-01  3.6738681761322106e-01  9.5610464265416650e-01  9.1452880235348577e-01  6.1030964380284693e-02  
q[132]: 3.8461433376641082e-05  4.1965402069141466e-01  3.9581018145793856e-01  3.4375220697615649e-01  9.5059203921012214e-01  8.7947084502347506e-01  3.1701952327682820e-01  
q[133]: 6.5341257921099066e-05  5.9710582738935358e-01  4.1266779397849157e-01  3.1118980592979739e-01  9.6887515865760376e-01  9.4897216802601325e-01  4.5752676831397676e-01  
q[134]: 3.1911376017045883e-05  6.8424312635336781e-01  6.4067563488168311e-01  1.8105845949481575e-01  2.5007387094111261e-01  5.6568454373892997e-02  4.3889625688361661e-02  
q[135]: 1.6108163943924140e-04  7.5481379951565664e-01  7.2013897446496355e-01  1.5385930465514699e-01  8.1111145006050045e-01  3.9084104070098502e-01  1.2537327562308526e-01  
q[136]: 1.4633106731165778e-05  6.8556756720176337e-01  6.6033713455018650e-01  7.5487788861853256e-02  8.5699631664413012e-01  8.3977379836488331e-01  1.2441765217002011e-02  
q[137]: 7.5598050104873691e-05  7.7703766296057453e-01  7.2758929227732017e-01  2.0910553821555097e-01  7.7058244470890036e-01  7.6444701405390725e-01  5.3130435152935529e-01  
q[138]: 6.9263265536243524e-05  7.1156847972651271e-01  6.6462482053334537e-01  2.2948842271459136e-01  8.5276981422050313e-01  1.8897258742063427e-01  1.8600774403153642e-01  
q[139]: 7.9052507039852529e-05  6.2803333855884624e-01  5.2325578651618476e-01  1.3442034195679864e-01  8.9363168253627034e-01  5.1425140714458972e-01  5.3498905026912812e-02  
q[140]: 1.1452644463406589e-04  8.0186471137284732e-01  6.4049153058696962e-01  1.6234631185685860e-01  9.8353669277970557e-01  8.3054554098072131e-01  4.6503153972677380e-01  
q[141]: 6.4995134830965332e-05  7.1872982274643216e-01  6.6749202443773037e-01  1.4060744777819423e-01  9.7908222519496058e-01  8.8899289511990121e-01  2.0067495920471148e-01  
q[142]: 1.4377839782138402e-04  6.2902342732947059e-01  6.0266498014142378e-01  4.5937674052155419e-01  5.6658061981001107e-01  3.7416524274089386e-01  2.3503910410850565e-01  
q[143]: 1.2690260574751047e-04  6.3749653745554846e-01  5.3752011930222332e-01  3.8913062520030661e-01  5.5656213478818561e-01  4.4713663839813045e-01  3.8831238629900761e-02  
q[144]: 9.1381128466590554e-05  7.1770906487463748e-01  5.3535596970689558e-01  3.6453473236584172e-01  8.6156075630019802e-01  4.1432863190977876e-01  4.0312671558740937e-01  
q[145]: 8.6116269919184063e-05  6.5262625796551765e-01  6.0160060465180365e-01  4.8119728087830471e-01  9.8534015595477331e-01  6.7294532282480379e-01  2.8851920113038654e-01  
q[146]: 7.7460414193833345e-05  6.8210868386129453e-01  5.4123965580285371e-01  3.2993329444709124e-01  9.8286749531672846e-01  8.8120461251696192e-01  7.1344774837952296e-01  
q[147]: 1.0705027288196739e-05  9.7752768666039069e-01  1.1399326112903492e-01  6.9756648050263353e-02  1.9983164193245043e-01  7.1645662995784329e-02  3.8563282620699448e-02  
q[148]: 2.1777195617615905e-05  8.9970019244936628e-01  6.5918272188676505e-02  2.9784294379399900e-02  4.1595286160986655e-01  4.0163265375545060e-01  1.6064545653547008e-01  
q[149]: 1.1554386975505456e-05  9.7293072554219873e-01  1.0153476398980331e-01  4.4454412398802406e-02  4.7314835427691787e-01  4.4484748275439678e-01  3.9988209226883903e-01  
q[150]: 1.0621017429435654e-05  9.7151487754460264e-01  8.0455446922706175e-02  6.4043057290748578e-02  8.8540065634166554e-01  1.1551672322346600e-01  5.6828603355352621e-02  
q[151]: 3.8797302081020261e-05  9.5454533632447802e-01  5.7247523266643140e-02  3.0784003933534754e-02  6.6736533878698678e-01  3.5649559356961036e-01  1.3228757857351806e-01  
q[152]: 2.4672432026759674e-05  9.7335913407696162e-01  9.3953701953170141e-02  3.4675969222947391e-02  8.4133093598396025e-01  5.0214691976899950e-01  4.5959646400550663e-01  
q[153]: 8.0810698768617205e-06  9.2389264741221533e-01  4.9496119823535356e-02  3.5563223892787189e-02  9.4168070052763297e-01  8.8232206988588502e-01  5.4709655038267871e-02  
q[154]: 1.0627670259437423e-05  9.4718085230353732e-01  8.9239110473826322e-02  2.8808679679337510e-02  9.8858514570678602e-01  5.2060329031561237e-01  3.3471759163442555e-02  
q[155]: 1.1662597135382459e-05  9.9514618253105380e-01  6.8546310208922129e-02  1.2644900949705204e-02  9.1633619461535787e-01  8.3568155054549931e-01  3.8174683147668875e-01  
q[156]: 6.4573033089233927e-06  9.3153036645440279e-01  5.4556028186562106e-02  4.9769136977151081e-02  9.4821642906649473e-01  9.0512669651864208e-01  8.4729442968578372e-01  
q[157]: 2.2243683417537151e-05  7.4991709023974806e-01  1.7860033783373080e-01  1.3187747309044717e-01  1.3349471225847445e-01  1.1051865345933878e-01  1.7458704164597987e-02  
q[158]: 4.0919118718979558e-05  7.4117259049019713e-01  6.9252906924908514e-02  1.4007872944529048e-02  4.7346433686460498e-01  2.5553394603616830e-01  2.0151019829217139e-02  
q[159]: 3.2747025605522107e-05  8.8412788385645935e-01  1.4996570790693811e-01  4.2378013821655191e-03  5.7831258173367206e-01  1.2708974762421674e-01  9.1257084541974981e-02  
q[160]: 5.9112869274809285e-05  7.8424937027785846e-01  1.0314401297960098e-01  6.7205659027503348e-02  4.1940404186303087e-01  2.5124185471169214e-01  2.0270010016579013e-01  
q[161]: 4.0579005091480913e-05  7.1194205227222163e-01  6.6449854184571000e-02  2.6870475301376307e-02  8.0795308495976648e-01  2.8971244375444838e-01  2.6736172185586171e-01  
q[162]: 6.4405827921131464e-05  7.9419355869096775e-01  1.1500606461401139e-01  6.0878438792648919e-02  8.8355441976597326e-01  3.0879116498645776e-01  4.2303859340247295e-02  
q[163]: 4.5668831247660233e-05  7.4539298547409438e-01  2.0836643126149157e-01  6.8779390039237429e-02  7.9169448740673742e-01  7.5663066927408562e-01  2.1139682518550487e-02  
q[164]: 6.5071764220030616e-05  8.2451473816253962e-01  9.8652474428385109e-02  4.8456518041204301e-02  7.4438082794462446e-01  6.5896831772183817e-01  5.5595159156267815e-01  
q[165]: 2.6266354438571241e-05  8.6720562406685786e-01  1.2997408426156271e-01  3.6926089588244615e-02  9.9104395827090397e-01  2.7832196347994814e-01  1.9965964299404246e-01  
q[166]: 2.3276031682714312e-04  8.6944978205488688e-01  2.6184410084050996e-01  9.7812205608278274e-02  7.8281083174463173e-01  5.4657992460604987e-01  3.4960626611669149e-01  
q[167]: 4.4836414471665175e-05  6.4684677758345066e-01  1.1982707817784537e-01  6.6465229229755257e-02  9.6759012022400426e-01  7.8613387024957349e-01  6.5588679944774617e-02  
q[168]: 4.1663578501575891e-05  8.0413038094048461e-01  5.5575590566608060e-02  1.2317138511845118e-02  8.6290338750468221e-01  6.8986449404718153e-01  1.7237015764728822e-01  
q[169]: 4.2781665517796609e-05  8.5218274797908256e-01  7.0898822631658087e-02  4.8700860104956695e-02  9.6784626218451619e-01  6.7788786786655175e-01  4.4515258964678628e-01  
q[170]: 4.2213070824738758e-05  6.8878534115157652e-01  1.0641829259463954e-01  1.4686178868734351e-02  9.6296317562278333e-01  9.0825841320227430e-01  4.9286047126509613e-01  
q[171]: 5.0864030042681565e-05  7.6786600735366939e-01  2.9443267907572473e-01  1.3315543535005991e-01  3.0146777197499769e-01  5.7447899388838625e-02  9.6471360233409669e-03  
q[172]: 9.6089181524266953e-05  8.2175687967686672e-01  4.0115783327552618e-01  1.2083456313990956e-01  5.8982375486837946e-01  2.1105374510851682e-01  1.9510576171858071e-01  
q[173]: 4.6307970872405632e-05  8.0001840412654002e-01  5.6045525088085624e-01  1.1216916842785980e-01  7.3864634838226484e-01  7.0100100313456470e-01  6.8122265177512764e-01  
q[174]: 4.1200172538630076e-05  7.2357593392367603e-01  3.1503557040742142e-01  2.4677067750311477e-01  9.6410432714443461e-01  2.0091581567904512e-01  1.8411460672016480e-01  
q[175]: 7.9643226467696778e-05  7.5081814305558781e-01  4.7587374867069276e-01  2.1038598600043437e-01  8.8829301904718572e-01  8.7341690237137715e-01  7.8437666281833451e-01  
q[176]: 1.7045236662128181e-04  7.7046432539604071e-01  3.0958527874832781e-01  1.3709435924533220e-01  4.5652351537160912e-01  3.8122043088734897e-01  1.6327914780176273e-01  
q[177]: 7.9611352573070044e-05  8.2537997849128963e-01  2.2323877563240035e-01  2.1083481744394045e-01  5.6348186117574206e-01  4.5393573211375809e-01  1.8622908759196152e-01  
q[178]: 5.5883968614698947e-05  7.2208716880531454e-01  2.7124659089713993e-01  2.3957265968921901e-01  5.1604849778117223e-01  4.6856256000680174e-01  4.4412906576819255e-01  
q[179]: 5.0975294649664977e-05  8.1087761272934533e-01  1.5916931920498600e-01  1.5067614813027563e-01  8.5584351656260171e-01  8.3232426500162482e-01  2.7478325821916633e-01  
q[180]: 1.4653862638231951e-04  6.9339750351346019e-01  2.9952412530807299e-01  1.5277099508145242e-01  8.6581829863958759e-01  2.2232952203530620e-01  1.2181450230391523e-01  
q[181]: 8.9953327907027266e-05  7.9924186165526223e-01  2.1704494603260993e-01  1.6075312510034998e-01  7.4585164041166974e-01  5.2878425927365547e-01  3.2346423923886154e-02  
q[182]: 1.0168956587980124e-04  8.6625860342035021e-01  2.1992226694843686e-01  1.8322243966293256e-01  8.2674818355348467e-01  3.5783744047828164e-01  2.1388190902031226e-01  
q[183]: 6.8242063505459112e-05  7.3231773148662960e-01  2.5166253476724254e-01  2.2749871782926689e-01  9.9483705405101985e-01  4.8657061984642519e-01  1.5203236143896309e-01  
q[184]: 9.7819901592846177e-05  7.6491506839691670e-01  2.7133594100832531e-01  2.2082026075869174e-01  9.0724143485375375e-01  7.5300342787597285e-01  7.0091360750744658e-01  
q[185]: 1.5918327631418078e-05  8.4632998952057981e-01  4.0577855574004151e-01  3.0572681290846365e-01  9.6966748656322876e-01  9.5729704427132412e-01  1.0374327834385707e-02  
q[186]: 3.5732951423734667e-05  8.5079232357700374e-01  2.4853330918048142e-01  4.7272042551213152e-02  2.1866491609682887e-01  1.7581149356282280e-01  1.4423388134439308e-01  
q[187]: 1.4036525418136353e-04  7.6735786620922541e-01  3.5306271843948145e-01  9.8181064444747251e-02  7.0050699359593993e-01  2.8128722448443744e-01  4.3306797542521515e-02  
q[188]: 1.1140203538871262e-04  7.8580484153676922e-01  3.9824030756710271e-01  3.0232788409899342e-01  7.0121263627038166e-01  5.9809963765689145e-01  1.0955566621092351e-01  
q[189]: 9.3568686950000094e-05  9.2444776626402236e-01  5.0309045999825075e-01  1.6206790445760735e-01  5.6881618415017099e-01  5.1633487156112146e-01  4.8060843793644357e-02  
q[190]: 7.1468632348974115e-05  8.2912643416982823e-01  4.3969360307261285e-01  1.4185396107887088e-01  4.7725204006643718e-01  4.4623041358074772e-01  4.0779230380307763e-01  
q[191]: 4.8824253908211051e-05  5.7842291265209134e-01  2.6945711708221581e-01  3.2104363575320455e-02  7.9074042371672670e-01  1.0927269646072682e-01  8.6972168942501413e-02  
q[192]: 1.4472172409990436e-04  7.5787556587574922e-01  5.2481800972722337e-01  1.9044004246064264e-01  8.5868339282446238e-01  7.3683546935525690e-01  5.4352273274271432e-02  
q[193]: 4.1871689216102449e-05  7.9985985579773555e-01  2.3615422813432513e-01  1.0293251590530857e-02  6.7520181407254432e-01  6.7292658201719424e-01  5.1106839241708546e-01  
q[194]: 9.9412929299195243e-05  8.0185418423251231e-01  2.7731159089622792e-01  1.1787068220492465e-03  8.8129017192797066e-01  4.1897099843755015e-01  2.2668981737209565e-01  
q[195]: 5.3750927044621480e-05  7.3589880309255795e-01  2.9057162501745054e-01  2.8306607394137380e-02  9.5902882269675416e-01  5.3121872882841581e-01  2.6447510214634814e-02  
q[196]: 9.1288142198276589e-05  7.9799482172765512e-01  3.8194899649036185e-01  1.4081805670840292e-01  9.8220434974676407e-01  4.7924618582879958e-01  4.2628515476396228e-01  
q[197]: 2.9451573710559582e-05  7.3009466950356083e-01  2.7910758426825244e-01  5.0762894795531747e-02  9.7585180094412982e-01  9.5711187739126735e-01  1.7509174563518171e-01  
q[198]: 3.4162348172910136e-05  7.5364137405477150e-01  3.5458672334580299e-01  2.4954235501012105e-02  9.8384204120024132e-01  9.1001765970786008e-01  7.8018893456997407e-01  
q[199]: 6.2276729180546251e-05  7.9825845358694958e-01  3.7194921351839372e-01  3.3565638801875319e-01  5.3153955138808806e-01  2.1873964505179300e-01  2.6616295348996264e-02  
q[200]: 6.9701162565274680e-05  6.9649779735371420e-01  4.5699966612958315e-01  4.0562938667139870e-01  2.1223904769002774e-01  1.2484084078963771e-01  8.6174302797271438e-02  
q[201]: 5.9981677776869670e-05  8.2960167499901505e-01  4.8697163107325614e-01  4.0834412785017493e-01  7.8890191211770078e-01  6.0129287849412662e-02  2.2897347648974185e-02  
q[202]: 8.6865453714179931e-05  8.3980159036392843e-01  4.2804630993370701e-01  3.5683508829222010e-01  7.9107280903154364e-01  7.7797236345732845e-01  5.4842526392692825e-01  
q[203]: 6.0277505535435602e-05  6.7627436121350015e-01  3.4261101064489841e-01  3.2330719823637982e-01  9.2931773957063779e-01  8.4615373335979394e-01  1.2730310704963238e-01  
q[204]: 5.8537647460239027e-05  8.5174998851044381e-01  6.5219432807145328e-01  8.0927190649677613e-02  3.5214713007043624e-01  2.3605501291092792e-01  2.2127534613564126e-01  
q[205]: 7.4973997246413895e-05  8.8258547604552851e-01  6.3053889569394417e-01  9.2050123462843983e-02  5.4981455435340199e-01  5.4489533035472426e-01  2.1286740293176321e-01  
q[206]: 9.9677959666740309e-05  6.9636624640658640e-01  5.5438978281046603e-01  3.7831170725708942e-02  5.4589366633141501e-01  2.0179967202913243e-01  1.2785914513362065e-01  
q[207]: 9.4805520255586642e-05  8.3582373117431774e-01  4.1125819001296421e-01  4.6543319705522751e-02  5.5317774971378431e-01  3.9116138502341552e-01  3.3179528720496239e-02  
q[208]: 7.0598311397400586e-05  7.5307536980104128e-01  5.4150492675552686e-01  1.9618201319057164e-02  8.1702531900943676e-01  2.5163670087829676e-01  2.1277029077961942e-02  
q[209]: 1.8934458619254731e-04  8.0510619082312429e-01  5.7180413597182489e-01  5.5836758941634181e-02  8.4184184244155291e-01  6.5612240219528362e-01  4.5856865421044374e-01  
q[210]: 3.7113847141229055e-05  7.5644719038772068e-01  6.3096953214377871e-01  3.4898645294928768e-02  9.3066124247420212e-01  7.1160442034817462e-01  6.8156072201384965e-01  
q[211]: 6.6806331461299512e-05  7.6024036221985347e-01  4.9946505641573730e-01  1.0171743941224260e-02  8.6915839613005008e-01  8.0467529886362599e-01  1.0993215552350172e-01  
q[212]: 6.8362938548090002e-05  7.5969199383337216e-01  6.2352153210449346e-01  3.0635494573915956e-01  2.5219924988370584e-01  2.4384536790939215e-01  2.0282975348613977e-01  
q[213]: 6.9510554519942554e-05  8.1266603213506616e-01  6.5654945058202197e-01  9.7734344715498661e-02  3.9234856092730491e-01  1.6079724586453040e-01  1.6562560249406257e-02  
q[214]: 1.7523106495257734e-04  8.1594401786020032e-01  5.8945885319394642e-01  1.4293097582263817e-01  7.1596324715514026e-01  2.9067452004145516e-01  2.3527628582517451e-01  
q[215]: 1.3365955477348293e-04  9.1708853841208504e-01  5.0693021253098003e-01  2.3891923034524551e-01  7.9130240949279995e-01  5.2342252218793817e-01  4.9724191594078054e-01  
q[216]: 1.2845200761477110e-04  8.5983210360082751e-01  5.8767079292557245e-01  6.6134486084984193e-02  8.2360365172388605e-01  6.1437739310159067e-01  1.8057583576437880e-01  
q[217]: 1.4516151340911230e-04  8.6110513054172089e-01  5.5836609019765704e-01  1.4657035572496671e-01  9.7213098324075231e-01  4.6256675740840092e-01  1.8289981145548556e-01  
q[218]: 7.9755916190820257e-05  8.2960628839689055e-01  5.0690104336480357e-01  4.3132358100403040e-01  6.1863792544719998e-01  6.0452778113490813e-01  8.7507073534340271e-02  
q[219]: 3.1902383154696502e-05  9.4124055228179004e-01  6.9740307905000820e-01  4.0533747731512415e-01  9.5013993563329036e-01  6.9431316393205669e-02  4.4270893973299516e-02  
q[220]: 2.4235194426219626e-04  8.1703650338767875e-01  6.2350904425051379e-01  4.7611349778568185e-01  8.4258581511720354e-01  6.4451695495421213e-01  1.5271665177792176e-01  
q[221]: 2.2228448529401979e-04  8.0308466184445249e-01  5.9848459006687715e-01  3.9890770524111796e-01  9.0465489882216088e-01  3.2895693177864288e-01  1.8113991987225977e-01  
q[222]: 6.5676392333486309e-05  7.8033222819160331e-01  5.1163431591770880e-01  3.1481066912244354e-01  9.6227271848221785e-01  9.2773531048937341e-01  1.8720891121816752e-01  
q[223]: 1.1268718724831318e-04  7.0285626336828400e-01  5.3628075655986418e-01  4.4504392403686843e-01  6.5841167656282495e-01  1.9440515148348525e-01  1.7128013062812200e-01  
q[224]: 9.2256033726383820e-05  6.6637927338807290e-01  4.1576547475676195e-01  4.1430590679949170e-01  6.8028851427094039e-01  5.5358628501891960e-01  2.8863858133141962e-01  
q[225]: 1.8302562196670260e-04  8.4477777096832529e-01  5.3653293991507589e-01  4.3499413745283017e-01  5.8492045961594941e-01  4.1422802597267139e-01  3.3005608679476839e-01  
q[226]: 5.4757784703713396e-05  7.9109070351619803e-01  6.3191048189325438e-01  5.5319831279336573e-01  7.8776966747759702e-01  7.2161968170999302e-01  7.0745489270865303e-01  
q[227]: 3.9109125207899124e-05  7.6626929002101196e-01  5.5463302165992168e-01  5.1821331272273319e-01  9.8547231896113441e-01  2.2185632817701165e-01  5.4681764337445454e-02  
q[228]: 3.2563768265745915e-05  7.6145190706160992e-01  5.6354603047107532e-01  5.4217865448730551e-01  9.8930043719970651e-01  5.1163784782327137e-01  4.7229476048518676e-01  
q[229]: 3.0542051667264630e-05  6.5699805165781333e-01  5.1238480539956432e-01  5.0342647225772563e-01  9.5107728374686251e-01  8.0956486516543058e-01  4.9571455569341755e-02  
q[230]: 6.1992464238568159e-05  6.8784872672835762e-01  5.2728067216108243e-01  5.0024079263257704e-01  9.7673236876956193e-01  8.0090286705395408e-01  6.0921882255350979e-01  
q[231]: 1.3904810038349381e-05  7.8701570927270437e-01  5.1451550607515417e-01  4.8397443559223352e-01  9.8132352796892819e-01  9.4547907767999384e-01  9.1563638657044721e-01  
q[232]: 3.3035478745874051e-05  8.4138254827810477e-01  7.8211030085169231e-01  6.7193549009116740e-02  3.2584533595914655e-01  2.6764029361407798e-01  2.3682310395695693e-02  
q[233]: 1.2359765618673269e-05  8.1553258052769784e-01  7.8872734504647846e-01  5.1117244622975913e-05  5.6986566529256366e-01  6.2290292027466346e-02  2.0692119689043994e-02  
q[234]: 5.6475234321896614e-05  7.9659551719045152e-01  7.0700760277659103e-01  9.0985766006223909e-03  6.1128403424052202e-01  5.3514134066056296e-01  2.0110838471612552e-01  
q[235]: 2.8735442703311491e-05  8.6953614440491700e-01  8.0657406775454954e-01  4.9928795899354610e-02  5.5820952298854798e-01  5.4241680961471572e-01  4.9594494090527008e-01  
q[236]: 6.5484013022918056e-05  7.3753109004489759e-01  5.3057601373868113e-01  7.6072489568952267e-02  9.7176026707524987e-01  2.0011536627388843e-01  1.4942889274039281e-01  
q[237]: 4.4863550679265277e-05  7.4777436879115278e-01  7.2143138359349435e-01  4.9714915482152525e-02  7.4480146983033291e-01  5.4141917777153137e-01  4.8187828215251188e-01  
q[238]: 4.8132404268465769e-05  8.1433679919357893e-01  7.7460971951528190e-01  3.6624929410903534e-02  7.5128081147112269e-01  5.4587621302205158e-01  4.9728085334754202e-02  
q[239]: 9.0542797121961714e-05  8.8439464265847911e-01  8.5784170441574026e-01  2.0590026267090800e-01  8.1361664706236247e-01  6.5012451956793704e-01  4.4722781231027070e-01  
q[240]: 2.4047345422852392e-05  8.1512437574391217e-01  7.7350510538857664e-01  1.0691717005791888e-01  9.7708220686122593e-01  3.6718501052171842e-01  1.4748536851174448e-02  
q[241]: 1.9580478016911517e-05  6.8954610284966933e-01  6.8623227432793188e-01  2.4255502034456641e-02  9.5878573621999386e-01  2.7353402354320949e-01  1.4812904374853578e-01  
q[242]: 3.1145089475541025e-05  8.4422164499429253e-01  8.3127709990879750e-01  2.2720137348997985e-02  9.4165109208101294e-01  7.7915552189098503e-01  3.3516091560319722e-01  
q[243]: 3.5544209032191069e-05  8.0673515379928407e-01  7.4970239516974069e-01  5.3124056114091357e-02  9.3333528758002637e-01  8.8796768284592897e-01  7.2847386936981162e-01  
q[244]: 9.7422793530285972e-05  7.6699763402656418e-01  7.4846540736928657e-01  1.6956418566929471e-01  4.4886998118610016e-01  3.1526184148433678e-01  1.7969172874281109e-01  
q[245]: 9.2761564358992402e-05  7.4833755999423013e-01  7.2781415858464937e-01  3.1689003025764695e-01  6.3000457180811753e-01  5.3111715460171272e-01  4.8023434032544637e-02  
q[246]: 4.7300043405276617e-05  8.9250716440563693e-01  8.3258953112980727e-01  1.6954192102285934e-01  7.7836817338716235e-01  1.0007336327480738e-01  5.4139358728342100e-02  
q[247]: 1.4721502088118900e-04  7.6934596171974268e-01  6.6337349954588898e-01  2.6044668461390030e-01  8.2750537638363830e-01  6.0658654869141293e-01  5.6825741290598597e-01  
q[248]: 9.4347681006981706e-05  8.4888758818515064e-01  8.1443607599604095e-01  3.5014644120358801e-01  9.4142847960518949e-01  6.7465740973302968e-01  1.6604718894004369e-01  
q[249]: 3.7621673555678467e-05  8.7742356431363289e-01  7.9428649575680244e-01  4.0855582026250409e-01  9.7247533508256834e-01  9.6105527021914572e-01  4.1921177040747554e-01  
q[250]: 1.9117783510377316e-05  7.8222351378914501e-01  7.6133658842816387e-01  2.7059961189073523e-01  9.8200733815876817e-01  9.3280374448313852e-01  8.9342813227498630e-01  
q[251]: 2.0701059788308999e-05  6.8634841491523879e-01  6.7102656970340524e-01  5.1792491270819663e-01  1.4282935053311485e-01  8.4460146809834602e-02  4.9720065599095524e-02  
q[252]: 1.0249064499693519e-04  7.7084652446785895e-01  5.7665532766359162e-01  3.7858370045714873e-01  3.3347728476210364e-01  1.6742613414152627e-01  1.3322313285997615e-02  
q[253]: 2.6269322687460779e-04  8.3732265856797727e-01  6.7342813966101644e-01  2.7892534828086751e-01  5.9237164761526062e-01  4.2812469982886447e-01  2.1020254307351072e-01  
q[254]: 8.4272817271355879e-05  7.9732057958065183e-01  7.6685910250954892e-01  4.1546169922444015e-01  5.2085524408912864e-01  1.5709614969523539e-01  1.2693197358107564e-01  
q[255]: 5.1607505393250852e-05  8.0666665542252791e-01  7.6539881600310822e-01  4.3739974037802865e-01  6.3471289459931468e-01  6.0492532544784261e-01  5.7206651165779854e-01  
q[256]: 1.3058197391522264e-04  7.9304042778285755e-01  7.7824895302777852e-01  4.7738329805325891e-01  8.2685411322184399e-01  4.8301994009864330e-01  3.1248193327265028e-01  
q[257]: 1.0565808320133759e-04  8.1977032661690052e-01  7.7530397403082429e-01  5.9376539737114120e-01  7.9144267553759984e-01  4.0580222545555977e-01  3.6700332767749727e-02  
q[258]: 6.5575364969333369e-05  8.2700272217939863e-01  8.1505348822896895e-01  5.5385546022838206e-01  8.1655933967513383e-01  7.5390516822128018e-01  2.2358803259753476e-01  
q[259]: 4.7977238031263257e-05  8.0825249738447835e-01  7.5897517654118496e-01  3.8495777324408165e-01  9.4184462394976265e-01  1.6938309790022718e-01  2.2810168128572721e-02  
q[260]: 3.7673221646178635e-05  8.0216924202445938e-01  7.2893233825364734e-01  4.6578616616723018e-01  9.6519048515406225e-01  7.6320866374811058e-01  5.3672543277638960e-03  
q[261]: 3.4484989985322937e-05  8.1579958536094910e-01  7.6227149229106606e-01  6.9210977985465227e-01  3.7458245805632240e-01  6.9480175684776879e-02  3.7927434101615358e-02  
q[262]: 2.6476038583919719e-05  7.0339544081078820e-01  6.6336788051692919e-01  6.3479120522091803e-01  4.0002321082132858e-01  3.2195065562061548e-01  3.1130410287781568e-01  
q[263]: 6.5835054133955777e-05  8.3223651350528349e-01  6.6764646377558945e-01  6.4565473871217538e-01  4.1414414795021393e-01  3.5719577303036826e-01  1.4602391540424350e-01  
q[264]: 4.3533012667202815e-05  7.9412677565830481e-01  7.5035314110871665e-01  7.0491793119210833e-01  5.3341064769575608e-01  3.5160663506399442e-01  3.4552588669615650e-02  
q[265]: 7.2336655141181844e-05  8.0430819479800642e-01  7.3432036244858512e-01  5.6476479786722444e-01  5.4116079581238630e-01  5.2419422659007875e-01  2.4796278484937043e-01  
q[266]: 2.2620033795478176e-05  7.2493205409004424e-01  7.0099695746953961e-01  6.5031580314781934e-01  8.3490564445638615e-01  7.7223902968033081e-02  1.8551480562643462e-02  
q[267]: 5.8499119556234118e-05  8.6788206481803676e-01  8.1702389563237876e-01  6.9013293394527031e-01  8.1832010498658170e-01  2.4058518454867778e-01  1.8156076796380860e-01  
q[268]: 5.3974185110294974e-05  8.0339125957232305e-01  7.8710145090561368e-01  7.6514298821464810e-01  7.6135701533330824e-01  5.4645768643005721e-01  2.3955571219597963e-01  
q[269]: 4.9141590937768401e-05  8.2684755451213188e-01  7.4865029953067286e-01  7.1534780058010594e-01  7.1564020151808172e-01  4.2397362385140275e-01  4.0807628837991528e-01  
q[270]: 3.6812295825165240e-05  7.2211822375129697e-01  6.8508312571266228e-01  6.2412209059067525e-01  7.7889289288274899e-01  7.5741466030298310e-01  8.3079336850069574e-02  
q[271]: 4.6900028482682834e-05  8.3249691293319672e-01  7.7248486216771772e-01  7.5532970012269129e-01  9.2498091887194844e-01  3.8777430886552322e-01  2.1935114326167643e-01  
q[272]: 2.4413995613868609e-05  6.8867080200623676e-01  6.5274447256935131e-01  5.8996022230667056e-01  9.7858500936406589e-01  4.2445241415622442e-01  2.2417991787409764e-02  
q[273]: 3.4269751100060037e-05  7.3287994580786808e-01  7.2377326705915435e-01  5.8491071671173933e-01  9.4686845414493803e-01  6.8274904867345443e-01  6.5660380989184852e-01  
q[274]: 5.1098236295295225e-05  7.8981964106170399e-01  7.3229526117597699e-01  6.5598944068910137e-01  9.7014052971251430e-01  8.6352570772633641e-01  2.3260216799854785e-01  
q[275]: 3.1912461241334238e-05  7.9330498390037740e-01  7.7181363391805591e-01  5.6982631813828410e-01  9.4407224920887456e-01  9.3795989366224608e-01  6.9714628033349468e-01  
q[276]: 2.9822938478758447e-05  9.5138514153259934e-01  2.9222592679706122e-01  3.2735131695822671e-02  3.0228445584662123e-01  2.5017295898437231e-01  3.3721461959639348e-02  
q[277]: 6.2533415846907804e-05  9.7342220750858521e-01  2.7318842001741733e-01  4.2841113541005067e-02  5.5440418229513400e-01  3.5440042857060389e-01  2.8243531481912726e-01  
q[278]: 6.9029407589428428e-05  9.3185925391124080e-01  2.0053460088023972e-01  4.3267756284556619e-02  7.0854297469461280e-01  6.4186888637849571e-01  1.8261431192587801e-01  
q[279]: 4.4989878896734477e-05  9.5140218626624895e-01  2.9157658018057409e-01  8.8807831000922224e-02  6.6912578613475804e-01  1.4642969722831173e-01  6.5134016813017679e-03  
q[280]: 4.1417426884733061e-05  9.6776778960289755e-01  2.2072746797951609e-01  4.3998113294613388e-02  7.8811013255879747e-01  5.4455119914115802e-01  3.3049327679479670e-02  
q[281]: 2.9956654129005037e-05  9.5525059430478010e-01  3.0615341085300801e-01  1.6037232217091810e-01  7.7600016615995482e-01  7.4427866552502508e-01  7.2811251982061731e-01  
q[282]: 3.1718746862195926e-05  9.8954856211602849e-01  2.5328570514322429e-01  2.8550653192422584e-02  9.1053619670020802e-01  3.0591231554328407e-01  1.6109171601578837e-01  
q[283]: 7.1179447060519820e-05  9.0283861861323211e-01  2.5558133171573455e-01  6.4230963470536404e-02  9.7354036157536394e-01  7.4754054553488281e-01  2.2768172413971136e-01  
q[284]: 3.0556957466506033e-05  9.0648893501580086e-01  2.3104618545971067e-01  2.8445619170918351e-02  9.5408081678554335e-01  7.4765782487734012e-01  7.2084456919592088e-01  
q[285]: 1.3864297957293966e-05  9.5755693680202836e-01  3.0051108897831791e-01  1.8942999800218858e-02  9.3114873349962901e-01  9.1196621225800722e-01  8.6866932939365218e-02  
q[286]: 2.9694240714505881e-05  9.7339593482492326e-01  2.3503020592012985e-01  3.0977862992268863e-02  9.0429332197538104e-01  8.5191306655113985e-01  6.3072250716915745e-01  
q[287]: 1.3875923531702161e-05  9.7982388721157421e-01  5.4134924870469714e-01  2.0400405232798988e-01  8.6976237951138777e-02  5.5586564287725432e-02  3.5707061073444499e-02  
q[288]: 8.6102637941366680e-05  9.7406773664825730e-01  3.0079096178519449e-01  1.9062807264558343e-01  4.4454436916882495e-01  2.5811849595610986e-01  7.2921629558733533e-02  
q[289]: 1.3007005833351351e-04  9.1633477794621698e-01  5.2391491618788422e-01  2.6554204289330757e-01  3.5732860109093539e-01  1.8258377075895818e-01  1.3979522304741404e-01  
q[290]: 6.8126754016073379e-05  9.5908676496786971e-01  3.7758008860714587e-01  2.1987943802382759e-01  5.3709249826967076e-01  5.2205798279915261e-01  3.1213017122926928e-01  
q[291]: 1.6462794324532541e-04  8.1646462910336393e-01  3.5943071792654635e-01  1.9073619289293806e-01  8.7347510313460486e-01  6.2505559500409924e-01  2.1369313106221899e-01  
q[292]: 6.9137423698054911e-05  9.7057372234161932e-01  4.4017456623683554e-01  2.4447299944931428e-01  8.1070389220312145e-01  7.7577059549586502e-01  1.2789342655846461e-01  
q[293]: 1.0104711612538722e-04  9.7794184934081052e-01  5.2322582140167440e-01  2.7359673025707043e-01  8.4542764132233894e-01  6.9462357750931969e-01  5.2364204172788242e-01  
q[294]: 1.3328605886443753e-04  9.5908097720624663e-01  5.4807757521757494e-01  2.6478734477700389e-01  9.1553034601224670e-01  5.4602507308423698e-01  1.1072581856083956e-01  
q[295]: 6.5634964047304702e-05  9.8141926031619131e-01  4.0404382473080869e-01  1.1117528853689525e-01  9.6895073413690169e-01  6.7471613961226629e-01  4.6669737424531432e-01  
q[296]: 9.6777386954314608e-06  9.6250027723065879e-01  4.7522988427616464e-01  2.1601269698082598e-01  9.9032004603678647e-01  9.7420836816614342e-01  9.6334887068337927e-01  
q[297]: 3.3498807274614598e-05  9.3973610969477839e-01  3.8213407932537174e-01  3.3267527836366967e-01  2.3703383783927717e-01  2.1346693434059724e-01  1.6073678390874221e-01  
q[298]: 2.8622997061147012e-05  9.1364941508880504e-01  3.9762801257280284e-01  3.5739261679547962e-01  3.4281199744075458e-01  2.8889449173693948e-01  4.3086319417223783e-03  
q[299]: 3.2186133919737658e-05  9.1496962320031960e-01  2.0518929157026247e-01  1.7742153721786924e-01  5.5844557165040698e-01  8.7228440830809759e-02  6.2607712565666704e-02  
q[300]: 1.5219469661262268e-05  9.6605619824627931e-01  1.4576613860849194e-01  1.2077597271588936e-01  6.0084427189952561e-01  5.6559804446980555e-01  1.7348651970636737e-02  
q[301]: 5.2980243421655619e-05  9.5596700339900353e-01  2.8073770332654957e-01  2.4971373029520708e-01  6.0913374010430044e-01  4.1308911457001019e-01  3.8016002235222413e-01  
q[302]: 1.3459668762818631e-05  9.1778226983592837e-01  3.1633985271461895e-01  2.9672994915892842e-01  9.8219264478529700e-01  1.0628350080215615e-01  4.8440625521063305e-02  
q[303]: 7.7372784112420369e-05  9.6709740255053223e-01  3.8694759747053514e-01  2.1805083581481344e-01  8.0749107572109036e-01  1.9595784946444081e-01  1.7169331774533161e-01  
q[304]: 3.6982459417364610e-05  9.6444953474439055e-01  2.5814427840486254e-01  2.3218580641104983e-01  8.2077501920597018e-01  4.8316399016616796e-01  7.5359661278389584e-02  
q[305]: 4.3062618322696120e-05  9.7796044503813906e-01  1.9216593971037615e-01  1.6542901816410224e-01  7.9458417334431186e-01  7.1738500480210043e-01  4.3201512706831224e-01  
q[306]: 1.6679745262035902e-04  8.7920598849798148e-01  4.7075346441129751e-01  1.3101742142512168e-01  8.8318533629402041e-01  8.4537678592137711e-01  4.2663800703325711e-01  
q[307]: 5.8815754729938504e-05  9.3093981306442508e-01  3.9355383757567547e-01  1.8717291811252129e-01  9.5839360573079302e-01  2.4426439595527066e-01  2.1669146614274208e-02  
q[308]: 3.9407930745387945e-05  9.8798689380633886e-01  2.1596808464406916e-01  1.5319031687284460e-01  9.5246274499499217e-01  5.3738203007871554e-01  2.1614582112891159e-01  
q[309]: 3.1528089792395613e-05  9.3736415417544061e-01  2.6097315644807478e-01  1.9536601913296264e-01  9.5756833757791227e-01  4.7357899470597342e-01  4.5043478100284839e-01  
q[310]: 4.3514772645285843e-05  9.4601650017471606e-01  2.6505120562206552e-01  2.0047223013086821e-01  9.4959495113440529e-01  7.9564791534172574e-01  8.5425018676430250e-02  
q[311]: 2.1310061798327765e-05  9.8976320789855998e-01  3.3300278039070391e-01  2.9714397508267415e-01  9.8172884196253341e-01  7.9891994016572410e-01  6.8850450423740417e-01  
q[312]: 2.3875248301278685e-05  9.5298975966810917e-01  2.9446083867433070e-01  1.7921450500156685e-01  9.9044321576172734e-01  9.6589754053129073e-01  3.2734482880503507e-01  
q[313]: 5.4687348970910972e-05  8.6643278185827599e-01  2.5726241847688891e-01  1.6662777632913117e-01  9.7128976402871736e-01  9.2721913831301173e-01  6.9486595633797676e-01  
q[314]: 3.1468645674666346e-05  9.3261752997622116e-01  4.8128255837570494e-01  2.5422041672862730e-02  3.2915386538800528e-01  6.9666014722885611e-02  3.3092956831651130e-02  
q[315]: 8.1906794644807731e-05  8.3365116465782840e-01  4.4633394226446066e-01  3.5949791789962075e-03  5.4449305848316687e-01  3.9848926774369575e-01  2.5582683027742931e-01  
q[316]: 5.5448437665984883e-05  9.9060441382844000e-01  4.9605512553902359e-01  4.2004549921239885e-02  7.0738765040362517e-01  6.2108682358376233e-01  2.7148596524534419e-01  
q[317]: 3.0336391309747201e-05  8.7917696124129796e-01  3.3902588586058358e-01  5.6061815901776217e-02  9.2105644949128962e-01  5.8370904008711678e-02  3.1454792368967421e-02  
q[318]: 6.0565404370089984e-05  9.6772048456525273e-01  4.8589605845448980e-01  3.5445365030223698e-02  8.7477607455407191e-01  4.7150035197954521e-01  7.8311611570046097e-02  
q[319]: 6.4664330128668993e-05  9.3430284631307881e-01  5.0633844078625101e-01  3.9663916527083454e-02  8.3175749883361627e-01  7.4528657664730080e-01  6.7622206341991220e-01  
q[320]: 6.4644730412882290e-05  9.3747467914927640e-01  4.9956364417154475e-01  2.6056631568897735e-02  8.7463916606619807e-01  4.0177748042067457e-01  3.5842116731240803e-01  
q[321]: 4.7407688626584678e-05  9.2429544052700885e-01  4.6050316154451182e-01  1.1313751697979001e-01  9.5216375349903326e-01  7.8319875282142470e-01  1.3131100857026266e-02  
q[322]: 3.7041518228966670e-05  9.3931503081121159e-01  5.0135517053898837e-01  1.0013745849168872e-02  9.7840635842777757e-01  8.4901063609905991e-01  3.4072930736622031e-01  
q[323]: 2.5945558659391527e-05  9.7008656241109181e-01  6.4695824105395450e-01  1.1593709010273041e-01  9.7263001390059123e-01  9.4181741778925165e-01  7.2796271506950971e-01  
q[324]: 3.8830293710862163e-05  9.8157037937851532e-01  6.3818171896020792e-01  3.6366058471503288e-01  5.4935518029473540e-01  6.3872791910316959e-02  1.5177489921406807e-02  
q[325]: 6.2621559596675336e-05  8.9092486645679925e-01  6.1337332429650127e-01  3.7340092196889307e-01  9.7639024817092490e-01  7.8052375858218925e-01  7.3290552746905524e-01  
q[326]: 3.9226939780194088e-05  9.4356581374236093e-01  5.3588980529986974e-01  4.9037119136461843e-01  3.3597794848629781e-01  9.2235248392124214e-02  5.4570528785134118e-02  
q[327]: 5.2189712192720791e-05  9.8051571331376131e-01  5.2179260218355739e-01  5.0327861835344134e-01  6.5244442573975903e-01  5.5433896190256859e-01  2.1926815061705759e-01  
q[328]: 1.9335716684269888e-04  8.5886762863838273e-01  4.4437629091817687e-01  2.9215532540407724e-01  7.0603360751420263e-01  3.2290197876487869e-01  1.1033269544653032e-01  
q[329]: 3.7597132972205586e-05  9.8364529368325826e-01  4.5698685988237986e-01  4.3280655015322544e-01  8.0519474647591061e-01  2.4366143454370506e-01  4.0027837339960869e-02  
q[330]: 1.2229265858170537e-04  8.7067944612799220e-01  4.4811926726658985e-01  4.2558827810372585e-01  8.7181026782722093e-01  4.9809041685324212e-01  3.8275176495213364e-01  
q[331]: 2.5140711403568626e-05  9.7084979814848205e-01  5.0563189390000762e-01  4.7677724075512601e-01  8.5258653165049403e-01  7.7567982669760738e-01  4.6916208317024186e-02  
q[332]: 4.1794648712164952e-05  9.5528636538716505e-01  5.1868905949500876e-01  4.7593417685587469e-01  8.1746302424053729e-01  7.6766588483971554e-01  6.8892863471509203e-01  
q[333]: 6.1457510148550036e-05  9.8012689570179956e-01  5.6083126691957019e-01  4.4959482554724567e-01  9.7434422604234561e-01  3.7227046911772760e-01  2.2954659240335337e-01  
q[334]: 7.4135601787828155e-05  8.7161348775846659e-01  4.6960584575869380e-01  3.9925661956935893e-01  9.5253438193346951e-01  5.5984118755091994e-01  2.1716111119202908e-02  
q[335]: 8.6229062200755279e-05  9.1731686606904483e-01  4.5163625482866215e-01  4.2344451995255872e-01  9.5298746187876693e-01  8.0203181692424130e-01  3.4209052590687505e-01  
q[336]: 7.5580324374623331e-05  9.4339372358478579e-01  6.0479265307723828e-01  4.1796835082840195e-01  9.6328706191974878e-01  8.9668110660880451e-01  5.1866842619961739e-01  
q[337]: 5.3953551163496824e-05  9.7362600095834617e-01  7.9289988976610948e-01  2.3324095557362055e-02  5.9500100794456579e-01  3.1700155668306162e-01  7.9251521837940125e-02  
q[338]: 2.3576849870863472e-05  9.3911164368664890e-01  6.5961651344095340e-01  1.5873639488024106e-02  2.3905816767732310e-01  2.2990225790245655e-01  1.1089966876203307e-01  
q[339]: 2.3898427913596925e-05  9.7401313488465369e-01  8.9538859780195279e-01  1.3414971473262821e-01  5.5203240060316483e-01  5.0526357430857849e-01  2.7282478623188045e-02  
q[340]: 4.6431689930973358e-05  9.3706404118408626e-01  6.0956966890319841e-01  4.7888504172161922e-02  7.3047198133361280e-01  9.3429489847299541e-02  5.4001032822245575e-02  
q[341]: 7.0879647165855963e-05  8.6291662850172912e-01  7.3839985760642690e-01  1.3808011640468833e-02  8.8090537018000048e-01  3.8265913419472353e-01  2.3318313598164811e-01  
q[342]: 5.0524749814921096e-05  9.7423735640720488e-01  7.6864911479115605e-01  5.0072760156381554e-02  6.4853457681986504e-01  4.3736581088549575e-01  4.0511801456264174e-01  
q[343]: 2.1247208428239439e-05  9.7839384615509961e-01  6.7195022168570706e-01  1.8501897653349603e-02  7.4677368454010729e-01  6.9981404886491638e-01  3.5750177672164860e-02  
q[344]: 3.5309427938922203e-05  9.6864385523084140e-01  8.1826105117370762e-01  2.9905735097718544e-02  7.8922207102901820e-01  7.5751886220592957e-01  5.1076308679295457e-01  
q[345]: 1.9026509672450789e-05  9.5841514923845905e-01  6.4174929568749117e-01  3.2421997692041619e-02  9.9162927720031302e-01  2.4252172979594921e-01  5.9137377720611776e-02  
q[346]: 4.8097960482056862e-05  9.2732083932776699e-01  7.6082441445153004e-01  4.7179195444538143e-02  9.7837844034774757e-01  6.6503495553983816e-01  7.9864789638375747e-02  
q[347]: 4.3080935079066384e-05  8.8087840640642989e-01  8.1667222233619663e-01  1.0492194473317001e-01  9.5764116243602670e-01  4.6304416479531924e-01  4.3250028241114707e-01  
q[348]: 3.9228906401151344e-05  9.7192638033964751e-01  7.5348902823022779e-01  3.5805748231583494e-02  9.6987100236897350e-01  6.6868925411071478e-01  4.5828005052436127e-01  
q[349]: 8.4543703513586044e-05  9.8657283020554376e-01  7.1201879586498318e-01  2.0379713040964192e-01  9.2095248037513577e-01  8.3808893476875768e-01  1.8997022362279922e-01  
q[350]: 5.9155122604275301e-06  9.1911235177754169e-01  7.5896055075317770e-01  1.7713803920475179e-02  9.6295355511700076e-01  9.3981731805501634e-01  9.2271829977190556e-01  
q[351]: 8.2985433345906840e-05  9.6341006475989643e-01  7.2201509876826109e-01  1.9282292779520538e-01  3.3992581843797648e-01  2.3293768014998492e-01  6.4264165720092109e-02  
q[352]: 2.6730743305546786e-05  9.9679525571168526e-01  5.0680509125122930e-01  8.3586869904538286e-02  4.6839828393273369e-01  4.1781004917011622e-01  3.6826946758647700e-01  
q[353]: 1.3343433289296789e-04  9.7815765919959063e-01  5.5290112150344206e-01  1.2225599551459748e-01  6.4303545158650977e-01  3.1572469215599896e-01  1.3442097112783510e-01  
q[354]: 9.4673693359431007e-05  9.0506502907033459e-01  7.3284242116511922e-01  1.7693059241940354e-01  7.7710931584629128e-01  5.0193822599615157e-01  8.8865001344278910e-03  
q[355]: 1.7630508472658786e-04  8.7382069855336053e-01  6.8833595418530846e-01  3.7809868977287736e-01  7.7788849148743644e-01  7.1525754442903233e-01  2.7951439020432706e-01  
q[356]: 3.0397986558580364e-05  9.8999395600387785e-01  6.4826227771071887e-01  1.7989469539027464e-01  9.6682606360456702e-01  2.5211405597169628e-01  2.2349249141456912e-01  
q[357]: 3.8705770297664958e-05  9.5209002998971104e-01  7.2097735071825386e-01  1.4686630289724245e-01  9.7683475362813110e-01  7.2868576990903122e-01  6.9492063145902039e-01  
q[358]: 1.8941651645104031e-05  9.0195794698044807e-01  7.3996023200932970e-01  1.2475094856808780e-01  9.9294358962102591e-01  9.6338182319568910e-01  5.0871411603315417e-02  
q[359]: 3.6056301231829670e-05  9.6953299999716025e-01  8.8240339833903036e-01  4.8123208544185025e-01  2.6550792229944720e-01  8.2928933000215047e-02  5.2936367261143702e-02  
q[360]: 1.1297096377002009e-04  8.4962917311007835e-01  7.2334339343393694e-01  3.6877810288942436e-01  6.0313598481693176e-01  2.0561371276015311e-01  1.2299350957222267e-02  
q[361]: 1.1197712300148502e-04  8.8695142122097959e-01  6.5377689093425884e-01  2.5442929891915211e-01  8.3021552065098070e-01  1.6936555471352699e-01  5.5593307408300034e-02  
q[362]: 9.7723473614978845e-05  9.6081390176093162e-01  8.3248907545550821e-01  4.4273784425164042e-01  9.6045239943446459e-01  7.4459656447324796e-01  3.0456720496437423e-01  
q[363]: 8.1062615285130047e-05  9.5344141678214134e-01  6.7229334061080093e-01  4.3380750701435467e-01  3.5158454475996281e-01  3.2229674150301091e-01  1.0953728187904783e-01  
q[364]: 1.0554100258314577e-04  9.7185637870397412e-01  6.5011290455514126e-01  4.2563544256832098e-01  6.6652218985729295e-01  4.4158319914769451e-01  2.6312316525195421e-02  
q[365]: 5.7591408361286773e-05  9.8503249560945227e-01  7.2281196409635384e-01  4.8144049235265135e-01  5.7377874826733599e-01  5.1523652355459981e-01  4.7798409262025071e-01  
q[366]: 1.0019771408111876e-04  9.7759097208510115e-01  7.9433341448099681e-01  4.6678954277831741e-01  6.9396684583607848e-01  2.5827257343747440e-01  1.7620670830029508e-01  
q[367]: 1.0243002845728385e-04  9.8229490933531483e-01  5.1329955309965991e-01  3.6922008284058511e-01  7.7049460326207087e-01  5.8537332019533594e-01  2.6107677747448865e-01  
q[368]: 1.2904269607613811e-04  8.9067469630326579e-01  6.0603397340370457e-01  4.3014101515553765e-01  9.6654607295230399e-01  6.3529388272978160e-01  4.0896875294954876e-01  
q[369]: 4.0494639692163940e-05  9.7629853357370944e-01  7.2814761351325086e-01  5.3098362224042817e-01  9.9683517309201541e-01  8.4737823313762040e-01  9.2087036509459180e-02  
q[370]: 8.6870341899989521e-05  9.4743800190286998e-01  7.6689544859017744e-01  3.5972919761007088e-01  8.8114287975003691e-01  8.2566952928973414e-01  6.8905721165609513e-01  
q[371]: 1.5508025420118082e-05  9.4450783286235396e-01  7.3354815846719013e-01  6.3093862996972894e-01  1.0331078628668167e-01  6.0328020337899899e-02  7.1960954091899948e-03  
q[372]: 7.1008943308325707e-05  9.6594819072774030e-01  5.9465013642392173e-01  5.2090710234842164e-01  6.4292722330748853e-01  2.7837371362337388e-01  2.2546871097868834e-01  
q[373]: 1.1912698333607547e-04  8.6516695165211521e-01  7.1704547028812049e-01  5.3474250200234807e-01  4.8482055336898033e-01  2.8701050779881321e-01  1.7659620684055499e-01  
q[374]: 4.1899100490182676e-05  9.8405378806543620e-01  7.5625864485647698e-01  7.0390136580136331e-01  4.7513759464026339e-01  3.2057487072804913e-01  5.6293004454358739e-02  
q[375]: 3.5981282590175259e-05  9.3490711150252181e-01  6.7576244573170186e-01  6.4449019008253405e-01  4.5487602035005531e-01  4.2022530099936040e-01  3.4940759432960633e-01  
q[376]: 1.0340799357479657e-04  8.1367215092930223e-01  5.8124748229051271e-01  5.7046329840106691e-01  7.1318377704600644e-01  3.2048536446943082e-01  8.2281619757678365e-02  
q[377]: 4.5869267234376837e-05  9.0280003656615382e-01  7.1677289736085958e-01  6.7129776584309064e-01  7.9306949247557490e-01  6.4193246218475675e-01  1.1173630221489948e-02  
q[378]: 1.6370573063891929e-04  8.2528709187103877e-01  7.1271440686228660e-01  5.5142645019238767e-01  7.9533737310184072e-01  6.7709558748806653e-01  5.1422180865108424e-01  
q[379]: 6.9558922421690856e-05  8.1948347253906684e-01  6.5189463619753352e-01  6.2954935889563990e-01  8.7010140995520613e-01  8.2602345454745640e-01  4.3968980291462534e-01  
q[380]: 7.0455479493403020e-05  9.5739746823105110e-01  7.6527189691422093e-01  6.2214662600822057e-01  9.0584633490223099e-01  2.7962986546765567e-01  4.1422088056871233e-02  
q[381]: 2.5515784389916760e-05  9.5636670623581432e-01  7.2119594624183270e-01  7.0055420642279653e-01  8.8360014218573346e-01  1.6904151393973590e-01  1.5873255948982701e-01  
q[382]: 4.8205724447837531e-05  9.6371882920344809e-01  7.8942662396658747e-01  7.7216555565683342e-01  8.2839127187349659e-01  6.2783409840335147e-01  4.6581548679612172e-01  
q[383]: 6.0501711539031134e-05  9.5839303221831451e-01  7.4237364955589724e-01  7.1545997131828731e-01  9.4708948950797534e-01  5.9435789973298747e-01  1.6614919160080116e-01  
q[384]: 3.7491057030545905e-05  9.7970504785171286e-01  7.1157624983676537e-01  6.2361674036181725e-01  9.1369134338557589e-01  6.4780406877048680e-01  6.2118744378251545e-01  
q[385]: 7.0742973325724463e-06  9.3277118084276223e-01  8.7138813824605621e-01  8.2380395096050063e-01  9.5838228111315793e-01  9.3236382582240362e-01  3.0333335354304047e-02  
q[386]: 3.6968793832877006e-05  9.4803587343125506e-01  7.2871725452522285e-01  6.6049504453924113e-01  9.1706848893895443e-01  9.0297451735435319e-01  2.1477136261021509e-01  
q[387]: 1.8504185941722232e-05  9.7288748562431082e-01  7.3936686111640493e-01  6.7296584091959477e-01  9.8359153708298575e-01  9.5412725200682080e-01  7.5158619735921883e-01  
q[388]: 8.4101677681906099e-06  9.5960150372521880e-01  8.9920245533640386e-01  1.6704099339141753e-02  2.0333058526808648e-01  6.9140788976674833e-02  5.6265088796014072e-02  
q[389]: 2.1659476417546713e-05  9.7935074455217186e-01  9.6633388015512567e-01  5.7636139457008642e-02  5.1568578816664978e-01  4.4056474876487295e-01  2.1022413388466188e-01  
q[390]: 4.8702159632384767e-05  9.0628295099500966e-01  8.7285351206443529e-01  5.7063331586806439e-02  6.2955144237482008e-01  3.2581345418310437e-01  2.4819524298351314e-01  
q[391]: 1.4668362561215567e-05  9.8605269685358177e-01  9.0722056998252198e-01  3.3463080669896457e-02  8.8845727272169728e-01  2.0375684686255466e-01  1.6628929024170697e-01  
q[392]: 1.4135979248124450e-05  9.7551692385627731e-01  9.6082495473084661e-01  4.0029534895161992e-02  8.4591319766441941e-01  3.2895595531366012e-01  4.2961461402278474e-02  
q[393]: 1.4156248321131429e-05  9.7741430281815767e-01  9.6647012220392303e-01  3.4851658333230354e-02  9.1162684755650802e-01  7.2675507405884521e-01  6.2492550318261797e-01  
q[394]: 2.8453343793915499e-05  9.5950870270352395e-01  9.3194233177776931e-01  1.3291277933893159e-01  9.8375017382169860e-01  5.4479582826754414e-01  2.3308723599553738e-01  
q[395]: 1.1118141099949918e-05  9.6750365898783752e-01  9.3280272273039733e-01  2.2481716332882252e-02  8.8899803220213713e-01  8.0689976933130148e-01  7.3648223252830172e-02  
q[396]: 1.4602381129130163e-05  9.4519682390970339e-01  8.2516131580406005e-01  2.8455164634059591e-02  9.5875449264789880e-01  9.4720291630518538e-01  3.4319352719746993e-01  
q[397]: 9.3536838218104729e-06  9.3407665753972224e-01  8.9107345215829292e-01  2.4101986409374365e-01  9.5051471795621109e-02  7.2205947590845546e-02  1.8140682862353871e-02  
q[398]: 3.6062415179672273e-05  9.5183588939487196e-01  9.4422225091272827e-01  2.2267857417098952e-01  5.3734531410608355e-01  2.0582322631186459e-01  3.7297944092553770e-02  
q[399]: 4.2598317935223770e-05  9.5540528867268570e-01  8.8646476400106389e-01  2.0785939046613419e-01  3.4142978149785885e-01  2.9055778608523330e-01  2.3053536685669307e-01  
q[400]: 4.5701938227585875e-05  9.6614523965028998e-01  8.3741561299838696e-01  1.7696095262090303e-01  4.8362938028138003e-01  1.0773187591393894e-01  8.1273339416337839e-02  
q[401]: 1.2574658986150124e-04  9.6147177822283214e-01  7.3583085864007691e-01  2.2627565019427512e-01  6.3553971941111154e-01  5.6580660663023630e-01  4.0898206725748354e-01  
q[402]: 9.5332330058886856e-06  8.9041916625496709e-01  8.1376270298485698e-01  8.3195294936813921e-02  9.7180657998483688e-01  4.7764973597002817e-02  1.1191060715854123e-02  
q[403]: 4.9462017362605618e-05  9.7235590749509893e-01  9.2724882551211807e-01  2.6035857658892497e-01  7.7997538081429507e-01  3.8317309053980342e-01  3.3814654207735378e-01  
q[404]: 4.8213023268056163e-05  9.8365668101755221e-01  8.1623959542413316e-01  1.6606684591531845e-01  8.7311200324398530e-01  2.6955110523768283e-01  5.3747189874256952e-02  
q[405]: 1.1493799041601998e-04  9.6085355337796519e-01  8.5185498419218031e-01  1.2177640906687956e-01  8.1772419471928603e-01  6.1313779274843250e-01  2.3791311734808618e-01  
q[406]: 1.5489464413515256e-04  9.6683767717324354e-01  7.5432196343862290e-01  2.6701156571415724e-01  8.6988870383703176e-01  5.0435904223869021e-01  3.3557989068658650e-01  
q[407]: 7.4592231222291036e-05  8.6233623434234508e-01  7.9935718302969738e-01  1.6406901093026699e-01  7.6656715406889986e-01  7.5243443610328309e-01  1.7580608103578033e-01  
q[408]: 2.5828963981171241e-05  9.7693855768175009e-01  9.1336050591446138e-01  2.0889882386131972e-01  8.2623749927252721e-01  7.5843251050512073e-01  7.4310745225111352e-01  
q[409]: 3.2317612516670253e-05  9.5547606601649371e-01  9.3579360068260020e-01  2.5903829204019546e-01  9.2069487599710731e-01  7.5923145727642904e-01  4.6453096762632345e-02  
q[410]: 2.3245667091122991e-05  9.8520829117346354e-01  9.5920454773451447e-01  2.3043060168089724e-01  9.0172529933845325e-01  8.5162589050462767e-01  3.8862092836590667e-01  
q[411]: 2.4146614762296017e-05  9.5357945795621202e-01  8.8400993500281277e-01  2.1446096151913352e-01  9.9679423876403628e-01  9.2345817414557929e-01  6.6939356970835628e-01  
q[412]: 4.3933538112116648e-05  8.6838344669832723e-01  8.3664634193560727e-01  4.4591200944172182e-01  2.8505008737070642e-01  2.5062418301362965e-01  4.9463064883912451e-02  
q[413]: 7.8846702609246253e-05  9.2151903771000199e-01  8.4321664446712896e-01  4.2554053841992168e-01  5.6328758957823843e-01  3.7864069924062382e-01  3.5344036456765177e-01  
q[414]: 9.8954246222244025e-05  9.7667430253931153e-01  8.8971031686056445e-01  4.0738955543238575e-01  5.9999015406570155e-01  5.0484716162028576e-01  1.0581712936308996e-01  
q[415]: 3.7548997790572680e-05  9.6638882755576316e-01  9.6194060632961786e-01  4.4648394408036496e-01  5.8208285330236231e-01  5.2886389257685285e-01  3.5746437135365028e-01  
q[416]: 7.9815231936785933e-05  9.5624522728723582e-01  9.2930100522641634e-01  4.4263820731701098e-01  7.6437424829389888e-01  3.8361759675725604e-01  1.1892785635776072e-01  
q[417]: 5.3376495888846396e-05  9.1971135640084511e-01  7.6159132689759912e-01  4.0696592071801080e-01  8.2382885699483965e-01  7.9703766589403069e-01  2.1843222320224544e-02  
q[418]: 2.9360278827250009e-05  9.6893319358633945e-01  9.3081486604215946e-01  3.3710558743030800e-01  9.7558994922910869e-01  2.4207145275211103e-01  1.4085801255266328e-01  
q[419]: 4.7049413630360868e-05  9.7362369109328561e-01  8.4643332108991443e-01  4.0289884604187703e-01  9.4113979497151035e-01  4.6567452399952092e-01  2.3451595785906172e-02  
q[420]: 9.2475030489384832e-05  8.1358905686852789e-01  7.3478554386775319e-01  2.7226098498571355e-01  9.7087108968029656e-01  4.9696628215256056e-01  3.4408923710068007e-01  
q[421]: 4.8374743747853541e-05  9.3462604086783929e-01  9.1108835182676695e-01  4.5003989348039852e-01  9.6287836982148123e-01  7.0048415894172011e-01  6.0268194160150945e-01  
q[422]: 1.3627192398055431e-05  9.5316278925598341e-01  9.3657307541442769e-01  5.4132581605663044e-01  9.5676792748709527e-01  9.4470951087640398e-01  1.3667961903156925e-01  
q[423]: 4.4088537647498410e-05  9.6328631166774592e-01  9.3892931616225062e-01  7.2082669236958641e-01  4.5491981390675895e-01  2.4649514606831896e-01  5.4270489500942404e-02  
q[424]: 3.0660325932609394e-05  9.5476945100351374e-01  8.7533560258259424e-01  6.6694743602082651e-01  2.6656863870260045e-01  2.2421032272533450e-01  1.9094105439679243e-01  
q[425]: 2.3903675595936120e-05  9.3856271272183911e-01  8.6161487010805426e-01  7.0802387708449488e-01  5.1446419132341348e-01  5.0793250552207025e-01  2.2993266851107842e-02  
q[426]: 5.1542287240160702e-05  9.8945781436540947e-01  8.0918108374025821e-01  6.3185593787112138e-01  7.2271374370759189e-01  7.0957126450440267e-01  3.3835953745321051e-01  
q[427]: 2.7453625402389764e-05  9.6120925656229772e-01  9.3826655603999520e-01  5.9646696592165438e-01  7.7070955848005673e-01  8.3233846254126928e-02  5.1079505410972594e-02  
q[428]: 6.0474411756972591e-05  9.6250068247520060e-01  8.3321081681579934e-01  5.4304482936834131e-01  9.2721919430388955e-01  4.0012129459616824e-01  3.7683694865818568e-01  
q[429]: 1.3942914808861938e-04  9.6525047762428995e-01  8.2453317102711166e-01  6.6864819989988966e-01  7.4641219696490413e-01  4.7456101701611642e-01  2.3151905937934711e-01  
q[430]: 3.2647683852639956e-05  9.7395166045438442e-01  9.5177297976651476e-01  7.4538034059073977e-01  7.3530967008676151e-01  4.9850463726891725e-01  4.6379116777792195e-01  
q[431]: 4.3864418836021948e-05  9.5818500544621799e-01  9.2866921884880049e-01  6.9206003646359637e-01  9.6922448238116832e-01  4.3679147428109372e-01  1.5098964409790810e-01  
q[432]: 2.8533941037683995e-05  8.0023183901879369e-01  7.5784966554054234e-01  5.6063174216166267e-01  9.9082478924941175e-01  2.4116115273298455e-01  2.0472736220346865e-01  
q[433]: 5.4103315526887841e-05  9.7197165861923684e-01  9.3095640319958828e-01  7.1524532085568160e-01  8.4375325892468467e-01  6.8408260110379593e-01  8.1552203539188017e-02  
q[434]: 7.9285483800362318e-05  9.0753743662811381e-01  8.2276957077319568e-01  6.8464765745052014e-01  9.5105788781659872e-01  6.9533789232546683e-01  4.7448964236889812e-01  
q[435]: 4.5463893268396007e-05  9.8174018834411414e-01  9.4351753896978563e-01  5.9475098622353317e-01  8.7156471104159428e-01  7.8071126242263811e-01  5.0536839836883207e-01  
q[436]: 2.6744994414985181e-05  9.6117460654158360e-01  8.7804136135666488e-01  6.2446716036053473e-01  9.1782729168122090e-01  8.6928126806004646e-01  8.3120404473997211e-01  
q[437]: 1.8209541452395528e-05  9.8189699339215097e-01  8.8848984333999381e-01  8.6095796778022204e-01  4.1184224053119051e-01  2.1496520818338591e-01  1.8786075744938904e-01  
q[438]: 8.7832315310366123e-06  9.2763097584533405e-01  9.0498457876572858e-01  8.7932539421453138e-01  2.1057772152780688e-01  1.7167914770211615e-01  5.0967706885755963e-02  
q[439]: 4.8199567885265543e-05  9.3924665263433038e-01  8.0498883796802689e-01  7.1934086987172452e-01  6.0310373895947200e-01  1.0901358879216837e-01  3.8785699340512986e-02  
q[440]: 4.0317882629370443e-05  9.1196441084490010e-01  9.0226406947059024e-01  7.6578023276648222e-01  5.3051908557191230e-01  4.5929260596660210e-01  2.9026294674858866e-01  
q[441]: 9.0760254691885622e-06  9.6221350185638288e-01  9.0240993114927481e-01  8.2076122444958322e-01  9.7667197053457766e-01  1.0471241624339568e-01  4.0854521878858671e-02  
q[442]: 1.8481413306047984e-05  9.7102576693091736e-01  9.6232119623668888e-01  9.1024690165034183e-01  7.1692183465118675e-01  2.7609958843749799e-01  1.6293801461779259e-01  
q[443]: 8.6258456467241304e-06  9.8167555132511874e-01  9.3503380195849262e-01  9.2183596094306552e-01  8.0573615623728556e-01  2.8317851523539600e-01  1.6358699781295547e-05  
q[444]: 2.5631363667016700e-05  9.7473452239036351e-01  9.2237499570222803e-01  9.0193654355691244e-01  7.1123678136222357e-01  6.3026071761100022e-01  1.6301325267810918e-01  
q[445]: 2.3643676586712532e-05  9.5185349258113117e-01  9.0156236729628370e-01  8.5216964593780242e-01  7.0235442162090178e-01  6.7828597394629908e-01  5.7604857322077963e-01  
q[446]: 1.2968689466157256e-05  9.8268471546892799e-01  9.4510776979696909e-01  8.8979693829820605e-01  9.7542871350044957e-01  5.0751645541928325e-01  4.2308930158950742e-01  
q[447]: 1.7951581338213670e-05  9.1877852444453856e-01  8.9047181142062970e-01  8.4005935092609307e-01  9.6624795546363873e-01  6.5420444979807335e-01  6.3726284211565870e-02  
q[448]: 2.5892932774545421e-05  9.6067985450981608e-01  9.3398752437926846e-01  8.5071093333469083e-01  9.6290618089957414e-01  8.7131323343435663e-01  4.3007457024724233e-01  
q[449]: 1.4031508989580623e-05  9.0942420503496091e-01  8.7508122899329754e-01  8.4176313156288574e-01  9.5968770473267639e-01  8.5351321470079466e-01  7.8966104562764727e-01  

