deg: 6
dim: 6
nodes: 143
efficiency: 0.923077

q[0]:   5.3774942961320183e-05  2.0680505910392136e-01  1.9607173480952539e-01  5.7289721542333756e-02  2.1305009002060063e-01  1.7516150652874993e-01  1.0560017065042625e-01  
q[1]:   7.3861607540522952e-05  1.3812131860447818e-01  9.4976572421613295e-02  7.0405990586917822e-02  7.0766183260389770e-01  1.6584076511033180e-01  3.5390344134544206e-02  
q[2]:   6.0400681381920868e-05  9.6792183409167093e-02  7.5964350010776407e-02  2.8437298891588518e-02  7.7277469696059120e-01  7.4153357142567156e-01  2.2824724441207142e-01  
q[3]:   1.2100620363397562e-04  2.5648778251431270e-01  6.1228402465955310e-02  3.6696523400016209e-02  6.8349748400708932e-01  5.8251397391387383e-01  5.0477040724921873e-01  
q[4]:   1.2944509312107206e-04  2.6169153256290933e-01  1.5475282136612703e-01  4.4140907042040767e-02  9.3051225019290529e-01  5.9854530823222485e-01  6.2131699721059218e-02  
q[5]:   1.1740997006939912e-04  1.8190091870946837e-01  1.3790237727280324e-01  9.5465450988737474e-02  9.4218527768864613e-01  5.8574218508680087e-01  3.9071535005322289e-01  
q[6]:   1.0827955688220926e-04  3.7341598665709175e-01  1.6243397242509711e-01  1.2597447293174041e-01  9.7221777023883826e-01  8.9269802530571818e-01  1.2804347390331167e-01  
q[7]:   3.8402450876908938e-05  2.2240488624230137e-01  1.8319263970174185e-01  5.6581313787680672e-02  9.2583629899289466e-01  9.0451060633384706e-01  8.3205351806899008e-01  
q[8]:   1.9823541449090219e-04  3.3138796769522388e-01  9.5444927781212580e-02  4.6527379937863420e-02  4.3869240293061496e-01  2.8834968688983592e-01  6.9915019685722904e-02  
q[9]:   2.2957242675626519e-04  4.1610849846060677e-01  3.0020980897730742e-01  2.7840085498647960e-02  7.2325069041400014e-01  5.3098564375397439e-01  1.4011560711151519e-01  
q[10]:  3.1829709757145438e-04  5.7548947833806541e-01  2.2476928087526840e-01  8.2868921401444390e-02  8.2912625199049306e-01  3.2632258148628218e-01  3.2218719387278619e-02  
q[11]:  9.5766680090017672e-05  3.5300052762232476e-01  4.2468988038629245e-02  9.1955746544319181e-03  9.5135591719842250e-01  2.8128040813721356e-01  1.8862218063811828e-01  
q[12]:  1.5824194493650165e-04  4.2504387979862385e-01  1.2976961266624709e-01  2.8966990012473454e-02  9.6275467536767390e-01  8.4496565010303015e-01  5.1387565590400563e-01  
q[13]:  2.1851150577622197e-04  4.8957687037302922e-01  2.7217420477518711e-01  9.7979084798407182e-02  3.8142637541952251e-01  9.6653790745847248e-02  8.6153709761930250e-02  
q[14]:  2.9636396085853299e-04  5.8928617949736684e-01  4.4956596072169680e-01  6.9658113941668598e-02  4.6228947077296861e-01  4.1613089833131306e-01  1.6421488122108954e-01  
q[15]:  1.5917702382268499e-04  3.8682426548386345e-01  3.5531325840965522e-01  3.3535898093564324e-02  9.1965292138953458e-01  5.0653696518552338e-01  2.6032531650712082e-01  
q[16]:  1.6273486734958803e-04  2.9227841884799699e-01  2.3983707996762166e-01  7.3527638656049346e-02  7.0561719152163271e-01  3.8005276975884944e-01  3.6329618654756718e-01  
q[17]:  1.7395073299534302e-04  4.0563798534088802e-01  3.1058007771230745e-01  2.1817328581116119e-01  6.1764689517283533e-01  5.7471044250209802e-01  3.6274922254318477e-02  
q[18]:  2.5440788679639885e-04  4.5210471993242896e-01  3.6638984313396583e-01  7.1152431350836973e-02  7.0927959974244770e-01  6.5715247213125794e-01  4.6057516638214574e-01  
q[19]:  5.6879551206357205e-05  3.7754306921830283e-01  3.2240050991159891e-01  7.4112672387965428e-02  9.2265373324495814e-01  5.1053021405161152e-02  3.7828973363305388e-02  
q[20]:  1.5905532249939686e-04  4.7983139682173848e-01  3.0014412627749015e-01  1.3085254556841922e-01  9.9652399512266965e-01  7.5074450991248698e-01  7.1641696218085460e-01  
q[21]:  2.1461267592173374e-04  5.0912900864160282e-01  4.2374351345316175e-01  1.6159250459125335e-01  9.4193058268490426e-01  9.0006838710895209e-01  3.2636221577145247e-01  
q[22]:  2.4235749631909610e-04  5.8070399024710684e-01  4.1719238142395831e-01  2.5901057020308549e-01  3.9105616309768226e-01  3.5636560260537387e-01  3.1005270338997898e-01  
q[23]:  3.0810554564537001e-04  4.4843852274527268e-01  4.1688818121271382e-01  1.9294817030534908e-01  6.2318800116353112e-01  2.9842187694069799e-01  6.7608585164506435e-02  
q[24]:  1.9090817996818919e-04  3.4955199845889801e-01  2.9835157028866488e-01  2.8960721873661310e-01  5.4068387142669694e-01  3.9882373958955813e-01  2.6311645032626219e-01  
q[25]:  1.4142051065955453e-04  4.6115217643388917e-01  3.7388613142488863e-01  2.8611777921777476e-01  9.8765631963890876e-01  2.9773200051653548e-01  5.9308005045356021e-02  
q[26]:  1.6783818224028974e-04  4.8458167142123798e-01  4.1814778181024598e-01  3.2937718039659297e-01  9.2328503741567236e-01  3.3428659132667499e-01  3.0289911432845945e-01  
q[27]:  6.5437510676259237e-04  5.1297004483978192e-01  2.6078556015980725e-01  2.0812840551138886e-01  8.1156742738844900e-01  5.4153133219410865e-01  2.4731037729752631e-01  
q[28]:  1.4135388314516278e-04  4.4329798745256327e-01  4.2237197715044922e-01  3.5005497257623797e-01  9.0279947408122008e-01  6.7180215202149107e-01  7.2653957083180190e-02  
q[29]:  2.0642899502704067e-04  4.1810188949199772e-01  3.6373369246299408e-01  2.8340184598023677e-01  9.2193779997594771e-01  8.4494848474790085e-01  5.5213681987876229e-01  
q[30]:  1.1720047023355173e-04  6.6010599005519666e-01  2.2139989572138902e-01  1.5804222797015580e-01  1.7068731326305098e-01  1.4793751746745490e-01  6.3115019433299183e-02  
q[31]:  1.7558004685350078e-04  7.2873905950849560e-01  7.6984157867507244e-02  4.8731241261008910e-02  5.6754960188437031e-01  1.9517564006966900e-01  1.1239806902983110e-01  
q[32]:  2.2197417453617832e-04  7.0627532682868266e-01  2.0908866717472371e-01  4.7231754792851570e-02  4.6777288430427266e-01  3.7913114700097272e-01  3.3489664215195863e-01  
q[33]:  2.4876038758924417e-04  6.0779287115101455e-01  1.4026524971960291e-01  4.7652539158503128e-02  7.1477094278623099e-01  6.7491042580129346e-01  3.5669779328855511e-01  
q[34]:  1.6750289531598922e-04  8.0923613546027773e-01  2.4922172237947221e-01  1.4736489261640534e-01  9.3002278561892193e-01  1.1694619041180726e-01  4.3178425419978406e-02  
q[35]:  1.2212489572251985e-04  7.8900800076585142e-01  5.1906651217801435e-02  3.0063706277453060e-02  9.4218785485368317e-01  5.3818341364099009e-01  1.6686113367722252e-01  
q[36]:  3.4631920471025687e-04  6.7331261498868178e-01  1.8522401659315302e-01  1.4252154497344302e-01  8.3884267613542429e-01  5.4960178463910203e-01  4.8843175074921569e-01  
q[37]:  1.7776963455320288e-04  6.1438521295593584e-01  1.1357182633028179e-01  4.4936314875232503e-02  7.9446785764499495e-01  6.9203648505775017e-01  4.9393008547722612e-02  
q[38]:  8.3577091597328873e-05  7.2298512402640380e-01  1.3271025426567742e-01  6.8970775137913068e-02  9.7040662293813651e-01  9.2443519203054048e-01  7.9183881223475006e-01  
q[39]:  2.2057821857723634e-04  8.0470119315434074e-01  3.6771094525606463e-01  3.3371303467637031e-02  4.2147157337032171e-01  3.0113169216696167e-01  6.3450826824860002e-03  
q[40]:  1.4326281846740329e-04  7.1398557612939006e-01  4.0907670352088160e-01  2.0521562275421586e-03  8.0583999113574423e-01  7.2856210068449423e-01  7.1057239288321350e-01  
q[41]:  3.8121687450047917e-04  6.0494914497541785e-01  3.4006427965373975e-01  3.9770160005893423e-02  7.8931993345187001e-01  2.7303871950683517e-01  2.1586322746879938e-01  
q[42]:  3.0582864003728257e-04  7.1553710717348229e-01  3.5077314595624709e-01  2.8566896125249017e-02  9.7686174742635512e-01  7.3876819189424803e-01  2.8545509990160323e-01  
q[43]:  6.1505200121128275e-05  7.8359086353329355e-01  5.9376349163081499e-01  7.7094236334940974e-02  8.5184906985709935e-02  5.1812851873447155e-02  2.9532095609678587e-02  
q[44]:  6.0745972409538410e-04  8.2105535016150577e-01  5.9217690444256266e-01  3.0370813323888124e-01  4.2316391945637855e-01  2.0081963294732219e-01  1.2046618355741683e-01  
q[45]:  5.2306786077505670e-04  7.6536930836865236e-01  4.6151139492662058e-01  1.5345696430007655e-01  7.7751228277910811e-01  7.1858244970361751e-01  1.3686844240584833e-01  
q[46]:  3.6353324392550434e-04  6.9788687673594685e-01  4.9755941575094559e-01  2.2601487494946726e-01  9.4723728727447243e-01  3.1565194213349523e-01  1.3817866496328923e-01  
q[47]:  8.8210653740827729e-04  7.5049346283215035e-01  5.4156206024135534e-01  2.3338257393481401e-01  8.4150778465039533e-01  6.1560633632702355e-01  4.8028002246268597e-01  
q[48]:  1.3265550623638606e-04  7.3820795120945837e-01  5.8646535356201179e-01  4.1538831945830312e-01  9.4680452917698987e-01  8.9990476175596457e-01  3.8644373974757125e-02  
q[49]:  2.5733175709019476e-04  7.2756218386719562e-01  3.9535028433054181e-01  3.7272891733048147e-01  4.7392867411564332e-01  4.1421818007257644e-01  1.1472359810460446e-01  
q[50]:  1.9568115688456061e-04  5.6978536921583200e-01  3.3255364429532858e-01  3.1265553956015923e-01  7.0292043788760616e-01  9.8454183033575240e-02  6.6472379104868543e-02  
q[51]:  1.2148955058800996e-04  5.8610918125619182e-01  3.7311891180739787e-01  3.5024116799414534e-01  8.2577798333265184e-01  8.0329642635017662e-01  7.6235984232425691e-01  
q[52]:  1.5757893655815475e-04  8.4895045724400275e-01  4.5142437239431005e-01  3.8126934005019775e-01  9.4925842690058215e-01  3.2381787071398044e-01  3.1555376192981499e-01  
q[53]:  1.7203501887341001e-04  7.6950357544443870e-01  3.1855779724469424e-01  2.9400276206828879e-01  9.8350437551945591e-01  6.3051963564120839e-01  7.5299483162046391e-02  
q[54]:  2.3074071358419993e-04  7.6750183928000937e-01  3.4937985556913326e-01  2.9775889978592152e-01  9.1075092222643605e-01  8.8093739329482013e-01  3.5594677759986376e-01  
q[55]:  1.1543704605772960e-04  6.1871810263249660e-01  5.8751467324202966e-01  3.7991742049141283e-02  4.6345338784036366e-01  1.4121281992558518e-01  5.0838669858210131e-02  
q[56]:  8.4625727472705756e-05  7.5508967362949020e-01  7.5476290560505355e-01  8.9628883418830366e-02  4.0819599218205715e-01  3.2207359251501205e-01  3.1463141607773104e-01  
q[57]:  2.5571284043048720e-04  7.6793249329305058e-01  6.8553272757321493e-01  2.6636741419163529e-01  7.3510795339631585e-01  1.0151652636605542e-01  3.4497556784946488e-02  
q[58]:  2.1782571260434540e-04  8.0900892694703663e-01  7.6714057953610271e-01  9.1451342850216763e-02  6.8928264677178053e-01  5.5763412378998178e-01  6.1335959551368800e-02  
q[59]:  1.3727290085132295e-04  7.0686273757412788e-01  6.2332813663578535e-01  4.1254292070248222e-02  9.1769507044129528e-01  3.1487701513570715e-01  2.5779518521062528e-02  
q[60]:  1.9527633626548110e-04  7.3021331544344714e-01  6.8402416865952054e-01  1.1634346310517933e-01  9.5501185526979182e-01  4.4593473176164333e-01  3.7387306856851360e-01  
q[61]:  1.4222072171291177e-04  6.6218901276863562e-01  6.2088700436478361e-01  2.6984054331323934e-02  9.3750622660785843e-01  8.2021569132050365e-01  6.0603867889195084e-01  
q[62]:  6.8787101974912527e-05  4.9582455227339223e-01  4.3155398829332126e-01  3.6663931953387435e-02  9.0200102036193552e-01  8.4985158119241166e-01  1.9460547501613013e-02  
q[63]:  1.0962309065581885e-04  6.8796794016659835e-01  6.5766304951751176e-01  2.8989060883682016e-01  3.0460207686839813e-01  2.7466005200979360e-01  1.4881906565996113e-02  
q[64]:  3.5738490294248638e-04  6.9691453484483223e-01  6.6696267903328910e-01  4.5682652843538574e-01  6.8333311348756987e-01  3.0043307650052170e-01  1.9061635075520181e-01  
q[65]:  1.7166712102322364e-04  6.1875288226145420e-01  6.1122468164331234e-01  2.6641227781878696e-01  7.2548751735262929e-01  6.1278291660238027e-01  5.8154560845617176e-01  
q[66]:  4.4116486523986529e-04  7.0391790908244078e-01  6.8219919337368862e-01  2.7719432181730325e-01  9.2328427463196161e-01  6.7467204868560071e-01  1.9275728909067155e-01  
q[67]:  1.0827265246401758e-04  6.0453924249954460e-01  5.4976414194264278e-01  4.8362258603446140e-01  2.2720801911164973e-01  7.8322309637110704e-02  9.1444485831857804e-03  
q[68]:  4.4021689248032576e-04  7.2276822931905593e-01  6.4050513888610350e-01  4.8054492888443512e-01  6.4143284614019114e-01  5.9816447207122958e-01  2.9403354068613485e-01  
q[69]:  6.4851574752772590e-05  8.5789089440900945e-01  7.6689606099832042e-01  6.2951872336583592e-01  9.5881428614768427e-01  6.7750786204491487e-02  3.9739180802676889e-02  
q[70]:  1.7348375580644959e-04  7.3427900226063147e-01  6.9290770707805893e-01  6.6924696931423922e-01  7.9075541282814221e-01  2.9024106148053452e-01  9.1304277647549614e-02  
q[71]:  1.6532240599696947e-04  6.8565581409529874e-01  6.5809957600809932e-01  5.8531928189524396e-01  8.9829316638034662e-01  6.9536895851819214e-01  6.1954473548093802e-01  
q[72]:  1.7218737177695668e-04  7.2311584147570762e-01  6.5971162968742370e-01  6.4160218350433362e-01  8.5834321133549019e-01  7.6268609728706283e-01  1.9292477360974161e-01  
q[73]:  9.1476725890519462e-05  9.0192768344453522e-01  7.4897751824788042e-02  5.0596321094695126e-02  4.4751643804444802e-01  3.8348560100177065e-01  1.1561927203758149e-01  
q[74]:  6.5556530654903679e-05  9.9560553426482234e-01  1.0582074059152943e-01  5.9907998657470818e-02  7.9666065960099552e-01  2.1526730830014601e-01  1.6204563577779685e-01  
q[75]:  5.6583896034138275e-05  9.3721273650116776e-01  6.6286264875848225e-02  2.0232333499283432e-02  7.9018150469986415e-01  6.7640762863399306e-01  6.3064079705351039e-01  
q[76]:  1.0370741049266077e-04  9.3265452963933537e-01  1.2988800183645280e-01  9.8107073777063222e-02  9.4233122059119612e-01  8.5196999355082592e-01  3.7091743435977625e-01  
q[77]:  1.0624474358932696e-04  9.6477538349245373e-01  2.6928075220409653e-01  8.5987836832993950e-02  2.5001021767123394e-01  1.2041904054800993e-01  8.5616398199304986e-02  
q[78]:  1.5312455960870945e-04  8.7914040696298790e-01  3.7917704008388337e-01  2.5839765126286534e-02  6.6854476052687928e-01  1.0783344183970450e-01  7.2204108593388909e-03  
q[79]:  1.3472599914415186e-04  9.7514664734744649e-01  2.0740204999309853e-01  8.0405287062905659e-02  8.0491959662974133e-01  5.4208168021295533e-01  2.9776319636604483e-02  
q[80]:  2.2215621050176762e-04  9.6697289395581831e-01  4.7645014268502600e-01  1.1784040981749676e-01  6.8397874448631668e-01  3.4421332139172633e-01  3.3402148322069408e-01  
q[81]:  2.4468217458883360e-04  9.3991069188791820e-01  2.7024073264506732e-01  1.7161421917914813e-02  7.4463280115724617e-01  6.5276456764600821e-01  3.4925004572870760e-01  
q[82]:  9.3608578560349683e-05  9.7958666859397647e-01  3.8585143854627435e-01  1.3456577318339713e-01  9.7582042131499047e-01  3.3847721789258695e-01  3.9200691635271880e-02  
q[83]:  2.0872488044468735e-04  8.6841179543833114e-01  2.4734222239548753e-01  3.1987719689915435e-02  9.7771011670541030e-01  4.9615823653764041e-01  3.8567209755415499e-01  
q[84]:  9.2553220531464638e-05  8.8849389021035330e-01  2.6409332134817126e-01  7.5834423092820055e-02  9.8303220089154808e-01  9.2822619086746694e-01  8.5779387414831085e-02  
q[85]:  5.1409935627891761e-05  9.6957890869726682e-01  4.4114104411185284e-01  1.1175666991060201e-01  9.3032442324618869e-01  8.6364303645193974e-01  8.5410092297079021e-01  
q[86]:  1.5590463987513509e-04  9.1623213392110947e-01  4.0763162216697491e-01  3.6454330768588816e-01  4.4464908807479564e-01  1.1394980163655145e-01  3.9019627940837737e-03  
q[87]:  1.2625906640318846e-04  9.5103342172160710e-01  3.0218492939556746e-01  2.7430012741809723e-01  4.9705939727344972e-01  4.1752918423242985e-01  3.5130374672537734e-01  
q[88]:  7.9147769334556820e-04  8.7274729280238916e-01  3.3632603720702592e-01  1.8503104576591695e-01  6.9667833893324560e-01  4.1232535493174605e-01  1.7570212525014414e-01  
q[89]:  8.8684919776170260e-05  9.2685430121985257e-01  2.8080521309953532e-01  2.5187984133110058e-01  7.0624708492031885e-01  6.9031570788703711e-01  7.4076291727698043e-02  
q[90]:  2.7296913264423752e-04  8.7505377668668338e-01  4.2375882756975702e-01  2.7771297431869368e-01  6.9413836561229636e-01  6.7469608521893942e-01  5.4692833143357389e-01  
q[91]:  1.3251984776667191e-04  9.7237525024560112e-01  3.6131322487642109e-01  3.5345744817353708e-01  8.7876526771683083e-01  4.1319842911324411e-01  2.0047706151455824e-01  
q[92]:  2.5769718870699879e-04  9.5339209664902536e-01  3.5668900521737718e-01  2.5391649124518367e-01  9.3602255465362372e-01  7.4520488023731135e-01  5.9744545246314673e-01  
q[93]:  1.7109303912398054e-04  7.6943198472551066e-01  5.3403637461781561e-01  2.3809804525351394e-01  9.5036986405417767e-01  9.3592425691286629e-01  7.5245080702286826e-01  
q[94]:  8.4560403134880841e-05  9.7684118347975124e-01  8.0622391639268876e-01  1.0016503494202192e-01  3.6144630094707680e-01  7.5045545459055479e-02  1.7559154142216395e-02  
q[95]:  2.1952528700275593e-04  9.4428744784451568e-01  6.3285200039398637e-01  8.6937694134744475e-02  4.3156099649901347e-01  3.8504163135480562e-01  2.8767319868056734e-01  
q[96]:  5.4042858455102707e-04  8.3584924252724313e-01  6.6384385209219554e-01  5.5766690993663132e-02  6.5752018634059006e-01  4.2114750993228706e-01  2.4538904760478503e-01  
q[97]:  8.2434144134885834e-05  9.9691699191222993e-01  6.4898301696620231e-01  5.4489706134735895e-02  7.6426435233189793e-01  7.2266775060279476e-01  5.8049098900904546e-02  
q[98]:  7.7899471803263769e-05  9.0560181238575854e-01  6.4652784910818561e-01  7.0567831242310239e-02  9.7420959648377392e-01  1.2525993167503160e-01  1.0939214361904126e-01  
q[99]:  2.3750920948940313e-04  9.6701417032130887e-01  6.2249394977254457e-01  4.2857927973804978e-02  8.5863545283188436e-01  4.7212497869221381e-01  1.4911414100054093e-01  
q[100]: 2.4363187618768099e-04  7.9890711357895083e-01  5.4660211417127125e-01  1.2075787092691452e-01  9.4860470386543527e-01  6.4527679829509876e-01  2.4580523581945249e-02  
q[101]: 1.5112528595360463e-04  9.4905403755860163e-01  7.4268028753240301e-01  9.3973931397764249e-02  9.4742600421666079e-01  6.4729393007696778e-01  5.9021998260068897e-01  
q[102]: 2.3961642792878903e-04  9.3624056034531766e-01  5.5669730443144028e-01  1.0756189152209913e-01  9.3794423550558148e-01  8.7388731048611168e-01  5.4601632803874500e-01  
q[103]: 2.3605370800689634e-04  9.7703927078401742e-01  5.8942354795306973e-01  3.0049836920546386e-01  4.3295156732112389e-01  4.0274736061402339e-01  9.3646173417496426e-02  
q[104]: 2.0867626259360637e-04  9.7094759620627358e-01  6.3817656645776144e-01  3.5752210319693639e-01  7.4145060571253574e-01  1.4145577868481146e-01  1.1968835867106313e-01  
q[105]: 2.2833593211911651e-04  9.5929922441732474e-01  8.0104012002709568e-01  4.1642398531822872e-01  6.7086304018195075e-01  6.1666983839284606e-01  5.6575099381906435e-01  
q[106]: 3.5702827814536033e-04  9.3949928973837016e-01  6.9048121085510394e-01  2.8991985879113241e-01  9.3275911373467468e-01  4.1997222768790493e-01  2.1843575568537382e-01  
q[107]: 4.1332037616023491e-04  9.6972414211260460e-01  5.9734844421418243e-01  3.4941903049766310e-01  9.1851723843660105e-01  7.5284470310683593e-01  1.9390222742380858e-01  
q[108]: 8.6319803453507323e-05  9.5885357220555356e-01  6.9390823509257760e-01  5.7519470978012766e-01  1.6675897111268018e-01  1.2866317987856085e-01  8.4145957042538688e-02  
q[109]: 4.8858085915121367e-04  7.7866938165017441e-01  5.5703271356716444e-01  4.1184579239284841e-01  7.0994692197942000e-01  4.3947441827580197e-01  1.9908605718772166e-02  
q[110]: 3.7334031288529959e-04  8.4788495972377420e-01  6.2587282175199777e-01  5.8250641803071068e-01  6.0512023913796265e-01  3.6146956020923859e-01  3.2711982968900666e-01  
q[111]: 2.6353616095807112e-04  9.9158886045714190e-01  7.0777537048415284e-01  6.2581819750837941e-01  7.1166299269096789e-01  5.7707651927154291e-01  2.8178551500890187e-01  
q[112]: 2.3188702506545810e-04  9.3928880848658791e-01  6.6924707343466916e-01  5.8550807691322770e-01  8.7310700874294034e-01  2.5535904753037042e-01  5.8085739323418116e-02  
q[113]: 4.1260313028869747e-04  7.7760161112641379e-01  5.7881938019458301e-01  4.9380073549886899e-01  9.8234889316773311e-01  6.5778023370088545e-01  3.6140113810310243e-01  
q[114]: 6.5967438283761972e-05  9.5340948485759280e-01  5.9723915372182601e-01  5.7897570792526176e-01  8.8515106782317987e-01  7.7375265565951801e-01  1.3706229353209165e-02  
q[115]: 1.2413395301981794e-04  9.0977274641289430e-01  6.5838718496228898e-01  6.1866136145006678e-01  8.9706929080865150e-01  8.5524245814588973e-01  5.4178463925406450e-01  
q[116]: 5.3529679298854067e-05  9.2803071716789254e-01  6.4736455380689395e-01  5.9746846073168547e-01  9.6407612329501902e-01  8.8093991230758073e-01  8.5639571090320055e-01  
q[117]: 4.6769468503423101e-05  9.8769395286365358e-01  9.4946717622586974e-01  5.4319705102376985e-02  3.8054959125635901e-01  3.4311018636445800e-01  9.5583948612689915e-02  
q[118]: 8.3052597896252924e-05  9.2809122908912933e-01  8.6328866401534377e-01  3.5805160413928339e-02  7.8282682010877291e-01  1.8767394788636330e-01  1.2670620270877669e-01  
q[119]: 8.6017473042211359e-05  9.5712570759418480e-01  9.2004698327187073e-01  3.6286608517650018e-02  9.3139817895082666e-01  5.8503277936398945e-01  1.8775282766867940e-01  
q[120]: 7.9710642213389016e-05  9.5624396960626901e-01  8.7942382397512120e-01  4.0691742676051822e-02  8.1358358089953953e-01  7.5747533883778972e-01  6.4884295036215012e-01  
q[121]: 8.5827959947324040e-05  8.4831563907618668e-01  7.2422469094775510e-01  8.1357972716880108e-03  9.4890677895943265e-01  9.1986893523935165e-01  2.5683700761318112e-01  
q[122]: 1.8571775501262207e-04  9.2341481238403056e-01  8.7847907970241168e-01  4.1832327929591456e-01  3.0584959095248582e-01  2.1039568810869169e-01  1.1587042297471746e-01  
q[123]: 3.0702912829857880e-04  9.5726920536810156e-01  8.3166483090516508e-01  2.9123970369933860e-01  6.7150991768279833e-01  3.5460685692458233e-01  3.6683209658462404e-02  
q[124]: 1.3307399201637878e-04  9.4311159649591836e-01  9.3356677492219531e-01  2.3196678456756301e-01  6.9051602630063846e-01  3.4951023924957331e-01  3.2165419337395457e-01  
q[125]: 3.6726941305451207e-04  9.0218753427500231e-01  8.2139638781661173e-01  2.2751023244866270e-01  7.5596521512818504e-01  7.1188119970156538e-01  3.5288077425000669e-01  
q[126]: 8.2029028188649382e-05  9.5988413317927213e-01  9.1441865655902355e-01  2.9198611043897527e-01  9.4367210537783319e-01  2.1818822274305849e-01  4.0284033671347357e-02  
q[127]: 1.3741254871785989e-04  9.7409642566023158e-01  9.0887332292862877e-01  2.7939852963546657e-01  9.7172325274962512e-01  7.6395028926655906e-01  4.5675936117243743e-01  
q[128]: 7.5903311231825463e-05  9.6737699960121626e-01  8.8940614000904172e-01  2.2825186348846094e-01  9.6429981903065987e-01  8.5202459415245213e-01  4.9434647031420878e-02  
q[129]: 5.6384722917479413e-05  8.4922156288783901e-01  8.2410488156648909e-01  3.0816516428919649e-01  9.8297157273094726e-01  9.3645471376998213e-01  8.9794101614328747e-01  
q[130]: 8.0463659087991410e-05  8.7026419249091658e-01  8.4611409120226044e-01  7.5766894728751411e-01  3.7509930509525363e-01  3.4017260612978195e-01  2.7547754963309956e-01  
q[131]: 3.3574956559538101e-04  9.5815548655174121e-01  9.0274857152683474e-01  6.0127351939281015e-01  7.3481396751272521e-01  5.0211091246207362e-01  2.4498624179583925e-01  
q[132]: 1.4294003623215775e-04  9.1644804501858113e-01  8.5634704901657865e-01  5.4176569782863115e-01  7.1385808528272066e-01  6.8857017384452357e-01  5.2347168293994856e-02  
q[133]: 1.3146513356961071e-04  9.0537441160953303e-01  8.8735446466090007e-01  5.7082714271011603e-01  9.3033355387387129e-01  3.4508570239156228e-01  2.8284571937397740e-01  
q[134]: 1.7603065690857626e-04  9.0913558789648741e-01  8.4825396275213460e-01  6.3858689182346895e-01  9.5156614747116475e-01  5.2975701201095327e-01  4.6548658109200183e-02  
q[135]: 1.7814911984369950e-04  9.6017343249589959e-01  7.8492897135925555e-01  5.4610517039172490e-01  9.1528549733103270e-01  6.1790148233428388e-01  5.8482503933285179e-01  
q[136]: 7.9750637923252946e-05  9.2052735340214342e-01  8.0837694154504269e-01  5.0590738149334080e-01  9.8885169288747143e-01  9.7895070282470953e-01  2.9762369633187091e-01  
q[137]: 1.4803031824378140e-04  8.9183235479577150e-01  8.4063464516356612e-01  6.2326559578012208e-01  9.6308513574053634e-01  8.7785565472941096e-01  6.0542409465129232e-01  
q[138]: 1.4554176430902678e-04  9.1908139073379180e-01  8.3452724141311130e-01  7.8051108665288782e-01  4.7431562351861517e-01  3.5712658902552813e-01  4.7655291685564656e-02  
q[139]: 9.3937365277584214e-05  9.7320348041434135e-01  9.1631569611868491e-01  7.6819183697965010e-01  5.1835803686352555e-01  9.0861908144556386e-02  5.1401077010544874e-02  
q[140]: 5.4924315843419016e-05  9.4907649224447488e-01  9.3851210281347852e-01  8.6410866193236746e-01  7.8042846773652397e-01  7.3473659251959234e-01  6.2489207669279256e-01  
q[141]: 8.1897617173668514e-05  9.6668819717997923e-01  8.9824275893275063e-01  8.8878838386934722e-01  9.1110083621482196e-01  4.3972411171122455e-01  3.0404833371740686e-01  
q[142]: 7.2106467152333070e-05  9.6741345577627769e-01  9.1573720726052699e-01  8.5474965201419906e-01  9.2210713425977642e-01  7.9176287545984836e-01  1.5871169409311819e-01  

