3 57
4.6962055437697638e-02  8.1711851101163566e-02  2.1662765954990248e-01  1.1578964321455942e-02
4.4049495393536156e-02  3.2954976276861864e-01  1.7871761825650700e-02  6.3007627673094318e-03
1.3295740778508297e-01  2.4891008786188923e-01  4.8580434622577046e-01  3.5486620799477578e-02
3.4850308634626556e-02  7.3779728296481481e-02  7.6334330025062425e-01  9.4586391657665737e-03
8.6790046952582162e-02  2.8700696753101523e-01  9.5402762406744046e-01  1.1191004447699758e-02
1.7154509036626314e-01  7.2869681315420343e-01  6.9831681572968013e-02  1.6675675642512908e-02
5.0728833770035175e-02  5.5275876938282009e-01  1.9369368259340738e-01  1.2515666296254280e-02
2.6412007810093847e-02  4.8483887697970468e-01  5.0413617806827860e-01  1.1496114810958922e-02
1.2523249808882491e-02  5.1578166827026051e-01  7.9894743967439164e-01  8.0555734443097087e-03
2.4355811793244194e-02  8.5531554705081447e-01  2.9269634660381993e-01  9.8980420995384479e-03
7.5826509103987957e-02  7.8667992863002101e-01  9.5807276203282965e-01  9.5770773574849841e-03
6.8331771785970996e-02  9.4523085555952402e-01  4.5513382845987008e-02  4.1317022646690828e-03
3.0475621054613405e-02  9.6358951812323335e-01  7.5322939008622447e-01  5.8780007021055616e-03
2.4095581940320462e-01  5.6324121518375674e-02  4.3600243156705715e-02  8.9930763456394346e-03
2.6758021402679405e-01  6.2285671193490419e-03  5.1201670886311945e-01  1.2699044821245771e-02
3.3377154978364093e-01  1.7585237599754128e-01  7.7364815159262112e-01  3.1808843294866093e-02
2.0490256444486279e-01  4.0051483178844584e-02  9.6662458885629310e-01  5.6169694940414686e-03
2.8394518181572803e-01  3.1490213588431554e-01  1.5956186199904107e-01  3.3617390753855204e-02
2.5140796721737513e-01  5.1654765728106600e-01  8.2172281048335460e-01  3.8141858390192393e-02
2.6238108165725632e-01  5.8356841738709408e-01  2.8293410594338070e-01  2.5326663796408123e-02
1.4992763033535197e-01  7.7562167275732341e-01  6.2043349244678869e-01  3.4029685270632617e-02
2.0982406599028780e-01  9.7016118091836334e-01  3.7093728635167128e-01  1.5270028341744112e-02
2.6976358803907952e-01  9.6340731670662727e-01  9.1508467072745681e-01  9.7491196182441595e-03
5.1070927747552186e-01  1.0353106269226381e-01  2.9536370608164586e-01  3.3943787408478886e-02
5.8844885744413611e-01  6.4928115257342739e-02  8.9664557921403343e-01  1.5453831732391191e-02
5.6635893542331317e-01  2.7289583479668533e-01  4.3213280574273122e-02  1.5228821984805008e-02
5.9074469665283247e-01  2.3175943870447621e-01  6.2879909362096242e-01  2.6359681135033827e-02
5.0557180081116182e-01  3.7063459498917350e-01  9.8514322049012604e-01  1.3783240595381729e-02
4.9442819918883768e-01  6.2936540501082705e-01  1.4856779509873647e-02  1.3783240595381677e-02
4.9999999999999961e-01  5.0000000000000122e-01  4.9999999999999967e-01  5.5468225794993872e-02
4.0925530334716848e-01  7.6824056129552465e-01  3.7120090637903608e-01  2.6359681135033754e-02
4.3364106457668716e-01  7.2710416520331500e-01  9.5678671942572691e-01  1.5228821984804949e-02
4.1155114255586389e-01  9.3507188474265723e-01  1.0335442078596607e-01  1.5453831732391119e-02
4.8929072252447836e-01  8.9646893730773602e-01  7.0463629391835436e-01  3.3943787408478920e-02
7.3023641196092093e-01  3.6592683293372973e-02  8.4915329272543374e-02  9.7491196182442185e-03
7.9017593400971287e-01  2.9838819081636773e-02  6.2906271364832878e-01  1.5270028341744115e-02
8.2845490963373747e-01  2.7130318684579585e-01  9.3016831842703207e-01  1.6675675642513033e-02
9.1320995304741759e-01  7.1299303246898538e-01  4.5972375932559241e-02  1.1191004447699713e-02
7.4859203278262487e-01  4.8345234271893461e-01  1.7827718951664520e-01  3.8141858390192365e-02
7.3761891834274318e-01  4.1643158261290691e-01  7.1706589405661958e-01  2.5326663796408390e-02
6.6622845021635912e-01  8.2414762400245911e-01  2.2635184840737879e-01  3.1808843294866058e-02
7.1605481818427230e-01  6.8509786411568629e-01  8.4043813800096001e-01  3.3617390753855100e-02
7.9509743555513712e-01  9.5994851682115567e-01  3.3375411143706908e-02  5.6169694940414452e-03
7.3241978597320623e-01  9.9377143288065095e-01  4.8798329113688066e-01  1.2699044821245767e-02
7.5904418059679701e-01  9.4367587848162693e-01  9.5639975684329581e-01  8.9930763456392698e-03
9.6952437894538701e-01  3.6410481876766779e-02  2.4677060991377608e-01  5.8780007021055469e-03
9.7564418820675536e-01  1.4468445294918636e-01  7.0730365339617973e-01  9.8980420995385208e-03
9.3166822821402884e-01  5.4769144440475370e-02  9.5448661715401328e-01  4.1317022646690281e-03
9.2417349089601231e-01  2.1332007136997908e-01  4.1927237967170281e-02  9.5770773574849460e-03
8.5007236966464816e-01  2.2437832724267731e-01  3.7956650755321086e-01  3.4029685270632666e-02
9.8747675019111747e-01  4.8421833172974010e-01  2.0105256032560706e-01  8.0555734443097087e-03
9.7358799218990688e-01  5.1516112302029504e-01  4.9586382193172057e-01  1.1496114810958701e-02
9.4927116622996477e-01  4.4724123061718113e-01  8.0630631740659164e-01  1.2515666296254268e-02
9.6514969136537354e-01  9.2622027170351839e-01  2.3665669974937575e-01  9.4586391657665789e-03
8.6704259221491731e-01  7.5108991213811027e-01  5.1419565377423015e-01  3.5486620799477717e-02
9.5595050460646425e-01  6.7045023723138131e-01  9.8212823817434936e-01  6.3007627673094015e-03
9.5303794456230262e-01  9.1828814889883636e-01  7.8337234045009752e-01  1.1578964321455899e-02
