2 20
2.8615278595222903e-02  3.3077195287924736e-02  1.0285214206576184e-02
8.4614824129095184e-02  2.2615632058629029e-01  5.6081383536016591e-02
2.0713443209525263e-02  5.5817941736989152e-01  3.1634074678204831e-02
1.6945217717699429e-01  7.3320000649209138e-01  5.5471066409587960e-02
5.4781868035040350e-02  9.2047347406807245e-01  2.8346267203702258e-02
2.7169063781537711e-01  5.5407489092100901e-02  4.8248486858898883e-02
2.5974706512535073e-01  4.1991364283705240e-01  8.8859972176585728e-02
2.1200856872732304e-01  7.3622908485716521e-01  2.2853079973757764e-02
3.0887752592362383e-01  9.7429325785967424e-01  3.2355748792942618e-02
6.9131412997169406e-01  2.5732713143732888e-02  3.2376658128851821e-02
5.1355061874902919e-01  1.9303926271437546e-01  9.0638460407840946e-02
4.8689193806016490e-01  4.9904259127499728e-01  6.7874776738696990e-02
4.9116302344995372e-01  8.0950156984927657e-01  8.9571452607408134e-02
8.2161201041270371e-01  2.6583641918641487e-01  7.6284199278182446e-02
7.3091704618710251e-01  5.7315577753697389e-01  9.3588610558783758e-02
7.3050807631307102e-01  9.4562374590563369e-01  4.7367230975574451e-02
9.4536448212925217e-01  7.9532525163928294e-02  2.8296754259778664e-02
9.7924959668054645e-01  4.4141688923768652e-01  3.1711144556798306e-02
9.1329369327997112e-01  7.7041533711604049e-01  5.7659330886002044e-02
9.7222718507246031e-01  9.6490746034111397e-01  1.0496087765809741e-02
