2 24
3.8726577122139422e-02  2.7850715721745561e-02  3.1267770487347800e-03
1.4972986670917951e-01  3.3863058049070888e-02  1.3902952002814165e-02
1.9315048124268530e-01  1.5761218693778214e-01  1.6058964062940818e-02
3.5215936429115008e-01  2.9593105534191658e-02  1.8103607398272374e-02
3.4671729765211085e-01  1.6156711367324922e-01  3.0784670491144576e-02
4.4285731805326722e-01  3.4200255830568665e-01  2.6950810138424802e-02
3.9300039991392061e-01  3.7860151930647418e-01  1.0424522074547036e-02
6.0407803301765450e-01  3.1526828984815222e-02  1.9728097605108734e-02
5.1062111584974068e-01  1.4373545392666276e-01  2.5667558544323441e-02
6.8219380080530756e-01  1.6943740878020938e-01  3.0541871427006019e-02
6.3159477688705712e-01  3.5064330810305866e-01  4.5389984508375454e-02
6.5574428168617183e-01  5.4364107912314119e-01  2.7033185097306484e-02
6.4337784448002988e-01  6.2286339361288801e-01  1.2687665760988042e-02
8.2475236614523950e-01  3.8381935023682097e-02  1.8040828121191042e-02
8.4898227419118732e-01  1.8816913662697696e-01  2.9516037502771358e-02
8.3889945930505228e-01  4.0751848189109924e-01  4.1252981449137506e-02
8.3746669161003640e-01  6.3574460815918044e-01  3.5268882059841779e-02
8.5039854556140015e-01  8.1038529050395425e-01  1.7112265939017091e-02
9.6424316853885850e-01  1.7931146801322653e-02  4.7506446759428564e-03
9.6771087865286975e-01  1.2551131481290320e-01  1.3490957155264157e-02
9.6870441592059375e-01  3.3882415814614025e-01  1.9631686841592836e-02
9.6756403243358713e-01  5.9362653559925838e-01  2.0615052840759408e-02
9.6742393367790014e-01  8.1459294291479412e-01  1.4909704325061408e-02
9.7260935179345009e-01  9.4660323908904198e-01  5.0102929294338220e-03
