4 61
3.4484239439028258e-02  4.2182736908688331e-02  2.3723300535617879e-02  5.4454401433219013e-01  2.2923329379777725e-03
8.5395228278284829e-02  4.8292015109893630e-02  1.4252894684520798e-02  8.9665151466303206e-01  2.8169656213809695e-03
9.9086533585519363e-03  5.6901099719199676e-02  3.2889330009351331e-01  1.2751625639763692e-01  5.3856783926116251e-03
1.2198176160518766e-01  6.8929703932498615e-02  6.4792866494789036e-01  4.4344012923184667e-01  1.6178156732591625e-02
8.2697382772659742e-02  1.6614474792864212e-01  6.7298581302902982e-01  9.8850083440783132e-01  8.8817050490110731e-03
1.5237424834221908e-01  9.8214765823082084e-02  9.1004772001544942e-01  1.7112837231182265e-01  9.6970056397454943e-03
7.9569791229693584e-02  3.1035865268901508e-01  1.9944932146963282e-01  8.6864996731583488e-01  1.1112074869299627e-02
1.0337702325089641e-01  2.9145225553591014e-01  1.9560151581585125e-01  2.2081469081970939e-01  1.4883499668132197e-02
2.2275054386196171e-02  3.8608456799823410e-01  7.3714225151655988e-01  4.2173006958537895e-01  8.0958813695706199e-03
8.9266176721177759e-02  3.6999406600369028e-01  9.2732403055931545e-01  7.3715429388919895e-01  1.6153467458357385e-02
8.0231650605023352e-02  7.0483077483196199e-01  3.3767807176691575e-02  4.4113244774912470e-02  4.9160595148202346e-03
9.1626312185562664e-02  6.3871765371271649e-01  4.5879348319532853e-01  1.3845373810538292e-01  1.5732163028810461e-02
3.8572736498502944e-02  6.0804874669675280e-01  4.3004294052434633e-01  6.7074861891039783e-01  2.2719187883812976e-02
7.6050088613628372e-02  6.5139854286350352e-01  9.1537595308170605e-01  1.7529219954634745e-01  8.5618080175634288e-03
6.9373604299968264e-02  8.8496789161002576e-01  7.6459019302947517e-02  5.7221977380790157e-01  1.1105685861231644e-02
1.2117977520704500e-01  9.1909094313984874e-01  3.2908611780065578e-01  9.5928200210838377e-01  8.6931728005184734e-03
2.2937494936572527e-02  9.4725778830212248e-01  7.5872864800753947e-01  3.9977859777466720e-02  3.6110307836955736e-03
7.3554187945080701e-02  9.1512285511789937e-01  6.9105287646209212e-01  4.5584181825901721e-01  9.4964470203029710e-03
1.1438596358256624e-01  9.1953707998770839e-01  9.4024150901909609e-01  8.5564760724357825e-01  7.9710843945847119e-03
3.6541567688028376e-01  8.6396986339678974e-02  2.2219957119114331e-02  2.8105395370607938e-02  4.6546908151632559e-03
3.4790548352252382e-01  1.0824872209362098e-01  3.9049565410056480e-01  7.4514254563751592e-01  4.0103307714556308e-02
3.9163337608924326e-01  5.5791698978626446e-03  9.8247873866734237e-01  7.6236294359051804e-01  7.8175067857333379e-03
2.8883809434495855e-01  3.7079308411663592e-01  1.0932224596850389e-01  4.3733887222572898e-01  3.8773386224741344e-02
3.0956476480008421e-01  3.2217564438399349e-01  6.8718829046986940e-01  5.1603644409884833e-03  2.0364547958436521e-02
3.5732096025625398e-01  3.1039841656076744e-01  7.7060679223195516e-01  4.3230520859326460e-01  2.7800999248745791e-02
3.0863995980219577e-01  6.5589818880661999e-01  5.2119371019898657e-02  9.2641362916679970e-01  1.3151034939745190e-02
3.2248050392876404e-01  6.3239542232953294e-01  3.7110982148335070e-01  1.7124010831499359e-01  2.0576820987701902e-02
3.4400436081143065e-01  7.0068240873943399e-01  4.2975746997517905e-01  7.1182144462922559e-01  2.9112622554643381e-02
3.5365861194789505e-01  6.2663774261869765e-01  7.3435233407968636e-01  9.2741623742028856e-01  3.1222392386064245e-02
3.3910526787954898e-01  6.8675223364823268e-01  9.7562700872385999e-01  2.3877419160794727e-01  1.6818849458122960e-02
2.9331786046840441e-01  9.5644668308694036e-01  2.2288865554740112e-01  1.7053328149506805e-01  1.7792925828008510e-02
3.4595986063569728e-01  9.0518560339405973e-01  7.0572179480940600e-01  4.7891576611258591e-01  3.3806417386584180e-02
6.7993189807109466e-01  7.0178883084131812e-03  3.3401578008788145e-02  5.8967242023159094e-01  8.3921876739454452e-03
5.6057964439999164e-01  6.5942994216042758e-02  3.6167747798006367e-01  1.7725368328771191e-01  2.4120847502979190e-02
7.0265444507823027e-01  1.2171115208185442e-01  7.4629833728770911e-01  9.7858473668049972e-01  1.2373849672506985e-02
7.3633650477518331e-01  1.2184638511535978e-01  9.2900413792446546e-01  1.2658831084103511e-01  1.4607601720480777e-02
6.5366881446544656e-01  3.3979700315758665e-01  1.7373121149615453e-01  9.1893425043100929e-01  2.8536489424458394e-02
6.5428591357994115e-01  2.8441962066675514e-01  2.1865966610281143e-01  1.7765687765254043e-01  1.4726746677231463e-02
6.5419153216696568e-01  3.4267444385284335e-01  6.8595764946157134e-01  4.4379214238955250e-01  4.7623499169394352e-02
6.3281717014617689e-01  3.9815720132527760e-01  9.2195723249092787e-01  7.5727028344685121e-01  2.2627857354460691e-02
7.1156005415837942e-01  6.1765934075759377e-01  1.3748883982351731e-02  5.6951329308807704e-03  8.6300566074477870e-03
6.6136693466924990e-01  7.1435690941991548e-01  4.1747669483418970e-01  1.7464271998038655e-01  3.9222325309290540e-02
6.8107818055177316e-01  6.0820241786335549e-01  4.5141128939257830e-01  6.9634925711335538e-01  1.6249291332082191e-02
6.5148229833107596e-01  7.5490518999600587e-01  9.3218753965197154e-01  2.8252224038173274e-01  1.2354813731326273e-02
6.1845010997902683e-01  8.2399728973060260e-01  6.8940318025927483e-02  5.4500767552417539e-01  2.8834698672470377e-02
6.5572730176418681e-01  9.8933205769005561e-01  3.3407465267526465e-01  8.6140616176495821e-01  1.7542359205691194e-02
6.5415559069435092e-01  9.5867581260383405e-01  8.0380489920521991e-01  3.7835294339217556e-03  9.2164591002248351e-03
7.2569382577178920e-01  8.8330287990788114e-01  9.3745265735923422e-01  7.9717822584653564e-01  1.4876764127026338e-02
9.1204588767702033e-01  5.5328760142931187e-03  1.2777592059638998e-02  9.1435639298348870e-01  1.5565468675901553e-03
9.7773377091707148e-01  1.3600915417061141e-01  3.1279973504556835e-01  6.3408269826233071e-02  7.9019124422897921e-03
9.2123284725711074e-01  1.4812232814561010e-01  3.9515607658354451e-01  8.3047018489094171e-01  1.5701147730711316e-02
8.8899038699077837e-01  4.7827191959615371e-02  6.9859665073112720e-01  4.7134483749221401e-01  1.7707636607900142e-02
8.9831993459078519e-01  3.2338936397993612e-01  1.1057107918296115e-01  3.9827382043934856e-01  2.6518037255375611e-02
9.8654166664305620e-01  3.0365883088985157e-01  9.3374528725912320e-01  7.7043562246327424e-01  9.2185407595053309e-03
9.9103948778209572e-01  7.7731591298375624e-01  4.8152354034003947e-02  8.9473437628255370e-01  6.2864460814241775e-03
8.8931452535848177e-01  6.1555979820082463e-01  4.2138391673097036e-01  6.6789977738835482e-01  3.5997662797959788e-02
9.1636535952779385e-01  5.0926749398783200e-01  6.7712462713991095e-01  8.3514272363607159e-02  1.8516910836905456e-02
9.0488228282512861e-01  7.4157390411123747e-01  6.9295674512315086e-01  9.9215197554716528e-01  1.0794118108627494e-02
9.5728393290421898e-01  5.9970329437697623e-01  9.5939930561095377e-01  2.4817925918041395e-01  8.2748535987499285e-03
9.4092432479743116e-01  9.2449313179682413e-01  2.0854923574463277e-01  2.0572121685775061e-01  1.3114613901838480e-02
9.1802841717218353e-01  9.2107236236627821e-01  7.3428922860276191e-01  4.6741526032699965e-01  1.8176816397839933e-02
