2 14
7.4910682074420823e-02  4.5033178915585392e-02  8.7193340958231520e-03
2.2266442900238662e-01  4.4559577137448680e-02  2.5054431573777926e-02
2.4753330277642574e-01  2.0439079603069113e-01  2.3069599249271596e-02
4.9722279279885950e-01  5.2142391784525129e-02  3.8782780195282286e-02
4.6200936229376410e-01  2.3621738669717154e-01  6.1334271137192899e-02
5.0077862531260664e-01  4.5217091878210613e-01  3.3609480736988037e-02
7.7668340976265116e-01  5.6905736840094555e-02  3.4519429205284669e-02
7.4379738267343520e-01  2.6755515879876873e-01  6.8794432993415977e-02
7.4829624140040607e-01  5.3795447224943838e-01  6.1972083509851589e-02
7.6782433369790559e-01  7.3124131783454360e-01  2.3437178656286188e-02
9.5631744970639021e-01  6.3223859794400386e-02  1.7683079260504747e-02
9.4717254318509969e-01  3.0086355242334806e-01  3.9995776191707647e-02
9.4749024561457229e-01  6.2062278944483640e-01  4.1342799591319521e-02
9.5110408456084372e-01  8.7977019778912957e-01  2.1685323603293827e-02
