3 48
6.4817288685916505e-02  4.8729571528151265e-02  3.4963532128549135e-02  4.4531435432146205e-03
9.6243373664055623e-02  5.7170109973996949e-02  9.3465003627960697e-01  8.3006446295058964e-03
7.1109428754628126e-02  3.3796620273429356e-01  6.6299873981379931e-02  9.0913756968336243e-03
6.0552715545391142e-02  1.0354646836395204e-01  3.9582457528104359e-01  1.8059739272043053e-02
4.2621520813821596e-03  2.6651862261870940e-01  7.2484563901777754e-01  1.1772749638261370e-02
1.6840544088902079e-01  4.8195130314164397e-01  4.5037929690976325e-01  4.5889209381544831e-02
8.6216557700244431e-02  5.0743719297344847e-01  9.5929707399169428e-01  1.5024948843691908e-02
1.6397642022558136e-02  6.3763158599436098e-01  1.8974766286171060e-01  1.4354407020717446e-02
6.9457433395720497e-02  7.4211166201953893e-01  6.8549637378994954e-01  2.5644577163780932e-02
9.6849403487522315e-02  9.3869612417272252e-01  9.1255786383469861e-01  1.0486681873576232e-02
8.3387187175463437e-02  9.7338242550207221e-01  1.0733471636404028e-01  5.6496262122005614e-03
6.9232617329655442e-03  9.5673493429432166e-01  4.5335760860589441e-01  4.9841919820396196e-03
2.4887159135169629e-01  8.5002885028742248e-03  6.1612404812444488e-01  1.2658680641236019e-02
1.9805887242017570e-01  2.8706862420635365e-01  1.9432521458250795e-01  2.7697538261967407e-02
2.5933391438883124e-01  2.2598806841886471e-01  7.7453456692844058e-01  3.9718175971038529e-02
3.5850582350262955e-01  4.9917616440114082e-01  8.7635609973123485e-01  2.3984863743646456e-02
1.9298523695757971e-01  7.7443940423877089e-01  3.7619855613107149e-02  1.6962423404827690e-02
2.9503806494322610e-01  7.8303749836204750e-01  7.4872211165663582e-01  2.2446174799196850e-02
2.4342693052451778e-01  8.9354194855309432e-01  3.7106783894950868e-01  3.6317569899790667e-02
3.7853912232625014e-01  6.3663682394696289e-02  1.7316242245569091e-01  2.4270451585080122e-02
4.8993615950230585e-01  1.5672817306627101e-01  9.7132021555877923e-01  1.6825934791545056e-02
4.2898013137852647e-01  3.4701735104172582e-01  1.7134531388284059e-02  1.8715829185464956e-02
5.6326682587262333e-01  1.6978485624485232e-01  4.5827157602908958e-01  4.9681741762814126e-02
4.8500521417248993e-01  4.7611452495243684e-01  5.4858493150648491e-01  4.6182491805187846e-02
4.7627082502477741e-01  6.6378242760007333e-01  2.0969919109961649e-01  5.4991787286662007e-02
4.2713778472663883e-01  7.9928795627832949e-01  9.6588540141529777e-01  1.8187457579868286e-02
5.6396239718130547e-01  9.5592991805233463e-01  9.1230157615296611e-02  1.6561393328109283e-02
4.4178717683046725e-01  9.8812257438890594e-01  7.0915540396998322e-01  1.7894501014157810e-02
7.5203573742465502e-01  6.5036659911910960e-02  4.8962540801222185e-02  1.1952495955760676e-02
6.6885798816320918e-01  2.6948924027801816e-02  7.7999498040883519e-01  1.7485184165556087e-02
7.7591268738592967e-01  3.1422417305769446e-01  2.2103353276040247e-01  4.0093266529400477e-02
7.9924114530290380e-01  2.6148234718700619e-01  6.9443839496957938e-01  2.1391975302487678e-02
7.6021978858095685e-01  4.3947000825259380e-01  9.0665959687840569e-01  3.4253631933447486e-02
8.5402740752834960e-01  7.6823325437934764e-01  2.9862005748624867e-03  8.5564099331581281e-03
7.7297649501306398e-01  5.4960281882832307e-01  8.9091049745374032e-02  1.9815249181185376e-02
6.5534586967712083e-01  7.0526326042074439e-01  7.1086639071044322e-01  4.3459236335018595e-02
7.8573501217680775e-01  9.3043263432627599e-01  9.4001005658735948e-01  1.3101046314439454e-02
7.4910860731583351e-01  8.7843536402314781e-01  4.2866408475854051e-01  4.2882213483560139e-02
9.2143129150285474e-01  7.9643478401537834e-02  9.4907798211610261e-01  7.0615968132421271e-03
9.9683933068814001e-01  2.4122703090949188e-01  7.5194779653937324e-02  8.1422836832429468e-03
9.0968507404353294e-01  4.1825118574492205e-02  3.6584330514568697e-01  1.6383000897200801e-02
9.5800376057098291e-01  2.0685000107846035e-01  7.1898772956953116e-01  1.6945016858814197e-02
9.2918060811511782e-01  5.3229219574665665e-01  4.7027926050306490e-01  3.4609281162262300e-02
9.8260470250202903e-01  5.6557309314119608e-01  9.9710533188915584e-01  4.4522001966213328e-03
9.6033759593989176e-01  7.2466938341486542e-01  2.0669346592167764e-01  1.1480280888884475e-02
9.4569313229722929e-01  7.9186201946138079e-01  7.9907818890657278e-01  1.8091323809874178e-02
9.3959395015643377e-01  9.4778037172949081e-01  1.6710757955150088e-01  8.3276259362397125e-03
9.6371507612419527e-01  9.9941514453414182e-01  6.4178392364319237e-01  4.7083703016005856e-03
