3 146
1.7457384065428239e-02  6.9865426082238698e-03  6.6637648305029667e-03  8.5420811915210515e-06
1.0688596368989632e-01  4.3698254524763155e-02  1.0310554080934027e-03  9.9240099561348740e-05
1.0246404313598960e-01  4.3831359858381033e-02  3.5096174952748256e-02  1.7642085844257952e-04
9.8838860176653276e-02  8.4684702308278584e-02  2.1147749838657495e-02  1.8020616733949765e-04
9.6188155762197997e-02  8.9526799774525684e-02  7.1312501646618884e-02  1.0919477224412815e-04
2.3047452699040957e-01  3.4209819568421347e-02  1.7794883853024912e-02  3.4553569662773375e-04
2.4482029601174046e-01  1.1127083417663568e-01  2.7463924426435037e-02  7.4815539694970772e-04
2.3651659844591061e-01  1.2538494936974029e-01  1.0428125221783460e-01  7.6138412904451589e-04
2.4104451215112835e-01  1.6660221890726815e-01  1.1314347517545486e-02  2.6245197649416344e-04
2.3152991680570803e-01  1.8248774548846089e-01  8.7198821670968818e-02  1.0262511931056646e-03
2.3473549450800191e-01  2.1313110862145440e-01  1.6285418795896747e-02  3.3511672362763887e-04
2.3268903182789252e-01  2.0623530525732395e-01  1.8749545770284062e-01  4.7537898970772781e-04
2.4049674642694424e-01  2.3705244343643109e-01  7.1734786167325093e-02  1.9739404159752541e-04
2.4220870735180497e-01  2.3616460405733983e-01  1.5667272792171069e-01  2.2806623967109506e-04
4.2228877881919280e-01  3.3306396885000693e-02  1.4002432242609743e-02  3.6902132721191645e-04
4.0407063947137872e-01  1.1875498792250701e-01  1.7258979651345804e-02  9.0130830511290561e-04
3.9428116614155567e-01  1.0801584274031088e-01  8.3024089185429445e-02  1.1558374756345845e-03
4.0543976609570204e-01  2.0827635499798033e-01  1.7837058347922442e-03  2.6053946787384151e-04
4.1443071652108165e-01  2.1496454105410553e-01  9.0830955109238415e-02  1.9104121297206643e-03
4.1082524360901751e-01  2.0723728822434931e-01  1.9453598685586831e-01  6.6128012033421122e-04
4.0249482094774036e-01  2.8127931394811811e-01  3.1955928887389198e-02  1.3591211486272748e-03
4.1439063133804244e-01  3.0924672973454459e-01  1.3910587835217283e-01  1.1870926551060459e-03
4.0659449228038658e-01  2.6704548528345345e-01  2.0027852240146876e-01  1.4973545140089775e-03
3.9858732982385059e-01  3.0226580600240438e-01  2.9177851655114556e-01  4.3957263823959187e-04
4.0511692927535875e-01  3.5803015522995857e-01  9.9998782354280016e-02  1.3956786379722584e-03
4.0810824849539884e-01  3.6017851544717777e-01  2.4317816177112944e-01  1.3576706900585165e-03
4.1190125682290590e-01  3.4795682612938000e-01  3.1106295318369431e-01  5.1642086600401543e-04
4.1928589383138531e-01  3.8490187143860455e-01  9.9184638884584429e-03  4.3436865208946389e-04
4.0356274163001599e-01  3.9627642899376270e-01  5.6305055929269036e-02  3.6670727063469372e-04
4.0585469736170832e-01  3.9789952770215453e-01  2.0046404156447867e-01  6.1379755424428438e-04
4.0514593179659819e-01  3.9662206886638318e-01  3.3765345483361603e-01  4.4051136889499245e-04
4.1518069851333578e-01  3.9563957023278212e-01  3.9033710575589320e-01  1.9967085368052099e-04
5.9456820832721990e-01  5.5460050790903506e-02  3.2153681967414867e-02  7.3943988410068052e-04
5.9036454251845571e-01  1.3264702008881046e-01  1.9428384870353293e-02  1.0880364055681721e-03
5.8400161389742011e-01  2.1603852603441875e-01  1.0010661084449683e-01  2.5222457021874659e-03
5.9029171533275693e-01  1.5291288155184940e-01  1.3228887956109764e-01  1.3306885914910059e-03
5.8339692477303662e-01  2.8542859890765332e-01  2.6087241799682331e-02  1.8931600128169988e-03
5.8210815264647742e-01  3.0320592970277588e-01  2.1170419900517806e-01  1.6079841629990795e-03
5.9193540998107452e-01  3.0510780994787295e-01  2.8290653244016523e-01  1.5827576652560303e-03
5.8334681208597128e-01  4.4110607356749992e-01  1.9311763133452203e-02  1.3014730564166073e-03
5.9658384331568803e-01  3.8843156705377557e-01  1.1863197414430220e-01  3.3657902874447854e-03
6.0053740864766780e-01  4.0298484938569501e-01  2.7233297505030868e-01  2.3960180422715940e-03
5.8859601594080591e-01  4.5243593561092749e-01  4.2902553610896726e-01  1.4572221871073398e-03
5.9512742929975726e-01  5.1261252272762292e-01  9.3100849697067889e-02  2.1398420595775997e-03
5.9141799472039014e-01  4.9433230636352810e-01  2.4031938765762131e-01  2.9771813386835892e-03
5.9027066262590466e-01  4.9913480160947599e-01  3.9336496888066602e-01  2.0615710599210537e-03
5.9805226918064291e-01  5.6988492130067570e-01  1.6979188097187976e-02  5.2893409167781042e-04
5.8708486387008085e-01  5.7645868460683269e-01  8.0515735209589337e-02  5.3744046361455574e-04
5.8483533154884004e-01  5.6575132224829239e-01  2.0078551244260701e-01  1.3398439290083905e-03
5.9612141866175161e-01  5.7704069393141211e-01  3.6654824745338888e-01  1.3910345894171154e-03
5.9299359460778334e-01  5.7413799052341186e-01  4.9109142845619080e-01  8.5186422697223574e-04
5.9866787532041166e-01  5.6856621915417627e-01  5.5209963465353773e-01  5.4520444389873426e-04
7.4119257006636574e-01  1.4321814299620086e-02  2.0507463826730321e-04  1.3543862057275363e-04
7.5189906627400949e-01  1.0359210154272298e-01  2.1048617478190888e-02  7.5145771287653121e-04
7.7237510137314802e-01  9.1956091273415433e-02  7.4258929167886623e-02  8.3084468278024994e-04
7.5723216668657833e-01  2.3163554138749337e-01  2.1634278303537601e-02  1.3704999617667731e-03
7.6058486113793133e-01  2.1671271176379653e-01  1.1432934085065520e-01  2.5293880932911062e-03
7.6321019802314882e-01  2.2933485912822066e-01  2.0952513660019870e-01  1.1956440599548701e-03
7.4849502356854114e-01  3.8922040976072658e-01  6.8328791769330004e-03  7.2011356178546275e-04
7.6201267083093427e-01  3.6662168339313406e-01  8.0399449501924500e-02  2.5280118868151492e-03
7.5131606704052323e-01  3.9089143735517756e-01  1.8989255507903974e-01  3.2275720037567594e-03
7.6585758649835456e-01  3.5991720326311000e-01  2.8491253288034135e-01  2.3750563206477236e-03
7.6493279501995248e-01  3.9314035313235401e-01  3.8419862739112570e-01  7.7993508119618394e-04
7.5427112138583885e-01  5.3162148429459244e-01  1.6267001897049212e-02  8.6247326872997512e-04
7.6738660318212348e-01  5.3682091687017619e-01  8.8241525019049222e-02  3.0471131347142356e-03
7.6931381037125557e-01  5.6661891252773744e-01  2.5428706278387952e-01  3.9547299614588393e-03
7.5876544782594058e-01  5.1337301814029523e-01  3.7169006471041299e-01  2.6216103332943538e-03
7.6093476492103362e-01  5.2254552046760261e-01  4.6972832109344953e-01  1.6049194151818678e-03
7.6297659874162227e-01  5.4808886592540584e-01  5.3841896172055825e-01  5.6539877589081671e-04
7.5726878161920741e-01  6.6413747862765204e-01  2.8460521519368284e-02  1.3217879090848042e-03
7.6393064006410483e-01  6.7019169061412642e-01  1.6758908038796871e-01  2.8364985312119180e-03
7.5930943453265598e-01  6.9446860168542157e-01  3.3954005527527248e-01  2.3384389311187858e-03
7.6461507864017331e-01  6.5663804791626434e-01  4.6246354949803498e-01  2.8904741221663834e-03
7.6589163804689375e-01  6.5174295271717952e-01  5.7805469735149329e-01  1.3760868882856667e-03
7.6015480758164145e-01  6.7995870813880233e-01  6.6287858750388107e-01  7.4728509330362805e-04
7.6510788244875916e-01  7.5220017938790151e-01  1.2889590167831221e-02  2.4506917887141025e-04
7.6135514539339355e-01  7.4062065005452415e-01  1.0141790842092252e-01  1.0799085144455865e-03
7.6059149066369436e-01  7.4923927039223970e-01  2.6661982179081378e-01  1.0264595860655732e-03
7.6771627532076070e-01  7.5433796636480199e-01  4.8284385595916973e-01  1.0540655500184759e-03
7.6920312652698442e-01  7.4270001316728773e-01  6.2634586987255014e-01  1.3217881409322877e-03
7.6236518021875965e-01  7.5577234371202884e-01  7.3157252812140661e-01  2.7037581954865978e-04
9.0140211201905318e-01  1.4834600624179999e-02  7.6348311652405772e-03  1.1597718517009182e-04
8.8353829583974441e-01  1.0831618739556145e-01  2.1541612025852686e-02  7.7009491278515988e-04
9.0287912211512156e-01  1.0573249927427497e-01  8.1811639611170245e-02  7.0083005962482227e-04
9.0422841557264266e-01  2.6227385184411300e-01  8.0175614922212424e-03  6.4191351793582805e-04
8.9196124926124931e-01  2.5927077466248050e-01  7.6367014545768996e-02  1.7626144415218957e-03
9.0585028999648343e-01  2.5562347553421189e-01  1.6825188980986927e-01  1.7696402408707698e-03
8.9840078744786944e-01  2.5531185141270363e-01  2.4095467149392158e-01  8.3453310871035077e-04
8.8824228261283744e-01  4.4804143224913362e-01  2.5066691218026106e-02  1.3207489083874046e-03
8.9794927741447816e-01  4.3325113611824678e-01  9.9042020522653568e-02  1.8996005284719366e-03
8.9473594571309567e-01  4.4401459171136226e-01  2.2037883108900544e-01  2.7729831031900192e-03
8.9440556207226130e-01  4.2703701099713343e-01  3.2591659364294057e-01  2.1558318481910456e-03
9.0312132801183620e-01  4.5835907657831088e-01  4.3690469820663713e-01  1.2181467758046406e-03
8.9607718662524971e-01  6.3529801718822065e-01  1.1309464400066695e-02  7.0199207104239768e-04
9.0695185225259523e-01  6.3157840578927293e-01  7.9976414349508557e-02  1.7524083498075772e-03
8.9861983198182793e-01  6.1468485292350994e-01  2.0556129992929653e-01  3.2619672037067725e-03
8.9615425867357668e-01  6.2284835436540920e-01  4.0001680723739530e-01  3.4979576994870168e-03
8.9519655080492588e-01  6.1858020026158433e-01  5.3839350510573158e-01  2.1469185469589736e-03
9.0277639578673452e-01  6.6409644150218572e-01  6.5701631917466752e-01  6.2278997412121143e-04
8.9582074276122803e-01  7.8062216586708721e-01  4.2301214126088220e-03  3.1803691722854589e-04
8.8993271080113945e-01  7.6881500075737452e-01  7.4893040808649447e-02  1.6530495376448570e-03
9.0419467585061020e-01  7.8164795305740586e-01  2.0719350389111629e-01  2.1283632871915491e-03
8.9758094357190266e-01  7.7221943863264575e-01  3.7175869005168155e-01  2.7509025119069079e-03
9.0258143316773287e-01  7.8842763412815231e-01  5.5841969147694548e-01  2.2110721650830819e-03
9.0132188931330037e-01  7.7379690847200999e-01  6.7995563083778432e-01  1.5767886618816374e-03
8.9125531168224637e-01  7.9706886912156472e-01  7.7434905830233025e-01  5.9898077942320289e-04
8.9945191347686970e-01  8.7424934946240107e-01  2.7940281439114003e-02  4.8376924024833376e-04
8.9632267599975068e-01  8.7365276992847518e-01  1.2509773453791290e-01  7.7305628890162056e-04
8.9930811588820836e-01  8.7362009249921080e-01  2.6313537281879645e-01  1.1456437316865093e-03
8.9617592828527015e-01  8.7149348089594081e-01  4.3166123677790286e-01  1.2033061399819940e-03
8.9914348322873305e-01  8.7552019916255930e-01  6.0355538053383839e-01  1.0406155638397003e-03
9.0526853104601623e-01  8.8235053368209881e-01  7.5917445929212879e-01  8.4721455024205038e-04
8.9660672017653420e-01  8.7506281771107497e-01  8.5102082460109474e-01  3.5799778059731095e-04
9.8481588096781125e-01  1.8108458483511867e-02  8.3161889341233641e-03  5.1870962698322911e-05
9.7609021572302501e-01  1.2014002126887044e-01  2.7007955122864309e-02  5.1895763927337405e-04
9.8051823988527742e-01  1.2012397011128546e-01  9.7752109064997941e-02  3.7968616375962165e-04
9.8394552495391674e-01  2.7740241503698776e-01  1.7054327241230117e-02  3.6818423981451565e-04
9.7536447734859844e-01  3.0131536035819062e-01  8.1291984682360471e-02  7.7664877703118452e-04
9.8358262958011122e-01  2.7634292721643666e-01  1.5842740037800998e-01  9.1981865047996111e-04
9.8072686985300239e-01  2.8924394354447425e-01  2.6700247205620814e-01  5.5832755158789706e-04
9.7778632831940815e-01  4.9192914145315364e-01  1.9458161773012256e-02  6.1809217610363882e-04
9.7969345045620460e-01  4.7500481612018397e-01  9.8885570126648906e-02  1.0957621456243944e-03
9.7969343191394753e-01  4.9790397174385620e-01  2.4304082214580544e-01  1.6706798815163400e-03
9.7850847552134934e-01  4.5980724024881670e-01  3.5823208494775444e-01  1.2946459573848134e-03
9.8209242895344739e-01  5.0608843313933816e-01  4.8720185033011654e-01  5.0411184438984029e-04
9.8148532770252905e-01  6.9938783642821056e-01  2.3835414978033920e-02  5.3816037117806624e-04
9.8019212331649519e-01  6.9032865920319120e-01  1.0263810050358153e-01  7.8089237929375671e-04
9.8292893535479231e-01  6.5894856312091210e-01  1.7719447978076061e-01  9.2665326222870191e-04
9.7820572035191777e-01  7.1695963258259143e-01  3.4328625685590192e-01  1.8517689911894967e-03
9.8060011497757427e-01  6.5977788955488392e-01  4.6901845216484939e-01  1.3212946250804071e-03
9.7785519378110908e-01  6.7636696747785152e-01  5.8977647801585376e-01  9.0588821273423765e-04
9.8239799455754284e-01  7.1172618762108308e-01  6.9017533963931454e-01  4.2901142170918979e-04
9.7837292323633418e-01  8.6128875594659993e-01  4.1441525832281393e-03  1.7335540182454210e-04
9.7842951742898998e-01  8.5722671432980424e-01  7.4149822751549244e-02  8.4331798369394325e-04
9.8140059667849133e-01  8.4383843421555060e-01  2.2285922428678628e-01  1.2691580701331042e-03
9.8067047058986412e-01  8.8207992589049811e-01  4.3573511071242299e-01  1.2506215044714275e-03
9.8125653828195458e-01  8.3731406214550252e-01  5.9659560870164197e-01  1.2713395326710039e-03
9.8089813655036961e-01  8.5239422455984826e-01  7.5416534207116248e-01  7.7882284703400737e-04
9.7793049228426843e-01  8.6719497924892486e-01  8.4968257983809248e-01  3.3377635044811897e-04
9.8134670382993627e-01  9.5962518414360976e-01  2.7193443061121810e-02  1.9092222093945041e-04
9.7897513910236666e-01  9.5384737689169141e-01  1.3588409095793155e-01  4.7561301116475049e-04
9.8140915524031047e-01  9.5392910530097397e-01  2.9352613082275825e-01  5.6868051501421098e-04
9.7799453393327229e-01  9.6448894448924494e-01  4.7148960471545964e-01  3.9436177941754019e-04
9.8043066994734518e-01  9.5311420976762262e-01  6.5296855910201090e-01  6.4760724969972435e-04
9.8199025322935740e-01  9.5472352210151290e-01  8.1965783430323513e-01  4.4474010061838862e-04
9.7986803616416196e-01  9.5954521767954926e-01  9.3167828651056606e-01  1.9226783356208869e-04
