4 55
1.0659825937169508e-01  4.2748113446159496e-02  2.7931922018965272e-01  2.5204062906238134e-01  1.3889137188064711e-02
8.5086551338504637e-02  5.9017391025981067e-02  1.8662110892383910e-01  8.2535332391833838e-01  1.0699022447388545e-02
9.4808872207008815e-02  1.8044475205400190e-01  7.3835434505645747e-01  9.7048717367657800e-01  8.5382076132092966e-03
1.0797852492329223e-01  2.2216187003739729e-02  9.9713966621227312e-01  7.2001774733991719e-01  4.4128366291732984e-03
1.1721618313774131e-02  3.2805706081318098e-01  4.3631114548853718e-02  2.3979198494264983e-02  5.2379534294791025e-03
3.3770195894074151e-02  3.2678129008205931e-01  6.3545951128616696e-01  5.1883469676552607e-01  2.6744073434693757e-02
6.9951296274837690e-02  2.0637275244883860e-01  9.3480270241299313e-01  1.7970709008655289e-01  8.3813363207546777e-03
1.2826692645644328e-01  6.2412564039032292e-01  1.6079455555470393e-01  4.7801786134507385e-01  2.8392763609990334e-02
8.5909783254528832e-02  6.7561717602545501e-01  5.5488944506013327e-02  9.5279103949745880e-01  5.7840738478494415e-03
7.5898443066899815e-02  5.7257073498291189e-01  3.3537834888343765e-01  7.7827353033333280e-01  1.7557372517737806e-02
1.2690805565540081e-01  6.5180011604476795e-01  6.4062924416296441e-01  1.6542488729885964e-03  1.0399794273624065e-02
1.1343514714690915e-01  7.5485759040899403e-01  7.0701657254439543e-01  9.3859516560953782e-01  1.3960939195877476e-02
1.4731463009214538e-01  6.4958809103613946e-01  9.0031397664264268e-01  2.5233237304688472e-01  2.3010341736107935e-02
8.5607683158317363e-02  9.5172665050125305e-01  3.8823109422620260e-02  5.8107452277842053e-01  5.5097566712505363e-03
4.6432864553295074e-02  9.3489285023965130e-01  4.2341512224992406e-01  1.8310668460455473e-01  1.3650664955354819e-02
5.0176058726500224e-02  9.4112659535688659e-01  8.9950332893165130e-01  7.0438032651120930e-01  8.8732287919085755e-03
3.0386310899412672e-01  9.0318672802254044e-02  7.4862077779528358e-01  4.3169404271439789e-02  1.3047872402655099e-02
3.7797960725545859e-01  7.6564667291581706e-02  7.1271195791036346e-01  5.5278207090027587e-01  3.4014122201118463e-02
3.6182304228151496e-01  2.3307349714418527e-01  3.1365872103586469e-02  5.0020538975872075e-01  2.7828543930291778e-02
3.6012582253931458e-01  2.6549956592416207e-01  9.2599075141767212e-02  9.7534039599147759e-01  8.2469584740110218e-03
2.9581678344015438e-01  3.4563346705876058e-01  4.0226617729409614e-01  1.7069734829019520e-01  4.1953912880809928e-02
3.6476623933337338e-01  2.8837702675397187e-01  4.4336401841429030e-01  8.5279750984110458e-01  3.3794269290395036e-02
3.4657749125423815e-01  4.8086250279760850e-01  9.4309528077570126e-01  8.0392021930936408e-01  3.1883974249188166e-02
3.9202019274525035e-01  7.9945431277069356e-01  1.1892580645474582e-01  1.2532382819661789e-01  2.9799050083840765e-02
3.2826276695277928e-01  9.4650438035631701e-01  3.1814478811820712e-01  8.6803362377104387e-01  2.1650005010660070e-02
3.7684705853327422e-01  8.3141423148495552e-01  6.2657543723361464e-01  4.8803753975546538e-01  5.9828177535522796e-02
4.1744503339647920e-01  9.7854871948273958e-01  9.3470529070844377e-01  9.7927789678178834e-02  8.8437617962414308e-03
6.6915432602949354e-01  3.1581548331765734e-02  2.3766525877161523e-01  1.5592750939663075e-01  1.5636667157298573e-02
7.0716374965965234e-01  5.1125238588094382e-02  2.4773211306697193e-01  7.7287301455021939e-01  2.0792687157901689e-02
6.7643428267867034e-01  9.1437530884529578e-02  7.5741192298020232e-01  9.9286637725431570e-01  1.0484013259350826e-02
7.3045044039040974e-01  2.3179716512654805e-01  3.6793289330913713e-02  1.4751324863656334e-02  7.4389882895218541e-03
6.4046788095066753e-01  4.2170982426978121e-01  3.4435180173238011e-01  2.4958404028551909e-01  3.3976479802692978e-02
6.9842285751199640e-01  3.2112112486639660e-01  7.3207214255801611e-01  5.3579832842940212e-01  3.3802586286141377e-02
6.9425148895516697e-01  1.9548265112760449e-01  9.4589494216270753e-01  2.1373741449464012e-01  2.1238586226819910e-02
6.9684094555047760e-01  6.7789452164482145e-01  2.6666589054975938e-02  9.3124608836414269e-01  1.1904771946944715e-02
6.2563817498875662e-01  5.9940244981369650e-01  2.9620950202230756e-01  7.3581300201322619e-01  4.7139397602043852e-02
6.9684517167860915e-01  6.0802326096361137e-01  6.9430940779835726e-01  1.3290576012227067e-02  2.0974347166685996e-02
6.9085920975627835e-01  7.8277356069749371e-01  7.2574868557932581e-01  9.9072603059744135e-01  1.7400392271567113e-02
5.8008546347518086e-01  5.8932181057225397e-01  8.9735507032181372e-01  3.1263624811632762e-01  2.1334397026425669e-02
6.6429845097238704e-01  9.8781512922926029e-01  5.8587593687272684e-02  5.6137657949438091e-01  9.9478332823748367e-03
7.8866098127898332e-01  9.6273594864985412e-01  4.3681812641253076e-01  1.4503306410890562e-01  1.8479385405583776e-02
7.1713143369430266e-01  9.5893530118705783e-01  9.5352652793520665e-01  7.6491596136063278e-01  1.1434589325321633e-02
9.7884831895900570e-01  9.7461252301437470e-02  7.3557174523431501e-01  2.1884804920571561e-02  4.6296469016775723e-03
9.2708799938482478e-01  7.2329511917193917e-02  6.1177902550147822e-01  4.4516496983208653e-01  1.5753992809736932e-02
8.8766369719668869e-01  6.3738160948976219e-02  9.9539820502901355e-01  7.9171325563886297e-01  4.9605246507079060e-03
9.3013145263560726e-01  2.0975726244205667e-01  7.0287000871099028e-02  5.0564133316929305e-01  1.2988393053023468e-02
9.7207117823321698e-01  1.9017079927693339e-01  9.6574216533495030e-02  9.6989849641434356e-01  4.0394102455078365e-03
9.3818255280828644e-01  3.8035594234362741e-01  4.1557943494693017e-01  1.9900828654805885e-01  2.0621107488483312e-02
9.0634897507712953e-01  3.7481638702752990e-01  4.7699796949284046e-01  8.5897096947794271e-01  2.1330975103863892e-02
9.3640758487959252e-01  4.8113020276547919e-01  8.7217601047427118e-01  7.7825656282546563e-01  1.7465974090510778e-02
9.8459607944023408e-01  7.5057406133627236e-01  8.6507991731727546e-02  6.4262221599438188e-02  5.4067943164312704e-03
8.4980245628548234e-01  6.9015942074200742e-01  1.2812698682613530e-01  4.4175819595386628e-01  2.6229600287294409e-02
9.7079976829247305e-01  7.5492304332825322e-01  9.3054111817322760e-01  2.0590273771947401e-01  1.0729620088538682e-02
9.8825346554030136e-01  9.1748123117070879e-01  3.1609383105479893e-01  8.5529967019761455e-01  1.0116437937536561e-02
8.6952358387496897e-01  8.3733205681753142e-01  6.6654277740427825e-01  5.0576502675280521e-01  2.7810250302813731e-02
