2 67
4.9396818099764768e-02  6.7630176463061272e-03  2.3017076029935996e-03
8.0859860367597288e-03  4.2156368677100035e-02  2.3374056918782442e-03
3.4592082473134486e-02  1.3414332033655699e-01  9.9286532713184234e-03
3.5896504601263955e-03  2.6380791903020928e-01  3.9173885945392390e-03
3.7428966920916538e-02  3.9539993054100636e-01  1.3783153409663974e-02
3.6788836264623056e-03  5.5652716996492768e-01  3.8675533581587818e-03
1.3101003012975277e-02  7.5810175601898688e-01  6.2030196819830331e-03
4.0084682462456729e-02  8.7083549553490014e-01  8.2131042969107743e-03
6.6634660843840092e-03  9.4436235024076964e-01  2.3823273126873613e-03
3.5693589870511556e-02  9.9275739547644504e-01  1.9664553909515370e-03
1.1087595072077758e-01  5.3690393850841601e-02  1.1138985412709789e-02
8.9297729714952548e-02  2.5306339651370446e-01  1.4043454575668902e-02
4.9960511704406921e-02  5.8199939980609838e-01  1.1900041409989555e-02
8.3176796235328018e-02  7.1955439667481158e-01  1.4217671026816097e-02
1.2182207288689238e-01  8.7143377426747315e-01  8.6036154059543988e-03
9.7497356569786531e-02  9.5731053432745628e-01  7.8315855658183057e-03
2.1879646356597551e-01  1.0456283608553331e-02  5.9714620089511396e-03
1.2147718489900564e-01  1.3305654030284561e-01  1.8243557150422016e-03
2.1675165735871393e-01  1.3388155878253588e-01  2.1778263023461999e-02
1.3451895479615100e-01  2.4010537321966904e-01  9.4898272472035052e-03
1.4721412562933334e-01  4.5107825790427131e-01  2.6876361705462207e-02
1.3924040891619538e-01  6.1243189811617238e-01  9.6488556527434440e-03
1.7864517136803870e-01  6.6801812850884124e-01  8.0947044612823173e-03
1.8123231981724425e-01  8.2310515661462647e-01  1.4083330023031354e-02
1.9022782963148785e-01  9.9025199867503766e-01  4.3767596023750709e-03
3.4476949536918694e-01  5.3581992789365013e-02  1.7110509456085107e-02
2.6427944650093527e-01  3.1905447431299550e-01  3.3214855357070291e-02
2.8431370658492056e-01  5.6985917251773144e-01  3.2009857662645365e-02
2.5371600521781479e-01  7.4217053952305034e-01  1.5356249495329991e-02
3.3970437035419759e-01  8.0556043446114500e-01  1.3489231180402643e-02
2.5463106029859889e-01  9.3429709841318231e-01  1.4675813214431644e-02
4.7868389140089146e-01  9.4974454043383564e-03  6.8854604350525568e-03
4.0000074721231821e-01  1.9277719660668916e-01  3.1761540870518738e-02
4.1261277150907610e-01  4.3956060527034557e-01  3.8218373751303332e-02
4.3425488777755566e-01  6.9498332472915514e-01  3.2552092301760080e-02
3.9459155026193588e-01  8.9206910287418340e-01  1.8003903297038909e-02
3.7831866273010906e-01  9.8846442944620272e-01  6.7328127051150032e-03
5.5185738573109389e-01  9.4869910153526693e-02  2.4933838824134236e-02
5.5198624282068787e-01  3.0358574744741540e-01  3.6766140627444571e-02
5.6375896910415324e-01  5.7095529254247568e-01  3.7325692070129833e-02
5.6258310631345188e-01  8.2856099405375905e-01  2.8625117130202285e-02
5.3328109937205881e-01  9.5965087316764819e-01  1.4868330763237616e-02
6.8489513653211131e-01  2.5113398211723193e-02  1.1976126684973974e-02
7.0107681819853018e-01  1.9017857404839203e-01  3.0298312461746888e-02
6.9445975890413247e-01  4.3353565247213643e-01  3.6018087959365418e-02
6.9387626596930063e-01  7.1342259942164876e-01  3.3258831054557333e-02
7.1256923977955422e-01  9.1401717872225541e-01  2.0390820518587052e-02
6.7683008611649376e-01  9.9536900084699753e-01  4.7378959350235176e-03
8.6051566530115642e-01  6.8626204490025468e-03  4.1316991943881982e-03
8.1234777066700381e-01  8.4758732047206714e-02  1.7707593088161260e-02
8.2781956121748645e-01  3.1388743623730525e-01  2.9135171689425553e-02
8.1412513356845284e-01  5.7686458184832057e-01  3.1283333715810345e-02
8.2805595975858581e-01  8.1911826832923529e-01  2.2960247155081482e-02
8.4187834134150319e-01  9.7138126400388158e-01  1.0045247231892616e-02
9.4425866406516668e-01  4.7689561654688975e-02  7.7542548178852330e-03
9.0990738835544283e-01  1.7711855115039746e-01  1.7315551284055170e-02
9.2294163181984312e-01  4.5355948411679903e-01  2.2137686710027672e-02
9.1696028221013626e-01  7.0146310238017218e-01  1.9290979284401634e-02
9.3087489748640029e-01  9.0227637283525075e-01  1.2273945582661946e-02
9.5405344780410761e-01  9.9210397891476121e-01  2.5055344822130427e-03
9.8931419226841399e-01  1.0364373219087328e-02  1.1961300918775385e-03
9.9031444591832218e-01  1.2394261546272992e-01  4.6085317759346706e-03
9.7323316054077025e-01  2.8858838322883179e-01  1.1167898777264092e-02
9.9686971089114318e-01  4.3164529271575525e-01  3.0691501601842574e-03
9.8115402494456139e-01  6.0020870666449733e-01  9.3754653125771425e-03
9.8396022852066689e-01  8.0232156132768728e-01  7.5342891443271297e-03
9.9246727191898154e-01  9.5100071274704800e-01  2.5173552980792585e-03
