2 37
1.8658702734062317e-02  1.1818601657002343e-02  3.0756746689554926e-03
4.3776821765536530e-02  1.3144483764946457e-01  1.6487223337521444e-02
8.2313283048060844e-03  2.8924295243106835e-01  8.0434787741519229e-03
5.3270405169189947e-02  4.8394294706664398e-01  3.0786590347654595e-02
1.0479497383290218e-02  7.3154387817092359e-01  1.1612732665517727e-02
2.7087744313520533e-02  9.6240580608978610e-01  7.2443753102544306e-03
1.4289282290005442e-01  4.9937610629812147e-02  1.8970196426470375e-02
1.5842953501693666e-01  2.7969082382683341e-01  4.8025701522979754e-02
1.5156728637597180e-01  6.5892200141247903e-01  4.1253142397854256e-02
8.9573125578113102e-02  8.6258942450411424e-01  2.4863993062330197e-02
1.8921688395648129e-01  9.8116280661301480e-01  1.3511067599628753e-02
3.0106576145095371e-01  5.8578771339182299e-03  7.9368218701267000e-03
3.3348422411138601e-01  1.3579998037859622e-01  4.6547077669665676e-02
3.1012118009078882e-01  4.6084591439811579e-01  6.2704878604883205e-02
2.8125929703236441e-01  6.8271055115518098e-01  1.8979575871746146e-02
2.9597552675743416e-01  8.6201664929533250e-01  4.0276122036805556e-02
5.3996303643194965e-01  4.0188286445929339e-02  2.6581927869642575e-02
5.0760783619595595e-01  2.8191255495593437e-01  5.7563612906813756e-02
5.2013300238397520e-01  4.9201323419004150e-01  2.8537645844570348e-02
4.8379112535040236e-01  7.1131853335816253e-01  6.0757673390201938e-02
4.6002621320564463e-01  9.6001836572461263e-01  2.6257032454671102e-02
8.1074162554032347e-01  1.8801769721178530e-02  1.3496254973149959e-02
7.0569222420325362e-01  1.3859725990447544e-01  4.0265300246052300e-02
6.9949530520373371e-01  3.2013383159305714e-01  2.1872569993192568e-02
6.9893955481597148e-01  5.4792934236209900e-01  5.9125766662383894e-02
6.6354729638127241e-01  8.6171792034850603e-01  4.7608562230359606e-02
6.9298964255001982e-01  9.9376982014381665e-01  7.7107464108993268e-03
9.1039538470120684e-01  1.3768242998298644e-01  2.4814958930049615e-02
8.4909328871318723e-01  3.4305084938617147e-01  4.2747840309080146e-02
8.4484558387704345e-01  7.2484690277628738e-01  4.6843570620780393e-02
8.5021026543299805e-01  9.5263477584652900e-01  1.8472534621737455e-02
9.7279045333974601e-01  3.7711150225936754e-02  7.2838612373582476e-03
9.8952518808007051e-01  2.6844854543636171e-01  1.1609225234732514e-02
9.4871287800224235e-01  5.2063596025157133e-01  3.0637907300738718e-02
9.9157065621327301e-01  7.2802553956146387e-01  8.3494826769050564e-03
9.5327481414223303e-01  8.7988421685733653e-01  1.6323026663428483e-02
9.8152036656761044e-01  9.9091847502120756e-01  2.8218472567057514e-03
