6 14
2.2539948378759510e-02  3.3381681898380700e-01  4.3444914104792404e-01  3.4360261903466699e-01  8.9407875521394664e-01  1.3357048048789777e-01  6.1979880021237457e-02
4.5543034247145209e-01  2.5604663452153104e-01  9.9242732232717124e-02  2.2832654920187564e-01  6.6097701864050173e-01  9.5857432689513400e-01  7.7523464728855809e-02
1.8773243857521996e-01  2.0422541025441468e-01  7.8031914849542672e-01  1.8613385389981629e-01  2.5006714759072346e-01  3.3821315935452273e-01  5.0223921408344134e-02
1.3045787658691096e-01  1.9322062410882354e-01  5.9595726577309183e-01  7.9641061633124555e-01  6.7767018394435968e-02  7.7294936168871831e-01  5.9329948397537871e-02
3.9683033068973012e-01  7.8221325599266212e-01  1.9473194643216826e-01  2.1839355171935668e-01  1.1963344230925996e-01  3.6066948464155252e-01  9.4491502134739835e-02
1.0669330144179887e-01  8.5333530803216606e-01  2.9407943152017041e-01  8.8478135589110640e-01  6.2256905362667614e-01  5.9323147579458435e-01  7.0710997609620185e-02
3.3217251309049822e-01  8.2581280262986290e-01  8.8554716926842669e-01  2.2537333697880832e-01  5.9761123683182127e-01  8.1916957714262373e-01  8.5716837728362194e-02
6.6598591568291288e-01  1.7776234166638083e-01  1.1868344030865867e-01  7.7161318429975523e-01  4.0345985139366208e-01  1.8433267103192782e-01  8.8601627396284438e-02
9.0578661531981819e-01  1.3545309743016992e-01  7.1245458268186046e-01  1.0300924286923323e-01  3.7354173830130633e-01  4.0381021949882301e-01  6.4385465501471992e-02
6.0211469302008025e-01  2.2067255624110690e-01  8.0214649118598635e-01  7.7872684104639778e-01  8.7647706475519538e-01  6.3790577113676139e-01  9.7450519859562060e-02
8.5862166375585025e-01  7.9771363862920930e-01  4.0687839864322867e-01  2.1234871033962593e-01  9.1945992397804366e-01  2.3511665380434862e-01  6.4916673503378264e-02
8.3236093043137593e-01  8.1480669140678907e-01  2.0164325558960278e-01  8.3406237866271438e-01  7.6601519220601011e-01  6.7219728057291794e-01  4.1654443409386045e-02
5.4494169900469924e-01  7.4598974572542354e-01  9.0410255543037421e-01  7.7394122213115024e-01  3.3767923920480319e-01  3.7597762392430518e-02  7.5614068260978259e-02
9.6430061191884808e-01  6.6160294955450571e-01  5.6374418931994497e-01  6.5208685928412213e-01  1.1678258407427847e-01  8.5633023026094335e-01  6.7400650040241095e-02
