3 11
1.9670236363415478e-01  8.5727136425686676e-02  3.4033113322971942e-01  9.6151028757427912e-02
1.3058630352027556e-01  4.1568404252962005e-01  7.6784458743993655e-01  1.2508457879909224e-01
4.8598668988422404e-02  7.9780274582546418e-01  1.9848384419063875e-01  6.7109896265356794e-02
5.8866697200493290e-01  6.7398808122832943e-02  9.4844626209746119e-01  5.8568073603554663e-02
4.8767530002044007e-01  4.1326375599552956e-01  6.7801530840802454e-02  1.2679615814192954e-01
2.9843414897913029e-01  8.6700507716916908e-01  8.9789290527942633e-01  6.9027179849220008e-02
5.4536520011427658e-01  8.8951438434356866e-01  4.3340189069016666e-01  1.3711387186729812e-01
9.3486005322300147e-01  6.4643218505714736e-02  2.6225184023669168e-01  4.9620014967977716e-02
7.7508295706548991e-01  4.3433637450003010e-01  6.2395161787220699e-01  2.0232761582148076e-01
9.8544312733110861e-01  8.1343905622929980e-01  9.7422513873941896e-01  3.0107496442015977e-02
9.6927781827785708e-01  8.5276542637696529e-01  9.9068675069131432e-02  3.8094085484646031e-02
