2 39
3.7548502473657236e-02  1.6000163225949628e-02  2.2698786982941334e-03
1.3074030573902887e-01  2.0770992649559696e-02  6.3395576044271750e-03
1.1006472711751564e-01  8.6816640872918696e-02  5.9857698249429518e-03
2.7505210011271314e-01  1.8236115631478002e-02  7.7146551868225903e-03
2.3130884588297540e-01  1.0175242812692482e-01  1.4926846649722346e-02
2.3935247752888500e-01  1.7879433605657288e-01  5.8168447331361142e-03
2.4004733515640397e-01  2.2440307843745055e-01  6.2083730284325199e-03
4.7141494261718975e-01  1.0375311784156375e-02  6.5616001050895481e-03
3.7602886668489471e-01  6.4185675734631520e-02  9.3361871545677416e-03
4.0572882065096599e-01  1.0944496600751707e-01  9.5867146986628841e-03
4.1490718552544997e-01  1.9042057938715037e-01  1.7649309069547828e-02
3.8464061767614394e-01  2.8187590222581438e-01  1.9152797412483651e-02
4.1847110391085163e-01  3.9799244906572812e-01  9.9355461240986376e-03
6.9215718042407282e-01  1.5658603689400596e-02  8.2356795005926690e-03
5.6964434798736840e-01  7.1649432607407734e-02  1.8189531128306582e-02
5.9655716375043943e-01  1.9500875829055428e-01  2.4793153179603074e-02
5.7747533595415090e-01  3.3550411653893275e-01  2.7000376244760198e-02
5.7176986081692971e-01  4.6916369595979862e-01  2.1663826604925086e-02
6.1048511187215060e-01  5.9057520487238024e-01  9.4431293545959635e-03
7.6520440074717488e-01  9.1577679347886493e-02  1.7337110519471451e-02
7.5324736649542356e-01  2.0472685495287901e-01  1.9882911035635210e-02
7.6058911805246243e-01  3.6906575010393505e-01  2.8350022484362452e-02
7.4210760431103251e-01  5.2257874698568141e-01  2.4048014812541495e-02
7.5848680728017959e-01  6.6570365425077194e-01  1.7662311252901988e-02
7.7891483603968303e-01  7.6175318597363939e-01  6.4906069061369297e-03
8.6841678998808913e-01  2.1744228947145693e-02  7.9401578111417299e-03
9.1036216227744293e-01  1.1781593125368570e-01  1.4230311072672273e-02
8.8551333786511455e-01  2.6339534712635071e-01  2.0098969022943992e-02
9.0322345359491940e-01  4.5051109725463734e-01  2.0680904656892041e-02
8.8395161290117807e-01  6.1572692433486176e-01  2.0520226896133059e-02
8.9943938970438819e-01  7.7834109489908299e-01  1.4622951424927800e-02
9.0197309798827341e-01  8.7724608902767576e-01  6.4207737645937081e-03
9.7417431406254085e-01  2.4973413251208318e-02  4.1749146898712340e-03
9.8514368475505720e-01  1.2796004455852736e-01  5.5491391199740210e-03
9.7691936816777469e-01  2.9120112951820698e-01  1.0937073734901956e-02
9.8199014761219117e-01  4.9304296722887436e-01  9.6182180066129910e-03
9.7693715326366093e-01  6.8951746835514105e-01  1.0958298348802837e-02
9.8123322505272337e-01  8.5741053163766168e-01  6.5935312692212795e-03
9.8012488870559933e-01  9.5615530694783768e-01  3.0737768672498712e-03
