3 15
7.3960027985213048e-02  1.3485073783801479e-01  5.3966920077910097e-01  6.2909568453367620e-02
1.8337317942911685e-01  3.2243643618156498e-01  6.5816086692277523e-02  6.0449848887336469e-02
1.0928388048710555e-01  5.9683696834372924e-01  8.9122381164701447e-01  6.5478692722904519e-02
1.0174165171070756e-01  8.0363064391016104e-01  2.5215577351647250e-01  6.6577123238830430e-02
1.5883806650828416e-01  9.4420820026250052e-01  6.2899265431862617e-01  2.6992870753522951e-02
5.2614972298319040e-01  4.0158659682600108e-02  1.8614868549273325e-01  4.8925829306822655e-02
4.1518054357535827e-01  1.2457834735075352e-01  9.1226820717857737e-01  6.3495021905215096e-02
5.0000000000000133e-01  5.0000000000000089e-01  5.0000000000000044e-01  2.1034208946397462e-01
5.8481945642465272e-01  8.7542165264924265e-01  8.7731792821419130e-02  6.3495021905214402e-02
4.7385027701670618e-01  9.5984134031743995e-01  8.1385131450720116e-01  4.8925829306826596e-02
8.4116193349162227e-01  5.5791799737444532e-02  3.7100734568138233e-01  2.6992870753541776e-02
8.9825834828930906e-01  1.9636935608987674e-01  7.4784422648355431e-01  6.6577123238829444e-02
8.9071611951289997e-01  4.0316303165626255e-01  1.0877618835299077e-01  6.5478692722905199e-02
8.1662682057084623e-01  6.7756356381849614e-01  9.3418391330772466e-01  6.0449848887341631e-02
9.2603997201478883e-01  8.6514926216198595e-01  4.6033079922089903e-01  6.2909568453366455e-02
