4 39
2.3497202965451061e-01  1.3431453369692870e-01  3.0125739550526467e-02  2.9155754434898026e-02  2.3119179046202651e-04
2.2797990584162181e-01  1.5060074058403206e-01  1.3724099890303970e-01  1.3405121395269345e-01  1.1684555904823975e-04
2.1945148195808231e-01  2.1795619763103244e-01  1.9576798188672115e-01  2.0202173162907455e-02  1.5459737766149000e-04
4.9906862361090004e-01  4.4086126741479756e-02  1.4005250344567901e-02  6.6270776961850197e-03  2.0382982220093553e-04
5.2530969603453981e-01  3.3140635501340060e-01  1.9106078717470237e-01  1.9134739992347730e-02  1.4075964720392316e-03
5.1140858103564069e-01  3.4468777853321747e-01  1.9295278378748038e-01  1.9198466824948063e-01  8.5103517688601450e-04
5.2291176683544638e-01  3.2682339744287353e-01  3.1259180673446391e-01  1.6036507480582346e-01  1.4772484681539399e-03
5.0080698149662051e-01  4.5310328212479528e-01  9.6291179773044411e-02  4.7697042106601958e-02  5.4709031169120688e-04
4.8678334339245072e-01  4.7386849100245865e-01  2.9974251279137387e-01  1.4577450491773000e-01  1.0914215186065182e-03
4.9766291111139499e-01  4.6433210215216630e-01  4.1932745607226340e-01  5.1497822741187554e-02  3.1755422872048716e-04
4.9051688623711809e-01  4.7072133844974146e-01  4.2108869513753827e-01  3.5926715413208621e-01  4.8182831928921747e-04
7.9137726184180468e-01  2.4791408521542466e-01  1.6700534023618036e-01  8.6515071773999808e-02  1.9540111338661498e-03
7.6145664858424200e-01  4.7903257599365434e-01  1.1366170549303259e-01  5.0972852950779954e-02  1.7548779237129544e-03
7.8402884263461525e-01  5.1878673752615023e-01  3.3707477975340655e-01  2.7244168863916401e-01  2.2959878124916527e-03
7.8237458641156066e-01  5.0478012831395014e-01  4.4215205194332213e-01  5.9321264263193806e-02  1.8340316221752892e-03
7.9714809885182569e-01  4.7007100422337267e-01  4.6259591236900099e-01  4.1776677263605505e-01  7.8300234410763213e-04
7.5836334542565587e-01  7.1356314562020073e-01  1.4453674788782953e-01  7.5114590255926456e-02  8.9452324420392589e-04
7.7776443841120313e-01  7.1137556448141315e-01  3.7050111457150881e-01  3.1985847044745039e-02  1.3635469236902207e-03
7.8119983850674390e-01  6.9364524681842576e-01  4.6076109940136584e-01  2.3810626858658068e-01  3.0237008805988580e-03
7.8256075660388702e-01  7.3617026793835061e-01  3.5782413815361996e-01  3.4168987595000178e-01  8.0716096502768918e-04
7.5819242104843432e-01  7.1527443075177211e-01  6.4508292935552258e-01  7.7299007116860066e-02  1.0881169739259352e-03
7.7437941484008876e-01  7.0886345794433714e-01  6.7636913155333767e-01  3.5009886788222339e-01  1.3808266174728829e-03
7.6995198367949713e-01  7.1138082235895705e-01  6.3071501986483292e-01  5.6733274743254203e-01  1.1174541053588420e-03
9.6025392642115093e-01  2.9015546122020119e-01  3.6619772516203949e-02  4.1991384478459320e-03  2.7347629347467960e-04
9.7068465884066302e-01  2.6979977584821974e-01  2.0382974373865700e-01  1.5233554598522536e-01  6.1138833152398560e-04
9.4944973546085254e-01  2.8598623125259742e-01  2.4990716120244541e-01  2.4604835728319254e-02  4.0306127175541398e-04
9.5213368125040021e-01  6.2366205859412238e-01  1.4442491753950640e-01  8.9914343488129198e-02  9.7226483714070585e-04
9.4842536760066087e-01  6.2036008815847854e-01  3.5447381356312241e-01  6.5674855129850426e-02  2.2776031406968292e-03
9.7157837092249766e-01  6.3986693333517997e-01  3.9364489205772113e-01  3.3715163012878874e-01  1.3648090948522485e-03
9.6219725424165781e-01  6.1875892270443178e-01  5.9324279690453408e-01  5.0184411123722378e-02  3.8100442799651198e-04
9.4175444219816806e-01  6.2612519812635237e-01  5.6622913613485359e-01  2.8827021893118365e-01  2.2911910903900350e-03
9.7392599667426649e-01  6.0328728189077685e-01  5.7933810347885095e-01  5.4064205949399113e-01  2.8188388565758419e-04
9.4846515595850067e-01  8.6852925508862788e-01  1.7060723968123959e-01  8.0930609772255163e-02  1.1389733401485555e-03
9.6009805954571781e-01  9.0347130997518099e-01  4.7145521868022994e-01  4.1647792644630331e-02  7.0232831966459276e-04
9.5353481063828127e-01  8.9354489649888380e-01  5.7646937314491564e-01  2.7546153897292519e-01  1.7230913738974444e-03
9.5553837835286870e-01  8.9447565279621022e-01  4.6737072802003982e-01  4.0925600938387013e-01  9.4973996351614394e-04
9.5744060968704658e-01  8.7523134371347122e-01  7.8258692181608847e-01  8.7000873049215360e-02  1.1175691752933537e-03
9.6427411538242935e-01  9.1317091103650860e-01  8.5416732762059844e-01  4.1766066923686240e-01  8.0811358495242781e-04
9.5323860580858166e-01  8.7462646777157438e-01  7.8409421888388753e-01  6.9063844200446356e-01  1.1926889443148036e-03
