3 35
1.3128929439649686e-01  5.3792655680362712e-02  4.8266351897737307e-02  2.7447277423914822e-03
3.5451900161373645e-02  2.3975620591110305e-01  1.0000493691378960e-01  6.4895609831791302e-03
1.3611435840354294e-01  5.0498608294597391e-01  5.8374632475732033e-02  1.4796695085352002e-02
7.4887386968720104e-02  4.8089244542874299e-01  2.5182036545998376e-01  1.2849611052397918e-02
1.1748504660984137e-01  5.0335758765500693e-01  4.5107530850909128e-01  1.4082897424542096e-02
5.4688040071288080e-02  7.6780281716232079e-01  3.7302246232069720e-03  3.8566942953899503e-03
9.8360769410541976e-02  7.2670109891148627e-01  2.8623569835288082e-01  2.5599306656802347e-03
2.7995968688142366e-02  8.3506598517183350e-01  7.1677617158153284e-01  9.2528717732679126e-03
1.4829954894374661e-01  9.6716488258804545e-01  9.2683503784973115e-02  7.9093815817202814e-03
4.2356489974486163e-02  8.5133488983245686e-01  2.9909951752250580e-01  1.6114282619305281e-02
1.7115069712665809e-01  9.6634897291062705e-01  6.2987654737494736e-01  1.3482282114106205e-02
1.7431539637072277e-01  9.6725214983878383e-01  9.2005535014048356e-01  4.6563508159460105e-03
3.7723699240931602e-01  2.3056237631666773e-01  3.5861812258151930e-02  1.6105214646599409e-02
3.7623637098766666e-01  2.6920799799458350e-01  2.2484353516861133e-01  1.7351734005252809e-02
4.0094882388490594e-01  8.0183945319725514e-01  9.0412078416570493e-02  2.4102798250534838e-02
3.5197300159001793e-01  6.4139156311080381e-01  2.1892615566201165e-01  2.8386498099035894e-02
3.0734796536407927e-01  7.3156139015325339e-01  4.9278029444094473e-01  3.6336215580027961e-02
3.8165759759809548e-01  7.8766660954210821e-01  7.6314520978638645e-01  1.2587188443492658e-02
3.7919468594464512e-01  9.7494607479217421e-01  3.4539610012591154e-01  1.4303959750289299e-02
7.6727906161301118e-01  9.8569600182841818e-02  5.0594413354148327e-02  8.7222703386290578e-03
7.0749351574995267e-01  5.3273399557559409e-01  4.4875315532284056e-02  2.1647454089738873e-02
6.6426613171666060e-01  4.5196717944951270e-01  2.5044472999455064e-01  3.6859170271876553e-02
6.7897757866936992e-01  5.8557956870988404e-01  5.3897998590428653e-01  1.8155956929674803e-02
6.6430282797807239e-01  9.4590538242025224e-01  3.1286629579129248e-02  7.5413076453545742e-03
7.2521264493766913e-01  8.8513409140886257e-01  2.9567645804203530e-01  2.8263597058111305e-02
6.5227677753736968e-01  8.8376880644772227e-01  6.0140723825753561e-01  2.8644536843788423e-02
5.6231343670086775e-01  9.6928522197488542e-01  8.5215529702725690e-01  9.2632059597850605e-03
9.5407032320832152e-01  3.1020496433669892e-01  7.2417590105074647e-02  1.0060788030286103e-02
9.3853803705529426e-01  3.1687596320831046e-01  2.8280633280527007e-01  7.7066394901445043e-03
9.4028526442340365e-01  7.9028976191424838e-01  6.1166980268591832e-02  9.6113678356218278e-03
9.2188589230097595e-01  6.9232080897961312e-01  2.9432619308410757e-01  2.1981946066402917e-02
9.3287317171031525e-01  7.1367073939216086e-01  5.8760592990383553e-01  1.4623601207230842e-02
9.3109082033652024e-01  9.9284458767178374e-01  1.7497330286848159e-01  4.3170158157578619e-03
9.5966973818514678e-01  9.7932027419802925e-01  6.0301268987902212e-01  6.7073732096381775e-03
8.8021403634419015e-01  9.1921497038525357e-01  8.7041811390345158e-01  7.9248742794479268e-03
