2 43
9.5681182303780574e-03  5.4727090953619426e-02  3.9149857531555338e-03
5.5848681306822599e-02  1.5660118218486790e-01  1.9703556606129730e-02
8.9276578622911641e-03  3.4079782053970636e-01  1.0072843166221071e-02
4.9064530758303977e-02  5.8296539258801294e-01  1.8625876947352411e-02
1.0603906096117763e-02  7.3866002343160908e-01  8.8983505500645765e-03
1.5933175800876088e-02  9.5618655799982821e-01  5.1122360912264726e-03
6.6621628901582880e-02  7.8178336220742408e-03  3.9470788453074973e-03
1.5542624546831499e-01  2.8483669790485644e-01  3.6414578042642087e-02
8.5574231414198607e-02  4.6024147099412549e-01  2.0797060137711605e-02
1.7247815192427915e-01  7.3220377615250221e-01  3.6119109273431267e-02
7.7573648566491973e-02  8.6734661108605837e-01  2.1122391123591985e-02
1.1425827481029298e-01  9.9220785012102009e-01  5.9931587495390092e-03
1.7484955087576434e-01  5.3043725360942304e-02  2.0040008490669597e-02
3.0999835214219507e-01  1.4977313752231491e-01  3.7912874708886740e-02
3.0356650805785657e-01  4.2387525893776806e-01  4.4114401850909424e-02
2.2093654918852906e-01  5.7400954087820177e-01  2.6771761853729169e-02
2.4706512739306702e-01  9.3704799273747930e-01  2.5820926940714625e-02
3.7652525947222187e-01  1.1889015733431504e-02  1.1730139756581617e-02
4.6711132151644724e-01  2.7925312796582652e-01  4.6680134185675834e-02
4.2613772466929267e-01  6.1854443871956899e-01  4.6783652285595077e-02
3.7131709891819548e-01  8.1383593188085990e-01  4.0675298864466657e-02
4.4574518617682002e-01  9.8534818568294547e-01  1.3317618100145109e-02
5.4261405772186988e-01  8.0390212634410818e-02  3.3029276792239243e-02
5.8680686136009863e-01  4.5132228204044883e-01  4.8568023515774689e-02
6.2154891307807281e-01  6.9781153246392347e-01  4.1704351264884830e-02
5.7136475200598846e-01  8.9135608658440735e-01  3.5011626528562642e-02
7.1299767086479660e-01  1.9257264384135213e-02  1.3433550981561669e-02
7.0205251378447320e-01  2.1341248816015948e-01  4.4645314480669107e-02
7.8673821046437653e-01  4.0088266841973608e-01  2.8404924201971479e-02
7.6874385584743732e-01  5.5512149685278178e-01  2.8982704182615275e-02
7.8377773025235842e-01  7.8840107031124407e-01  3.5296166284332742e-02
7.2951577946874380e-01  9.6837400275459373e-01  1.8238771682196720e-02
8.5174930860875719e-01  1.0322009007460214e-01  2.6421648680961439e-02
9.0730638210258441e-01  3.2006525972576499e-01  2.9753498442239311e-02
9.0891402907433361e-01  6.1260352707478849e-01  3.1561581863783550e-02
8.8906055669155337e-01  8.9789680351354928e-01  2.0965256741469381e-02
9.1297238024441696e-01  9.9676355068888844e-01  3.9306550258925198e-03
9.1358430522834366e-01  1.3317551987976338e-02  5.0187384388306411e-03
9.7956875241633379e-01  4.4563674247501496e-02  5.1117682694868400e-03
9.7440106363371404e-01  1.8621233544433199e-01  1.2851345552472814e-02
9.8792340858317662e-01  4.6683968180736279e-01  1.2187422630294729e-02
9.7445861542320011e-01  7.6840199697849376e-01  1.4930215174183914e-02
9.8442069876224170e-01  9.4788874354030328e-01  5.3851169418292783e-03
