3 16
1.3122521094902734e-01  2.5211619769430227e-01  1.6519940337690464e-01  2.8886652747872839e-02
1.4580629726077787e-01  5.4034961016176553e-01  6.5455209546313439e-02  3.3565226610363291e-02
3.7075669165505594e-02  7.3114304134757546e-01  5.9727446120631111e-01  2.4141471817897015e-02
4.2484256205667995e-02  9.4881552232986188e-01  6.7553275356772385e-02  6.7904544035261123e-03
1.5142512349543197e-01  8.8642947180763865e-01  3.7082975701686471e-01  4.1216995043150143e-02
5.9161866793925555e-01  1.4736053689700926e-01  3.4161754695339261e-02  2.3564468708375131e-02
4.6671769861206380e-01  5.9895336656450682e-01  3.0519999054671382e-01  7.3902958021309695e-02
5.1628161197078759e-01  5.5800695304992953e-01  5.2276324765208793e-01  3.6404330109089639e-02
5.1648501612616382e-01  8.7646753968032376e-01  8.9079159065418398e-02  4.0215111951520201e-02
3.0101915434266896e-01  9.4188813899851953e-01  8.3287454694631169e-01  2.6988962753623072e-02
9.3575984951703717e-01  3.1151758656431161e-01  2.3343096924477058e-01  2.2739461896649410e-02
8.3054397423812687e-01  5.3395721005701713e-01  6.8848704315264644e-02  3.5768165585190366e-02
8.8869849867866491e-01  7.7671671461417824e-01  4.4552102820542971e-01  3.8992333387581166e-02
9.5254295796164579e-01  9.2664605345757201e-01  1.4837459284891044e-01  1.4226682467924136e-02
6.3316070149407444e-01  9.7455210700815076e-01  5.2148517474034284e-01  2.9148502737003788e-02
8.5816963385223033e-01  8.7456659360769684e-01  7.9449685498934841e-01  2.3448221758924068e-02
