3 48
2.0001276005613394e-02  1.2987460730099892e-01  3.0871001595518619e-02  9.0315664662374263e-04
8.3234507255841417e-02  2.4544213363835493e-01  3.5499051165519747e-02  5.6174555563488519e-03
1.0008794342403962e-02  2.9339477517120532e-01  2.4742005609780576e-01  3.7517135706122205e-03
7.6727032999758790e-02  6.0948152841233871e-01  8.0793065984998361e-03  4.1378549997203818e-03
1.0072527368054107e-01  4.8247398620981996e-01  2.2179690395550627e-01  1.2619316686776013e-02
1.6243584939616104e-01  6.2021652462520549e-01  3.1724988960852218e-01  7.4877213730075260e-03
2.1573573842405158e-02  6.9044030667382073e-01  1.7344015253392028e-01  8.1905604370479772e-03
4.3033591403675069e-02  7.3541559807116397e-01  5.9751634411739929e-01  1.1817545568795189e-02
8.0287907479043408e-02  9.2022959288940720e-01  9.1631216141557970e-01  2.6407673988779745e-03
6.7910896454286676e-02  9.4127098822232391e-01  2.4737922584662911e-02  2.7551283355579199e-03
9.3618827209621266e-02  9.2818560754556001e-01  2.1959151143320432e-01  9.8005134037010468e-03
1.2297842580566128e-02  9.7165985488802020e-01  5.3894691174616483e-01  3.2991896326208621e-03
7.5856055017539017e-02  9.8891497748406765e-01  7.9393024831030756e-01  2.8376714649022998e-03
2.2351044728856068e-01  7.4414209114464627e-02  5.5596156663586929e-02  4.5037978311377683e-03
2.4387114381108255e-01  3.2459049083647062e-01  2.3148208705375276e-01  1.3155500648228973e-02
3.1084317786112858e-01  4.6258928456209131e-01  6.9787197165879750e-02  1.9081780556920724e-02
1.9416553431538661e-01  5.5463718096612025e-01  5.3059774528061399e-01  1.0062073174195342e-02
2.9683573637673083e-01  8.0818131921460068e-01  7.6505745930870145e-02  1.7811546219009003e-02
1.9935117894404386e-01  8.3647483144497359e-01  4.3691727276875170e-01  2.4704087823400177e-02
3.3095452894263372e-01  9.9740114316139872e-01  2.0990635075128988e-01  4.5358483783453189e-03
2.7606561565167698e-01  9.1756468584660100e-01  7.7374731051441881e-01  1.5814094051308653e-02
5.2589810276148075e-01  2.1041431267498442e-01  5.8210003286214076e-02  1.5659151355667790e-02
5.8598948100310266e-01  2.7716770699711901e-01  2.5020767597024951e-01  1.0765183115295975e-02
4.4310581301156904e-01  5.6949709172990448e-01  3.9602890295427529e-01  2.7371421227544875e-02
5.2290457954189107e-01  7.1505923459918930e-01  2.2110243586416292e-01  3.2093061579900245e-02
6.1621484608350885e-01  7.7567718250820550e-01  5.8117106140543995e-01  2.2627619608478731e-02
4.5207211686366483e-01  7.7933647804504802e-01  7.5183552917573016e-01  9.9015004313746414e-03
5.1089386703062245e-01  9.7180468513085372e-01  4.4717576596753794e-02  5.0645312772507611e-03
4.2064716122810997e-01  9.6364431279550278e-01  4.8326220499528338e-01  1.4025462172579670e-02
5.8286275256498721e-01  9.9451849834900252e-01  9.4573672868661152e-01  3.9039124219256084e-03
8.1184140278092642e-01  7.1965482224424615e-02  3.3920727408845275e-02  4.1470482113561613e-03
7.0536343767726151e-01  5.1312871239712954e-01  3.1322083233338703e-02  1.1634208528533066e-02
8.0279686929256466e-01  4.5362212934803398e-01  2.0089468367443819e-01  2.7520137857367444e-02
8.0039487492918182e-01  5.3176273195047685e-01  4.8995282772081139e-01  1.3296363706913712e-02
7.1819312880788588e-01  7.8757135270521750e-01  1.4900490016108318e-02  7.2875381998244596e-03
8.8715283095365483e-01  7.8985473303999876e-01  4.2297283207714420e-01  2.1035549080312077e-02
8.4325011373579495e-01  8.5497022255684962e-01  8.0621823634945045e-01  9.0736513645803159e-03
7.2441756709747718e-01  9.1588012914380224e-01  2.4180364359248691e-01  2.0642752841022266e-02
7.0565793420903933e-01  9.5790200557720340e-01  6.5974345623920794e-01  1.2402811864968867e-02
9.7454236625605084e-01  9.6520428868405028e-01  9.2065922352019114e-01  9.8785171971757881e-04
9.5110226329323166e-01  2.8321063122538481e-01  1.7982924667630705e-02  4.4020068214316883e-03
9.5230422241430823e-01  2.4295815986911706e-01  1.8113068184212458e-01  6.4187555605213090e-03
9.9624378827160998e-01  5.4495426944141734e-01  3.1441388110045010e-01  2.2560192923335907e-03
9.9197700615874529e-01  6.4743315926458556e-01  5.4213119410149835e-01  5.5154538958920429e-03
9.5647030878634121e-01  6.9318776684573169e-01  1.1189005866588803e-01  1.1594033912146987e-02
9.1870526333370295e-01  9.4411034518231163e-01  7.0248264081755288e-02  5.4946607732367222e-03
9.6601472036061753e-01  9.7626067135661099e-01  4.0134971273069431e-01  4.4589523101070090e-03
9.4267059550676091e-01  9.4723213200288803e-01  7.4395192167703872e-01  4.8930371125785344e-03
