4 9
2.1728573104345475e-01  1.7277478497232243e-01  3.1445082499674282e-01  2.1113497225727643e-01  5.0036087315584982e-02
1.6774692097078681e-01  2.5890919665190770e-01  8.6204384123941280e-01  1.9737261001364595e-01  5.8227552915678264e-02
2.7200803957255515e-01  8.9963935281713570e-01  4.6006687435740012e-01  6.8050804089790209e-02  5.3163607281377902e-02
1.6260678096423817e-01  6.9505621361846626e-01  8.0464963541639045e-01  6.3774776268370792e-01  7.0291791955865171e-02
8.5952021293105807e-01  2.2259415015117259e-01  6.2337183481100722e-01  1.2463638329149256e-01  6.4847358266569080e-02
6.3389890435992180e-01  1.4108362446818146e-01  8.7228940204252925e-01  7.0412209795209457e-01  5.8092458723706164e-02
7.5652057037759657e-01  6.2117293445041766e-01  2.6322149561881414e-01  2.0068807864859142e-01  5.2034119101304357e-02
6.6540365850656902e-01  7.6375724280432378e-01  9.5756393372821202e-01  1.9941452850070912e-01  4.7374728032278615e-02
8.7125992065395785e-01  8.3729846907697736e-01  7.8871256332067030e-01  5.9407338559324463e-01  4.5932296407635478e-02
