2 19
5.8150223609275631e-02  7.8268278029903784e-02  2.9444506237856601e-02
2.3799905390004896e-02  4.2484542626210509e-01  3.3546791506839542e-02
8.1962381651507293e-02  7.6626100404930642e-01  5.5618846518874408e-02
2.6703721501736492e-02  9.6423058285182628e-01  1.0283880325991545e-02
3.2122400621709124e-01  2.4713134827317244e-02  3.2223373509724658e-02
1.9299871503749261e-01  2.5913196963886059e-01  7.7619067138154849e-02
2.5649557133053824e-01  5.7512714011533705e-01  8.8262801520708756e-02
2.6052223354973536e-01  9.4433073828373315e-01  4.7216933365649430e-02
5.0276659729085604e-01  1.9063024669763615e-01  8.8583034702698321e-02
4.9999999999999872e-01  4.9999999999999933e-01  7.4401530347004127e-02
4.9723340270914429e-01  8.0936975330236316e-01  8.8583034702698668e-02
7.3947776645026508e-01  5.5669261716266676e-02  4.7216933365649270e-02
7.4350442866946076e-01  4.2487285988466533e-01  8.8262801520708256e-02
8.0700128496250778e-01  7.4086803036113968e-01  7.7619067138154599e-02
6.7877599378290876e-01  9.7528686517268270e-01  3.2223373509724679e-02
9.7329627849826361e-01  3.5769417148174158e-02  1.0283880325991600e-02
9.1803761834849229e-01  2.3373899595069417e-01  5.5618846518874755e-02
9.7620009460999524e-01  5.7515457373789491e-01  3.3546791506839480e-02
9.4184977639072442e-01  9.2173172197009623e-01  2.9444506237856563e-02
