2 47
2.5516292262264685e-02  1.6365666525234971e-02  3.3484539552780710e-03
1.7891437603359973e-02  1.4031488970329362e-01  9.3339869335417845e-03
1.5418850693870207e-02  4.0059649077310522e-01  1.2149373209826819e-02
5.6329354430264891e-02  6.0186058699829037e-01  2.4886868773523044e-02
5.1620259578919773e-03  7.5739165007004250e-01  6.6674077429231806e-03
1.5546290633830036e-02  9.7380721373903145e-01  3.3272023030748985e-03
1.0544460361586974e-01  5.5722979519078647e-02  1.3956569638292018e-02
8.9938973027356470e-02  2.6147123523183202e-01  2.8303208006858087e-02
1.5510449679786870e-01  4.5195344821714417e-01  2.1181957341406640e-02
1.8148372150141984e-01  5.1636980389832199e-01  1.6098662818203820e-02
1.4610444050340635e-01  7.7060798506971151e-01  3.1066445449328104e-02
5.6099807453086840e-02  8.8886779452178188e-01  1.5466527862033836e-02
1.3534341086984472e-01  9.8201460998338241e-01  9.1396916820159109e-03
2.3744177046529100e-01  5.2033890792471896e-03  6.7443565726936468e-03
1.9315556462595254e-01  1.1275917265712258e-01  1.2154397239266512e-02
2.6313246933893025e-01  1.7430319795149063e-01  2.9261558914697460e-02
2.5250940196490024e-01  3.7541415846153187e-01  2.5258690164576145e-02
2.8766714928295162e-01  6.8248394216666508e-01  3.3793402319414460e-02
2.5855952627492995e-01  9.1357764501428318e-01  2.7605498859626019e-02
4.0155881954666239e-01  5.5574956868076786e-02  2.5659809624641514e-02
5.4871360148736381e-01  1.6409133564967543e-01  3.7439336973399719e-02
4.0682654830023263e-01  3.1005385273347874e-01  4.3567577036241215e-02
3.7227408771652643e-01  5.7374871111821057e-01  3.2780047245590214e-02
4.4272719832756680e-01  8.2478214722010723e-01  4.2451095210235830e-02
3.9673640031246782e-01  9.8609985591865523e-01  1.1442142681095105e-02
6.0315938870193364e-01  1.4052195360259211e-02  1.1514630224268244e-02
5.2699993000275647e-01  4.9252759718474098e-01  4.4371473202456574e-02
6.0692586781571289e-01  6.9661081642604339e-01  4.4535548077608345e-02
5.9368875756109796e-01  9.4222114011102953e-01  2.6566969697289430e-02
7.4421135900401281e-01  8.4958944426526864e-02  2.7223329256764170e-02
6.5776654250690136e-01  2.5526856097257350e-01  1.7566648790541452e-02
6.9595314691060139e-01  3.8408580000236769e-01  4.1626646933743641e-02
7.5612319342706624e-01  6.2779447663805077e-01  2.4144601104458069e-02
7.5600790802810669e-01  8.4404422987210104e-01  3.5061664386032275e-02
7.5818405455418525e-01  9.9419967723282421e-01  7.0476192941543309e-03
8.6598203220164738e-01  1.7244623067419133e-02  8.8442763638574284e-03
8.4551576351990243e-01  2.3962231271084097e-01  3.3941125068081300e-02
8.3925767971568199e-01  5.3027478138352313e-01  3.2952256734160239e-02
9.1150418567805325e-01  7.4001072666466827e-01  2.8215917729175470e-02
8.8441177812951444e-01  9.3917818471087955e-01  1.6741545281606516e-02
9.8396306474483464e-01  2.8366631177251772e-02  3.6197721712995460e-03
9.4075750967726879e-01  1.1575701746204753e-01  1.6446932710558831e-02
9.9475982223723891e-01  2.4237939294308089e-01  6.6883546014475043e-03
9.4390522698199286e-01  3.9880807602072160e-01  2.4883962032341073e-02
9.8485087990334419e-01  6.0039004955695396e-01  1.2026767001948224e-02
9.8247886019703012e-01  8.6196150823849493e-01  9.1539075916611829e-03
9.7169760380075165e-01  9.8325775964377937e-01  3.7417831887620167e-03
