4 29
3.7341917343557685e-01  1.2743705809098721e-01  2.5676328575356025e-02  2.9181677626898522e-01  1.6494121409931745e-02
1.3066307027904567e-01  3.1443114758326951e-01  1.7256910508997647e-01  8.8033450814012282e-01  2.3943266644402390e-02
1.0466026865456104e-01  4.8366438058434220e-02  3.6728165483681824e-01  5.3100571985166745e-01  3.3381964011353273e-02
1.1992797529585163e-01  2.0364981125523332e-01  7.5122267337479598e-01  1.4767399212670265e-01  2.9230595930216385e-02
1.5474234019026359e-01  2.3263104643059568e-01  9.4154748143460509e-01  6.5033899998660794e-01  1.8619341355610046e-02
8.3632110276474728e-02  5.4671437038027448e-01  1.5427672864698627e-01  1.7762729075477965e-01  4.0814020151879876e-02
7.9868282196877888e-02  4.9579593969457697e-01  7.8716885817923288e-01  8.6576963885456337e-01  3.4855113590688394e-02
1.9146093839439443e-01  7.0157281010868555e-01  8.3396204001248764e-01  1.3466032045036380e-01  3.7775176286995359e-02
1.7716361710522172e-01  8.1241025550606871e-01  1.8712622763719980e-01  8.0093081324541360e-01  3.9237187786887798e-02
5.9747101570605629e-02  9.5838245015876244e-01  6.0733577911426151e-01  4.8063070990193774e-01  2.7484188943857679e-02
4.9741422546646324e-01  2.3012611722473039e-01  7.1704200688262137e-02  8.6958720216778118e-01  2.3198237485033843e-02
5.2835554909236648e-01  1.4557749773440568e-01  3.5373307743955296e-01  5.4274794798936030e-03  3.1507927775797827e-02
4.8868052921191812e-01  6.7346773100732782e-02  6.7342155637759094e-01  9.3594367111567545e-01  3.0514970234338780e-02
5.1233246899155249e-01  9.6890251358557944e-02  9.4298370353180683e-01  3.1086935336457683e-01  2.5059812757838040e-02
5.0029258984676483e-01  5.0033425275583421e-01  5.0009822448188401e-01  4.9997705275210569e-01  1.6582798159484924e-01
4.8663765158867800e-01  8.8244873826583681e-01  1.2161991003905716e-02  4.1259449672970033e-01  2.3704517009162981e-02
4.6895136838479123e-01  9.3599263411829114e-01  3.4227658988903625e-01  6.4498901973141440e-02  3.0865930933940407e-02
5.1465126481267742e-01  8.6736627239023811e-01  6.3355055707135088e-01  9.9389925058237227e-01  3.0812617769533507e-02
4.3514664470096731e-01  8.6205388176705711e-01  9.9693147547775696e-01  6.4752911440400951e-01  2.8667453757910213e-02
7.4680252452468820e-01  2.0195191312573155e-01  2.4703890172731762e-02  3.8236912197816747e-01  2.0706035109714905e-02
8.7956978605966141e-01  3.3444409780241258e-01  2.5399066453216312e-01  8.8970600462702798e-01  3.0693152863079106e-02
9.1967349857691805e-01  2.2171723733318098e-02  3.9118675792349289e-01  5.3419048276112113e-01  2.5863321594679495e-02
8.9760804441680886e-01  2.3766771624053606e-01  7.5995057399643073e-01  1.8403846876327609e-01  3.4312951096328613e-02
7.6511426995848331e-01  2.1989362610571103e-01  9.1872272306748237e-01  7.4548581786162371e-01  2.1483630052383126e-02
9.1885748604834305e-01  6.0371113564885093e-01  1.8694283943100648e-01  1.5888809298700857e-01  4.0074277640613297e-02
9.2865560251407686e-01  5.4769866952335899e-01  8.4359641208714375e-01  8.2425479422756653e-01  3.2498389429296101e-02
7.6162462140630938e-01  7.2811407289670027e-01  8.7949663627782781e-01  1.1347611236175549e-01  3.3115821509672211e-02
8.3185974146928687e-01  8.2464161333011943e-01  1.6343703613313945e-01  7.9425494195233692e-01  3.5313895644700249e-02
8.9802924473282864e-01  9.5470604470518217e-01  6.3362123383737101e-01  4.6878334688749312e-01  3.3944099629305155e-02
