4 9
3.1677702701737687e-01  2.7475471195838153e-02  9.2257225970976686e-01  7.0435953476431712e-01  2.2303194587475424e-02
2.6553039403373546e-01  2.3628277838039483e-01  2.4016865167540438e-01  2.0568075373142047e-01  1.4088775573094110e-02
3.4429403819300902e-01  2.1325575612326700e-01  7.2446101688990650e-01  1.3432254901210056e-01  3.6971930925804600e-02
7.3644008605266420e-01  1.5167002940271407e-01  3.7304844034244461e-01  2.1021126838539075e-01  4.4838532595781230e-02
8.2259329416064952e-01  1.7193784355203814e-01  8.4646151418962112e-01  1.5208654351695938e-01  2.8078341456412206e-02
9.9752178941406999e-01  2.2360482024244882e-01  8.6682775545121482e-01  6.9565183060873814e-01  1.5584058734335061e-02
9.4885393104893778e-01  7.5001581112715998e-01  3.2499414100936075e-01  4.3982021676925068e-02  1.9916991935267147e-02
8.3296239213879097e-01  6.7636352624289575e-01  9.4824439739465416e-01  2.5896048124146565e-01  2.1161108351502089e-02
7.4257081192583518e-01  5.7681896505494756e-01  7.5185882596605702e-01  6.1344771506832962e-01  4.7057065840328136e-02
