4 27
2.8360734634586215e-01  1.2865221048699563e-01  2.6367058625492035e-01  1.3530697023601537e-01  2.2442274602199691e-02
3.3006641159428488e-02  1.6143123325704548e-01  7.0614026153653553e-01  1.0796854183117592e-01  1.4858686564957903e-02
1.0258622484863109e-01  2.9681128406728513e-01  5.9334436473291441e-01  5.1347631670197802e-01  1.8028115708369236e-02
1.9481122531379516e-01  7.9343845227711665e-02  8.8976164257721835e-01  7.3996889291952039e-01  1.2925788651456667e-02
8.1245248531790590e-02  6.5731348937766043e-01  2.0497875975501106e-01  8.5106251970939892e-02  1.2466935988746127e-02
9.9361210753109760e-02  7.0879080516216209e-01  6.4109209942222112e-01  3.4298746310474360e-01  2.0703768576633592e-02
1.8352672219980556e-01  3.7958656817464226e-01  9.7552669498573885e-01  4.4203982985768248e-01  2.0392458102118906e-02
2.6123069471488403e-01  9.7908442753389835e-01  4.1037124610604220e-01  1.3061269979332718e-01  1.2638253742592330e-02
1.7416687699072164e-01  8.2032845198997306e-01  8.6257141601226361e-01  1.1813397719827966e-01  2.0763500961546399e-02
4.7579557074814795e-02  8.6262881982114548e-01  8.9540856773883981e-01  7.4876221667149589e-01  9.7095567116598103e-03
5.4819125184771023e-01  7.2361392018691368e-03  7.7387537718770572e-01  2.9110087501864673e-01  2.2164155385321082e-02
4.5318743299783198e-01  2.5047993826304255e-01  9.7960882229200397e-01  6.2095286954621368e-02  1.1443878480965385e-02
6.8509227208214907e-01  6.5672850038241803e-01  1.1338624837562726e-01  8.9804720641217778e-02  1.3886775400152984e-02
5.0476085373727753e-01  4.8349324713272585e-01  5.2017805378176329e-01  1.6331918687346601e-02  2.8560292561613621e-02
5.1935115700108336e-01  4.9046601005909002e-01  6.6858218521882673e-01  3.6044100525505235e-01  5.7819437868505297e-02
4.7045646084300902e-01  5.4599690521696054e-01  9.2352004403699839e-01  8.6260311362370490e-01  1.9213554696446436e-02
4.3699313750169250e-01  8.7792758250989078e-01  4.8411227358403397e-01  4.8404483014717847e-01  1.5552510618405586e-02
5.4962757813040353e-01  9.3578497450746512e-01  8.9507695228785256e-01  5.1285287360447085e-01  2.2556964974721722e-02
8.9087702136486502e-01  1.5309296661440441e-01  2.7094103965130545e-01  7.7859283819508324e-02  1.2899751282505744e-02
9.3794141268721298e-01  1.9431097172695144e-01  7.8474914524459072e-01  1.1249910524719441e-01  1.4381325614344943e-02
7.7008533207254770e-01  1.8770772957409107e-01  5.2211303609035153e-01  4.7442381039085751e-01  1.9197404432872153e-02
8.5659110939566829e-01  1.4614273321609100e-01  8.9188985279046618e-01  7.4711083671385881e-01  1.3600684641204544e-02
9.5324399174786223e-01  6.6218708356866396e-01  5.2825097451070724e-01  3.0885886863514095e-01  2.2559261475427212e-02
8.6791889382390242e-01  4.1478167391311371e-01  9.6993623958575970e-01  4.7615859004886479e-01  1.6677638403935414e-02
8.3460785383827973e-01  9.6322043866528984e-01  3.9263444484518617e-01  9.7403742328070850e-02  1.1074891828930398e-02
8.1131989173805619e-01  8.0717611154017987e-01  8.7263716913914890e-01  1.2248872641030623e-01  2.1768090072267418e-02
9.1841990307840116e-01  8.4713754004565411e-01  8.4750567891540052e-01  7.4457738416057773e-01  1.1714042652099440e-02
