4 26
1.3386091277192644e-01  8.0960472796084815e-02  1.6140547016048656e-01  1.3626127200260196e-01  2.1175290446998105e-02
5.1688062165177219e-02  2.0994424803578296e-01  2.1879652536635777e-01  8.1376884321184195e-01  2.9960787266628500e-02
8.5893698795133339e-02  2.3745710181167484e-01  8.9041540532433971e-01  1.3144915467671708e-01  2.4635927985398123e-02
1.9715170862966533e-01  1.3855711830354453e-01  8.8669632371629881e-01  8.1639699243014852e-01  2.8464004802605216e-02
1.0887011212119435e-01  5.9107097187685709e-01  5.4036796226722805e-01  4.0517115898827594e-01  8.0247715327649238e-02
1.2056556888270804e-01  4.6985486610552002e-01  6.8817181873030264e-01  9.1267109323802809e-01  1.3468487309965799e-02
6.5873709094608809e-02  8.8635431881956672e-01  1.1479079421124375e-01  1.5003498763723730e-01  1.8616030006646238e-02
2.2362460013392105e-01  8.4662697230997608e-01  1.8566861061158110e-01  8.6847091141827615e-01  3.8698060873417657e-02
8.3982758226152698e-02  9.2175676288095698e-01  8.9811259697516355e-01  7.5317054354626967e-01  2.0690622189343939e-02
6.6645118896117361e-01  1.1951047658192872e-01  1.9324431394821845e-01  9.1062349839162393e-01  3.5533043187290649e-02
4.2472584108528422e-01  6.5176304317705630e-02  5.6259588839348185e-01  4.7885203322593123e-01  6.7210357825230979e-02
4.8954039183375969e-01  4.4142254803414910e-01  3.4962824520294983e-01  5.2777107076146898e-02  5.9101477189205991e-02
4.2624126055175315e-01  4.4774138431395238e-01  3.5115253950712300e-02  5.0565795292732207e-01  6.2198195589619656e-02
5.7375873944824685e-01  5.5225861568604773e-01  9.6488474604928776e-01  4.9434204707267798e-01  6.2198195589619636e-02
5.1045960816624036e-01  5.5857745196585096e-01  6.5037175479705012e-01  9.4722289292385320e-01  5.9101477189206005e-02
5.7527415891471578e-01  9.3482369568229440e-01  4.3740411160651810e-01  5.2114796677406883e-01  6.7210357825230965e-02
3.3354881103882633e-01  8.8048952341807118e-01  8.0675568605178150e-01  8.9376501608376097e-02  3.5533043187290649e-02
9.1601724177384725e-01  7.8243237119043005e-02  1.0188740302483641e-01  2.4682945645373044e-01  2.0690622189343946e-02
7.7637539986607895e-01  1.5337302769002384e-01  8.1433138938841898e-01  1.3152908858172388e-01  3.8698060873417643e-02
9.3412629090539123e-01  1.1364568118043331e-01  8.8520920578875617e-01  8.4996501236276267e-01  1.8616030006646259e-02
8.7943443111729236e-01  5.3014513389447904e-01  3.1182818126969725e-01  8.7328906761971845e-02  1.3468487309965787e-02
8.9112988787880565e-01  4.0892902812314297e-01  4.5963203773277195e-01  5.9482884101172406e-01  8.0247715327649238e-02
8.0284829137033475e-01  8.6144288169645544e-01  1.1330367628370126e-01  1.8360300756985151e-01  2.8464004802605223e-02
9.1410630120486669e-01  7.6254289818832510e-01  1.0958459467566031e-01  8.6855084532328297e-01  2.4635927985398123e-02
9.4831193783482282e-01  7.9005575196421707e-01  7.8120347463364215e-01  1.8623115678815799e-01  2.9960787266628517e-02
8.6613908722807353e-01  9.1903952720391513e-01  8.3859452983951333e-01  8.6373872799739804e-01  2.1175290446998139e-02
