3 34
2.2006355938006750e-01  3.1362807605799910e-02  6.7610436690182735e-03  8.7058556422974810e-04
2.0189311556760720e-01  1.5802339995286863e-01  2.2913467450359618e-02  1.5357825141125710e-03
1.9827945607684166e-01  1.4782045148856066e-01  1.0667398861837446e-01  2.6500851644932068e-03
4.9126325610689336e-01  1.0841073809514261e-01  5.3202033209318531e-02  4.2508646140072184e-03
4.7274263565207175e-01  2.6074226356999003e-01  4.8564461041846418e-02  6.3764393556719054e-03
4.3978497717929538e-01  2.0977913930005293e-01  2.0790439962969845e-01  2.3842412241388490e-03
4.6507514937650463e-01  4.2822491399711837e-01  2.0224750653009863e-01  5.6595703171257892e-03
5.2070925134648816e-01  3.2635035936376089e-01  2.0676092936603740e-01  8.1164569356447502e-03
4.8261158960152062e-01  4.3755420368973935e-01  4.2763092421387962e-02  3.7352304074230228e-03
4.7422374151577917e-01  4.3259196416265172e-01  3.8482827541670950e-01  4.0975847840208210e-03
7.4071383996520546e-01  8.7760386849922947e-02  5.2336182282075684e-02  3.1495282215462505e-03
7.5261268605563569e-01  2.2231171226183835e-01  2.0616551592047019e-02  3.6559836958829205e-03
7.9619849533566922e-01  3.7289156344805924e-01  1.4629403246433428e-01  1.0029409583674318e-02
7.6641774208667157e-01  2.9886635962853253e-01  2.5274447809645900e-01  7.2387662959585439e-03
7.3680729248009957e-01  4.7679665366713181e-01  2.6476804892618441e-02  4.9523190341357100e-03
7.5626360095855749e-01  5.9632477033075615e-01  1.7027847682580222e-01  9.7980256349589831e-03
7.7137793437612789e-01  5.6259165591305293e-01  3.5721499815164137e-01  9.0360774623787412e-03
7.4197027841134167e-01  5.3565406954424111e-01  4.9480793670506351e-01  6.1927287402163030e-03
7.7261541060614447e-01  7.1870122597009833e-01  3.6009911340152190e-02  3.2219894596808222e-03
7.5423388245714940e-01  7.2958172187195702e-01  2.0412677327729664e-01  4.0324998362709259e-03
7.5416452021682034e-01  7.1094988726580666e-01  4.5394089598410664e-01  7.1609915289689661e-03
7.7151739114184670e-01  7.3001326200074790e-01  6.7453984454367055e-01  3.6158645660131121e-03
9.4572977897931865e-01  1.2437357380826070e-01  6.3255941992428580e-02  3.3032160243917715e-03
9.5254108908706214e-01  3.3168926315077940e-01  3.3590573716000910e-02  3.2822340468215087e-03
9.6279132336106477e-01  4.7075504469485152e-01  2.0558900187130069e-01  6.1144590739741827e-03
9.5408861834618408e-01  3.5544744168904996e-01  3.0363176875494396e-01  4.5558751005526123e-03
9.4568489135541156e-01  6.4737113285219805e-01  5.4792714349361796e-02  5.5190698850993416e-03
9.5274828271394252e-01  7.5545484426563980e-01  2.7679747464851873e-01  7.5519838095084394e-03
9.4838915851985017e-01  6.8164182708351451e-01  5.0500402019767321e-01  7.8940242675070420e-03
9.4741159376580464e-01  6.5096832026014728e-01  6.2874666133156709e-01  2.7748366062845058e-03
9.5507602319137053e-01  8.9172542482860528e-01  6.3050636001057231e-02  2.8500046081572487e-03
9.4760390085441937e-01  9.1382770201792130e-01  2.9590812629871005e-01  3.4579555825478233e-03
9.5181469611614788e-01  8.9974445765182764e-01  6.0020084586415967e-01  4.7926639514414776e-03
9.5403026187181472e-01  8.9230270562198433e-01  8.2992465953439165e-01  2.8093187698271915e-03
