3 13
4.1345417797737850e-02  2.1892435905185165e-01  7.2150130346672531e-02  1.5592175528404049e-02
1.3571909003678703e-01  4.8142141973035202e-01  4.6438715569949891e-02  2.2575901537100925e-02
1.4915707208127046e-01  6.6182607814447203e-01  5.4819092139654746e-01  5.7335062084297436e-02
1.0821873879992322e-01  8.9889489967398428e-01  6.1234037787162812e-02  1.7287727896272767e-02
9.8557708029788429e-02  9.7062042076588906e-01  5.3282689374428605e-01  2.9135760212761611e-02
5.8665894411977837e-01  1.8392799267863030e-01  1.5371842534052460e-01  3.8840911658533588e-02
4.5266289789581932e-01  5.5941932146692941e-01  2.5415019631483943e-01  7.6416187145972078e-02
5.0923047203269800e-01  8.1956914871531550e-01  1.8609083870988929e-01  7.2514206432064007e-02
5.1264519021116395e-01  9.3943019694872121e-01  8.7478045302157359e-01  3.1423375870015507e-02
9.2543415676465279e-01  3.9600022583472605e-01  4.0816419444670272e-02  3.1346774434591947e-02
8.9945949204086684e-01  6.3654880730156915e-01  5.2917926928924053e-01  4.5130982517374359e-02
8.8584807726006198e-01  9.2236051828356702e-01  7.3347181978929268e-02  1.7373343635038598e-02
8.3485207649098625e-01  9.1670158310649130e-01  5.2565886348186974e-01  4.5027591047573215e-02
