2 11
8.8375481743273490e-02  3.5176643850145677e-02  1.5052136537863281e-02
3.5776109686294499e-01  5.0919729838370557e-02  4.3940178893281230e-02
3.1983396726955227e-01  2.4096427166625872e-01  5.7830562802221049e-02
7.2607425213532129e-01  5.3245686015062493e-02  4.5068729788185609e-02
6.1006904753725955e-01  2.3671324108455818e-01  7.5387087400621777e-02
7.5654162063686037e-01  4.6816586257264614e-01  6.2318090992314841e-02
6.4182080024590127e-01  5.8091255677124298e-01  5.2608433520827259e-02
9.6701597690141095e-01  2.2625434131623556e-02  9.8920500067990330e-03
9.2363686869472550e-01  2.3299817659639874e-01  5.7868222168581465e-02
9.4993151699079437e-01  5.8732596396236614e-01  4.4737876085805865e-02
9.2495870460897478e-01  8.4996788515843968e-01  3.5296631803498603e-02
