2 52
2.5371928134895600e-02  7.1159781714120254e-03  1.7110976101001036e-03
1.5087485622747020e-02  8.6033882470296280e-02  5.6726711186472160e-03
3.2380265930592726e-02  2.2225010469708420e-01  5.3128840746632247e-03
1.3520756381663272e-02  3.2041762399773877e-01  8.1306560330974536e-03
1.3333956529233812e-02  5.9340390407710886e-01  9.9917717531446560e-03
5.2831402894651359e-02  7.6641031781361812e-01  1.9022636829658150e-02
3.8382645438822085e-03  8.7979236750958056e-01  3.9835301327954620e-03
9.8418171814844468e-02  3.4576437872117574e-02  8.8199816912327023e-03
9.0919829128321028e-02  1.7098302304407972e-01  1.8788588260980277e-02
7.6949292502881711e-02  4.5038728315237342e-01  2.6642504656448674e-02
1.5603114481944519e-01  6.3986448647511696e-01  3.5200077574006693e-02
8.7302806683388703e-02  9.2865686050114160e-01  1.2219541925033335e-02
2.9336644432492287e-02  9.8172440789265292e-01  3.6459889831569124e-03
2.1953724282149473e-01  5.5301079238526335e-03  3.5608157239223471e-03
2.2052138041027783e-01  8.6017955309661720e-02  2.0454356711529353e-02
1.8807732244731853e-01  3.0646185280801791e-01  3.6012832314373001e-02
1.8950999553988826e-01  8.5680638814295507e-01  2.4488853462366914e-02
1.8396355302878725e-01  9.8932005121639421e-01  6.8461215651526202e-03
3.7356158859119010e-01  2.0252582824891296e-02  1.0417126601149764e-02
3.4226642729049556e-01  1.8364089674183209e-01  3.3407119911541765e-02
4.0858074960049051e-01  3.2689387757979249e-01  1.4038673775763108e-02
2.9277586787866683e-01  4.9430766755463723e-01  4.5834875322422274e-02
3.2566202911894421e-01  7.5754188755504681e-01  3.7893540552587868e-02
3.3661917238951927e-01  9.4757652710740681e-01  2.1409077267158252e-02
4.9385267437705604e-01  7.9368159039835628e-02  2.4007630241743821e-02
4.7142359942754791e-01  3.5664328814923157e-01  3.5394525835359916e-02
4.7506348979556307e-01  6.2646110720090797e-01  4.6671524576303053e-02
5.0844713485691717e-01  8.6619024053338789e-01  3.5218499848793647e-02
5.0287073495938817e-01  9.9297893721612318e-01  7.4505591599348022e-03
6.3157538871026275e-01  1.5202916840920967e-02  1.0298893441050359e-02
6.1040655920640086e-01  2.0458392580209694e-01  3.8780351353558430e-02
6.3459527421199180e-01  4.8223564640367705e-01  4.5988358474836566e-02
6.6660055392244355e-01  7.4349637858980910e-01  4.1653473936017489e-02
6.7500750147329880e-01  9.5237079156249516e-01  2.0096934431358078e-02
8.4643435972769943e-01  1.5360029891053355e-02  6.8398099765502214e-03
7.5452816440813875e-01  9.1199970145682860e-02  2.4895830950254164e-02
7.7140501692065255e-01  3.2638380976426484e-01  3.9252890138277721e-02
8.0873494253952616e-01  5.9899483065898285e-01  3.8269483690931742e-02
8.0517949542716960e-01  8.6753728178069411e-01  2.4125798644347551e-02
8.3629779130235338e-01  9.9048526908719725e-01  6.3485705661912254e-03
9.3762882565983752e-01  5.1518120718937292e-02  8.8335828258188469e-03
8.8725289134053065e-01  1.8870601967536199e-01  2.5064990137609981e-02
9.1236332854763402e-01  4.4379623132544155e-01  2.7388209804427452e-02
8.9367512400469595e-01  7.7500447023987118e-01  1.6610327874288337e-02
9.3201729051492443e-01  9.3613246894922597e-01  1.1779795857301916e-02
9.8970557728867725e-01  5.2123716274712194e-03  1.1697761831421906e-03
9.8545893763684766e-01  1.2013881187611784e-01  5.8839095783588015e-03
9.7680480913367196e-01  2.9894281095909231e-01  1.2509708891982810e-02
9.9103380240079597e-01  5.4517098749779835e-01  7.6060486040904797e-03
9.5224699417150049e-01  6.8507629154635241e-01  1.5649353102869912e-02
9.8913797921883617e-01  8.4369833376958348e-01  6.6080286769691632e-03
9.8498446893777869e-01  9.8519682215070381e-01  2.0978093466993367e-03
