3 25
1.6083427379789073e-01  6.0070414839795597e-02  5.9220738399765813e-02  1.1612367630824001e-02
4.9116978886719611e-03  9.7448414536844774e-02  5.4417523425181569e-01  1.2214447405547658e-02
2.0269774552612890e-02  1.4134641434520914e-02  8.8116787240904748e-01  6.9600748711680779e-03
1.0328327469477952e-01  3.4522984522537070e-01  1.4210877073372818e-01  4.4768391697709922e-02
1.7447738143033778e-01  3.9395770796559409e-01  7.6952715175130404e-01  7.9541688685180509e-02
3.9694437310319401e-02  6.8798739975463186e-01  4.3232316615302119e-01  3.4323394090319821e-02
9.4875522829559467e-02  7.6269642071010524e-01  9.5447403013949861e-01  2.2283623153680439e-02
5.9344118835077134e-02  9.7422530037847943e-01  2.2988586306692441e-01  1.2354782860511313e-02
6.3535174235990602e-02  9.9999999999975575e-01  7.5910488964850109e-01  6.2181762228077217e-03
3.6321100407092066e-01  1.0309895541181469e-01  4.1796873622737740e-01  7.8157271555935673e-02
4.0782517392938844e-01  1.6339110765938972e-01  9.6093749157825048e-01  3.4148022591461505e-02
2.6245214525152594e-01  8.1057229685462551e-01  2.9763018367348001e-02  3.0767789881209907e-02
3.7178352442040641e-01  7.2081868237875713e-01  4.0660880470724775e-01  8.9350929197362677e-02
3.7994557492559128e-01  9.3407357889988163e-01  7.1875933981039608e-01  4.8529432113913938e-02
7.0056035075674805e-01  2.9622922596894447e-02  1.1542948379695456e-02  1.2836710246924754e-02
7.8958337675998669e-01  4.2709866267210246e-02  7.6424545518752707e-01  3.5246879640392074e-02
6.0744561473120784e-01  4.2095422071185656e-01  1.3691590756487185e-01  8.5843549291110488e-02
6.9026077946493636e-01  4.1847637765667384e-01  6.7077156500291024e-01  9.7063928731390525e-02
6.4484830421572681e-01  7.3411444174442453e-01  9.4249060873720281e-01  4.8317399681368244e-02
7.3068420961103697e-01  9.4265548643888597e-01  2.0775232652564887e-01  4.5626169529091667e-02
9.2389100737188035e-01  1.7629817658661145e-01  2.9241926842848520e-01  4.9032158616956222e-02
9.7826091541777327e-01  3.4064257040336970e-01  9.3322486738664145e-01  2.0714733979301791e-02
9.6241082981384019e-01  6.7325610797481372e-01  2.6572755011926099e-02  1.7160037097784374e-02
9.1212881152383396e-01  7.2173349226202055e-01  5.0635275052410134e-01  5.9389056591164495e-02
9.1587882419311928e-01  9.5829125132458737e-01  8.2799841481421643e-01  1.7538984636882107e-02
