6 55
1.5878450359472002e-01  9.5768589693424486e-02  3.3172710565660940e-01  3.0872913649808159e-01  5.6961229320942830e-02  1.6952927193565667e-02  1.5766783731212871e-04
1.3098871307101079e-01  9.2775494139283307e-02  6.7022535350748214e-01  5.2778747024118022e-01  3.6660141809505753e-01  3.5121185862743584e-02  5.3733442060374561e-04
1.4033243285804631e-01  8.6697903518447597e-02  6.7121091227453022e-01  5.8884047306909859e-01  4.7965959941924630e-01  2.8754268573270769e-01  6.7599568049481055e-04
1.1647089194989349e-01  1.8856140320054143e-01  9.2005427369972770e-01  2.3183023885096540e-01  1.6339484107863894e-01  5.4038149009171518e-02  4.7672097863771571e-04
1.1321465701591278e-01  1.2526977435693884e-01  8.4923570115724356e-01  8.4763603519040343e-01  1.5921314338615256e-01  6.7328481306293722e-02  3.6669659563612805e-04
1.1655221614947595e-01  1.5714844540966208e-01  9.5703179518448511e-01  8.2991727444356911e-01  5.8802658089511139e-01  5.0125240710928509e-01  6.4343954793544755e-04
5.1860859549347299e-02  7.0638242641107130e-02  9.1237725252462309e-01  8.9905078807181071e-01  7.9329883578669569e-01  1.4396489677126958e-01  3.8689152430353417e-04
1.5795370578679335e-01  5.0615641461487670e-01  3.4841779851459498e-01  2.3157985549992746e-01  2.1410427935743789e-01  1.2766969223180369e-01  7.2754921361228050e-04
1.2270559726103751e-01  4.7668491899353976e-01  6.6614726345682185e-01  4.9706206702842454e-01  1.3784235049665883e-01  7.9888612198865269e-02  8.0460265962564910e-04
9.5118554874378827e-02  4.2536360149306174e-01  7.3215481484274481e-01  6.4988520616022083e-01  6.4572626975207825e-01  5.6927507973547198e-01  5.5401304859950735e-04
1.0169287214101574e-01  5.0485382079698971e-01  9.3054310510747507e-01  6.5465914986584750e-01  1.9123160576264592e-01  1.1542937529701380e-01  9.6797941986449094e-04
1.2566039433245696e-01  5.0168506006849078e-01  9.1607438424974108e-01  4.5166234768804964e-01  3.9996012234698064e-01  3.5543869620914686e-01  8.3123628709428135e-04
1.1377015743209683e-01  4.8336859318238035e-01  9.1656933922807371e-01  6.3219129324823586e-01  5.2313025228354948e-01  8.2101865927056233e-02  1.0599594008247522e-03
1.0894120521448444e-01  8.4853142740716625e-01  6.7817286803208776e-01  2.7110988803393704e-01  1.9123003662358432e-01  7.5673418559301570e-02  7.4914689208133633e-04
1.1317537829009192e-01  9.0678561244544331e-01  6.9698010364076124e-01  6.6356998984889182e-01  2.9806179942217814e-01  1.0431628192208618e-01  5.9802497716882172e-04
1.0580038324193697e-01  8.7543565547448199e-01  6.8924582829813175e-01  6.5024846578149109e-01  6.1400236118976093e-01  2.5735039956065819e-01  5.0017155416398932e-04
1.2121853299129488e-01  8.8455734552018184e-01  9.0488624132543183e-01  7.0340354791643878e-01  4.8093874930244102e-01  1.0164185940757073e-01  8.7618464716900395e-04
8.1551416405289373e-02  8.4110865037972571e-01  9.6280249838252951e-01  8.7964302528737237e-01  5.7724897274516696e-01  4.2298144107418173e-01  7.1185430602449529e-04
4.5056002212356699e-01  1.2775406818702076e-01  6.4516118807419476e-01  2.8167166179471814e-01  1.4162206003612937e-01  1.0111084410435583e-01  1.4080466424299838e-03
4.5831679890085897e-01  8.8775114248855730e-02  9.2213367099471255e-01  6.2676685356208728e-01  2.6540401109673828e-01  5.9989353866049783e-02  1.0673402474957103e-03
5.2546910048586559e-01  5.9173993223649080e-02  8.8839560325163869e-01  6.1985072253716500e-01  5.4378175104390314e-01  3.2736735370957409e-01  1.4205195754793472e-03
5.0705613413171668e-01  1.6546603875854657e-01  9.6447397509654909e-01  8.8461268199268284e-01  5.1527204312207742e-01  4.5697424641644357e-01  5.5577488911092820e-04
5.4049848287661506e-01  4.8002938304356807e-01  6.0305616597737677e-01  4.9816312302356719e-01  4.2938902780647198e-01  5.4311580344401075e-02  1.8409348699949830e-03
5.0525192141040087e-01  4.8402983752954781e-01  6.7263613489325003e-01  6.3930715554686290e-01  3.6816350745750515e-01  3.0560067930541979e-01  1.8810195170252553e-03
5.2244420710967465e-01  5.3822201505436373e-01  9.5820716862278565e-01  6.2179116993466010e-01  1.7897138703033155e-01  1.3484032901715717e-01  7.5077113571800748e-04
5.3829065880648519e-01  4.6416879582305265e-01  9.3421237452834838e-01  5.8968428394721195e-01  5.6111494743814794e-01  8.8102665500060809e-02  1.0285637834711050e-03
5.1488965778313123e-01  4.6815536464683827e-01  9.2928855556200363e-01  8.8744769433252579e-01  4.8704781246137419e-01  8.9459499857758529e-02  1.8570205975305257e-03
4.1848731131827616e-01  5.0102270093611911e-01  9.4980734738215489e-01  8.7790530872538819e-01  8.1226547388353332e-01  4.5088468343724364e-01  1.2833675706314712e-03
5.0673830533388886e-01  8.7645498989473958e-01  3.2121663319207477e-01  2.8909637979452379e-01  1.0205783762011349e-01  3.2147076033089699e-03  3.9025518463868558e-04
4.8321450137543359e-01  8.8143405844334555e-01  6.7185149073937334e-01  2.9614967757461169e-01  1.5753806717872945e-01  7.4379124510587327e-02  6.0724538758089074e-04
4.9801513760704808e-01  9.0010703703512385e-01  7.1669188888943502e-01  5.5995022857237231e-01  3.7817318023058261e-01  3.3344189340345937e-01  1.3398680244999274e-03
5.3686345446014327e-01  8.5389379777645791e-01  9.4926379606530431e-01  2.8914175823936583e-01  1.2775885496713743e-01  5.4347227987968372e-02  8.1988405425121853e-04
5.0268830520138541e-01  9.3217596367512545e-01  9.2982769108683239e-01  5.8193247579128871e-01  5.4419477153643880e-01  3.3638586720591523e-01  8.6538138529225028e-04
5.3292007498580374e-01  8.8534273495691873e-01  9.3290162888251005e-01  8.4334455526272767e-01  1.3754704474970508e-01  7.2635854397798016e-02  6.7768570004662822e-04
4.9074344196277830e-01  9.0227180410026842e-01  9.0955201627833582e-01  9.0494810655670355e-01  8.6325236771239555e-01  6.5609807531393158e-02  3.6072873442292129e-04
4.7732595477568152e-01  8.7136053562221905e-01  9.5069665304001649e-01  8.7613419950982052e-01  8.2193436770858042e-01  7.8012972259299318e-01  3.4381598661435578e-04
8.4965624999572875e-01  1.1961532359164889e-01  3.0753745475297034e-01  3.0571867182771073e-01  6.8889409359816439e-02  3.1962552145648518e-03  1.4059067837917110e-04
8.4604086854966754e-01  1.3519871801511746e-01  3.1660609200993295e-01  2.1892217495854530e-01  2.1071342593596798e-01  1.7538592225407523e-01  2.9228832609920621e-04
8.6571138356490451e-01  1.4016523869128053e-01  6.2799681655728268e-01  5.6384067217591849e-01  4.1471451876399679e-01  3.8854211416283098e-02  2.8866308025354435e-04
8.4620351214730993e-01  1.1942790882762208e-01  6.9358920507874888e-01  6.1975838614431455e-01  4.5908471205976575e-01  2.5240339912878068e-01  1.1315062842655065e-03
8.8661118358427049e-01  1.6059190056933367e-01  9.8860951252550977e-01  2.4865917420402631e-01  1.8517625543064425e-01  7.1027199033074209e-02  2.4113357072057796e-04
9.0408527507654202e-01  1.2386682554701002e-01  9.6300183465047440e-01  6.2686944635181063e-01  2.3592913645929181e-01  8.0478168224864866e-02  5.0239744374687466e-04
8.8791432766151113e-01  1.5015568569331730e-01  8.9189814169774884e-01  8.6474539973578834e-01  2.1093789762686119e-01  1.4403876332516038e-01  4.6412121635875612e-04
9.4170401529964520e-01  1.1370167513174581e-01  9.3993943318606687e-01  8.2301750080608027e-01  7.4559859674711493e-01  7.6035538112693632e-02  4.5587609200133632e-04
8.3141347660714704e-01  1.0872461556295154e-01  9.2164071131107272e-01  8.5554755055185117e-01  8.2325976267250844e-01  7.8643846658663630e-01  2.4763145746558516e-04
8.7373469118582048e-01  4.9378104257615973e-01  7.0234136297285776e-01  2.0590885903777903e-01  1.9716717325976360e-01  4.8132825406188379e-02  8.0281167353637875e-04
8.9754827274192805e-01  5.5155474601714927e-01  6.9121147917425851e-01  4.8949120518567096e-01  9.5008414339866287e-02  2.7884905241270328e-02  1.1744225639072879e-03
8.7998887923487523e-01  5.2492519384595882e-01  7.0574003131217045e-01  6.2524670220967116e-01  5.8731562573902008e-01  5.5407069139410026e-01  2.7032856091860520e-04
8.7506946448623235e-01  4.7699256068393120e-01  8.9893443482144297e-01  5.1350301476523319e-01  3.9245628127649856e-01  3.3966973688807706e-01  1.5183388318406300e-03
9.0525591275967288e-01  4.9621320497755578e-01  9.3356540090858420e-01  8.8280041743702253e-01  7.4406279432317568e-01  3.8819492136280792e-01  7.6357073844904582e-04
8.8103443728120800e-01  8.7175547643416063e-01  3.5587125681287229e-01  2.1463105138953578e-01  1.9200861534311786e-01  1.5147724926078329e-01  3.4226337364175527e-04
8.9167655932543044e-01  8.9119172972457084e-01  7.1664350584756431e-01  6.4526533681569331e-01  3.3335292397672661e-01  6.3955019487034803e-02  4.9552347976295895e-04
8.9430692758460484e-01  8.6338982774976636e-01  6.9397912411856055e-01  6.2249714798003553e-01  5.9768799173041232e-01  3.0300095832903340e-01  6.6583007594498604e-04
8.9684707665412877e-01  8.8792717017167433e-01  9.2193240384279140e-01  6.6713770119761806e-01  4.5991044053242408e-01  8.5126214796017077e-02  1.1115376541973897e-03
9.2074247881056304e-01  8.2661821301502725e-01  9.6871888381749693e-01  8.7755818993836388e-01  5.0691896425472305e-01  4.1257532748128112e-01  6.3413928779073355e-04
