2 12
6.3678559672437435e-02  1.0308710067077781e-01  4.4513507558132784e-02
1.9466379741367054e-01  3.6218626057350173e-01  1.2695673582242847e-01
1.6463021543564948e-02  6.3165727885684408e-01  4.3426336559172093e-02
1.3383581038619299e-01  9.2405085161943745e-01  6.2454710066947604e-02
3.9868184614511476e-01  5.0037423247796212e-02  6.8267819977248803e-02
3.8258790371871487e-01  7.0420368978865011e-01  1.5438089001607030e-01
6.1741209628128535e-01  2.9579631021134983e-01  1.5438089001607008e-01
8.0533620258632943e-01  6.3781373942649822e-01  1.2695673582242845e-01
6.0131815385488530e-01  9.4996257675220375e-01  6.8267819977248928e-02
8.6616418961380703e-01  7.5949148380562520e-02  6.2454710066947604e-02
9.8353697845643506e-01  3.6834272114315597e-01  4.3426336559172017e-02
9.3632144032756259e-01  8.9691289932922225e-01  4.4513507558132631e-02
