4 21
2.4785021973556007e-01  1.3449263735840197e-01  2.0246112286050874e-01  1.9728297413356291e-01  5.9214805838386179e-03
1.9999923594494626e-01  1.8596030157029891e-01  5.0127696479290662e-01  7.6862346769792561e-02  5.9591684439150106e-03
1.6017281146146881e-01  1.3578722435392404e-01  8.9691080739860485e-01  7.5913726834726108e-02  2.9640328122026520e-03
1.6697019198474755e-01  1.2293204218730386e-01  9.1119311136978987e-01  4.1765570013896569e-01  6.6271403301563876e-03
1.7693146459307610e-01  2.7801032229224584e-02  7.9427998939408195e-01  7.8378295697020095e-01  5.7148045754043001e-03
4.4342954238677684e-01  1.0423216783858072e-01  4.4555834578187897e-01  1.2048034868875579e-01  2.1573890035846813e-02
5.9066352225947438e-01  2.4653701240718216e-02  9.0767353727265199e-01  4.2566409827496494e-02  5.9603390420325912e-03
5.1201198091932887e-01  1.5727435388815500e-01  8.6172418506110637e-01  4.8009117917549526e-01  2.8497093219453633e-02
5.7486820804057237e-01  4.8293820503258256e-01  6.0022951560801097e-01  4.3392158266698216e-01  2.6171947763836127e-02
6.9710983945204785e-01  5.2086015484933135e-01  8.7610690172657313e-01  1.3056421545063576e-01  2.0243241787193861e-02
6.6857216275759890e-01  5.7744117195850109e-01  9.7702146543750745e-01  8.4395782116632456e-01  8.1559783625026055e-03
8.9632059697694400e-01  9.1601160920596128e-02  3.8335153632868824e-01  1.2800377186655348e-01  1.1911602720131302e-02
7.7983454906046368e-01  6.4855661463514971e-02  6.0548899124722433e-01  5.6770799952526518e-01  1.1107148384045872e-02
9.4882326289305974e-01  4.2134872636368816e-02  9.8671245363795657e-01  4.2041763876699451e-01  5.2050975458892198e-03
7.9381238290285805e-01  4.1583552160891302e-01  1.4039949319651535e-01  1.0556866927885883e-01  1.2966920680518390e-02
9.2021188172561186e-01  4.3988265095295687e-01  6.8242877389914647e-01  3.7811879363072831e-01  2.0306687169680537e-02
9.1567409218234652e-01  3.5282544134232896e-01  7.5768792079642422e-01  9.5019016247323673e-02  1.4281765482345313e-02
8.4938474589450874e-01  2.8846350201587601e-01  9.3663849781381048e-01  8.2714220408373906e-01  1.1001220449065758e-02
8.4311778753452693e-01  7.7918561192851865e-01  3.8098924757147723e-01  4.1425867504209964e-02  1.1151846117596646e-02
9.9053420200247022e-01  8.1352367571457251e-01  6.0670278032621938e-01  5.2955734301880519e-01  8.5249668613285798e-03
9.7359342248452885e-01  8.8462380225263637e-01  9.7333395980016324e-01  4.0305704658325853e-01  5.7536276330157387e-03
