2 10
1.7694765884183186e-02  3.8571384026041856e-02  2.1736919972847008e-02
8.7726897455151207e-02  5.0264818602464523e-01  1.1932957676470110e-01
7.8030434705533475e-02  9.3445738584563165e-01  4.3524196849310227e-02
3.0851511527344100e-01  1.7290403146945757e-01  1.6123798547490228e-01
3.7810269693950643e-01  8.0139476562586820e-01  1.6981627051541193e-01
7.1066569800147161e-01  2.7579311726941919e-02  5.9631369760833136e-02
6.6432514638995144e-01  4.6552982579063651e-01  2.1061970393758003e-01
7.1769599564545516e-01  9.9115837835027198e-01  4.7448369890169644e-02
9.4435343655181503e-01  2.1794439988092285e-01  7.3927613788612553e-02
9.2348772489620301e-01  7.7328753733993338e-01  9.2727993045632201e-02
