2 16
5.7134510185799627e-03  7.1421248363338505e-02  1.0321557679338742e-02
7.9332238331988630e-02  2.7455944766045370e-01  5.8053402682418292e-02
2.9347616452842402e-02  7.0127620480353325e-01  4.0221083851599622e-02
1.0487397255749505e-01  9.5200012915422338e-01  3.4074755955968455e-02
2.1637728360152186e-01  4.3478234232679255e-02  4.2494509963528125e-02
4.4694217879165393e-01  1.9837815926182084e-01  1.1206400492914165e-01
2.1545576119224602e-01  4.9875093339411442e-01  9.9330265692019276e-02
3.3135606574677307e-01  8.1743354710416805e-01  1.0246105049993337e-01
5.7978745339899029e-01  5.3177413339385748e-01  1.2533159588165477e-01
5.7037367604217581e-01  9.7411641472251864e-01  4.1191663732439113e-02
7.0016385488254806e-01  3.8006646191092237e-02  4.6078347783053766e-02
7.6986716943333178e-01  7.7633512423994511e-01  9.0892356772835275e-02
9.2994891070520458e-01  9.3310651078079643e-01  3.1651734209746499e-02
9.6487253596052469e-01  8.8246665663733723e-02  2.5039199550894023e-02
8.4037538795192745e-01  3.0091261622822768e-01  9.7893106897944226e-02
9.7174943792595536e-01  5.8307062457834136e-01  4.2901363917484787e-02
