3 102
1.1517999952563562e-01  3.6725164705903118e-02  1.8447466670150247e-02  2.8898738805776354e-04
1.1289328790852246e-01  9.3115485857567570e-02  1.7996127412293089e-02  3.0083846173695487e-04
1.0984548325087455e-01  9.0162688457853760e-02  7.0661410794180077e-02  3.0874457124528660e-04
2.8148918902982434e-01  6.2349852380081318e-02  3.4536370214122564e-02  1.0562082780599432e-03
2.8080352242885043e-01  1.5108371997331191e-01  2.3647847517505167e-02  1.3240799761735837e-03
2.8056299196192763e-01  1.7189115108952727e-01  1.4763061077561049e-01  1.4403352301527454e-03
2.7903414431273127e-01  2.5720322730332207e-01  1.2190448104232134e-01  1.2590222201861591e-03
2.9462224937581666e-01  2.0704939613142695e-01  9.9673987130808994e-02  1.1203501047213978e-03
2.8333854523476437e-01  2.5553687158914956e-01  2.2708122970111880e-02  8.0414631427062390e-04
2.7669569228372359e-01  2.6023793589249578e-01  2.3146644897507368e-01  6.6557421935912445e-04
4.4403403277630304e-01  1.7729355910259439e-02  1.1868440708877185e-02  2.4957849564209554e-04
4.6842781285569490e-01  1.1325417664871398e-01  1.1583999003932307e-03  7.6937775228004361e-04
5.1833493804581099e-01  1.1758906637821985e-01  6.7104276207505323e-02  1.8629507666241584e-03
5.0483718006232614e-01  2.5354229848090487e-01  4.9993487666614780e-02  2.4032410052113400e-03
4.6698666564566177e-01  2.1845019587512560e-01  1.2595928389230071e-01  2.5435593036146932e-03
4.6861067575632259e-01  1.5639050012193309e-01  1.5505846177737315e-01  7.9806851882276055e-04
4.7975484542948404e-01  3.3550274349285414e-01  1.8266547363841007e-02  1.4466598043832764e-03
4.9118669776151636e-01  3.6480554572980706e-01  1.6024744977468008e-01  3.3616321869596433e-03
5.1501977433123336e-01  3.1770725473513117e-01  2.5725216566653558e-01  2.4180259994861682e-03
5.0562811955825815e-01  3.2311999683233450e-01  3.1453161630304183e-01  5.4640109286825330e-04
4.9332191495484468e-01  4.2678929422938672e-01  8.2986000700738721e-02  2.2560224537974769e-03
4.7781093474643505e-01  4.1435328332550159e-01  3.0763528842841387e-01  2.5488862694067831e-03
4.7401868699466065e-01  4.0254042491574571e-01  3.8557067720253929e-01  1.0806529896533444e-03
5.0449927975592967e-01  4.7530780816527773e-01  8.0013216225432310e-03  5.3585747014117961e-04
4.5870711231894068e-01  4.5709851885655117e-01  8.9640206226491534e-02  5.4570796790562640e-04
5.0916491268826314e-01  4.8668282510357552e-01  2.2878254972307024e-01  1.6995579237074397e-03
4.7478517348371391e-01  4.7250093503262180e-01  3.4510576822715139e-01  5.2580603728455226e-04
4.9783947775949616e-01  4.9029587996751328e-01  4.6732169582945832e-01  3.3041499485436025e-04
6.6190373497341848e-01  5.0430925930274463e-02  2.4687687337827256e-02  7.7933265982477206e-04
7.2348112902294615e-01  1.4672159979932511e-01  1.8511703586586371e-02  1.4098703846508812e-03
6.8415983705236372e-01  2.4453816417502872e-01  7.4860309276458092e-02  2.8022987161429162e-03
7.0488399416212755e-01  1.4762196436923083e-01  1.2354500187916652e-01  1.5848934061461848e-03
6.8527873722896193e-01  3.2547511724413380e-01  1.2695866523938856e-02  1.4562715664434252e-03
7.0410848656288016e-01  3.2312802069873647e-01  1.9830777114851961e-01  3.7016108732017324e-03
6.9794428647140272e-01  2.9102786480939846e-01  2.6123219117767510e-01  2.1533258278811072e-03
7.0966138012998725e-01  4.2957623928200117e-01  6.0861940399197893e-02  1.6692109123006883e-03
6.9857147339406778e-01  4.5583895330802154e-01  1.5139568771658754e-01  4.6400297202231055e-03
6.9744374627284156e-01  4.7871390969929778e-01  3.1636626026089748e-01  4.1426567784325794e-03
6.9267478175217667e-01  4.4189941517536380e-01  4.1413316446064746e-01  1.9873150276170041e-03
6.9548842972987024e-01  5.3773625079165410e-01  2.4766463075749031e-02  1.9918261888028882e-03
7.0223160980077060e-01  6.0231378132083946e-01  1.2064292055476286e-01  2.9814178900886652e-03
6.9316804312420177e-01  5.9761996894661784e-01  2.8403249109829709e-01  3.8433817026372104e-03
6.9030874444143542e-01  5.8535595921419448e-01  4.5448430579276977e-01  3.0210036787692890e-03
7.1156248509067299e-01  5.9399360512829613e-01  5.6510087438551249e-01  1.7692260769766055e-03
7.2411081565016122e-01  6.8073273499548836e-01  4.5971895585719758e-03  3.9006613931809889e-04
6.8377049073481544e-01  6.6212643131531135e-01  6.6288221141952750e-02  1.2828361356798258e-03
7.0092207093666581e-01  6.8415487710497969e-01  2.2666793745687669e-01  1.6857277030938791e-03
7.1398083595971629e-01  6.9216805976482154e-01  4.4173521447168557e-01  2.0961133312751797e-03
6.6646143212754849e-01  6.4524700611244179e-01  5.5909240597219279e-01  1.2359779510246873e-03
6.9264841581243142e-01  6.6497504125230911e-01  6.5348455147647033e-01  4.2057452718894197e-04
8.4638987629283480e-01  5.3507317473833547e-02  2.6747041675633233e-02  7.6951587400101167e-04
9.0354767672922565e-01  1.6864292589318078e-01  2.4730303003037607e-02  1.2903477069671743e-03
8.6164221720945944e-01  3.2097076869226421e-01  8.2668935404924190e-03  8.9527705444667795e-04
8.4835006551777881e-01  2.2089583488429915e-01  1.1822451262773161e-01  2.6900211463816823e-03
8.8033053792330118e-01  1.6229660053126829e-01  1.4672753688379986e-01  9.8451931758781423e-04
8.6263035425666557e-01  3.7608223717871136e-01  8.5502938556898611e-02  3.4906995230660396e-03
8.7309602263416020e-01  4.5624218372953307e-01  2.4026354425139088e-01  3.9730829043505521e-03
8.8711512318829555e-01  3.6673976986095502e-01  2.9329703140737917e-01  2.6847671771761342e-03
8.6002742494931239e-01  3.5224901487877419e-01  3.4618080856975753e-01  8.6098166515008250e-04
8.6662891918284424e-01  5.4742487606910806e-01  2.9843844015625415e-02  2.2824117600435479e-03
8.7356463705020981e-01  5.9930828939915881e-01  1.5827585724708890e-01  4.0030895246491172e-03
8.6804224149763132e-01  6.2827292775377230e-01  3.5347366376672229e-01  4.1128399417430603e-03
8.5656654398648191e-01  5.4879257801256842e-01  4.6057483052121051e-01  3.8404750993054075e-03
8.6439617478195196e-01  5.6531788097582170e-01  5.5996325401125246e-01  8.1114987873762557e-04
8.7531450749076001e-01  7.3596506430034414e-01  1.6235320697027208e-02  9.4980775617000855e-04
8.6946328809637030e-01  7.4138444599125219e-01  9.8083228110178777e-02  2.5168080345941211e-03
8.6354529442444328e-01  7.4720143586551768e-01  2.7326643011478480e-01  3.5865096526977846e-03
8.6666317803898441e-01  7.6070038697658060e-01  4.8038770676616738e-01  2.8944974434380005e-03
8.6998617526471234e-01  7.3259710446642168e-01  6.0539429606462114e-01  2.7838207255352085e-03
8.8884884891189431e-01  7.5322368507485049e-01  7.2731848450694259e-01  1.3388338347333792e-03
8.6400452746990197e-01  8.3970595354489086e-01  3.5051387962067984e-02  7.7819849847527171e-04
8.6907291910020523e-01  8.4339719117707312e-01  1.6715969495210056e-01  1.6393913543318187e-03
8.6975949968545319e-01  8.4815558059737306e-01  3.7026136776682061e-01  1.6316701079865617e-03
8.8788699157737783e-01  8.6597224160976105e-01  5.6759818176880228e-01  1.2867954412396907e-03
8.5271842084938743e-01  8.2645303817373905e-01  7.0310103739315843e-01  1.5004274664440008e-03
8.5480704802666174e-01  8.2981120434859457e-01  8.0637976675499468e-01  5.7961934977115363e-04
9.6994438106553560e-01  6.4321882334901312e-02  3.2813298880332263e-02  5.0963876485329526e-04
9.8880167529771235e-01  1.8898575613006444e-01  2.4940684876822064e-02  4.2171507755005792e-04
9.6916610598987829e-01  2.8582562559251751e-01  1.3152861702207058e-01  1.8391138244685161e-03
9.7649783407296276e-01  1.9687986812039154e-01  1.6424760305773478e-01  8.4399841101253053e-04
9.7108957698349985e-01  3.7784438174129348e-01  1.7978180243405171e-02  6.8803248184480471e-04
9.7406344747702400e-01  4.3613043592311118e-01  8.3918795140147023e-02  1.3458750867545504e-03
9.7507121061152091e-01  5.2695944341029921e-01  2.3133874957136810e-01  2.1714519622734341e-03
9.7937965843041919e-01  4.4670014085156212e-01  3.2924096228811572e-01  1.5837327670292212e-03
9.7506389715535224e-01  3.8813169866489788e-01  3.6987848778149235e-01  7.2960480269134039e-04
9.7382709700981374e-01  6.0809947737120640e-01  1.7778224538826083e-02  7.4319502186115318e-04
9.7403734200560399e-01  6.5596168173846925e-01  1.1756587106806327e-01  1.9294889409840661e-03
9.7519428723391832e-01  7.3392977073295507e-01  3.2115765913562255e-01  2.4250701012064010e-03
9.7145933207640656e-01  6.6522675267333331e-01  4.8028617440705546e-01  2.6403397724737436e-03
9.7115477614017787e-01  6.1802965990188807e-01  5.8126951519216497e-01  1.4645507960818910e-03
9.7569381223719498e-01  8.1408379448113033e-01  3.4604487602710739e-02  9.2644617964396446e-04
9.7405346480662458e-01  8.4233120588936483e-01  1.7507247156369701e-01  1.7237892839034557e-03
9.7135576285572900e-01  8.8605599967395066e-01  3.7480735150474798e-01  1.5750527371956088e-03
9.7479443088344375e-01  8.5378860179832228e-01  5.6635276751192098e-01  1.9118040813167446e-03
9.7604160445621124e-01  8.2413663474204080e-01  7.2731780432028070e-01  1.4357193073683612e-03
9.8476689911946702e-01  8.2168130650419724e-01  8.1715533139502750e-01  2.4777527637277410e-04
9.7154067639497377e-01  9.3846484401606789e-01  2.0471466248236144e-02  3.2634293791720313e-04
9.7484633757200567e-01  9.4570771467947579e-01  1.1935758501850229e-01  6.8832425867871043e-04
9.7424179597789240e-01  9.5692614307733581e-01  3.0553228409768024e-01  6.8138521420970093e-04
9.7938056568598786e-01  9.6155996216358497e-01  5.6358025247603116e-01  6.5606166787578700e-04
9.7223946465980826e-01  9.4351552746953316e-01  7.7219711519761658e-01  9.3519009394676380e-04
9.7066200230526434e-01  9.3955358313463455e-01  9.0507232599754250e-01  5.1175458380321108e-04
