4 10
3.7985066181583843e-01  2.5420577289673646e-01  8.2713908735610117e-02  8.1435430777286127e-02  2.8790795005628959e-03
7.0023114211745141e-01  3.2262820903851519e-01  2.7877279782901648e-01  6.3444525314978906e-02  4.0429070046418538e-03
6.4194447833918689e-01  6.0264267834865992e-01  4.8380727850685734e-01  1.1698520900228070e-01  5.4145426351757493e-03
6.9225727368123124e-01  5.7064984796071627e-01  5.1093994059182413e-01  4.2013198051694500e-01  4.1806773879667861e-03
9.0202935103840143e-01  3.9458389850162118e-01  1.6549711591478761e-01  6.5813604808091425e-02  4.6239324192725185e-03
9.4192618829698938e-01  4.1789416072755198e-01  4.1146410476875928e-01  3.0591545888914867e-01  2.1717021389994705e-03
8.6795867261787052e-01  7.7377390991425232e-01  2.4141435296978686e-01  9.1704189891397891e-02  6.3094434385932985e-03
8.9490144350523115e-01  7.3423947328789096e-01  4.1050811801708798e-01  3.6768499064062987e-01  4.2040543697929944e-03
9.7409015896748008e-01  8.1673197463956293e-01  6.8353414257147183e-01  1.2793852847496787e-01  4.8257085537191961e-03
9.5636358630703300e-01  8.8660661765598880e-01  7.7603628226679644e-01  5.7787636850065871e-01  3.0146192179418998e-03
