5 61
4.0811072076589294e-01  2.6721338351223878e-01  1.4126090929803437e-01  1.1977823212382276e-01  1.1800443889093877e-02  1.0061705669571482e-04
4.1362572770777339e-01  2.6197407448132459e-01  2.6006258720718345e-01  5.3932856458546549e-02  5.0362593353450585e-02  5.1192577719123727e-05
4.2282983128730267e-01  2.7109637634887174e-01  2.6653826457335961e-01  2.6160692123073587e-01  2.2424928726951801e-01  4.2510818353568712e-05
4.2049747362678697e-01  4.0003023224511886e-01  2.3739021836305135e-01  1.3524154100260552e-01  1.1479816709997916e-01  1.1201263693718503e-04
4.2112029122901923e-01  3.9343500805083476e-01  3.5984396082122261e-01  2.1548559841189016e-01  3.4550783953895853e-02  6.6691519001901313e-05
4.1975544973573359e-01  3.9176974816760729e-01  3.6549660333873030e-01  3.3893241935212803e-01  1.6431351460618368e-01  4.5721333843413463e-05
7.1144514420955129e-01  2.4963001427626752e-01  1.8327416921268158e-01  7.5785453388034496e-02  1.2072294469447759e-02  9.2398023195740012e-05
7.0083893463673308e-01  2.6047069706856524e-01  1.9925714505334313e-01  1.7002105170282383e-01  1.0493922178359863e-01  1.2418452719446319e-04
7.2310998889800870e-01  5.1326439629959208e-01  1.7052072454152709e-01  1.2043591690539782e-01  6.7584550739530708e-02  2.3253304215896213e-04
7.4071354359343233e-01  5.1249767078615105e-01  3.4195184918115024e-01  6.7381150886362748e-02  4.0264856649766152e-02  1.5276421732252684e-04
7.4087666870086966e-01  5.0947341782129019e-01  3.6860453915184471e-01  2.9168559949938444e-01  2.7427635024417529e-01  1.8946204464745836e-04
7.3673617778042688e-01  5.0356288306840491e-01  4.6298903259591945e-01  2.7616624224691000e-01  2.9622032039506987e-02  1.4094666761838847e-04
7.3132708432563009e-01  5.3065593878980932e-01  4.7057702516507988e-01  2.7329038359772423e-01  1.6311426223198000e-01  3.3608405358631556e-04
7.3761431016245549e-01  5.1115726181029009e-01  4.5367952454668170e-01  4.3560881618542524e-01  5.1703688996809084e-02  1.2950734865615620e-04
7.3492483396735186e-01  5.2334234822792125e-01  4.9500814378762098e-01  4.3354063735603332e-01  2.1779709151191451e-01  1.3202662160274488e-04
7.1546394025676607e-01  6.8929932555639961e-01  1.8755084284670709e-01  6.9495420062073446e-02  7.3300135355778145e-03  6.2375078085352879e-05
7.2582221696345317e-01  7.0622187661072133e-01  2.0700912257388485e-01  1.9172772766026597e-01  1.2957570522353745e-01  5.4155494222204014e-05
7.3401831906569071e-01  6.8486145805235366e-01  4.5272670226879702e-01  1.0023544813569939e-01  7.0933785226124729e-02  1.2441984376193536e-04
7.2881286344290785e-01  6.6762659091288423e-01  4.3861709319073255e-01  2.5636570331004993e-01  5.1999419062681171e-02  2.6212227784089005e-04
7.2973893836703252e-01  6.9583945526304591e-01  4.2378392463517151e-01  4.1934735980712889e-01  3.8910944962552416e-02  7.7630383458096602e-05
7.2944605629576020e-01  6.5999099876832823e-01  4.5174154429381158e-01  3.9180338014146471e-01  2.0772131997952439e-01  2.9845423169303295e-04
7.3049041910670232e-01  6.8125022424468218e-01  4.4007723206057597e-01  4.2032951636434818e-01  3.8225946565259228e-01  7.3016917989858466e-05
7.2098125426143811e-01  6.7106599429749558e-01  6.2200049194405904e-01  1.3310270739721342e-01  4.9052177134268182e-02  1.3766175764005697e-04
7.3235641713433564e-01  6.8433447519616730e-01  6.2074884782479856e-01  3.6635143742300658e-01  6.4884554978603917e-02  1.1964301451894072e-04
7.1174002410547332e-01  6.8041984895615848e-01  6.3824241061241527e-01  3.7908975331223393e-01  3.2276883330221712e-01  1.7246507219366105e-04
7.1664615197847636e-01  6.8741853483906978e-01  6.5241055374350443e-01  5.7993849245458007e-01  6.2020550502726611e-02  7.4198841083503487e-05
7.3012423589177333e-01  6.9346870928425486e-01  6.4148424490540834e-01  5.7471956832716808e-01  2.8562314367214914e-01  1.2097322454430951e-04
7.3245905619735896e-01  6.7684753099976402e-01  6.2514956611492545e-01  5.8278843273103076e-01  5.2186491811614333e-01  9.2199047943106044e-05
9.3861940260464738e-01  3.4049909479751728e-01  9.4974589228114692e-02  7.9524308742977487e-02  1.1917277442410636e-02  5.0855540995293451e-05
9.4904518406171512e-01  3.3216512012838506e-01  2.6552248326237610e-01  7.9500342758666465e-02  1.8506036996705673e-02  5.9506942690418872e-05
9.3969439291727108e-01  3.4585189986122439e-01  2.8101388851174480e-01  2.0370963664658601e-01  1.5912336254055784e-01  1.4878097343168752e-04
9.4399191912920022e-01  3.3101560270841607e-01  3.1897439253793364e-01  2.8419031830453628e-01  5.1614030183058351e-02  4.8881122682560456e-05
9.4781385158887088e-01  6.6163370093087881e-01  2.1933106330486304e-01  1.3176641871060329e-01  9.6791492938640020e-02  1.8165230742655649e-04
9.4923286060875989e-01  6.4503424930431530e-01  4.4260676663777088e-01  1.0693629354247756e-01  5.5497880566897938e-02  1.9005249337720022e-04
9.1961625541905856e-01  6.4109383510768814e-01  3.8812300582021170e-01  2.7647902387586953e-01  1.2853954397814882e-02  2.4101132834203798e-04
9.2326598303816276e-01  6.1596230068622326e-01  4.2055818831242092e-01  4.0351191955681476e-01  1.8091528374416885e-01  2.6538494315371915e-04
9.6745501095687203e-01  6.6619232936276152e-01  4.4888995617983807e-01  3.8780300454171635e-01  3.5646802997627647e-01  1.0890270819286088e-04
9.1051061358232754e-01  6.0180968360012066e-01  5.9573895166995028e-01  1.3194036757238037e-01  8.1018502749253818e-02  1.0982978812455921e-04
9.4637638655781897e-01  6.3944591221300429e-01  6.0821837360343889e-01  3.4939684684461503e-01  4.8246794173285167e-02  1.3171842332671547e-04
9.7617453415414102e-01  7.1886106388614124e-01  5.8318319894253701e-01  3.5176897469640556e-01  1.9493917894333937e-01  2.9570147209117431e-04
9.1001678289695331e-01  6.4396458464865125e-01  6.0624988653873590e-01  3.5104324296466599e-01  3.3511784525226046e-01  1.1674136106795036e-04
9.7127831012912835e-01  6.7592310338527417e-01  6.0624374501233247e-01  5.6300253171045378e-01  6.0810490759404159e-02  7.3723026751728883e-05
9.5077214376713326e-01  6.7069111115458768e-01  6.6117125160390144e-01  5.6026198443941422e-01  2.6871739425745916e-01  1.1972082799826385e-04
9.2343420403806464e-01  6.4159447593079821e-01  6.1708120645090636e-01  5.8105265201534029e-01  4.9705329998277026e-01  1.1248810889301877e-04
9.4941974799348550e-01  8.8629699023730013e-01  2.5076466895759969e-01  6.9829664044683409e-02  3.1028835249284129e-02  6.2382795661868626e-05
9.4481337520823172e-01  8.4991797729538754e-01  2.3631475782434125e-01  2.0889224404308449e-01  5.0955070636834666e-02  1.0063381798764359e-04
9.4388327427799890e-01  9.0886669313450463e-01  2.7297434527911174e-01  2.2649558344762316e-01  1.8874897002877752e-01  5.3209903151581603e-05
9.5259369207101974e-01  8.8982621219962121e-01  5.7579338670790359e-01  1.3235940282839953e-01  6.2447023107688113e-02  1.4754112005773977e-04
9.4564220733062709e-01  9.0019196260941747e-01  5.6196895908027356e-01  3.2840760186433454e-01  6.5922261279705477e-02  1.9674227480429089e-04
9.0919478054126379e-01  8.5530456763040930e-01  5.4468294352475499e-01  3.3424370120341690e-01  2.8619029912619198e-01  3.1878362942219161e-04
9.5616178991345957e-01  9.0114718208005173e-01  5.8545358009502679e-01  5.3808306947440998e-01  5.9980279418664337e-02  9.4278781139035407e-05
9.5549940007801692e-01  8.9730053121297160e-01  5.8764620627603981e-01  5.1203943979183986e-01  2.5967086340061513e-01  2.1855213586975003e-04
9.6264369869467825e-01  8.8038586204240155e-01  5.6412820657761475e-01  5.5398956561360213e-01  4.8904239369208585e-01  7.0299364535191989e-05
9.5734379627504895e-01  8.7378264488622159e-01  8.0456613408758793e-01  1.5926520151790385e-01  1.5960851908803683e-02  8.2040663131138699e-05
9.4073962373359343e-01  8.8844799706352273e-01  8.1561436689896738e-01  1.6977848663204420e-01  1.5029005199982165e-01  8.4248847539553591e-05
9.3681021911099538e-01  8.7566016423003790e-01  8.0157273147591179e-01  4.7913972936363780e-01  4.7974817526708916e-02  1.6186656697385178e-04
9.3287184626227393e-01  8.8686528486808891e-01  8.3052339653336760e-01  4.6786648953180510e-01  2.3499924441333164e-01  2.6028653354993289e-04
9.6985289223424520e-01  8.9249666644696057e-01  8.2104144930281142e-01  4.8895785156183574e-01  4.3675246755801339e-01  1.1089323106546782e-04
9.4192780423796474e-01  8.7362286571303271e-01  8.0743909625196475e-01  7.3367703498473491e-01  8.3547493662610772e-02  1.4842043691269189e-04
9.3811574590865909e-01  8.7846351668173295e-01  8.1162356593236484e-01  7.4630707634897286e-01  3.7262027605624565e-01  2.1577287087110337e-04
9.4705204022829004e-01  8.9696077901766957e-01  8.2401410694063626e-01  7.3724111567302864e-01  6.5581595577082308e-01  1.3446131860594290e-04
