5 115
1.8173742283444077e-02  1.0296453102055252e-01  9.9008306776139379e-02  9.0279675147603355e-01  8.0622855524817327e-01  1.3539931796008771e-03
9.8929782213852735e-02  7.1795192239243841e-02  3.3265856190931020e-01  5.6658499183551470e-01  1.5957159560527187e-01  5.2524890071941766e-03
6.8468711918690930e-02  1.2723214031001814e-01  6.6589894993789045e-01  6.1139157512621134e-01  5.0365780333712429e-01  3.9755875860543076e-03
1.2328198008440681e-01  3.9438390102161408e-02  7.7813105484794409e-01  8.7699872412729662e-01  4.9224593556058197e-02  1.4824691411929273e-03
7.7659383620852548e-02  1.1537592274825011e-01  5.8880012493890410e-01  8.9607485046059543e-01  3.9504091486425519e-01  5.1618565887436929e-03
2.0055684401526011e-02  6.5854929249464553e-02  9.4614172799297125e-01  2.9662731084037142e-01  1.8947275060030422e-01  1.4329840354549398e-03
9.0083979969838926e-02  3.0869996027634167e-01  8.1373092413205145e-02  4.0219989240703385e-01  3.9253847999751740e-01  2.0400834858132068e-03
2.3032928056395865e-02  3.3812507795070712e-01  7.9522622719132185e-02  6.0781384938156280e-01  3.3546656648317685e-02  2.5320335750857429e-03
9.7277110065787792e-02  3.1122772413350658e-01  7.9017846629058641e-02  6.7289024671357311e-01  3.9560522486900357e-01  2.9795454011848784e-03
4.8623406884099281e-02  2.9903411282158460e-01  2.8640776994146683e-01  1.0777178457382922e-01  6.1041360578991385e-02  1.6977222043233055e-03
8.2428271261444641e-02  3.6429415202091631e-01  3.4243892419433636e-01  9.1448868750336865e-01  7.2861293056479287e-02  2.8920878031952783e-03
6.4384374539302416e-02  3.5974574072408866e-01  3.7354648852384081e-01  9.6403777930845902e-01  7.0991095568315965e-01  3.4092151573587633e-03
8.7731718720966828e-02  3.1356364049538554e-01  6.8241870075685529e-01  2.7881638183662649e-01  3.4371592967924795e-02  2.3387387464912780e-03
8.7822828042694784e-02  4.4232066310128065e-01  6.6742063460156464e-01  7.3190346873201406e-01  3.6899512768163867e-01  4.9935224219598562e-03
9.8035421671056014e-02  3.8752138919919343e-01  9.1178621856742315e-01  7.2904636962021119e-01  6.4290184825175156e-01  3.7448817773232204e-03
4.7182739632143825e-02  3.6178706427858620e-01  9.2615720236291943e-01  9.7924187771905624e-01  2.3915363966460246e-01  1.9880861384946723e-03
9.1444506481185558e-02  6.8064699760104008e-01  7.6784539586230730e-02  9.0769738553555945e-01  3.3607314910980490e-01  5.4838473618712092e-03
1.0843894820367106e-01  5.6938676313671432e-01  3.6526497493308080e-01  3.6309963432500209e-01  1.8633122658669457e-01  7.3231962220913502e-03
1.1387036332061271e-01  6.6776244322732792e-01  3.5074946692658532e-01  7.3254415391360383e-01  6.5962317018710792e-01  7.2398942146422191e-03
6.3791014244087105e-02  6.9439604295968338e-01  7.8422122063009736e-01  6.9049984367563688e-01  4.7074993485617334e-02  4.7756636142296961e-03
5.8788981217943702e-02  7.2556515855332948e-01  9.4561110776603152e-01  3.5289299230621690e-01  1.8558661326879519e-01  3.8418014044408759e-03
7.1426883035135141e-02  7.0084240281315002e-01  9.0318821096201451e-01  9.6068023622235321e-01  6.6604470033117336e-01  2.1348170454504999e-03
5.6807534955717186e-02  9.4361472870521002e-01  1.0070319555957735e-01  6.3089259971747280e-01  4.4119754612400108e-01  2.6511183273517213e-03
2.1667081999571187e-02  9.2726433403431585e-01  3.0683378776192016e-01  1.1162359743735462e-01  1.0977034391647644e-01  1.0401152572941229e-03
1.1656520029743730e-01  8.9986589584756416e-01  4.0138420253060220e-01  4.3946399609896059e-01  9.6114117101565699e-02  3.4482462579608782e-03
8.9012616480854706e-02  9.2274839079323956e-01  3.8757060189964221e-01  9.6485951161576999e-01  1.0316712076626640e-01  1.9660329742218993e-03
3.3993945242724283e-02  9.0071077380392184e-01  6.5667262288585870e-01  7.5358608364087898e-01  3.8202042924122415e-01  4.7243862671535134e-03
3.7880664449351079e-02  8.9921066805393401e-01  6.7500198232228981e-01  9.4852483720955671e-01  9.1562037309146482e-01  1.1649086720909132e-03
3.1218308429933295e-01  6.3679776074055436e-02  3.6529702195474321e-02  1.7309554851293241e-01  3.8535986800864411e-02  1.5395254466254208e-03
3.3471895368961718e-01  8.0089107002425011e-02  8.3693897866694539e-02  6.6375488893617929e-01  4.0459253326562178e-01  2.7818722781739209e-03
3.0272737025438090e-01  4.7577079022756659e-02  4.5545253245808097e-02  9.4984237076874656e-01  5.5728696697706061e-02  9.8500342288710720e-04
3.1332247580949085e-01  5.1175409325603854e-02  9.2837947647846794e-02  9.4591198844219604e-01  3.4762399947064576e-01  3.1930975689855689e-03
3.3938464204340546e-01  4.1223212400250890e-02  3.6661679888727444e-01  3.3349625469925487e-01  2.2285675545721595e-01  5.0189348176359842e-03
3.2669783619585069e-01  5.2117169263852431e-02  3.8260583022650158e-01  7.7016173561807155e-01  7.3126045722033006e-01  3.7679454565125001e-03
3.3250707474060814e-01  1.1963241185854706e-01  8.0102596099133361e-01  4.9038702374946910e-02  3.7981628549024996e-02  9.6035176916886469e-04
2.9160332962044733e-01  6.8608567774829987e-02  7.8316922631038821e-01  6.2850194943769089e-01  6.3845420677597478e-02  3.1803185340890531e-03
3.0724667149564477e-01  2.5509087346297820e-02  9.3134754803694586e-01  9.2299223324900670e-01  6.9073616713596087e-01  3.3760711851112172e-03
3.7387785293332149e-01  3.3909819878880693e-01  1.0480844016982997e-01  6.7980210473588865e-01  4.2242582251795585e-01  9.5738074174503227e-03
3.9033347165385213e-01  3.4990459771690940e-01  3.8004624742418502e-01  8.8388900088886169e-01  1.1872504117816536e-01  1.2254712993628592e-02
3.9384106934004870e-01  3.7515809568712094e-01  3.3366231053375589e-01  9.5380286388711799e-01  6.5983209597163728e-01  8.0206202298175686e-03
3.4502107371496582e-01  3.0582495604979093e-01  6.7472290256334344e-01  3.1549617239034794e-01  1.0167478735168425e-02  5.8558099058461212e-03
3.2844641776997019e-01  3.6688732632531817e-01  6.9079490142306144e-01  3.5843491698231883e-01  3.2065144891936581e-01  7.7199355644068076e-03
4.0946014432415961e-01  4.6411987661245208e-01  7.0437142429628607e-01  7.1314417894045046e-01  4.0781589934723933e-01  1.2554374476544365e-02
2.6529857075883501e-01  2.9630378834122201e-01  6.9876469930175178e-01  9.5925626154963539e-01  9.3798196134215317e-01  2.8756165995466008e-03
3.1018076942965644e-01  2.7360788299778599e-01  9.5830987397142620e-01  6.6843229191340148e-01  1.9992188476941103e-01  9.3361250941961290e-03
3.3036627992962397e-01  7.1283089003745825e-01  4.6533482020442232e-02  2.6562676738374552e-01  7.9587765603449281e-02  6.0987759140772868e-03
2.8477181388356332e-01  7.1697536622450042e-01  1.7068010447473372e-02  9.3543503841760278e-01  8.7685787402151505e-01  2.4786911528063751e-03
3.5354709639799747e-01  6.8516469138416403e-01  3.6684685539350270e-01  6.3227150230197560e-01  1.8318977127843011e-01  1.4866894182438911e-02
3.2775136203269423e-01  6.7878466361082357e-01  8.2375719159060035e-01  6.8508586522547307e-02  4.8182170929984017e-02  2.5368553180630548e-03
3.1184439980128892e-01  7.0674744821592905e-01  8.6781656148527475e-01  9.6196259156018726e-01  9.7768411836266257e-03  1.8380705455838676e-03
3.2798239240271043e-01  7.5758615042469468e-01  6.9145242340283664e-01  9.4676157340768630e-01  3.4841416734864450e-01  9.0399113959952655e-03
3.3792889176063295e-01  6.8361539242871272e-01  9.1440480200912999e-01  8.8106502786397878e-01  6.9623552814067657e-01  4.2071606813388045e-03
3.4153062539235424e-01  8.9918618722195187e-01  1.0804819705368891e-01  4.3496862941998182e-01  4.1323791463784759e-01  1.8481074106965242e-03
2.9676332694189900e-01  9.1464176959003252e-01  1.2268971946061560e-01  7.3120553752175410e-01  5.7245243886616143e-02  4.3667540590660000e-03
3.1094321729702479e-01  9.5544624918353804e-01  3.0845232587323268e-01  9.4743721362762523e-01  6.5933295395136449e-01  5.5037217777997279e-03
3.1129681631947720e-01  9.9535640055108399e-01  7.4047185288186801e-01  2.5608837555329222e-01  3.5422972211033707e-03  2.2260424371868125e-03
3.2756666756428482e-01  8.8322886826916336e-01  6.9290714846891033e-01  4.5014205139934010e-01  3.8087645416403232e-01  8.1777304118237030e-03
3.1717223448868714e-01  9.9550866076474542e-01  9.7811318280799497e-01  8.0076935269887006e-01  2.0659350641801147e-01  3.1418922705571538e-03
2.9695499545674547e-01  9.5010360702090091e-01  9.4559842662015681e-01  7.0360331449473423e-01  6.4699714141893305e-01  2.0900850686676395e-03
6.7690017774640920e-01  1.4466791708313673e-01  1.0840928530360522e-01  9.1910503794450127e-01  7.9283502937338246e-01  4.3118800442915320e-03
6.8550146733341910e-01  8.7892052244937124e-02  3.2423553365934943e-01  5.7687647534208752e-01  1.3615524091896700e-01  8.6317806019823532e-03
6.5184421797845904e-01  1.2326393946065488e-01  7.0096218097262819e-01  6.4689419094872691e-01  4.7388519766632425e-01  9.7046704553980356e-03
6.7218730496345291e-01  4.7286612300688466e-02  7.5613325292703293e-01  9.0636490503281919e-01  3.4889056706022131e-02  2.4164951258490628e-03
6.7666708978941681e-01  1.2505586058949358e-01  5.9004435348183459e-01  9.0496166168390191e-01  4.1561667605038616e-01  1.0503415215411352e-02
6.8104676477518267e-01  6.4214046040963493e-02  9.2652161588511006e-01  3.1052174708078123e-01  1.7328016090760157e-01  4.1867419853570190e-03
6.5388663449643925e-01  3.1337845116661694e-01  8.6842957855469805e-02  4.2813826780906383e-01  4.1451728520187126e-01  4.3867582659713727e-03
6.8120267370083787e-01  2.9312866329805382e-01  8.9884724037604960e-02  5.9236595210075038e-01  4.0924862168232511e-02  6.8839915882948589e-03
6.9621276211865690e-01  3.1310155933599998e-01  3.2705994627340818e-01  1.0714613462028902e-01  5.2754944813810364e-02  3.9488732790006718e-03
6.5432361536117956e-01  2.9863836418811762e-01  6.7934486491518897e-01  2.9063354784617368e-01  5.2339595900788780e-02  1.7088312401176014e-03
6.7072578063547694e-01  2.9585867636361229e-01  6.6437699794506333e-01  9.7223185782188748e-01  9.0147255029004447e-01  2.0603192435710285e-03
7.1677119525832744e-01  3.4889108983395217e-01  9.4563628339151939e-01  6.6879468021029553e-01  6.4612043176073064e-01  4.5822935037010881e-03
6.7679901612264115e-01  3.3063204551930558e-01  9.3085758173986544e-01  9.7985801959260588e-01  2.4478240266669582e-01  4.6737992451297153e-03
6.3838360604885691e-01  6.6384538301170426e-01  1.0926548960687660e-03  9.7125293231200405e-01  1.9262634951527944e-02  1.3318167321322454e-03
7.1444867119883337e-01  6.6168864321057352e-01  9.5451729929708462e-02  9.1008428128552366e-01  3.6214986401065213e-01  1.0468078680980226e-02
6.6917891916252226e-01  5.4429016711854028e-01  3.5519012671604921e-01  3.3811601501452837e-01  1.9389658378531349e-01  1.0868385700094617e-02
5.8937596244014701e-01  6.7073684482645235e-01  3.4357469715190675e-01  7.6614058073014535e-01  6.8915696804814031e-01  1.1900596675792966e-02
6.7548743182798410e-01  6.7377711064429402e-01  7.5688811541842527e-01  7.0270067834855576e-01  3.6974671937398049e-02  9.9950826853003397e-03
6.7291230674162239e-01  7.0222787765217776e-01  9.6092880523905477e-01  3.7454403987308810e-01  1.5934102005789841e-01  8.5414366413159633e-03
7.2594303291605700e-01  6.8820878009434938e-01  8.9067586661353648e-01  9.3167838405069847e-01  6.6971891464341049e-01  7.1424730844335963e-03
6.6130537810397971e-01  9.5756490494879587e-01  8.2684742460392480e-02  6.4900758600972630e-01  3.9898490664064834e-01  6.0057135816841568e-03
6.8014542525312505e-01  9.0234482732885068e-01  3.3568611539770199e-01  1.1171474688068496e-01  8.5077204222703678e-02  2.8866938734326830e-03
6.5695061500616325e-01  9.2703899144294688e-01  3.9297010230226892e-01  4.5032998389222967e-01  8.0600377173463453e-02  4.1491078626647226e-03
7.0935102574389075e-01  9.3336610222074679e-01  4.3528959111051768e-01  9.3687548259692954e-01  1.3910294797825151e-01  5.0415574532671507e-03
6.4944174272920685e-01  9.0270021828505564e-01  6.8375269447005294e-01  7.2770935248071744e-01  3.8990553328941979e-01  8.1693205769108324e-03
6.8991024588346961e-01  9.3272781697549090e-01  6.4520210084172736e-01  9.3180709534832618e-01  8.9035558519235281e-01  2.8434659038514610e-03
9.2576097645236022e-01  3.9143669104822011e-02  8.7734821914239938e-03  1.5660740001357948e-01  6.9821458154721724e-02  6.1944468900544582e-04
9.3088156184657334e-01  2.0924956882865137e-02  5.2102825005321221e-02  9.2169200667920237e-01  5.8152126307669076e-02  2.9298860778373983e-04
9.3474673128892993e-01  3.5714876933218821e-02  1.1881785847635060e-01  9.0460217223058892e-01  3.2208611714503654e-01  1.9884789089208372e-03
9.4318482127698844e-01  8.6628711903006361e-02  3.6482830089133539e-01  3.6747077740890915e-01  2.3108545914439679e-01  3.6655883354145213e-03
9.0113439961321740e-01  4.4104645064937109e-02  3.5691769357053493e-01  7.5825108999336599e-01  7.0522659253230058e-01  2.5898670799487486e-03
9.2082850466083466e-01  1.0799281645942893e-01  8.2859748309408809e-01  6.0761469677012896e-02  2.6905972433031611e-02  4.1332152935238096e-04
9.4172337558039731e-01  3.8355525373590840e-02  7.7355448570838414e-01  6.5744831077180366e-01  8.5231797829782602e-02  1.9608180351752317e-03
9.8295499348083248e-01  4.1556397992389089e-02  9.3463789566063205e-01  9.0418631946638228e-01  6.6670586194596948e-01  1.5133328825148559e-03
9.1434736239471925e-01  3.1013655289219055e-01  5.8593585679851144e-02  6.5887311892398970e-01  4.0294408034043933e-01  5.6791391382605182e-03
9.2757405574300666e-01  3.3995167753676259e-01  3.6545582391641329e-01  9.1177067116528676e-01  1.0463498750601131e-01  5.7131438014495824e-03
9.1104504355577964e-01  3.6148114194911590e-01  3.4774155235084786e-01  9.6912739718023300e-01  6.7093774535956030e-01  4.0538895644098355e-03
9.2751187466738383e-01  3.3818628443382820e-01  6.7797119176564291e-01  3.0258792088091785e-01  9.6488763214078507e-03  3.4770370969897054e-03
9.4673550077157342e-01  3.6768274608203461e-01  7.2223802416486682e-01  3.6936031111967771e-01  3.3677701962467699e-01  3.1441325922271523e-03
9.0442200943685314e-01  4.3712167282578562e-01  6.7844950419203576e-01  7.1943266536342709e-01  3.9916794505221320e-01  9.4705739965755265e-03
9.2840976025098998e-01  3.4417043512486406e-01  7.2271137971019372e-01  9.6422705091496186e-01  9.2727980316840286e-01  1.4778762394126834e-03
9.4347407872927325e-01  3.0689030305372761e-01  9.5663198181993658e-01  7.0387785832116201e-01  1.8368734056125957e-01  3.8118429536793392e-03
9.4904858301615402e-01  7.0317849075409244e-01  8.4409453378263680e-02  2.6120453417408712e-01  8.0235495407562862e-02  2.9697807582485711e-03
9.0936341549923083e-01  7.1347859587319273e-01  4.2008244713324728e-03  9.5126836810267801e-01  9.0359221439827042e-01  1.0679042527699299e-03
9.0699085173676608e-01  6.8178769657807659e-01  3.8618875246592066e-01  6.0486674978814314e-01  1.7963166859120697e-01  8.0843604295516621e-03
9.3867680841721257e-01  6.4946925042118053e-01  3.5661058461404377e-01  7.2544058437120629e-01  6.4118763348741903e-01  4.9062269809098790e-03
9.4966553653440755e-01  6.7908361669227135e-01  8.6253916373607420e-01  9.1566074792845051e-02  9.1145276695444463e-02  1.1434212392239600e-03
9.3530350724915623e-01  7.2167794242121996e-01  8.5364055011070794e-01  9.5348422474730943e-01  3.5630971380745430e-03  8.6448847414630659e-04
9.4920748236464048e-01  7.6142199019476120e-01  6.9216980675176210e-01  9.5437427765440019e-01  3.6790943635404455e-01  3.3291926809482166e-03
9.0685580313408343e-01  8.9930129585907026e-01  1.0956692454562447e-01  4.2986470771542512e-01  4.2538677373468975e-01  1.3135074417202285e-03
9.8983525533686756e-01  8.9735754600679107e-01  1.2992937519703932e-01  7.1289590941623093e-01  6.4419240894082408e-02  2.0404818296145210e-03
9.4051564324959014e-01  9.4874620278510435e-01  2.9014562274711647e-01  9.3156556179559080e-01  6.4682779768940268e-01  2.6620078210140134e-03
9.3966253442396730e-01  9.9097747041529505e-01  7.2849034007674385e-01  2.7683815942136897e-01  6.2952587886341361e-03  1.1225583970856212e-03
8.7644291155793408e-01  8.9457863780814417e-01  6.8085028938067349e-01  4.4261831272104191e-01  3.2842069924748424e-01  5.3330437016978448e-03
9.1584531048420592e-01  9.5201383977653786e-01  9.4471542290433363e-01  8.0419984254379739e-01  2.1643893117060162e-01  2.0558205407977498e-03
9.8822784635346528e-01  8.9542142921701517e-01  9.4835532840354175e-01  7.4010757633333846e-01  6.5270188387762651e-01  1.4080115002174231e-03
