deg: 14
dim: 3
nodes: 172
efficiency: 0.988372

q[0]:   7.7702601919475505e-04  1.2105921211710592e-02  5.5232976715342108e-02  4.3386298975986337e-02  
q[1]:   1.1221762633119117e-03  3.6305562502415081e-02  2.2942031814223978e-03  2.6611121350833122e-01  
q[2]:   5.6548494819991012e-03  6.5308791268999744e-02  1.1717941648841027e-01  3.7532727575395136e-01  
q[3]:   1.9676962400327386e-03  1.3762611679582924e-02  5.5102721361461070e-02  5.5642840689215700e-01  
q[4]:   6.9993037478379211e-03  1.0634877033093663e-01  2.2268541712195361e-01  5.8486035710587969e-01  
q[5]:   4.2402381772640059e-03  3.1312853934468372e-02  1.5825428404011782e-01  7.8775270921965646e-01  
q[6]:   8.1427597921459064e-04  1.1719391664886829e-02  3.5733276473388031e-02  9.3878723602023650e-01  
q[7]:   1.7504701208946457e-03  5.5585860582428891e-02  2.2505927276412580e-01  1.6607804325776184e-02  
q[8]:   2.8741896058309306e-03  9.7280882956312219e-03  2.0770254026946561e-01  2.0524441888211242e-01  
q[9]:   3.5511246697866052e-03  2.3616911861604181e-02  3.7485808735294901e-01  9.1149170176529104e-01  
q[10]:  2.3721403417118572e-03  2.7119936759088182e-02  4.8722554168259935e-01  4.0299289581511737e-02  
q[11]:  3.9337610646882704e-03  3.5575570097901424e-02  4.2384626178704871e-01  1.8825352524839659e-01  
q[12]:  3.8140112141126664e-03  1.2326492452799169e-02  3.2593126544771006e-01  5.5529766283029780e-01  
q[13]:  7.8146048745106750e-03  9.9468159806934922e-02  4.3222474510751802e-01  6.8572222615627243e-01  
q[14]:  9.0742680330337527e-03  9.0141003579369439e-02  6.4887947732965479e-01  2.3014755279764756e-01  
q[15]:  1.6897963195915338e-02  2.0389219979932013e-01  5.4470245344275958e-01  5.1678831012750071e-01  
q[16]:  6.1409864105227748e-03  1.0675775718746293e-01  5.7060432561646379e-01  8.7345420198553692e-01  
q[17]:  1.3769402169328891e-03  1.5449031218666705e-02  6.9059162070662117e-01  9.7916050587736569e-01  
q[18]:  4.3213917769552050e-03  1.5901092778444901e-02  6.1366108361684513e-01  4.0738770721529927e-01  
q[19]:  4.2554122900962570e-03  1.9663571270136685e-02  5.9100753694056163e-01  7.4714331455646354e-01  
q[20]:  2.2495707963524907e-03  9.5178883019086547e-03  7.6445070167255258e-01  9.8025166618875004e-02  
q[21]:  3.1721784699271769e-03  1.8278643334212970e-02  8.5962686734089888e-01  4.0386865565976721e-01  
q[22]:  9.4866631788225917e-04  3.3641552795009640e-02  9.6904702875511972e-01  9.6095455610072655e-01  
q[23]:  1.1625552683541972e-03  4.1307682822842980e-02  9.4912758895037996e-01  2.6757288770918028e-02  
q[24]:  2.3578881621801498e-03  8.2740025365935638e-02  8.4809664934588391e-01  1.0079679308332316e-01  
q[25]:  1.3760367408649408e-03  2.1040931817918853e-02  9.7729890566830069e-01  2.3149231009082433e-01  
q[26]:  1.0365900051558122e-03  3.0561647258141197e-02  9.9351975354743194e-01  6.1846831531170832e-01  
q[27]:  2.2997505269694812e-03  8.7693274601227927e-03  8.8861429397199421e-01  7.8273769003903471e-01  
q[28]:  8.4669061534547942e-04  1.6242421701546264e-01  8.0814769621742402e-03  2.4447978108972999e-02  
q[29]:  5.2429857775870715e-03  1.8048562284550584e-01  4.0397084332780331e-02  4.7873624431967582e-01  
q[30]:  2.9717852656712808e-03  9.1917693432115852e-02  1.7304123208907261e-02  7.4033505946035816e-01  
q[31]:  3.9951559755957268e-03  1.3075570679581699e-01  8.7422528943859490e-02  9.1765720947856189e-01  
q[32]:  4.4171679230010554e-03  1.0011747547151753e-01  7.5774016275054049e-02  1.2381507977863447e-01  
q[33]:  8.4104259515235362e-03  8.3419099648732314e-02  4.0177820584552681e-01  3.8378875352439562e-01  
q[34]:  1.7258220801552922e-03  5.9840400333680065e-02  2.0126384963077676e-01  9.9033435454486407e-01  
q[35]:  6.7019697249268663e-03  1.3509981452938194e-01  2.9538488682182190e-01  9.0660207858867720e-02  
q[36]:  7.1126655625799494e-03  1.5346992659147804e-01  2.6616725906728245e-01  8.0739059693050663e-01  
q[37]:  3.5099550218133336e-03  1.4091990035586116e-01  4.9207120545575633e-01  9.8224831711958593e-01  
q[38]:  7.6016274485240795e-03  1.8092508833343393e-01  5.6223657084872247e-01  8.7663234730257514e-02  
q[39]:  2.2171231366954628e-03  1.1228816470201392e-01  7.0833937594341068e-01  3.2012812184786217e-03  
q[40]:  9.9073626700593460e-03  7.7797590869265826e-02  7.5122666841267305e-01  6.1570238866490523e-01  
q[41]:  5.0275881588431387e-03  7.9783715704091956e-02  8.1561087613824024e-01  9.0846584546038789e-01  
q[42]:  5.4503945010640044e-03  1.0497223813451044e-01  8.8941997084344049e-01  2.3862025997434363e-01  
q[43]:  4.5317267754574750e-03  9.1165850092743111e-02  9.4047550639656630e-01  5.2608328896871182e-01  
q[44]:  4.8666910760300254e-03  2.3504111085053661e-01  8.6885476016171614e-01  5.2528270441361088e-02  
q[45]:  2.1834664963795675e-03  1.7050436299969135e-01  9.8580018738046005e-01  1.0594361435904924e-01  
q[46]:  3.5573203440265400e-03  1.2780469331236505e-01  9.6921981293563919e-01  8.2190753357162560e-01  
q[47]:  4.5950407625605328e-03  2.5752806736383005e-01  2.8768215644743494e-02  2.4128613991474115e-01  
q[48]:  2.8181194640084272e-03  3.9307508458630336e-01  4.2726623785617115e-03  5.3387289097724544e-01  
q[49]:  1.0896302117756523e-02  2.5228170385073173e-01  1.1795699849856534e-01  6.5197323596339818e-01  
q[50]:  3.5623123728933908e-03  2.9812440401231166e-01  8.1361980071592344e-02  8.7277199015800722e-01  
q[51]:  7.4858811060620975e-04  1.8834728334394099e-01  7.2352393941893783e-03  9.8608553018415612e-01  
q[52]:  2.6731247738601715e-03  2.5690352013712614e-01  1.2906605186316569e-01  1.5122444428444274e-02  
q[53]:  1.0849046856854084e-02  1.9006321773663981e-01  2.2780601094612157e-01  3.1032130973190342e-01  
q[54]:  7.8677826841845652e-03  2.4478693364370283e-01  2.9796822036406639e-01  9.2491211711073340e-01  
q[55]:  4.6976442408789313e-03  3.0250740138527427e-01  4.0984619777581188e-01  1.8046420446083355e-02  
q[56]:  1.2452662060985440e-02  2.6922439899945377e-01  4.2079274331193978e-01  2.4103606289915544e-01  
q[57]:  1.3387847271151542e-02  3.0152187400144270e-01  4.1748664018684600e-01  7.3806347019906871e-01  
q[58]:  5.9117415963251124e-03  2.9317721615645814e-01  6.8243276348244064e-01  9.5960552255113751e-01  
q[59]:  1.3763148870264585e-02  2.1666235025808880e-01  7.7803710487651212e-01  3.8646028516010272e-01  
q[60]:  1.0594997519917701e-02  2.2747402310999823e-01  7.0681944898529792e-01  8.1265306836223283e-01  
q[61]:  1.0542166324563104e-02  3.1495217994653757e-01  7.4151004890250971e-01  1.6520863961255239e-01  
q[62]:  2.2525116608017926e-03  1.8314692813674213e-01  8.9212914380383868e-01  9.9008245788440730e-01  
q[63]:  4.5494385238953839e-03  2.1862012225548857e-01  9.7938956770583663e-01  3.8331591082256566e-01  
q[64]:  1.0779975567781050e-02  2.3647670810270049e-01  8.8820545990201216e-01  6.9938504903337884e-01  
q[65]:  3.5356977901005969e-03  4.3761691091256338e-01  2.9262238023296108e-02  6.8680695680483406e-02  
q[66]:  1.3191812119928929e-02  4.6227755705855839e-01  9.6082976337816275e-02  3.5775014664201943e-01  
q[67]:  3.8892840944689797e-03  3.6847034829831254e-01  2.0804241031154112e-02  8.2762394226144487e-01  
q[68]:  8.2404086186380048e-03  3.1737950289729550e-01  1.4855081913890286e-01  1.4760658425551551e-01  
q[69]:  2.0017404607922708e-02  3.6835345659604829e-01  2.7590494234582935e-01  4.9407226602247878e-01  
q[70]:  1.0182005350844674e-02  4.6441414623694144e-01  1.7918362639943766e-01  7.6900379089076198e-01  
q[71]:  3.4140503950956724e-03  3.6356867240929569e-01  1.4364645703557560e-01  9.8491517014154717e-01  
q[72]:  7.0466925194163782e-03  4.9067740910269586e-01  2.3567703742882540e-01  5.9563689252966033e-02  
q[73]:  5.0372448980977366e-03  4.2636709963908737e-01  4.3742109222510184e-01  9.7277110891409402e-01  
q[74]:  6.2672259230367143e-03  4.0812618017139712e-01  6.2957241941902065e-01  5.4716750251636782e-02  
q[75]:  1.6497852757286904e-02  4.1539323649080284e-01  5.7172664223828529e-01  3.4152834247203440e-01  
q[76]:  1.2624083464514685e-02  3.9374580982785262e-01  6.5450677412537805e-01  6.3279252678313480e-01  
q[77]:  1.1530864606836728e-02  4.3118884394566948e-01  5.2440782823260157e-01  8.4686173050543301e-01  
q[78]:  4.6786033695740518e-03  4.9829791731177092e-01  7.8273787553877505e-01  2.6993710784683950e-02  
q[79]:  8.9379773952361647e-03  4.4494667958805928e-01  7.7679785994820671e-01  5.4781950569771221e-01  
q[80]:  8.7917589568568839e-03  4.0810992535103957e-01  8.7205984945980508e-01  8.9882422578372112e-01  
q[81]:  9.1200693321872688e-03  3.8340452286547022e-01  9.2560159922023288e-01  2.2045462172565949e-01  
q[82]:  8.5408207042608902e-03  3.9990268421409642e-01  9.1199283477570992e-01  5.0190365451940910e-01  
q[83]:  1.1887471180151970e-03  3.5616058400318490e-01  9.6622058128687183e-01  4.5155550603152936e-03  
q[84]:  3.6259085894268877e-03  3.9658449397208556e-01  9.9237155612691275e-01  6.6092243746654344e-01  
q[85]:  2.3130091308719548e-03  3.0049168093462830e-01  9.8329115801326983e-01  9.2989736963708725e-01  
q[86]:  2.5924991258062633e-03  6.3424914953040201e-01  9.2577542016303263e-02  1.1581752770025190e-02  
q[87]:  3.0038931160274842e-03  6.1475287900945619e-01  1.1531712435318671e-02  2.1229787279502732e-01  
q[88]:  2.2308183640928746e-03  6.4799410869516383e-01  1.4413940842636291e-02  5.0073734045797746e-01  
q[89]:  9.8522974983357853e-03  5.7912536573788553e-01  7.1065166613660524e-02  6.5132884164060856e-01  
q[90]:  2.9935471540957575e-03  5.5712300075085475e-01  3.4092141036325262e-02  9.5957994127949986e-01  
q[91]:  9.6643418193486010e-03  5.4960906929461373e-01  2.4828048500921918e-01  8.9653105940944866e-01  
q[92]:  3.2102170153345210e-03  6.2316072842204606e-01  4.6026660636686767e-01  6.1208675744786976e-03  
q[93]:  1.1781165904938509e-02  4.7021425970623348e-01  3.7023745548873371e-01  1.5849011904594848e-01  
q[94]:  1.5218293806295673e-02  6.0137782757792013e-01  4.0673794138848768e-01  4.0584819016189877e-01  
q[95]:  1.4287934187805830e-02  5.5941289725284871e-01  3.7114136855299723e-01  6.5708425056045983e-01  
q[96]:  1.4552029743740487e-02  6.3081693548275675e-01  5.7312028343009136e-01  5.8146852552534578e-01  
q[97]:  3.7450998616189793e-03  5.4269923175951940e-01  7.4372255746177030e-01  9.8708785294457246e-01  
q[98]:  8.0564908222573468e-03  5.6227418776741678e-01  6.1115957797722664e-01  1.9759850896314210e-01  
q[99]:  1.4686714491848593e-02  5.7270378600789951e-01  7.9867309054970292e-01  3.4095682334336913e-01  
q[100]: 1.0799946294021230e-02  5.4155556619549006e-01  7.7026817306408357e-01  7.6289144514807450e-01  
q[101]: 1.6505176425728439e-03  5.6211905897224201e-01  9.6626776790283031e-01  9.8764251994840135e-01  
q[102]: 6.1954695673116711e-03  6.0628198861522897e-01  8.8738021781309040e-01  1.0354375699764679e-01  
q[103]: 2.3722850404953571e-03  5.0635921456776034e-01  9.8523859561738136e-01  1.0328659157213080e-01  
q[104]: 3.8114708320901875e-03  6.0059371787170535e-01  9.9008995833254809e-01  3.5325055935830180e-01  
q[105]: 7.4364439675723652e-03  5.9099948939684843e-01  9.5003149688579547e-01  7.9242153530500559e-01  
q[106]: 1.5507058036788510e-02  7.3128808325870276e-01  1.9024997903672461e-01  5.1169906200631032e-01  
q[107]: 3.7198588883311156e-03  7.5356903814434828e-01  1.6098197474798067e-02  7.9450823742323751e-01  
q[108]: 5.1064704557051274e-03  6.9781652378772729e-01  1.0877075148037690e-01  8.9323550817360897e-01  
q[109]: 4.9044744777642490e-03  7.0854646715620384e-01  7.5771873163462719e-02  1.3803983324194655e-01  
q[110]: 1.2750647766083100e-02  6.3044648867672637e-01  2.0518306595542790e-01  2.4366495440330638e-01  
q[111]: 9.0422354707900849e-03  7.7928299142485025e-01  2.5156594798545739e-01  7.5308486899034399e-01  
q[112]: 2.6571291606471217e-03  7.8971084382607992e-01  1.4137737753676041e-01  9.7937036263333632e-01  
q[113]: 1.4913329313244917e-02  8.0062526013279756e-01  3.9806034333972456e-01  2.7204360487457024e-01  
q[114]: 1.0298281637249827e-02  7.5213953601228645e-01  4.1261646671275826e-01  7.8652184538193670e-01  
q[115]: 3.4418204595279491e-03  6.7927471051119614e-01  3.4466763669453859e-01  9.9121594033152483e-01  
q[116]: 9.5503637257042980e-03  6.7004139588839706e-01  5.5403642776566209e-01  1.0174725691590121e-01  
q[117]: 1.6321674936328519e-02  7.8788976347497897e-01  6.3959075182083658e-01  4.2401092583509886e-01  
q[118]: 1.0945310970005957e-02  6.4543095888866631e-01  5.8597481576438093e-01  9.0677402194254320e-01  
q[119]: 4.5764981390291086e-03  8.1683721185368574e-01  7.0864873367224845e-01  2.2008101288681931e-02  
q[120]: 1.0007732617701168e-02  7.3695260519225525e-01  7.6315692685834591e-01  1.8836760882076964e-01  
q[121]: 9.2955556945790666e-03  7.2601179706081531e-01  7.3386063938298751e-01  7.5104984246188977e-01  
q[122]: 6.7512586786317007e-03  7.5003589984297925e-01  8.4853724704939015e-01  9.3825312581506271e-01  
q[123]: 7.4221801087176369e-03  8.0531323809586564e-01  9.4364222120571462e-01  2.5945506753391556e-01  
q[124]: 9.1514490323689936e-03  6.6799167973976470e-01  9.2183668078599812e-01  5.2965762880486023e-01  
q[125]: 2.0644219147744787e-03  7.0896375729632721e-01  9.2952303535094027e-01  1.9391884166102005e-02  
q[126]: 2.9570855205879026e-03  8.3122607879173949e-01  9.8866416573696059e-01  6.4702884116668646e-01  
q[127]: 2.2973382645794607e-03  7.8036789720933486e-01  9.8297165359853156e-01  9.0575181765125445e-01  
q[128]: 1.0665872197789764e-03  8.4258207344181335e-01  6.4119609575913868e-03  3.1106152136652805e-02  
q[129]: 6.7928007407498398e-03  8.1761920138761146e-01  4.0886400618101289e-02  3.8448660689453834e-01  
q[130]: 4.0942594030906644e-03  8.9512920008569075e-01  1.2197874515734326e-01  8.4372904770736834e-01  
q[131]: 1.2177774505331682e-03  8.8709585774485622e-01  1.8865786268353665e-02  9.6870935925194734e-01  
q[132]: 7.1576046591267711e-03  7.6712888010019264e-01  2.9143544175679637e-01  6.0402210888752646e-02  
q[133]: 4.8877967298012063e-03  8.5941974998892878e-01  1.1244233451511874e-01  1.1813882943995926e-01  
q[134]: 8.0208577914153336e-03  9.1584811777387387e-01  1.9212547012709238e-01  2.8569813374313674e-01  
q[135]: 5.5750202760827114e-03  9.2061344876694806e-01  2.9342947789410939e-01  9.2280543863896047e-01  
q[136]: 1.9479972800312822e-03  9.5671390105062781e-01  4.8542567772418094e-01  1.9627588734002117e-02  
q[137]: 4.5511856594594629e-03  8.2352274799431979e-01  4.4114225150301106e-01  9.2934550674086958e-01  
q[138]: 6.4284366220698436e-03  8.8892117705892659e-01  4.9010413012147075e-01  1.0564233795007902e-01  
q[139]: 3.2011291518519239e-03  8.6299595614313396e-01  6.3757227415497897e-01  9.8580345123747815e-01  
q[140]: 7.6395012187976761e-03  8.9394368883671815e-01  6.8726379233844825e-01  8.4246744215003877e-01  
q[141]: 5.1225678388382226e-03  9.0273049674469430e-01  8.5400901905884974e-01  9.9580590010939510e-02  
q[142]: 8.7157050456807619e-03  7.9129168973027819e-01  8.4124374574252125e-01  6.1872818774610017e-01  
q[143]: 1.2792632759641136e-03  9.1713885542709450e-01  9.3200083484024421e-01  9.8975998784208996e-01  
q[144]: 1.2642439317601226e-03  8.0135912652133412e-01  9.9285212563396419e-01  6.6245120205404642e-02  
q[145]: 2.8681155986715135e-03  9.4414459983206622e-01  9.7376907587255090e-01  4.5371169897534713e-01  
q[146]: 5.9487815886303357e-03  9.0800218082454609e-01  9.0195465996925084e-01  7.9297460524957220e-01  
q[147]: 1.3202466277334761e-03  9.7853170259372546e-01  8.1143172241103192e-02  4.3367581510527442e-02  
q[148]: 1.9792767727920910e-03  9.5840344807534672e-01  2.1338033697645128e-02  2.0841137697679618e-01  
q[149]: 3.0148403313209962e-03  9.8790868742037408e-01  1.0660992525587769e-01  4.3652255087016034e-01  
q[150]: 1.5909085771656870e-03  9.5239596210991018e-01  7.6829881064075511e-03  6.1029663634396492e-01  
q[151]: 6.3348845363597776e-03  8.9063494587958980e-01  9.2391455472044026e-02  6.5152050427367492e-01  
q[152]: 1.5505864721901907e-03  9.8166840067128380e-01  4.7152177818761097e-02  8.7126566036692499e-01  
q[153]: 1.8750518870953004e-03  9.0815293656372431e-01  2.2541856405343272e-01  1.0759846148611309e-02  
q[154]: 4.3182372291440214e-03  9.8272340535578218e-01  2.4388742200680177e-01  7.1640106254182379e-01  
q[155]: 8.1107124880550421e-04  9.8326456304718146e-01  1.5517973181405620e-01  9.8783571272794579e-01  
q[156]: 3.8491927864362165e-03  9.8335689072012566e-01  3.0125319823159513e-01  1.4074794924084422e-01  
q[157]: 1.0993315598308248e-02  9.1467828202411283e-01  3.3490648504998927e-01  5.1526495103827752e-01  
q[158]: 1.3313488533535486e-03  9.7882527368192884e-01  4.8624577568334876e-01  9.7689797103060672e-01  
q[159]: 8.5563096713542255e-03  9.3768370890062835e-01  6.4758647090174803e-01  2.2995840621249181e-01  
q[160]: 5.1236498841795187e-03  9.8504754962086272e-01  4.8739579387541648e-01  3.9226748946958417e-01  
q[161]: 1.1593089839376980e-02  8.7559040976665359e-01  5.2110847178827058e-01  6.4881206127223368e-01  
q[162]: 4.3763555330017644e-03  9.7769436486986194e-01  5.0109227952441748e-01  8.1380134839993756e-01  
q[163]: 1.5687782430046824e-03  9.9408879845364673e-01  7.2374020618712820e-01  5.8436505860678507e-02  
q[164]: 6.3651214248813641e-03  9.7218908848407037e-01  7.2020853364930260e-01  6.0576346509922485e-01  
q[165]: 2.4221170755871343e-03  9.8160773658097533e-01  7.9151346473756734e-01  9.3350928147956358e-01  
q[166]: 2.0758100020824514e-03  9.9493779272391514e-01  8.7452700805873063e-01  2.7180017693034147e-01  
q[167]: 8.4549175678994108e-03  9.0705880645517090e-01  8.2969469525982154e-01  4.1867510450330059e-01  
q[168]: 9.2242098051231671e-04  9.5465595750676402e-01  9.3554695336025850e-01  1.2146119044568303e-02  
q[169]: 1.2834000074895509e-03  9.6431263662549527e-01  9.8232519546131736e-01  1.4839799027341261e-01  
q[170]: 1.6771025733290524e-03  9.9179390349663454e-01  9.3038131874712449e-01  6.7888350230682626e-01  
q[171]: 7.6072023079302618e-04  9.7550933496385916e-01  9.8821529140356767e-01  9.0015143632689554e-01  

