deg: 11
dim: 3
nodes: 98
efficiency: 0.928571

q[0]:  3.2038895104606236e-03  2.3469000819233525e-02  1.0021167173463620e-01  5.9900386124428745e-02  
q[1]:  4.6927321477159296e-03  4.9785951739229360e-02  2.4502416166546657e-02  3.5637138013632830e-01  
q[2]:  6.6171388383570824e-03  8.1252150072475646e-02  3.6632132221186983e-02  7.7295436785425309e-01  
q[3]:  1.3656752570295553e-02  1.0120126375110543e-01  2.3510186126975410e-01  6.5047553885415721e-01  
q[4]:  1.8779196798239229e-03  2.9099269393088991e-03  1.1199178593486932e-01  9.5924900692343529e-01  
q[5]:  6.5578310537322002e-03  1.0881844615172484e-02  2.1364319457238759e-01  5.2525815513189489e-01  
q[6]:  8.4592398173482866e-03  1.3859702016605294e-01  3.3503915228079423e-01  9.6366766952382854e-01  
q[7]:  7.9203953059980986e-03  1.0341767140146009e-01  3.5017007601047417e-01  4.8216461946022686e-02  
q[8]:  6.6755019951271070e-05  1.3765312020977299e-01  3.3572668480334644e-01  3.3925080203624769e-01  
q[9]:  1.0326426879132981e-02  2.6349703770332574e-02  4.9650130541969978e-01  8.3317268782577714e-01  
q[10]: 9.2525669240497085e-03  3.0873461714389157e-02  4.0272342440377168e-01  2.1675832638804174e-01  
q[11]: 4.3901823626989788e-03  6.6560574738535133e-02  7.2957608947111796e-01  9.8578711393833585e-01  
q[12]: 3.6258904200398676e-03  8.1505600030674349e-02  6.4513374534992141e-01  7.8716745361339484e-03  
q[13]: 2.0282585990854017e-03  3.3968732087117627e-02  9.2553009978090717e-01  4.7621614226925860e-02  
q[14]: 4.0365667650719651e-03  3.5833948029926322e-03  7.3328348534063903e-01  1.5516396598999257e-01  
q[15]: 3.6933132158031021e-03  3.8738289184677102e-02  9.7988284123932967e-01  3.6959300055874789e-01  
q[16]: 9.8438397382740357e-03  2.7375607161096986e-02  8.1626551869905717e-01  6.1767567118425926e-01  
q[17]: 1.2574378320670867e-02  1.9680586837061240e-01  6.1105380501187867e-01  6.2015429466316119e-01  
q[18]: 4.1352026586754503e-03  4.3457102632867943e-02  9.5014416962015602e-01  8.9498628551114512e-01  
q[19]: 4.2921256657164498e-03  2.1640382560951307e-01  1.9088346262921593e-02  6.4143483289753986e-02  
q[20]: 6.3557606050123625e-03  1.3594235207128555e-01  1.7946434734955938e-01  8.8567807349836092e-01  
q[21]: 4.0919471152746963e-03  2.5465721049189272e-01  3.1046108038402152e-02  9.6846245247136720e-01  
q[22]: 1.7554937617654684e-02  1.5414866981835287e-01  1.5040023868033811e-01  2.3291058022136057e-01  
q[23]: 1.9485581457434155e-02  2.9518721153495037e-01  6.2833182603000887e-02  5.4301742289386112e-01  
q[24]: 1.6766067366238254e-02  2.3734779883030646e-01  4.2244766045988930e-01  7.3578614801781606e-01  
q[25]: 1.8334037189604484e-03  2.4132898299948069e-01  5.6232919282960769e-01  7.9910824705332617e-01  
q[26]: 1.6084334446535349e-02  3.4228538697030025e-01  6.0295521854998668e-01  9.3376608669661487e-01  
q[27]: 1.4975861160603893e-02  2.1786449504518121e-01  6.8223166322239315e-01  1.1331780097615776e-01  
q[28]: 2.2246471082736762e-02  9.2743325754956016e-02  5.7393821933017330e-01  4.3525243787766982e-01  
q[29]: 1.7619407155238381e-02  1.8128579496683719e-01  7.8316874941575221e-01  8.2539346049869566e-01  
q[30]: 4.2441411872895388e-03  1.5821470454258982e-01  9.6100965528571669e-01  8.1608677306863109e-02  
q[31]: 1.4382253498654664e-02  1.2845724732461480e-01  8.4995845284811400e-01  2.6318493393397191e-01  
q[32]: 2.8542841259704238e-05  2.9793411222864075e-01  8.3500826144825657e-01  3.1501872295426958e-01  
q[33]: 9.5075194695867504e-03  1.8302949182912040e-01  9.6741291155682008e-01  6.6052157344918194e-01  
q[34]: 5.7019019395917470e-03  2.9493286762149407e-01  9.4687414100194922e-01  9.6765939690348668e-01  
q[35]: 7.5652668748330994e-03  4.7656492373701342e-01  1.6674891898099932e-02  2.5304158521017567e-01  
q[36]: 7.5068192897635401e-03  5.7717520499154662e-01  9.4129526683701132e-03  7.8743259760748807e-01  
q[37]: 2.2459949244096757e-02  3.9235160912262185e-01  1.6878715615836085e-01  8.3791234409284543e-01  
q[38]: 2.2382582574682921e-02  4.6016846698222313e-01  4.1284497257391733e-01  6.5873238876118989e-01  
q[39]: 7.8377345315949164e-03  4.8152424949950656e-01  3.7226302483480939e-01  9.8013957373915284e-01  
q[40]: 7.0506898718692770e-03  3.4473276322298946e-01  2.0397533280899807e-01  1.3100920838726963e-02  
q[41]: 2.4736013139361909e-02  2.6582089910616447e-01  3.2513575602724437e-01  4.0349323136210546e-01  
q[42]: 5.6377032010969158e-04  5.1419681778036797e-01  5.2001673641501189e-01  8.4974050310346627e-01  
q[43]: 2.2478864923892023e-02  3.3272649249118785e-01  4.4748561732957493e-01  1.4538497841983017e-01  
q[44]: 1.6284763697810227e-02  4.3441102161580736e-01  6.9517435352505552e-01  6.1583637591509210e-01  
q[45]: 1.5105460927558706e-02  3.6275146421167997e-01  6.9536251912372393e-01  3.1744686252171245e-01  
q[46]: 7.1428964654813680e-03  3.6798624123815959e-01  8.8055354362111593e-01  2.7282434859642490e-02  
q[47]: 1.9820543386017089e-02  3.1973398794658714e-01  8.9020236217822335e-01  4.4554160922486169e-01  
q[48]: 1.1237616178655811e-02  4.7576332058944115e-01  7.9751644407495936e-01  6.2104692625671498e-01  
q[49]: 1.5612687037263682e-02  5.0915503988329658e-01  8.6192524580543828e-01  8.5251187574932874e-01  
q[50]: 1.5621255162850770e-02  4.9091904754526122e-01  1.3811859005662624e-01  1.4765227980242263e-01  
q[51]: 1.9861743141354287e-02  6.8029652895969184e-01  1.1004307219533491e-01  5.5500353679230185e-01  
q[52]: 7.1449704117087544e-03  6.3189857772759250e-01  1.1951401183476024e-01  9.7273400849684233e-01  
q[53]: 1.1581566945585483e-02  5.2505647277031131e-01  2.0405737918771885e-01  3.7915957277747631e-01  
q[54]: 1.5289018712404510e-02  6.3606043969348414e-01  3.0606492509892258e-01  6.8263402988914235e-01  
q[55]: 1.5967864646202694e-02  5.6542972580055217e-01  3.0640263746149110e-01  3.8579611382065188e-01  
q[56]: 2.2283203865234833e-02  6.6822551317573364e-01  5.5310645501735389e-01  8.5460802663132640e-01  
q[57]: 6.8973922943432709e-04  5.7708319373359018e-01  4.6294011614778979e-01  1.8017655280751102e-01  
q[58]: 2.4806463393612192e-02  7.3420151709135617e-01  6.7493987008093048e-01  5.9611483139415555e-01  
q[59]: 7.0433742829660827e-03  6.5546346183377724e-01  7.9599039839189401e-01  9.8695138882583078e-01  
q[60]: 7.8711981590076242e-03  5.1838643036258258e-01  6.2797559172309247e-01  2.0003689552037275e-02  
q[61]: 2.2402761243119303e-02  5.3765100060544802e-01  5.8894862669065184e-01  3.4202978554116154e-01  
q[62]: 2.2441200601392920e-02  6.0749603688062481e-01  8.3142473391870897e-01  1.6220872130436001e-01  
q[63]: 7.4972931003521861e-03  4.2243255524558382e-01  9.9066458973973159e-01  2.1239693893932260e-01  
q[64]: 7.5539099628262971e-03  5.2360187517793932e-01  9.8337984465518047e-01  7.4711584720113533e-01  
q[65]: 5.7042003273146446e-03  7.0506698671079793e-01  5.3125295925901588e-02  3.2365066156270696e-02  
q[66]: 9.5147157147475112e-03  8.1687089254468137e-01  3.2585666124781698e-02  3.3991131567801330e-01  
q[67]: 1.4409036118397743e-02  8.7147017235091018e-01  1.5037968097750157e-01  7.3711996555018788e-01  
q[68]: 4.2329736783138974e-03  8.4111938770375438e-01  3.8771580284957141e-02  9.1819010462811623e-01  
q[69]: 1.7513724201347371e-02  8.1878588137713793e-01  2.1630064304160074e-01  1.7476231858094554e-01  
q[70]: 2.2434198360019916e-02  9.0678526409212423e-01  4.2572964184513984e-01  5.6379913841012685e-01  
q[71]: 1.4966426344212984e-02  7.8195231386926844e-01  3.1784348856559369e-01  8.8682953840251744e-01  
q[72]: 1.6013141617926930e-02  6.5766731705340920e-01  3.9704071123520446e-01  6.6066431719718210e-02  
q[73]: 1.0850039544809491e-03  7.7407917604140908e-01  3.9495403676417207e-01  1.7149526082790242e-01  
q[74]: 1.7333469125277477e-02  7.6189447638666608e-01  5.7443707637562491e-01  2.6285932995798983e-01  
q[75]: 1.7563459466193726e-02  8.4589345127698634e-01  8.4969128303150543e-01  7.6694461566490069e-01  
q[76]: 4.0917962063408793e-03  7.4531976071754658e-01  9.6894682106176533e-01  3.1525273470578909e-02  
q[77]: 6.4123881541219979e-03  8.6332494714665919e-01  8.1901877413578894e-01  1.1364899079679290e-01  
q[78]: 1.9466744835741172e-02  7.0472144228899691e-01  9.3723875298964798e-01  4.5686759230365026e-01  
q[79]: 4.2902403405800215e-03  7.8373084692984829e-01  9.8089524354150970e-01  9.3589688277545013e-01  
q[80]: 4.1345089348951043e-03  9.5651217225925333e-01  4.9763795318005968e-02  1.0513331870325379e-01  
q[81]: 3.7017440325461501e-03  9.6124139172254119e-01  2.0218270549014289e-02  6.3064637259238843e-01  
q[82]: 4.0308299997507627e-03  9.9655450997602313e-01  2.6714038218688985e-01  8.4485105417819628e-01  
q[83]: 2.0506280406205764e-03  9.6565115061746132e-01  7.4514648870954867e-02  9.5232417023235671e-01  
q[84]: 9.8431216682149172e-03  9.7262768876523464e-01  1.8372726136230619e-01  3.8233373879086824e-01  
q[85]: 3.6304293555611423e-03  9.1838165754283019e-01  3.5510825674273860e-01  9.9209224569605869e-01  
q[86]: 4.3848859405824876e-03  9.3353638239270076e-01  2.7004207806939484e-01  1.4229699289196922e-02  
q[87]: 1.2620698864080829e-02  8.0090726716306593e-01  3.8870015516008344e-01  3.7567869605620990e-01  
q[88]: 9.2946406543811515e-03  9.6897359001423311e-01  5.9716607088522478e-01  7.8263646400553621e-01  
q[89]: 1.0328144303661437e-02  9.7364191016529766e-01  5.0348018328251365e-01  1.6681764301793578e-01  
q[90]: 7.9135929835673132e-03  8.9683043582579836e-01  6.4999244191725469e-01  9.5171776548732590e-01  
q[91]: 8.3908314161934665e-03  8.6149861824490959e-01  6.6429062252838311e-01  3.6074790634335295e-02  
q[92]: 1.8860363208435991e-03  9.9695088232752582e-01  8.8791109828176173e-01  4.0835126517321463e-02  
q[93]: 1.3703839968781554e-02  8.9864517175040903e-01  7.6486078573653260e-01  3.4943482442342133e-01  
q[94]: 6.6392856976128720e-03  9.1867539824241884e-01  9.6322786077046085e-01  2.2683106428239797e-01  
q[95]: 6.5535656608835431e-03  9.8915018320896064e-01  7.8634190541385451e-01  4.7467524127845101e-01  
q[96]: 4.6883562304552203e-03  9.5023589381048046e-01  9.7555008270139409e-01  6.4341380422050343e-01  
q[97]: 3.2025840063340276e-03  9.7658361181323405e-01  8.9979942711126482e-01  9.4002325791550045e-01  

