deg: 23
dim: 3
nodes: 653
efficiency: 0.995406

q[0]:   1.0787624733524077e-04  4.8793098954211852e-03  3.6828715760682557e-02  2.2898065540833394e-02  
q[1]:   2.5292614249647230e-04  2.1768455392723787e-02  1.0818430093429098e-02  1.0985977683840178e-01  
q[2]:   1.0232060004735741e-03  5.5261169116010783e-02  7.2743107881750507e-02  1.8148328259089022e-01  
q[3]:   3.5990331405044674e-04  1.0131181702804764e-02  3.5754332048810046e-02  2.3893873181289596e-01  
q[4]:   1.6640866152238531e-04  8.2699828540069419e-03  6.1585717346855388e-03  4.1854710269454976e-01  
q[5]:   1.0114451548379015e-03  5.3167529718829917e-02  6.5424231716017536e-02  6.3150809814308240e-01  
q[6]:   3.5369418455606904e-04  1.5780495693936820e-02  1.5216813278973266e-02  6.9182892920674521e-01  
q[7]:   9.6792366237664267e-04  3.9785639586042219e-02  9.8483327828572720e-02  7.7208752482918364e-01  
q[8]:   2.9756032118020395e-04  6.5849752433661543e-03  4.8423333015523200e-02  8.3242944267170393e-01  
q[9]:   1.0238872309288557e-04  9.1092054167330166e-03  2.5175256700317766e-02  9.8046159264660881e-01  
q[10]:  2.1697087048525645e-04  4.5802118615808927e-02  1.1127254450949074e-01  2.7589110427426681e-03  
q[11]:  5.3397710944987488e-04  3.4998878843592748e-02  8.5899929717300691e-02  6.1227326964260885e-02  
q[12]:  5.2689034023341394e-04  7.7621931958099157e-03  1.3681519160466571e-01  3.0273974814373950e-01  
q[13]:  5.4749243929908843e-04  6.2115322496475861e-03  7.4236694294247563e-02  5.3569547771521686e-01  
q[14]:  6.9335326472083907e-04  9.5317674119223782e-03  1.6144888001050717e-01  7.1405661144602406e-01  
q[15]:  3.6072476391331031e-04  7.6087421823940009e-03  1.2171597675469299e-01  9.3414481419637285e-01  
q[16]:  1.2044977119356599e-03  5.2096913003958176e-02  2.1849949606092758e-01  9.3330703095233336e-02  
q[17]:  4.0943212810118319e-04  4.8822124193240212e-03  1.2936271477520925e-01  1.2650320159112519e-01  
q[18]:  1.5932143347532129e-03  3.7832328783635016e-02  1.4700187292481912e-01  4.3722952267471521e-01  
q[19]:  1.5790971270692805e-03  9.5814834739875399e-02  2.0710009886822306e-01  5.4209612770037263e-01  
q[20]:  1.1730584733510099e-03  3.9528290579447102e-02  1.8484201892857341e-01  8.7436465372871941e-01  
q[21]:  2.6927605339372584e-04  1.3808692317086306e-02  2.3274293831535664e-01  9.8778292421126157e-01  
q[22]:  1.1411415959005533e-03  1.3293518812785687e-01  2.7161790844642697e-01  1.3081495550170161e-01  
q[23]:  1.6531924620409892e-03  4.4817885679238459e-02  2.0411625125838967e-01  2.5165408530741723e-01  
q[24]:  1.1979877834740243e-03  1.7126218055003559e-02  2.2892128733036374e-01  5.8485678522970785e-01  
q[25]:  1.5945811135755956e-03  8.6168068314229629e-02  2.2079022024468462e-01  7.9019651640736355e-01  
q[26]:  5.8402424675912707e-04  4.3357043940602837e-03  2.9268872800171325e-01  8.3879926679835504e-01  
q[27]:  3.5701213847009621e-04  1.1315176069768838e-02  2.1254633822017421e-01  2.5271307756649739e-02  
q[28]:  5.6187154506257074e-04  8.6024670585308841e-03  3.8098627602230545e-01  7.9608360589778632e-02  
q[29]:  1.0411704332032349e-03  1.6249815332490754e-02  2.9801541386701136e-01  1.8330928273190567e-01  
q[30]:  7.7467943167343594e-04  3.3565794749162935e-03  2.9252989539452645e-01  3.8918195734312849e-01  
q[31]:  2.2205258445032539e-03  5.4389876247927502e-02  3.1210406925392914e-01  6.8905901375312839e-01  
q[32]:  8.4962343215391973e-04  2.2545830940691590e-02  3.6826055124593227e-01  7.6632213922096037e-01  
q[33]:  2.0682429813097007e-03  1.0108238003377418e-01  4.0968378919028925e-01  7.9715828213045747e-01  
q[34]:  4.2492405174479809e-04  7.4158230347227336e-03  4.1614088211983596e-01  9.5423307652943323e-01  
q[35]:  1.9139686388775520e-04  1.4170878522212821e-02  4.2066782328417868e-01  4.0605576721595427e-03  
q[36]:  2.3421440019091295e-03  7.8080431946672427e-02  3.9295381359586795e-01  1.8698317680619361e-01  
q[37]:  1.9233493538008137e-03  3.6652439065214031e-02  4.0852727953201634e-01  5.0778384186827674e-01  
q[38]:  8.3821762010059396e-04  4.3403876106390847e-03  4.4011880849363716e-01  6.2513551351568686e-01  
q[39]:  9.9624962135183830e-04  3.1579155685144633e-02  5.4421040542502019e-01  7.2655772408804087e-01  
q[40]:  1.5573450872627397e-03  4.7652253171510603e-02  4.5656245719308364e-01  8.8826163416224013e-01  
q[41]:  1.1058308853635526e-03  3.3432874279686241e-02  5.2182452603360163e-01  1.1030025369872314e-01  
q[42]:  6.5774990773340126e-04  5.0759269086131618e-03  5.2956457693885439e-01  2.0898474548725549e-01  
q[43]:  1.1657770451867380e-03  7.8227741365512801e-03  5.8825003651022256e-01  4.5749174239668750e-01  
q[44]:  2.9689292285094808e-03  6.7766705685594716e-02  5.6293729274149917e-01  5.9766383162425674e-01  
q[45]:  9.6242420433353796e-04  1.2961757863932397e-02  6.6707303616029290e-01  6.9239109080062378e-01  
q[46]:  8.7670348588397319e-04  1.6642067849897850e-02  5.3198727057613104e-01  8.1688136255033461e-01  
q[47]:  2.6766183384771021e-04  2.1717707097980987e-02  5.2230314003217959e-01  9.9442537535534403e-01  
q[48]:  3.5077891997896719e-04  4.5541969369065185e-03  6.2521305683173756e-01  4.0392699894599926e-02  
q[49]:  5.5992821205278279e-04  5.7403468835311826e-03  7.1447804484746569e-01  2.1345027598948230e-01  
q[50]:  1.5058481111915639e-03  4.9761383289955920e-02  6.1936242579666578e-01  3.3255703572479989e-01  
q[51]:  8.6975946873302918e-04  4.6668217544920856e-02  6.8637928477546417e-01  4.5301230810511545e-01  
q[52]:  1.9539486016335750e-03  8.1971870706594341e-02  6.3102028749853767e-01  7.8308575321644247e-01  
q[53]:  4.7130470400345847e-04  3.7170228109322232e-03  6.3191575485577245e-01  9.0920372274160755e-01  
q[54]:  3.0973048282485077e-04  1.4637599511934558e-02  7.4560794243322159e-01  9.8537757172126483e-01  
q[55]:  1.3810476256552291e-03  3.9891331565407112e-02  6.7911169761216283e-01  1.2551185399484394e-01  
q[56]:  8.3047768631735119e-04  4.4856057421049068e-02  8.1177265559448641e-01  1.6594981481384533e-01  
q[57]:  9.5834080316696828e-04  1.9072436790204778e-02  7.3833435145273463e-01  3.4500465214181625e-01  
q[58]:  5.8325719557281316e-04  1.0855285094162068e-02  8.4615495688529063e-01  3.1916580200932637e-01  
q[59]:  4.9849661628700577e-04  3.3433383832938380e-03  7.9186538137037410e-01  7.7719029440462262e-01  
q[60]:  1.6363016738877494e-03  4.5967712648358666e-02  7.3275511892462941e-01  8.5544108328644886e-01  
q[61]:  6.6810373397891613e-04  6.4885923606117640e-02  7.5714341966314036e-01  3.7734643462966677e-02  
q[62]:  5.6130930411497492e-04  1.0287142512823701e-02  8.2140582099540072e-01  7.9761013048965337e-02  
q[63]:  1.3333587919677303e-03  1.0621275128913392e-01  8.6763991410052588e-01  1.2194039271840096e-01  
q[64]:  5.5812356890203529e-04  3.3136717130966237e-03  8.3706742144273616e-01  5.2587154170036754e-01  
q[65]:  6.6959785198300581e-04  1.9985698816748016e-02  8.3888809866604197e-01  9.1714855632105485e-01  
q[66]:  1.8612565790007595e-04  1.3552975353666204e-02  8.9997895911255898e-01  1.2203441071745237e-02  
q[67]:  1.1137842983580670e-03  3.7274383286120254e-02  8.9564261695086056e-01  2.2993553770080694e-01  
q[68]:  1.2130911501537726e-03  3.1508737464305443e-02  9.1867133563066494e-01  4.5823274284269672e-01  
q[69]:  1.6081547861680461e-03  4.2688251826665309e-02  8.7092687934596746e-01  6.7818001858906807e-01  
q[70]:  1.2608117456300899e-04  1.6955662227963301e-03  9.1298474728818502e-01  9.7313191049720038e-01  
q[71]:  1.0375606430225722e-04  9.4167025027619474e-03  9.8395579160120694e-01  3.6172177230423021e-02  
q[72]:  1.8034416960046557e-04  2.4569806608962370e-02  9.9573035775268226e-01  1.4960465616200874e-01  
q[73]:  3.0458620046736236e-04  5.0270906388497185e-03  9.3806859561478495e-01  1.5716304825151384e-01  
q[74]:  2.8702616274470585e-04  4.9248719024105204e-03  9.7173761018585114e-01  3.4209639319147073e-01  
q[75]:  3.3968232170227734e-04  2.7502928659680948e-02  9.9276987737071420e-01  5.0308043956129322e-01  
q[76]:  4.0746045325541828e-04  5.8320874377796733e-03  9.5425768255117749e-01  6.4496158871460318e-01  
q[77]:  2.4681031440246574e-04  2.8825286550353844e-02  9.9447478117186161e-01  7.2976923124558568e-01  
q[78]:  6.9886549679123208e-04  1.9500436288414202e-02  9.1320709311714954e-01  8.1272413345938921e-01  
q[79]:  1.6458884375275095e-04  6.1195950452336556e-03  9.8293351624061609e-01  8.7923996529043280e-01  
q[80]:  1.4502417744470501e-04  2.6650826276328071e-02  9.8420724893941280e-01  9.8040531835251377e-01  
q[81]:  1.2610407547277775e-04  6.1121451122852166e-02  7.4106025765403984e-03  1.4477569589881060e-02  
q[82]:  4.3899252916997859e-04  7.3444447512904673e-02  4.7341055552456305e-03  2.6626821767204728e-01  
q[83]:  8.8395999536154972e-04  3.9291623254275952e-02  5.1281628530052935e-02  3.6930082356310573e-01  
q[84]:  6.7413069166521772e-04  5.9782291743862209e-02  1.4819906454034136e-02  5.3987354827362832e-01  
q[85]:  1.8042401947647693e-03  9.5834948027979108e-02  1.4476514217454570e-01  6.5647364886745263e-01  
q[86]:  7.9315983168364414e-04  8.3090985657690297e-02  4.2365395437666320e-02  8.2745058500725577e-01  
q[87]:  2.1593089603849370e-04  2.9235214610982944e-02  6.1004548679404573e-03  8.9400498951689300e-01  
q[88]:  5.7973176179875493e-04  9.6034704045667565e-02  4.1281321326378614e-02  5.7185927154003259e-02  
q[89]:  1.9129026819219893e-03  1.1356418624548224e-01  1.1004357779488985e-01  2.9857185893680188e-01  
q[90]:  5.8300842442302362e-04  5.5544388120943498e-02  5.6900365666924108e-02  9.3863606144846312e-01  
q[91]:  2.5434007922016876e-04  4.4989273350736048e-02  9.8797095552941847e-02  9.9287598629596385e-01  
q[92]:  1.1845606484955108e-03  1.2742661918403830e-01  1.5281297630130866e-01  3.4280759750810103e-02  
q[93]:  9.7134530603502813e-04  4.3488216309133722e-02  2.9750189972926733e-01  9.3975254700652588e-01  
q[94]:  4.4485984665430252e-04  9.5644077416610337e-02  2.8887705837554034e-01  6.6485322831044483e-03  
q[95]:  7.4748173193132450e-04  5.7094029351830757e-02  3.2671370105680131e-01  3.6033424224636776e-02  
q[96]:  3.1422112705219293e-03  9.9082627986160993e-02  3.0851388390834134e-01  3.3519973267988579e-01  
q[97]:  1.3365360628977189e-03  5.5259179294565815e-02  2.9720589780009427e-01  4.7240576288034591e-01  
q[98]:  7.1308665618680556e-04  8.2582422036955760e-02  3.6796815510711517e-01  9.8963030920136041e-01  
q[99]:  1.9939734438546761e-03  2.7443485852694398e-02  4.4089110337416115e-01  3.1452877148631853e-01  
q[100]: 7.7089853976522829e-04  4.9559871635274887e-02  5.2740674911955143e-01  2.7548816000628099e-02  
q[101]: 2.9101392052419367e-03  9.7138310497512897e-02  5.0324280612027572e-01  4.3682406897792048e-01  
q[102]: 1.2528912753236754e-03  1.2464827706598736e-01  6.7686663442911665e-01  8.9494784653238835e-01  
q[103]: 9.0177193773201768e-04  9.4923072259378447e-02  5.4767786973762622e-01  9.6488919907331028e-01  
q[104]: 4.9352727563160403e-04  1.1360595162057437e-01  5.8497829120499212e-01  4.7021240801690374e-03  
q[105]: 2.5291837567879409e-03  1.3750091441497964e-01  5.3763548575494891e-01  1.6141374239675688e-01  
q[106]: 1.9939594569776038e-03  7.4308491762925449e-02  6.0814545674260589e-01  2.4286563749584139e-01  
q[107]: 2.0197539558852052e-03  1.2225110921552264e-01  7.1894870100859387e-01  5.3355862660841658e-01  
q[108]: 8.9810815888151201e-04  4.7813471297131288e-02  6.3186765431067993e-01  9.5706019665688380e-01  
q[109]: 2.3564779565227231e-03  1.0395976146632628e-01  7.7026361337476745e-01  2.3721825559998441e-01  
q[110]: 2.3468510534736973e-03  7.6293224800484533e-02  8.0979435944584743e-01  4.0372010748089221e-01  
q[111]: 1.7008116946627026e-03  3.1279136678436757e-02  7.3580632318405725e-01  5.7991240970220514e-01  
q[112]: 2.6142590764664239e-04  2.6702091581217755e-02  7.2952657406379995e-01  5.8828859478531805e-03  
q[113]: 5.5122478226870110e-04  7.5231344481356793e-02  8.5055591425010935e-01  3.1172048459903616e-02  
q[114]: 9.1116396999312986e-04  7.8608388893253986e-02  8.1411895427129177e-01  9.6313062764921642e-01  
q[115]: 7.3029724962624424e-04  4.8336294896166566e-02  9.4473420837758926e-01  7.2998307337322363e-02  
q[116]: 5.7883114498033592e-04  4.8475225688532887e-02  9.4461688389878173e-01  9.2512765001835762e-01  
q[117]: 2.2373096887541479e-04  5.6429990098029792e-02  8.9749202679945905e-01  9.9783579853381288e-01  
q[118]: 1.3569016163994383e-04  6.5776746916524118e-02  9.8173127716434549e-01  6.4957233157171964e-03  
q[119]: 8.9197234016997291e-04  1.1006755053215581e-01  9.6826153979501561e-01  1.6537444876919899e-01  
q[120]: 5.9675855953164603e-04  5.4156090873948494e-02  9.8295217129293511e-01  2.7631707908417069e-01  
q[121]: 1.3598789944178741e-03  9.4788857588456552e-02  9.3623484150302572e-01  3.5264765909857543e-01  
q[122]: 1.3751605884291035e-03  8.2448720518990590e-02  9.5958644602069876e-01  5.8974888544645410e-01  
q[123]: 9.0530338508548411e-04  7.3067949954461212e-02  9.6672523442610636e-01  7.9303118767591207e-01  
q[124]: 2.5813062890807300e-04  8.9961164280172215e-02  9.9691091658111164e-01  9.0980693847957816e-01  
q[125]: 2.9716368566135227e-04  1.7869561978101300e-01  4.2659197751283772e-03  7.6287923139973762e-02  
q[126]: 6.6925493983680732e-04  1.2148872748553025e-01  2.5030642490993443e-02  1.4659376746115071e-01  
q[127]: 1.4053810065933156e-03  1.2511673393212100e-01  3.5001465244745643e-02  4.0696105944602651e-01  
q[128]: 1.7389125722045123e-03  1.6608391022593841e-01  4.2548882942299020e-02  6.7380019137181368e-01  
q[129]: 5.4872168344304874e-04  1.0315623855824442e-01  7.8150588857239991e-03  7.6014375919603050e-01  
q[130]: 1.5689011401480004e-04  8.8335609867763579e-02  8.2298801257216815e-03  9.8326397460911930e-01  
q[131]: 4.1307309936391631e-04  1.7371406046588067e-01  5.0207179647142088e-02  9.0439058241333983e-03  
q[132]: 1.4529679366316085e-03  2.0844660267644491e-01  8.9278914366157425e-02  2.8770411664610063e-01  
q[133]: 1.6507671919859348e-03  1.2000484564546228e-01  1.0200587262644147e-01  5.2248633012672419e-01  
q[134]: 6.1381126105856758e-04  1.5324043128182313e-01  2.8150793935038398e-02  9.3698441954523937e-01  
q[135]: 1.6931896370639607e-03  2.2666680358919866e-01  9.6463132146329442e-02  1.0783683939443227e-01  
q[136]: 1.5861561725261754e-03  1.1641278874442845e-01  1.4580046841007696e-01  1.4892962723530404e-01  
q[137]: 1.7287382118444650e-03  1.3602018686501002e-01  1.0789017057403621e-01  8.7855122366958882e-01  
q[138]: 1.2282611274327180e-03  1.0637479882576213e-01  1.7626497063762228e-01  9.6628502767765312e-01  
q[139]: 5.0743814396563404e-04  1.9246091980601696e-01  2.4817516437615370e-01  9.9677070698300618e-01  
q[140]: 2.0631831630758251e-03  1.8690080504856951e-01  2.9004718858728706e-01  8.3941744421287642e-02  
q[141]: 1.3238717466007575e-03  1.2010588694531142e-01  2.1844900170427400e-01  3.9421428297768213e-01  
q[142]: 2.1319335888707962e-03  1.2933582396205051e-01  3.0701796809408766e-01  8.8673341577225417e-01  
q[143]: 1.4887457943983046e-03  1.7706844974312339e-01  4.2994254511591390e-01  2.3982551130176995e-02  
q[144]: 1.3830383674734647e-03  9.9954981444622740e-02  4.2527800549020695e-01  8.0150019613525317e-02  
q[145]: 3.0957592571815061e-03  1.8662176709901848e-01  4.4074057280024070e-01  4.0907314221979463e-01  
q[146]: 2.9182258574985110e-03  1.2184751424788205e-01  4.5171994774995150e-01  6.7466464330489162e-01  
q[147]: 3.2017575763009258e-03  1.8855355221524345e-01  5.6679463539863462e-01  8.0728333787587003e-01  
q[148]: 1.4017297079910501e-03  1.2522074870123212e-01  5.3351078452287382e-01  8.9697870860600004e-01  
q[149]: 2.3626746752973562e-03  1.5498482455333792e-01  5.1247725118365428e-01  3.0057590597259359e-01  
q[150]: 3.0515577886998007e-03  1.4748736196799439e-01  6.8318790783106842e-01  6.8615927216267325e-01  
q[151]: 3.0268085250108739e-03  1.8573616451076505e-01  6.8315112372476317e-01  2.9891468742123234e-01  
q[152]: 2.7246308317791829e-03  1.4379607789715665e-01  6.6446141453059182e-01  4.3370441525634262e-01  
q[153]: 1.5099645539161780e-03  2.3060454483470660e-01  6.3860429101803484e-01  8.9110074058364730e-01  
q[154]: 5.7788800987623983e-04  1.2814904218168771e-01  6.9930521871966922e-01  9.9560108646163503e-01  
q[155]: 1.7623402301701449e-03  1.2135556225080686e-01  6.5571150831789649e-01  6.0870943321348958e-02  
q[156]: 1.6208604902625276e-03  1.5762077673181965e-01  7.3788442049901426e-01  1.1797600350761518e-01  
q[157]: 1.9667536564419823e-03  8.7038683402161379e-02  7.9390800511001103e-01  7.4319022027934578e-01  
q[158]: 1.8720700666197871e-03  1.7449394374670216e-01  7.5941819865037219e-01  9.2973054189809923e-01  
q[159]: 8.1324519662912302e-04  1.7235084427024755e-01  8.9412294118247204e-01  9.5974908509941018e-02  
q[160]: 1.3586061733072174e-03  9.5854728704357059e-02  8.3826854664579997e-01  5.6149266775531947e-01  
q[161]: 2.1381201839396941e-03  1.1856425529376903e-01  8.7816961583234099e-01  8.6024814072495981e-01  
q[162]: 3.7323121097112389e-04  1.2342200709637645e-01  9.0468596248149291e-01  1.0664728467492198e-02  
q[163]: 6.8324364182975540e-04  1.8712517465273215e-01  9.5726794604327070e-01  3.1960000372800598e-02  
q[164]: 1.9823459985490797e-03  1.5755356739563386e-01  8.9238682865823393e-01  2.7749812474453933e-01  
q[165]: 2.4857140094217715e-03  1.6279991653808881e-01  8.8451452698618782e-01  5.2406263933748487e-01  
q[166]: 5.8499837886535693e-04  1.2460848084822956e-01  9.3761413821354367e-01  9.5936444838025803e-01  
q[167]: 2.9678168228904100e-04  1.2486273093387461e-01  9.9601469222526950e-01  6.7476379271539155e-02  
q[168]: 7.5762363312687267e-04  1.2738545861050629e-01  9.8984001063346261e-01  4.2841053827320819e-01  
q[169]: 1.7897622971350740e-03  1.5913126264992977e-01  9.1437694322481611e-01  6.9860737496116831e-01  
q[170]: 5.0929324472888577e-04  1.4481361364379070e-01  9.9521697155691180e-01  6.7407658249194813e-01  
q[171]: 7.2513444900874945e-04  1.7835131092727230e-01  9.5401182858946010e-01  7.6389497512510718e-01  
q[172]: 2.3421385993486167e-04  1.4349511158500594e-01  9.8248970871235186e-01  9.8830965323209918e-01  
q[173]: 2.8719066470785245e-04  2.7532268068071719e-01  1.0351760318483940e-02  2.2000342849260945e-02  
q[174]: 1.1377856408460575e-03  1.9804932901707326e-01  3.8065883758424249e-02  2.1643304866373594e-01  
q[175]: 5.1028007939131080e-04  2.1625757156543995e-01  5.1251791949429000e-03  3.0930799483325133e-01  
q[176]: 6.4812233576978535e-04  1.8336809784399624e-01  5.2520214505094882e-03  5.3852518131708427e-01  
q[177]: 1.4587747786348310e-03  2.9278549031893614e-01  3.9099191392987009e-02  5.9299095037160898e-01  
q[178]: 4.5785565077997788e-04  2.1041955219965880e-01  5.8250207159432727e-03  8.8091451834203205e-01  
q[179]: 6.9958909392503488e-04  2.4715034837941141e-01  7.2240900927714083e-02  6.9007911925534168e-02  
q[180]: 2.2580870226789778e-03  2.2612683807578346e-01  8.8527089431529121e-02  4.9194610833776947e-01  
q[181]: 2.1244786469434211e-03  1.9734568309362824e-01  1.1432986777134801e-01  7.5500876518678006e-01  
q[182]: 2.3961449720263491e-04  1.6364489738905702e-01  6.2272880461885019e-02  9.9641072383408447e-01  
q[183]: 1.1136926121297285e-03  2.6713135545763178e-01  1.7603663432482186e-01  3.2339939301613961e-02  
q[184]: 2.9446729136564584e-03  3.2435067456092448e-01  1.6263069547980460e-01  1.8561516153018773e-01  
q[185]: 3.6423165160552285e-03  2.1316968910004483e-01  1.9308013938777499e-01  4.2069107292686458e-01  
q[186]: 2.5515954419981597e-03  2.7195898918621308e-01  1.6582039089704731e-01  8.8467905516882350e-01  
q[187]: 9.5598027949936120e-04  2.2931301428579973e-01  9.6442973937391513e-02  9.6623980951861466e-01  
q[188]: 2.8463007396228091e-03  1.9419427740560410e-01  2.2071696519243328e-01  2.2656566577112366e-01  
q[189]: 2.5738434059306976e-03  1.8451528697612782e-01  2.5452183007863677e-01  6.2438346240900766e-01  
q[190]: 2.4909598408688807e-03  1.7731334142236044e-01  2.2973569696664412e-01  7.6668585284327029e-01  
q[191]: 1.7971295935694767e-03  2.2685777942551436e-01  2.5857304479934939e-01  9.3969015130454370e-01  
q[192]: 4.9299687647169415e-04  2.2640101111101760e-01  2.4779145596715532e-01  4.0662807724112914e-03  
q[193]: 1.5973760997732816e-03  3.1410005599237933e-01  3.2687381087842349e-01  4.3463211035884887e-02  
q[194]: 2.9451517372016691e-03  1.9700748490610628e-01  3.6705673294989916e-01  2.3465612469777514e-01  
q[195]: 4.3769191156584142e-03  3.1529784669353739e-01  3.0001588486653169e-01  3.3713105924794368e-01  
q[196]: 3.6811165574477242e-03  1.5265594558853524e-01  3.5395441830335095e-01  5.5782455547079235e-01  
q[197]: 3.0378828356683271e-03  2.3529727256623048e-01  3.7085558033575122e-01  8.2970725709640458e-01  
q[198]: 1.8089203449183759e-03  1.7704169453213714e-01  4.2306092113204913e-01  9.5223092881097127e-01  
q[199]: 3.6578622724673542e-03  2.3637745381335529e-01  4.7659022865971906e-01  7.0812925694177109e-01  
q[200]: 2.3973227080542870e-03  2.2905384003604684e-01  5.2922066226175257e-01  8.0112463230572625e-02  
q[201]: 3.1055198761861186e-03  2.7548844281867241e-01  4.7779879819596716e-01  2.8628645098584593e-01  
q[202]: 5.0870357824258240e-03  2.2157434159070813e-01  5.7963836737867280e-01  5.5538603312695445e-01  
q[203]: 8.4567735525394061e-04  2.0700233898203074e-01  5.3006562932981438e-01  9.8979829213446491e-01  
q[204]: 1.6058698236908267e-03  2.6905698925589905e-01  6.3767739989933903e-01  2.0668225984252407e-02  
q[205]: 3.1798484712730001e-03  2.4826589965392537e-01  6.3334733527819065e-01  1.7538824635017672e-01  
q[206]: 2.3849475324496145e-03  2.4112682712358527e-01  7.8974419186079814e-01  1.7479188140486726e-01  
q[207]: 3.0918523997777603e-03  2.2024349724717984e-01  8.0075986521157605e-01  7.9858524241523354e-01  
q[208]: 2.4621007556461108e-03  3.0312419898505427e-01  7.2042056464259452e-01  8.2428751358557628e-01  
q[209]: 4.2718667137544089e-04  1.7399475757186422e-01  7.6827092475546199e-01  3.0312913795006377e-03  
q[210]: 1.4204325397334263e-03  2.1672963552169355e-01  8.0433610060094696e-01  4.3454094320384440e-02  
q[211]: 1.1490382588777927e-03  3.5052796462839969e-01  8.3735608784646132e-01  1.3781257074788494e-01  
q[212]: 3.1302947370435530e-03  2.1734666151975543e-01  8.2533584389980086e-01  3.6246201738648598e-01  
q[213]: 2.2226036358527269e-03  1.9989940825807898e-01  7.8056223950978698e-01  6.4689934175873254e-01  
q[214]: 1.0111769479363027e-03  2.1128656489482581e-01  8.6284010359696561e-01  9.8179783806543430e-01  
q[215]: 1.7116015120503204e-03  2.1613235060166974e-01  9.4981857997605845e-01  4.3801384690221296e-01  
q[216]: 2.9360663105416635e-04  3.0991020067658204e-01  9.5186081521423127e-01  9.9736357804225817e-01  
q[217]: 1.8646397101973073e-04  2.7513934572669696e-01  9.8887690143002283e-01  8.2404731357037190e-03  
q[218]: 1.2533907963471508e-03  2.0480478776473959e-01  9.5492006778939276e-01  1.8977615599668149e-01  
q[219]: 5.6938108603846931e-04  2.0691307049056687e-01  9.9655390530380084e-01  2.7550167577869517e-01  
q[220]: 1.5413905310902097e-03  2.5104705299963348e-01  9.7846313371468296e-01  5.7648934473267821e-01  
q[221]: 8.9911463707211545e-04  1.9918925329578566e-01  9.8181811885432324e-01  8.5612000197701299e-01  
q[222]: 8.9903571588502516e-04  2.2530810802304505e-01  9.4640768271375075e-01  9.2988307376083945e-01  
q[223]: 1.1070896424556660e-03  3.8141571632563659e-01  4.1144668857246991e-02  5.6675629787515523e-02  
q[224]: 7.9864939289898918e-04  3.1906774787643333e-01  1.2548942226116119e-02  1.4957719554352469e-01  
q[225]: 1.1506201947292483e-03  3.4782819393253811e-01  4.6325740698354913e-02  2.1103103083210645e-01  
q[226]: 1.5430862832724625e-03  2.9800546559667362e-01  2.7457210596641524e-02  3.9089738228145826e-01  
q[227]: 6.4152507615436764e-04  3.0925629584920072e-01  3.4928511133626439e-03  6.9406457992929416e-01  
q[228]: 1.7288895626263714e-03  2.6677717085360453e-01  4.2208820049647759e-02  8.1867089032446883e-01  
q[229]: 1.1612210542537805e-04  2.4545574645532420e-01  2.2630925375839130e-02  9.9011548326986831e-01  
q[230]: 6.7230295232831164e-04  3.5588104658128011e-01  1.0142255702748715e-01  8.6182539230336783e-03  
q[231]: 2.4563383122034560e-03  3.3774021091759571e-01  1.0521465440303578e-01  3.2868257291560821e-01  
q[232]: 2.1492281303724164e-03  3.9031936133624501e-01  7.4062504245272109e-02  5.1325618615250834e-01  
q[233]: 1.3000127610492110e-03  3.4475227886774518e-01  5.7617769075265848e-02  9.3268646805690547e-01  
q[234]: 3.7697847760266548e-03  2.8469489715542640e-01  1.6127586770219363e-01  6.1465148988832985e-01  
q[235]: 2.8024352631575260e-04  3.1391140629987629e-01  8.4420568634080324e-03  9.7639712402512346e-01  
q[236]: 9.6366332535240194e-04  3.4814580636716091e-01  1.5975762494493184e-01  9.8770902246151138e-01  
q[237]: 1.5565221557670159e-03  3.2112337028512655e-01  3.6453809341955273e-01  9.8171261155770728e-01  
q[238]: 1.6004063515798134e-03  3.1759495757290773e-01  2.4119496567076090e-01  1.1481949707146387e-01  
q[239]: 4.2368868967637289e-03  4.5798312220949472e-01  2.6169628270666467e-01  2.5543677822061273e-01  
q[240]: 9.3829678046759369e-04  3.0175924145743949e-01  1.8221842204946778e-01  3.0819517625924708e-01  
q[241]: 3.4825926674426594e-03  3.6492544903340751e-01  2.2590985625237905e-01  8.0164440791253311e-01  
q[242]: 1.1637628075193672e-03  4.2153142813690408e-01  3.4106054452286083e-01  3.0106948281120711e-02  
q[243]: 3.5380559132543363e-03  2.6316639590040480e-01  3.4903840113379586e-01  4.7366373881754442e-01  
q[244]: 4.1020663635817130e-03  2.9671373932109041e-01  3.1810820454317063e-01  6.9834742272550887e-01  
q[245]: 2.2285251305586293e-03  3.4578868904226995e-01  3.8200675430655762e-01  8.5981591224066201e-01  
q[246]: 1.9479690720754100e-03  4.7097084786123317e-01  4.3175320509268311e-01  9.4705049215481563e-01  
q[247]: 7.0258948678994233e-04  3.3078057320901499e-01  4.5073257629404601e-01  3.3426144737937107e-03  
q[248]: 3.3736578211537960e-03  2.9131573406146466e-01  4.0363556258168748e-01  1.4654549058208036e-01  
q[249]: 5.4123720885125848e-03  3.4235987815123647e-01  4.6617136846508817e-01  5.6759087967296107e-01  
q[250]: 3.4068704912590679e-03  3.1474889625561747e-01  5.0491321635209607e-01  9.0919422691433260e-01  
q[251]: 3.8109527785146376e-03  3.8343297452033909e-01  5.6769045326796508e-01  2.1047257388400548e-01  
q[252]: 4.3739186968269712e-03  3.0020419463806619e-01  5.9278844395212160e-01  3.8661220841220806e-01  
q[253]: 4.8767276287411815e-03  3.2549646098577734e-01  6.5872200641878775e-01  6.7982712395409539e-01  
q[254]: 2.4088684104422247e-03  3.8310803334904403e-01  5.0384927806318447e-01  7.5146034358490668e-02  
q[255]: 4.0468080619503379e-03  3.5231364532887788e-01  7.2261453497329209e-01  2.9136301292693079e-01  
q[256]: 3.7618024712554373e-03  2.7484283824324818e-01  7.4950301310069833e-01  4.7059807766023865e-01  
q[257]: 2.1563199672837052e-03  4.0676830690930998e-01  5.8286071473561407e-01  8.2322611113351907e-01  
q[258]: 1.7804430572623828e-03  2.7451123424447993e-01  6.5392777466731444e-01  9.6623409597609256e-01  
q[259]: 7.3161838249427515e-04  3.3605529318412164e-01  7.6841611882627237e-01  9.9186748825806714e-01  
q[260]: 3.1585554281536241e-03  3.5666881858864191e-01  7.0781195221709692e-01  8.7617998866374100e-02  
q[261]: 2.8028976910911062e-03  3.8651498836144399e-01  8.5263295632455871e-01  3.7745085396222799e-01  
q[262]: 1.4834408489439741e-03  3.4111279961199142e-01  6.3780221276821103e-01  7.7957818561908621e-01  
q[263]: 1.0298708015646942e-03  3.6402259669891984e-01  8.0462413363734431e-01  2.9406963471060935e-02  
q[264]: 2.7049336367821939e-03  2.8470687366242370e-01  8.2762822889531384e-01  6.0171367005203336e-01  
q[265]: 2.1312561652683955e-03  2.9614577363299155e-01  8.8384702676206461e-01  8.9015793955243228e-01  
q[266]: 1.6246106031393452e-03  3.5489126844719149e-01  8.0790026557034689e-01  9.3795048866823194e-01  
q[267]: 5.5821918594892129e-04  3.2448681608954161e-01  8.9258271419099722e-01  5.4829915391634062e-03  
q[268]: 2.5525236750014251e-03  3.0926907106396218e-01  8.8578183387299414e-01  2.2532941067345594e-01  
q[269]: 2.0332397223351761e-03  3.3633725103473711e-01  8.9990466016879000e-01  4.8059145998319241e-01  
q[270]: 1.9234161470300774e-03  2.8302225641585915e-01  9.2254912457182436e-01  7.4316822405794736e-01  
q[271]: 1.3491114731176870e-03  2.7442460894070358e-01  9.0465587871773490e-01  8.1254805526105603e-02  
q[272]: 8.3059758817467572e-04  2.9045292449615639e-01  9.8653202692516706e-01  1.1087067857147678e-01  
q[273]: 2.0990799058106420e-03  3.1706083380891675e-01  9.6043788698859467e-01  3.2989951906425163e-01  
q[274]: 8.4874587321753781e-04  3.8188749000567218e-01  9.9550972650792879e-01  4.5771454901771985e-01  
q[275]: 6.8780748722667483e-04  3.2230103884048344e-01  9.9449112644311066e-01  7.4672488278940163e-01  
q[276]: 1.5842606873557243e-03  3.8462574969260460e-01  9.6481327408497197e-01  8.4042851902635918e-01  
q[277]: 3.7781710104350404e-04  3.0154729129195329e-01  9.9440301584347746e-01  9.5905338197974899e-01  
q[278]: 2.5992929651832752e-04  4.8165509735952022e-01  1.4378226552756142e-02  7.7515250361813509e-03  
q[279]: 6.7075374837797218e-04  4.5516579408374230e-01  5.2078449884300406e-03  2.6511206600910225e-01  
q[280]: 8.9216936692195934e-04  4.1044298652625794e-01  8.1025573441637182e-03  4.5801618805496636e-01  
q[281]: 1.8349811832009278e-03  4.7211198452188069e-01  2.7930399030927176e-02  6.2180214652388155e-01  
q[282]: 9.4705166972142726e-04  4.1374703735760171e-01  1.9405029199552823e-02  7.8947035238647412e-01  
q[283]: 6.9527580378119544e-04  4.4579577208261195e-01  1.0645786956212811e-02  9.0456413800240210e-01  
q[284]: 1.9991512841264431e-03  4.3421530813141412e-01  1.0065079527922206e-01  8.6711998888288389e-01  
q[285]: 3.0419414888381122e-03  3.7119672793187902e-01  1.0153530497619340e-01  7.2283119474501445e-01  
q[286]: 4.1650311872936914e-04  4.5250643379713379e-01  4.7170836845112356e-02  9.9447244116613276e-01  
q[287]: 2.3290910050060495e-03  4.2721673229686330e-01  1.8555343061075577e-01  7.0245839585445530e-02  
q[288]: 2.3817069765946276e-03  4.6694633703416993e-01  9.3622816822330132e-02  1.3416104102867848e-01  
q[289]: 3.9484800715984848e-03  4.4577301310717593e-01  1.5041655307779811e-01  4.0158181443944979e-01  
q[290]: 1.4461757704308208e-03  4.9750338239943248e-01  1.3403745548226934e-01  9.6116758798890645e-01  
q[291]: 4.8058620600727256e-03  3.8292777045861354e-01  2.4410651802029645e-01  5.1722265360914810e-01  
q[292]: 2.6799707319379831e-03  4.1269155153211545e-01  2.6208339256858304e-01  9.3546795185427500e-01  
q[293]: 7.8113879984052130e-04  4.7475395781640878e-01  2.4598455597927729e-01  6.7330823586932058e-03  
q[294]: 2.3591617787347132e-03  4.0756903247565879e-01  3.2486760311523294e-01  1.7797411705346530e-01  
q[295]: 5.0829246452741613e-03  4.5496245909482391e-01  3.3940347227797918e-01  6.5863331102398126e-01  
q[296]: 3.4617388734475038e-03  4.9866218135193241e-01  3.5010929501683141e-01  8.5250308570544264e-01  
q[297]: 3.2732563196103755e-03  4.2451408654930461e-01  4.5411756444329338e-01  2.8269040392287897e-01  
q[298]: 2.8170576933712614e-03  4.0092785915327345e-01  4.1617331622416676e-01  4.3812895559729648e-01  
q[299]: 4.9039654227396919e-03  4.2127610906695084e-01  4.8930962458273880e-01  7.4997263237772771e-01  
q[300]: 3.0158029094786739e-03  4.8797120721681947e-01  4.1951373136666575e-01  1.2228793477338851e-01  
q[301]: 4.3696971454111871e-03  4.3655859949809250e-01  5.6636534460632482e-01  4.3318037855952968e-01  
q[302]: 5.5609560490961166e-03  5.0285002986627703e-01  5.9666628341139383e-01  6.0923513978955290e-01  
q[303]: 2.7578890741121083e-03  5.2255583046377108e-01  5.7722546850807477e-01  8.8098640213878099e-01  
q[304]: 7.2936860940917036e-04  4.1040080460278677e-01  5.2589704993492381e-01  9.9709346732852111e-01  
q[305]: 1.2772741270316666e-03  4.4046836576376486e-01  5.6335683461700181e-01  2.3118808110765342e-02  
q[306]: 5.1478909662059482e-03  4.1957327118471854e-01  7.1478337275031856e-01  5.1646838665136408e-01  
q[307]: 1.9572712617135883e-03  4.4008489302552056e-01  6.2143475742635890e-01  9.6039183736694744e-01  
q[308]: 3.0413505483616043e-03  4.5305209741679497e-01  7.8318882579142501e-01  2.2476283231141767e-01  
q[309]: 3.6687640792800132e-03  5.1692630774166648e-01  8.2122007017380971e-01  3.8681135292914354e-01  
q[310]: 3.1037608499775242e-03  4.2127435011982090e-01  8.0130954834449475e-01  6.5391335693156849e-01  
q[311]: 3.0494926772026303e-03  4.3417915614040203e-01  7.3532928449402579e-01  8.8855125927541090e-01  
q[312]: 9.7540909485395021e-04  4.6832440966592925e-01  7.2256633796032743e-01  6.9802089775711134e-03  
q[313]: 1.9233006266226333e-03  4.6666707095713356e-01  8.3693274247943616e-01  1.0926305651236365e-01  
q[314]: 9.8094052124629268e-04  3.9525362163912986e-01  9.5261251611246833e-01  4.7224171776417738e-02  
q[315]: 3.5452059260986987e-03  4.2103433114549760e-01  8.5026596089934692e-01  7.7457215493750764e-01  
q[316]: 9.4864839325288941e-04  4.4995461412952481e-01  8.8801614043937149e-01  9.7910473732412950e-01  
q[317]: 2.4625543116976213e-04  4.4697852845052866e-01  9.9476633856631669e-01  2.9212048871593902e-02  
q[318]: 1.6222648512157316e-03  4.2332118658044227e-01  9.4629229948568050e-01  1.5252568681044237e-01  
q[319]: 7.7762494834404845e-04  4.1681759043308558e-01  9.9196438939974585e-01  2.2537131467523977e-01  
q[320]: 2.5621722213018524e-03  4.5077567849378053e-01  9.1776541681187584e-01  5.0838770105906850e-01  
q[321]: 2.0116687942720161e-03  4.3458271346365646e-01  9.6807570238073593e-01  6.2925483308810815e-01  
q[322]: 1.5697703897814737e-03  3.2421199836091480e-01  9.0992865712511639e-01  6.4420344968342791e-01  
q[323]: 6.2205036908565556e-04  4.8581746665945535e-01  9.9077426041932481e-01  9.0328140963238279e-01  
q[324]: 9.0573293009558369e-04  4.0666101722456116e-01  9.4468289414106665e-01  9.5282241842341364e-01  
q[325]: 7.7410263357359391e-04  5.8619468690702503e-01  4.5950045697563967e-02  4.6834752731017934e-02  
q[326]: 5.1514033346697016e-04  5.0364987640319125e-01  6.2294922018271423e-03  9.7623526746864975e-02  
q[327]: 1.8849633059375810e-03  4.6616452977784112e-01  5.7365170185920952e-02  2.6904547677971530e-01  
q[328]: 2.1120445051301248e-03  5.6619977594586890e-01  3.4179981243436582e-02  3.7116327544532246e-01  
q[329]: 1.9551421267706309e-03  5.3172146957224353e-01  7.7535808245227544e-02  7.1246915011696066e-01  
q[330]: 7.3018514714366406e-04  5.8042061242349363e-01  7.4847348134739434e-03  7.6796022742048875e-01  
q[331]: 1.7091409975683628e-03  5.7662946019238415e-01  5.4730420028279728e-02  8.3876413520726401e-01  
q[332]: 2.0548126568796729e-04  5.7112235380596377e-01  4.4841458699916197e-03  9.7646070105381899e-01  
q[333]: 1.1886589939598428e-03  5.4671453796722014e-01  1.1332828615953480e-01  2.4930268556521893e-02  
q[334]: 3.6204302577701464e-03  5.7339908069448065e-01  1.4979113099945718e-01  2.2201879019408111e-01  
q[335]: 2.1257768189804523e-03  5.4491062323351858e-01  7.9921598282976930e-02  4.9215332701227915e-01  
q[336]: 6.2316121351428991e-04  5.6555599200211459e-01  3.9725188524224742e-02  9.5497398653590382e-01  
q[337]: 3.2952220738915669e-03  4.8918242245783750e-01  1.7240202736258176e-01  6.1738708194104908e-01  
q[338]: 2.3313820061998686e-03  5.6769708667994279e-01  1.6785047300389608e-01  8.8530681435926029e-01  
q[339]: 9.9089583379217538e-04  5.3177100248856590e-01  2.7630373708043293e-01  9.9318495873202650e-01  
q[340]: 3.1191318375474197e-03  5.6242204285616781e-01  2.7029603770388927e-01  1.1675217452528378e-01  
q[341]: 3.2963711348951087e-03  5.9173146786864561e-01  2.0323923728529367e-01  3.4779013774897888e-01  
q[342]: 2.8989570583489916e-03  5.0793885581563269e-01  2.0421348364654962e-01  7.7246246606293401e-01  
q[343]: 1.9190239384021090e-03  5.6303473431996209e-01  3.8117870715639512e-01  3.9277411549553692e-02  
q[344]: 4.6193032535493906e-03  5.1214860519219274e-01  3.8626349761270301e-01  3.7624034923557931e-01  
q[345]: 4.0408372679723538e-03  5.5728923895298565e-01  2.7876200622429970e-01  4.8403401110928429e-01  
q[346]: 2.6756671344720520e-03  5.8114661395586420e-01  4.2125050921002000e-01  8.0131264548201608e-01  
q[347]: 1.3709245282546949e-03  5.7118785859244081e-01  4.3470766739628119e-01  9.7553849085513189e-01  
q[348]: 6.9601377327940318e-04  5.9522903071579725e-01  4.7321049511507129e-01  2.5873547121245408e-03  
q[349]: 2.1573349628416344e-03  6.2591274058490443e-01  3.8364552967855925e-01  1.8967048143753693e-01  
q[350]: 4.7072652340829618e-03  5.5665308961413706e-01  4.3076352313999428e-01  5.6553174714335552e-01  
q[351]: 3.6157789368260851e-03  6.2635698922087268e-01  5.1151782303729254e-01  7.4452189024253479e-01  
q[352]: 2.3668221710538631e-03  6.3325805701462423e-01  5.0032665655214437e-01  9.1496490808333464e-01  
q[353]: 4.9838219590912650e-03  5.8242997006431474e-01  5.0526882370619264e-01  2.3341608034032607e-01  
q[354]: 4.7768257363405234e-03  6.2073549274872253e-01  5.3148638289275851e-01  4.3910547838093045e-01  
q[355]: 1.7863298287531268e-03  5.7424581965532528e-01  6.1011679301006561e-01  7.0504873095433451e-01  
q[356]: 3.7726029484285218e-03  4.9882442875811694e-01  6.4094430257785617e-01  1.4525722916755951e-01  
q[357]: 5.3031436940562541e-03  5.3144657832553299e-01  6.6147180901906011e-01  3.3059351415314775e-01  
q[358]: 4.8644576398980590e-03  6.2657570037032806e-01  7.2688517717753798e-01  4.8173959364675256e-01  
q[359]: 2.2129080252706493e-03  5.6563596351913170e-01  6.8758386414170103e-01  8.2856343781090469e-01  
q[360]: 1.5870485205267636e-03  6.0453394313176922e-01  6.5295012089769766e-01  9.6518945911426846e-01  
q[361]: 8.7265950803865891e-04  5.2932715283430032e-01  7.4932639501246656e-01  9.9232747798476151e-01  
q[362]: 2.3379292928303701e-03  5.8621066871958394e-01  7.3780271282445187e-01  6.0701161506364246e-02  
q[363]: 3.9472276872839366e-03  5.3476056286296758e-01  7.3796233978081960e-01  7.3985719343105161e-01  
q[364]: 1.3809692766812063e-03  5.0465559011681316e-01  8.7130039332907150e-01  4.0453335897993811e-02  
q[365]: 1.7258570135649134e-03  5.7097612504704565e-01  9.0492449534531672e-01  1.4051126678681711e-01  
q[366]: 2.3955481780742189e-03  5.6484760559981628e-01  8.1643902301399285e-01  5.5857069046572172e-01  
q[367]: 2.4626217264401575e-03  5.2882150154869656e-01  9.0252593779000589e-01  8.6160527472789905e-01  
q[368]: 1.7609983619717850e-03  5.5469253350436332e-01  8.3060896470685863e-01  9.3892773625527348e-01  
q[369]: 4.3132442568061209e-04  5.3927881501833563e-01  9.5271454099365982e-01  5.8084277231444607e-03  
q[370]: 2.1014895727614574e-03  4.8318434367493052e-01  9.1959247192798199e-01  2.7282428247374629e-01  
q[371]: 7.2838611487032552e-04  5.5854651448316750e-01  9.8830473519898310e-01  9.5752284997189505e-02  
q[372]: 9.1925585184914331e-04  5.9513518585220759e-01  9.8177392733501179e-01  2.1344909327533798e-01  
q[373]: 1.8684963932734092e-03  5.2403148976548986e-01  9.7149372298147696e-01  3.7121201031432932e-01  
q[374]: 8.4930577300799406e-04  5.8168839229329372e-01  9.9233133297814324e-01  5.3134989207078098e-01  
q[375]: 2.8055395254648319e-03  5.7396457399342482e-01  8.6612342561416644e-01  6.1504719871654034e-01  
q[376]: 6.6118013104805667e-04  5.4872346382867165e-01  9.9553010815087339e-01  7.4055466903183143e-01  
q[377]: 1.9039994478618153e-03  5.3318172155142696e-01  9.4249399631971986e-01  7.2389705548465710e-01  
q[378]: 2.9616879282097903e-04  5.1932478101438473e-01  9.8493875505649575e-01  9.9031733316377102e-01  
q[379]: 3.8118186723645265e-04  7.0065007621185260e-01  5.7834798095907644e-03  4.0625321594181613e-02  
q[380]: 1.5220897926270373e-03  6.0974507927873134e-01  3.3717934078206079e-02  1.5334811492588535e-01  
q[381]: 7.2671223804737924e-04  6.7504790384949431e-01  6.3002406010218941e-03  2.5173871845041462e-01  
q[382]: 2.1837176169828103e-03  6.8652705477308662e-01  9.3444407498326790e-02  3.3076720278012223e-01  
q[383]: 8.7664087597202618e-04  6.1522640220947156e-01  4.6753224357369075e-03  5.3982986061872062e-01  
q[384]: 2.1072334344523487e-03  6.8956471649285112e-01  3.8544881703460356e-02  6.6842886550449909e-01  
q[385]: 8.7044086301838093e-04  7.0074700264923151e-01  1.4094758837468848e-02  8.8883454048506372e-01  
q[386]: 7.4506703254377863e-04  6.4614980619402318e-01  6.5553808425857424e-02  9.4454680771207489e-01  
q[387]: 1.9256733655733139e-03  6.9236339854831475e-01  1.1460035619710851e-01  1.0041500782134784e-01  
q[388]: 2.2805142240648842e-03  6.5414652756202385e-01  1.0072525408802223e-01  5.0137659164576420e-01  
q[389]: 2.3355354010629712e-03  6.9126117701798584e-01  1.1096963138626589e-01  7.7652618704298948e-01  
q[390]: 5.2591970624752879e-04  6.7193216072130524e-01  1.0297028353734276e-01  9.9522493407639623e-01  
q[391]: 1.6418699598680334e-03  6.4017250716879626e-01  1.9857401502188196e-01  6.3705419464172630e-02  
q[392]: 1.0472331140837874e-03  6.5195827893002989e-01  1.9741194300695242e-01  9.7092521573756541e-01  
q[393]: 2.6727662634794111e-03  7.0521320583255376e-01  2.7664198634755705e-01  1.7966224223891064e-01  
q[394]: 2.9615393822098870e-03  6.2378874726396638e-01  1.4886702802303570e-01  6.1386687711331422e-01  
q[395]: 2.1247569503935232e-03  7.0120088349502863e-01  1.8970444585968721e-01  8.1181162644811489e-01  
q[396]: 3.1038173368444517e-03  6.4516824901895942e-01  2.9425714466860747e-01  9.1282180632445176e-01  
q[397]: 7.4919593223874076e-04  6.6483100885309854e-01  2.3161662970807262e-01  8.3552401275181782e-03  
q[398]: 1.7799677183230147e-03  7.2636928255924882e-01  3.4404503301415396e-01  3.5256755708727182e-02  
q[399]: 4.9032412690762309e-03  6.7556511136676145e-01  3.4628648504557907e-01  3.0658360170645732e-01  
q[400]: 2.8481827215502565e-03  6.6926911652049625e-01  2.8995879258639456e-01  4.9610082531584548e-01  
q[401]: 4.3240249449137220e-03  6.2018487570210035e-01  2.7652829894219672e-01  7.1507426663126261e-01  
q[402]: 1.5802469774097133e-03  7.3647379638934685e-01  3.6076484334568215e-01  9.7919653420247366e-01  
q[403]: 5.2043637874271591e-03  7.6443034604255922e-01  4.3581960937722475e-01  4.4022527532835581e-01  
q[404]: 4.5298700562939704e-03  6.9700170497169289e-01  4.1129958761340407e-01  6.3066512266088537e-01  
q[405]: 3.5765444540227366e-03  6.8292429732065896e-01  4.9839543687566529e-01  9.3702222566633436e-02  
q[406]: 2.6861691771672570e-03  7.0050049031935424e-01  5.7189779511652350e-01  3.3836873853979510e-01  
q[407]: 3.0591374267222608e-03  6.8961985749848731e-01  5.8168374302997439e-01  5.6702904322422110e-01  
q[408]: 3.9561898492163246e-03  7.1674077660853852e-01  6.1732363791182299e-01  8.4336257682208249e-01  
q[409]: 7.3694443561489866e-04  6.7347953258991788e-01  5.5065410573870999e-01  9.9629476439707232e-01  
q[410]: 1.7889092891214104e-03  5.4493098314578692e-01  5.7623419859458158e-01  5.1586670564039004e-02  
q[411]: 2.2226113778979367e-03  6.6547663548491975e-01  6.4138243073388224e-01  1.4922606046967116e-01  
q[412]: 3.7766685608362320e-03  7.0761326204280972e-01  6.9485127030568150e-01  2.9403400261242579e-01  
q[413]: 5.4686214209406846e-04  6.4681960333560140e-01  7.3502366006379538e-01  1.0293706652420537e-01  
q[414]: 3.5362641730852964e-03  6.1349304164966856e-01  7.8413934596939039e-01  2.0484484408927972e-01  
q[415]: 4.3204331923497354e-03  6.8697259471818628e-01  7.0609481753326908e-01  6.7085325061823431e-01  
q[416]: 3.0836918623773388e-03  6.7198831419334837e-01  8.2606901700837621e-01  8.0599760089746286e-01  
q[417]: 1.9376266830162922e-03  6.4770082008750607e-01  7.7757461503288272e-01  9.0039564635698444e-01  
q[418]: 1.4669766424317695e-03  6.8389581943580335e-01  6.3545708678718460e-01  1.7558599601528418e-02  
q[419]: 9.5445406795315057e-04  6.4872735744161070e-01  8.3910549805820323e-01  1.1630900282835675e-02  
q[420]: 8.2828888617900956e-04  6.6357684053421684e-01  8.9011224502479580e-01  3.3470376907803367e-01  
q[421]: 1.3170841255471155e-03  6.5156002669057700e-01  9.4178185242511314e-01  6.6653128090927855e-02  
q[422]: 2.4996945716575921e-03  6.3478347238781285e-01  8.9391584911532185e-01  2.7787945709741518e-01  
q[423]: 2.2207248802699978e-03  6.1780118168591813e-01  9.3053194153524432e-01  4.8294482932087496e-01  
q[424]: 2.6250505087700993e-03  6.8577304756207436e-01  8.9275210028146412e-01  6.8772652786161248e-01  
q[425]: 6.4507762934295349e-04  6.4695591906799155e-01  9.0041021236946561e-01  9.9180272169321715e-01  
q[426]: 3.4948745802040328e-04  6.9866935101763461e-01  9.8873422327970251e-01  1.9658961386565248e-02  
q[427]: 1.8358410468777575e-03  7.3724374418447070e-01  9.5592989305151976e-01  1.8578101891499701e-01  
q[428]: 5.8034322451399516e-04  6.9143629772319104e-01  9.9732280772766801e-01  3.0716677494356370e-01  
q[429]: 1.6125759212369652e-03  6.9627333003296110e-01  9.7471722388542392e-01  6.1260739991188462e-01  
q[430]: 1.2487274362391718e-03  6.4391422257815534e-01  9.5412442049203616e-01  7.9959710619506519e-01  
q[431]: 6.3668581027978490e-04  6.8112413098955082e-01  9.9069474781725853e-01  8.5941844075557217e-01  
q[432]: 1.1679390246325861e-03  6.2008996170682773e-01  9.5670612571670743e-01  9.4109435091182059e-01  
q[433]: 9.5260896320695058e-04  7.7635839761460446e-01  5.6158977899488143e-02  7.1751961089260616e-02  
q[434]: 8.8337084377319592e-04  8.0172228361676334e-01  1.7800826610248163e-02  1.4238262282299177e-01  
q[435]: 1.5185840805974902e-03  7.4897380852574869e-01  2.0970283287644033e-02  4.1910189197402936e-01  
q[436]: 5.4080618815769159e-04  7.8936090690019800e-01  3.4167257351805408e-03  7.3269246185616099e-01  
q[437]: 1.3085059958766996e-03  8.0846770814290003e-01  4.1987871383102400e-02  8.1574032786177431e-01  
q[438]: 2.3541726264124003e-04  7.4041127228422365e-01  1.4377202481337070e-02  9.8927561769375605e-01  
q[439]: 3.3670275214768179e-04  6.8953763151841307e-01  5.2680359820202527e-02  3.3723833385408924e-03  
q[440]: 1.0397185367551425e-03  7.9163426278419091e-01  1.4041854499920584e-01  1.9126281298939847e-02  
q[441]: 1.5183320940299985e-03  7.1602337867311439e-01  7.4605913353844144e-02  2.2824749824954335e-01  
q[442]: 2.5618558868363583e-03  7.8935069093315158e-01  1.6398372425453348e-01  6.4498047967526617e-01  
q[443]: 1.6005625731523620e-03  7.4971442458263615e-01  1.0303322379853984e-01  9.0771518680734853e-01  
q[444]: 1.3297685627405003e-03  7.8678183207437680e-01  1.8986765760231350e-01  9.5629389775332374e-01  
q[445]: 4.0579779377430139e-04  8.2467944130281479e-01  2.2753462848989339e-01  9.9718024514915782e-01  
q[446]: 2.0108501619218702e-03  7.6884162125747468e-01  1.8164298157663994e-01  1.7522280017654582e-01  
q[447]: 2.1609678944928957e-03  8.0615778319172737e-01  2.1477265717681479e-01  2.5907103151173116e-01  
q[448]: 3.5121236571559831e-03  7.4292710207677237e-01  1.8734065913537082e-01  4.0064846246543295e-01  
q[449]: 2.1740385655589774e-03  7.8273955062338996e-01  2.8295828333520096e-01  7.0311453590729278e-01  
q[450]: 2.4651701884561695e-03  8.0880878393069600e-01  2.4443967774866554e-01  8.5818484615994839e-01  
q[451]: 1.2136536114401623e-03  7.6283184256048053e-01  3.6949290950419822e-01  1.0396921908833197e-01  
q[452]: 2.6503691348297637e-03  7.4122779757396173e-01  2.3687636128443437e-01  5.6352672823130401e-01  
q[453]: 3.6103331041426180e-03  7.3856093927124500e-01  3.7824037139893585e-01  8.1754228952852814e-01  
q[454]: 8.6533476983120404e-04  7.9114057169613672e-01  4.6544753458327681e-01  1.1055997805531275e-02  
q[455]: 2.9130728546422711e-03  8.0725808363422247e-01  4.1974567938204765e-01  1.8501445771344105e-01  
q[456]: 2.9015034291288637e-03  8.3608036944872310e-01  3.4717719886504578e-01  5.5160617430075787e-01  
q[457]: 2.3448057737273072e-03  7.7018260763606938e-01  4.7909130165100378e-01  9.2180084533102113e-01  
q[458]: 3.1811595673059958e-03  7.9106482245857601e-01  5.0962886533758889e-01  2.7886021628431706e-01  
q[459]: 1.7536034089058433e-03  8.1691892697238422e-01  5.8442346613718510e-01  4.9287566531381576e-02  
q[460]: 2.7692939400827394e-03  7.6909230560609954e-01  6.1956874102975246e-01  1.7065609626156256e-01  
q[461]: 3.5623429599280329e-03  7.7853433236002401e-01  6.4290993693598408e-01  5.2678225458975758e-01  
q[462]: 2.2414691986110090e-03  8.2312719578177651e-01  6.6141649188151619e-01  7.5656565540234200e-01  
q[463]: 1.4227431768411125e-03  7.1879389293484353e-01  6.8951664813398761e-01  9.5203826491424026e-01  
q[464]: 4.5343792921127390e-04  7.7909642328956730e-01  7.5022775818820397e-01  9.9692120339943924e-01  
q[465]: 1.7056286863836993e-03  7.7062881705352326e-01  7.5067808806761926e-01  5.9339878635855506e-02  
q[466]: 2.3199861753585502e-03  8.0754045204504810e-01  7.7029744719061488e-01  2.2165364010455155e-01  
q[467]: 3.8410402921521519e-03  7.2312774223834553e-01  8.2773795699006603e-01  4.0275369772168851e-01  
q[468]: 2.6998771032678641e-03  8.0747498397567463e-01  7.8824719159591949e-01  7.7778560543740705e-01  
q[469]: 2.5307499858066591e-03  7.2647619476708880e-01  8.3972081750045957e-01  1.1867975148669570e-01  
q[470]: 3.4995488187910826e-03  7.7814413910691271e-01  8.0239569349145012e-01  5.9711750795686436e-01  
q[471]: 2.0064118025694072e-03  7.6442504475749018e-01  8.9995084092863020e-01  8.8987900554956512e-01  
q[472]: 1.0622435904229235e-03  7.3170666747444413e-01  8.2460014292443107e-01  9.7005188624106364e-01  
q[473]: 2.6969029300733232e-04  8.2384365774317936e-01  9.4164522154043340e-01  3.5054703929136692e-03  
q[474]: 5.9344904289045585e-04  7.7081549517016479e-01  9.3466986242207173e-01  9.4029934362390144e-01  
q[475]: 6.1981930410619766e-04  8.4372167130795406e-01  9.7013157818301121e-01  6.2378519744920889e-02  
q[476]: 4.6661918930227957e-04  7.8727155599343024e-01  9.9424949423908826e-01  1.1614386958908260e-01  
q[477]: 1.3780423398221397e-03  7.1310063487282049e-01  9.6308264257537790e-01  4.0063876948001198e-01  
q[478]: 6.5013201432450923e-04  8.1703259675918538e-01  9.9436180301303112e-01  4.6322662924138114e-01  
q[479]: 1.4551246567018413e-03  8.2257198832722844e-01  9.1834982171974000e-01  7.1651675386602121e-01  
q[480]: 4.5407319583472050e-04  7.9262490440717626e-01  9.9561757554423147e-01  6.8291691524239817e-01  
q[481]: 1.1278667054670246e-03  7.8447787201882591e-01  9.6691126584998832e-01  7.8344642538449072e-01  
q[482]: 2.9124930090603142e-04  7.2500453518322194e-01  9.8990183654807928e-01  9.7782255526345452e-01  
q[483]: 2.2166348689847906e-04  8.5476495008658115e-01  1.7043485733240993e-02  1.0914303830983003e-02  
q[484]: 7.0974807759546538e-04  8.2062979235488676e-01  4.2055134868003524e-02  2.4540439453542243e-01  
q[485]: 4.1998290650508736e-04  8.5572488024817994e-01  2.6439288653960511e-03  3.2431332242583644e-01  
q[486]: 1.8435822644662803e-03  8.4004173188884323e-01  8.3420760979926442e-02  3.0080972041267234e-01  
q[487]: 8.0758856374862518e-04  8.6528030971706926e-01  1.0360883828111456e-02  5.7482214639271989e-01  
q[488]: 3.0133182740440221e-04  8.7561417417555809e-01  3.3241897737266639e-03  9.2877645451746127e-01  
q[489]: 5.8203305465255974e-04  8.7678768396098328e-01  6.0209954439852595e-02  3.9207068508112342e-02  
q[490]: 1.7917178440412002e-03  7.7854885555260411e-01  5.3958781050138883e-02  5.5370499550519825e-01  
q[491]: 1.9062582521841853e-03  8.3914867849251562e-01  1.0805443151077661e-01  7.2982646131022300e-01  
q[492]: 7.1118061688486291e-04  8.1882572987707225e-01  4.5482344246370265e-02  9.6280468452377688e-01  
q[493]: 4.2508324694811195e-04  8.7500032532053462e-01  9.7285291452884587e-02  9.8817462121373989e-01  
q[494]: 2.1530985879965906e-03  8.8252916378789792e-01  1.2096775767472920e-01  1.4066962463315838e-01  
q[495]: 2.4785067840781584e-03  8.4321547475219949e-01  1.1652806113159173e-01  4.7460261928571140e-01  
q[496]: 1.6730188366609823e-03  8.2284705175953154e-01  2.4158714394130587e-01  7.1549139437459983e-02  
q[497]: 2.3786814778690383e-03  9.2131957314667301e-01  1.9099940321539749e-01  6.0109864809646329e-01  
q[498]: 1.9699965946686111e-03  8.6974355975198703e-01  3.4155117710876026e-01  9.2994758665737931e-01  
q[499]: 5.7631325577296862e-04  8.7196961585763288e-01  3.0250332243816325e-01  4.2439678957620821e-03  
q[500]: 3.7125479305824107e-03  8.4856250815386336e-01  3.0993227857370714e-01  3.4724575419056752e-01  
q[501]: 2.1648397630393886e-03  8.5629695942347517e-01  3.4439716582204816e-01  7.0145105616780146e-01  
q[502]: 4.8173662664336016e-04  8.8333843001047851e-01  4.1221681831827184e-01  9.9570913942192740e-01  
q[503]: 4.0593651040685495e-03  7.9242141434170699e-01  5.3230523096168003e-01  7.0920929733318794e-01  
q[504]: 1.5385239994813978e-03  8.7669133075301686e-01  4.6212518537706698e-01  1.0127699626462600e-01  
q[505]: 3.8126547038437545e-03  8.7082941321879093e-01  5.1397589338475613e-01  5.8720283352153479e-01  
q[506]: 1.3647888073251341e-03  8.9689040502062733e-01  5.8409941127474285e-01  9.1277461983602792e-01  
q[507]: 1.5026679431162737e-03  8.2751245149016106e-01  5.7316595497386702e-01  9.7504631454233381e-01  
q[508]: 3.3379927450033391e-03  8.5070586949577420e-01  6.3613048152444074e-01  4.2710912859373812e-01  
q[509]: 1.9858982689886823e-03  8.6689109686680521e-01  6.9890233090603371e-01  1.0657552792419987e-01  
q[510]: 9.0187471084002648e-04  8.8015500192307872e-01  7.8035205137354835e-01  6.0625853684317876e-01  
q[511]: 5.0761133471834456e-04  8.1043410082646072e-01  7.4914343372086178e-01  3.4826051289755799e-03  
q[512]: 9.4187279433882720e-04  7.6831462428762409e-01  9.0186077114768992e-01  3.3827774074821765e-02  
q[513]: 1.1937231980203265e-03  8.7218213152291824e-01  8.4810918761879817e-01  9.6581716394486505e-01  
q[514]: 2.3003214098605775e-03  8.1354441959693979e-01  8.8307061770033046e-01  2.5963884733695103e-01  
q[515]: 2.5475748167313075e-03  7.8128464002187270e-01  9.1155069226137442e-01  5.1569567361929536e-01  
q[516]: 3.7553489288322727e-04  8.3043546425898940e-01  9.5107365657196952e-01  9.9194195992234591e-01  
q[517]: 1.6391581988674762e-04  9.0793349483996055e-01  9.9155955807294727e-01  1.6773007206562836e-02  
q[518]: 1.7388631914848191e-03  8.6525791438108612e-01  8.9231277418699717e-01  1.2150625285184478e-01  
q[519]: 5.3142854966598170e-04  8.9452311633416692e-01  9.9252064006446727e-01  2.4151017816795547e-01  
q[520]: 1.5894881013987249e-03  8.3626888225838636e-01  9.5870679648253909e-01  3.2956104086037746e-01  
q[521]: 1.4231875863887267e-03  8.7950941503068414e-01  9.6392058419032334e-01  5.8872692410666572e-01  
q[522]: 7.4666087684262445e-04  8.7739934846098566e-01  9.7209319626198787e-01  8.5179865729666071e-01  
q[523]: 3.0983793531737735e-04  8.3105438243952179e-01  9.9474068163562113e-01  9.2370261455054270e-01  
q[524]: 2.6579267668090135e-04  9.1185802660274362e-01  3.7581995897043555e-03  8.9573962645477775e-02  
q[525]: 8.8929862699004588e-04  9.2569506341323915e-01  3.2459524108765847e-02  2.0745795702277495e-01  
q[526]: 1.3478105344521948e-03  9.1680468852150587e-01  3.7301370957200174e-02  4.1129820788398902e-01  
q[527]: 1.3945824699816011e-03  9.0174941726429003e-01  6.3368552496110245e-02  6.5015689863075166e-01  
q[528]: 5.7873371561444260e-04  9.4261945539648440e-01  1.5716614670510110e-02  7.2251263760140938e-01  
q[529]: 7.5895108599379315e-04  9.0145081491125256e-01  3.3225229669201745e-02  8.3728777694472400e-01  
q[530]: 1.4276677885835840e-04  9.3266992092381784e-01  1.8797120370925364e-02  9.9333123254249667e-01  
q[531]: 2.3118694988999802e-04  9.4383407788323470e-01  1.0491569711683577e-01  2.2356599144833455e-03  
q[532]: 5.6198090921805914e-04  9.5254635041577784e-01  5.6730083534634969e-02  7.4529901425331654e-02  
q[533]: 6.7531006065825428e-04  9.5438341641814051e-01  5.4546292433097283e-02  9.2860640157756591e-01  
q[534]: 9.4324507767595703e-04  9.2000223118866231e-01  1.8811459167529124e-01  3.8539665245949477e-02  
q[535]: 1.6403726697637410e-03  8.8646746363879847e-01  1.2644164955606493e-01  8.8776605323532842e-01  
q[536]: 4.8068472914460374e-04  9.3979653958692533e-01  1.4790117862179200e-01  9.7136320059447845e-01  
q[537]: 2.8647996699396805e-04  9.7223986764714776e-01  2.7034636394049250e-01  9.9346665802884115e-01  
q[538]: 1.6336578505885488e-03  9.7293490985917319e-01  2.5590135466033653e-01  4.2388201441537826e-01  
q[539]: 2.2627940829186180e-03  8.9788109408238603e-01  2.2568790667969030e-01  7.7081633099086344e-01  
q[540]: 1.1153921258972366e-03  9.4569102471160715e-01  3.8171745882031327e-01  4.1653778755705848e-02  
q[541]: 1.4350055173025544e-03  8.7254612895584993e-01  2.5434006853903629e-01  4.8492650654650143e-01  
q[542]: 2.2616322429524888e-03  9.3199278869228475e-01  3.9896947193440940e-01  7.4210760212212856e-01  
q[543]: 8.7559808297921150e-04  9.4344635410187816e-01  4.6594720775948262e-01  9.7018420714824560e-01  
q[544]: 7.7260273855208196e-04  8.9119394839342159e-01  4.8376822004909903e-01  3.2591603771678433e-02  
q[545]: 1.3060498393333401e-03  8.6648921266606271e-01  3.0866811610009387e-01  9.9462660270646666e-02  
q[546]: 2.9097019771362718e-03  9.2409364403551242e-01  4.5676994321571213e-01  4.2091237827470518e-01  
q[547]: 1.2101126960886060e-03  9.4599977882915975e-01  4.4345774049985898e-01  6.2462847863771653e-01  
q[548]: 2.7340954239595569e-03  8.6336087233247949e-01  4.5988219913400263e-01  8.3640997621245006e-01  
q[549]: 2.6381853474189282e-03  8.9214780934188964e-01  5.4459471001311877e-01  3.0311077190413532e-01  
q[550]: 6.6709370360667239e-04  9.1782869540354983e-01  6.3153183514928768e-01  9.7453926143530791e-03  
q[551]: 1.8291752793137533e-03  8.9334153698299545e-01  6.0985148590552662e-01  1.8848994198224645e-01  
q[552]: 7.8314768456748981e-04  9.4557771142720826e-01  6.6933342639248539e-01  9.5794622207214541e-01  
q[553]: 4.9596487387569619e-04  9.0913722059019730e-01  7.1032026870226073e-01  9.9200067153484706e-01  
q[554]: 9.7260895145623912e-04  9.5390215177062576e-01  6.9996707779983591e-01  5.8305005985704858e-02  
q[555]: 1.6046292822855101e-03  9.4504680354511039e-01  6.8753467355387998e-01  3.1270755781567183e-01  
q[556]: 1.1835340198206807e-03  8.9383085027399600e-01  8.2733378446885042e-01  3.2200830796374549e-02  
q[557]: 1.6533401854655608e-03  8.7903410300899798e-01  8.0644568859860966e-01  5.1364079110358085e-01  
q[558]: 1.4016865864608257e-03  8.8614952433873129e-01  8.6271946795386567e-01  8.5077983874917118e-01  
q[559]: 2.4274889460915942e-03  8.2760645378324149e-01  7.2151758316470471e-01  9.0409631152471071e-01  
q[560]: 2.4765993507830923e-04  9.5500206455936620e-01  9.0338837811217143e-01  6.5856711556624772e-03  
q[561]: 5.8289113316642514e-04  9.4362612157127435e-01  9.4380106155021892e-01  6.1086769467494154e-02  
q[562]: 1.6726080113500265e-03  8.9388854645803262e-01  8.9652907086268563e-01  4.4879872032114759e-01  
q[563]: 1.7015405560950700e-03  8.9089518374557852e-01  8.8161969721179878e-01  6.9660867591793996e-01  
q[564]: 5.6617234885828795e-04  9.0993311004674382e-01  9.5595930510570781e-01  9.4238956152252362e-01  
q[565]: 2.1438614179428029e-04  9.6942833050498989e-01  9.9409313315869319e-01  1.0507914287865400e-01  
q[566]: 7.3334090817755136e-04  9.1368910718936969e-01  9.6161617146711098e-01  1.7195376754184280e-01  
q[567]: 1.6680557786103974e-03  9.1368959719231313e-01  8.3943326990662992e-01  3.4639509844275029e-01  
q[568]: 6.6740039878143275e-04  9.4262758787649714e-01  9.8551002036357072e-01  4.5933518405662360e-01  
q[569]: 8.6117104561177021e-04  9.6099341208349309e-01  9.4797903219288782e-01  6.3383640431629196e-01  
q[570]: 4.5463191159395060e-04  9.2599990966712253e-01  9.9474688992873639e-01  7.3595526637209363e-01  
q[571]: 1.3006481078588664e-04  9.3941365738939220e-01  9.9230762893741176e-01  9.8472090362021580e-01  
q[572]: 1.4646708612793449e-04  9.7314886344478946e-01  1.5996755219411758e-02  1.9449635572599804e-02  
q[573]: 1.5954576079052452e-04  9.9405251054330890e-01  1.6772782905661546e-02  1.2009677289788701e-01  
q[574]: 1.5428139126597660e-03  9.5776698646282932e-01  1.2514515417587604e-01  3.1905234692221812e-01  
q[575]: 2.4783950543778361e-04  9.7207507301336826e-01  5.6521835380792633e-03  2.7184301788075160e-01  
q[576]: 4.1013197810209074e-04  9.9420242090530997e-01  4.6078398194649664e-02  3.5954844186852253e-01  
q[577]: 3.3831939254934384e-04  9.7296665692828022e-01  7.0752389769874694e-03  5.0392475691070715e-01  
q[578]: 3.2138438244815477e-04  9.9445237419063570e-01  3.0877166718340933e-02  6.6192872093729826e-01  
q[579]: 2.9631037222669504e-04  9.9528643976171804e-01  6.6563475160535138e-02  8.4636944657614599e-01  
q[580]: 1.8897518788390025e-04  9.7751516867724508e-01  5.7446782198787303e-03  8.4630006414295889e-01  
q[581]: 9.9437604953636708e-05  9.9013397200035447e-01  1.4664229744448407e-02  9.6378209109320134e-01  
q[582]: 1.2036111574393807e-04  9.9874678615447987e-01  8.6489563212217221e-02  2.6552830227084483e-02  
q[583]: 6.5032902156903264e-04  9.7948437824740431e-01  8.0752415010347925e-02  1.8589731459953585e-01  
q[584]: 1.3460845339787837e-03  9.0860686930302625e-01  1.6497519184504170e-01  4.1615711100874658e-01  
q[585]: 1.2658451910649438e-03  9.6503563934225656e-01  8.1203347642200885e-02  5.4226138071085761e-01  
q[586]: 1.1902773979273903e-03  9.6420568008359253e-01  1.0574810885659144e-01  7.6566625085423967e-01  
q[587]: 1.5226070724850993e-04  9.8902344173042744e-01  9.6309996843229342e-02  9.8885006544353626e-01  
q[588]: 6.5534300309579691e-04  9.7988075367558303e-01  1.5925062864119194e-01  8.1972413750324935e-02  
q[589]: 1.9041462485665803e-03  9.1699062423011757e-01  2.0995509722405459e-01  2.5409873849865788e-01  
q[590]: 5.2528834814079316e-04  9.9619883611872306e-01  1.5386509080679439e-01  4.8349968577409358e-01  
q[591]: 8.1404460804331978e-04  9.5390700363722858e-01  1.8486431976867140e-01  8.3968626966207738e-01  
q[592]: 5.6017675595391937e-04  9.8965874207464100e-01  1.8315083534431237e-01  9.2154156296456513e-01  
q[593]: 1.6443799056275047e-03  9.5596505761014183e-01  2.6920377426126735e-01  1.4380789710870770e-01  
q[594]: 4.3585881643035259e-04  9.9596728771699705e-01  1.8583484304446618e-01  2.1414956485946038e-01  
q[595]: 6.7795224479292877e-04  9.8898556484522271e-01  1.7050457097046462e-01  6.6834546052491994e-01  
q[596]: 1.3678610732001783e-03  9.7330837364550782e-01  2.9538176259017296e-01  6.4786408821654384e-01  
q[597]: 5.5636258978952638e-04  9.9424030025691035e-01  2.7604235393830195e-01  7.8042263870823103e-01  
q[598]: 1.5249772230519379e-03  9.5926349626211094e-01  3.2248988900335890e-01  8.7177481260218981e-01  
q[599]: 8.5356634451519051e-04  9.1970706074896436e-01  2.4892463443948357e-01  9.5907411649596008e-01  
q[600]: 3.3772959841756490e-04  9.8497781940750107e-01  2.5601922904992275e-01  1.5773383084997598e-02  
q[601]: 5.2107485821602055e-04  9.9560741324717161e-01  3.7110318887092530e-01  9.1912244316680144e-02  
q[602]: 2.2597339308066035e-03  9.1080076508801910e-01  3.6926914668860683e-01  2.1558532749627249e-01  
q[603]: 5.9466276396658610e-04  9.9368097524423005e-01  3.0053107821647862e-01  2.8689722020427771e-01  
q[604]: 1.5014084592435348e-03  9.2970759679103798e-01  3.1955244140626021e-01  5.1722517328708362e-01  
q[605]: 6.0698621620296298e-04  9.9577792568701962e-01  4.5746937017322464e-01  7.9671787719192000e-01  
q[606]: 3.7932001113683412e-04  9.9411313462058415e-01  3.7522119964222261e-01  9.5993069854127910e-01  
q[607]: 2.6121732755605704e-04  9.7911252389320269e-01  4.7914358314288674e-01  5.4112706522072059e-03  
q[608]: 1.5083418592629289e-03  9.6575127928836069e-01  3.9295081629975914e-01  3.2735977314052417e-01  
q[609]: 1.1151605666628380e-03  9.9275155456160313e-01  4.0964676462882688e-01  5.3913140416479266e-01  
q[610]: 1.7634702190159699e-03  9.7617362091469950e-01  5.5958166861567815e-01  6.9482411170389768e-01  
q[611]: 1.1056313046414598e-03  9.6726406755877314e-01  4.9065182618150771e-01  8.9217487730211298e-01  
q[612]: 1.6423296346117949e-03  9.5230077408987068e-01  5.4336914568225292e-01  1.1715787705244490e-01  
q[613]: 1.2804628062933145e-03  9.8139680211471747e-01  4.7440249215029773e-01  2.0598246094031805e-01  
q[614]: 2.1788771567717771e-03  9.6009660044687462e-01  5.9384265636943911e-01  5.1007429041981311e-01  
q[615]: 3.1775721566754673e-03  9.0698133708332818e-01  6.9225177687661354e-01  6.5519191916534480e-01  
q[616]: 2.3284028298337939e-03  9.2008327675561030e-01  6.0354532216437851e-01  8.0826409551275458e-01  
q[617]: 2.2351654443148031e-04  9.8422316716877700e-01  5.7255702931607311e-01  9.9514085758585324e-01  
q[618]: 4.5347388973610562e-04  9.9188592253268260e-01  5.8461087298860448e-01  4.7569579363522616e-02  
q[619]: 1.1127436522323760e-03  9.6925492455773399e-01  6.4761604729180078e-01  2.5750328073802631e-01  
q[620]: 9.4489700151557422e-04  9.9450860666733643e-01  5.6128550917007269e-01  3.7848927199313415e-01  
q[621]: 1.5376232297173564e-03  9.4516918594698252e-01  7.2883077446574362e-01  4.8539121648008987e-01  
q[622]: 1.0801121446242852e-03  9.8323942184541691e-01  7.0005663538396301e-01  8.2175630346350137e-01  
q[623]: 4.6770112572093730e-04  9.9313586119413988e-01  6.1886891551229273e-01  9.2183244863515257e-01  
q[624]: 3.5273820296354496e-04  9.8888645453032231e-01  7.8514681821322296e-01  9.7480421003561413e-01  
q[625]: 6.3696792170333876e-04  9.9558704674493792e-01  7.0114549360321188e-01  1.6357133931876328e-01  
q[626]: 1.0783937561516137e-03  9.8474778730193813e-01  7.7562419672674343e-01  4.0789695002860704e-01  
q[627]: 8.0261771341090364e-04  9.9612720469551141e-01  7.0833123438312251e-01  6.0795627996480006e-01  
q[628]: 1.6145520347139878e-03  9.5812972919829176e-01  7.9704756912526475e-01  7.4267504262544048e-01  
q[629]: 6.9173209750095785e-04  9.0076221867960260e-01  7.5500434641409531e-01  8.4492042533353040e-01  
q[630]: 2.7606530058638530e-04  9.8632398731263693e-01  7.6692300049106155e-01  1.2647179643653802e-02  
q[631]: 1.1816715720192022e-03  9.6192975792190771e-01  8.1204763401889368e-01  1.2115543173465200e-01  
q[632]: 1.8257673949772135e-03  9.1058944143800835e-01  7.7813188702120828e-01  2.1130323740734264e-01  
q[633]: 2.6905467857005006e-03  8.3283619563899614e-01  7.4035306434529424e-01  3.7044859981602629e-01  
q[634]: 1.5236174414028707e-03  9.6539330171085402e-01  8.5748974642753106e-01  5.6453834835248728e-01  
q[635]: 3.9779274034608094e-04  9.9501674331004553e-01  8.6989306015791579e-01  8.7365091900740854e-01  
q[636]: 1.1285351204500217e-03  9.4805049195189306e-01  7.8856354997047406e-01  9.0788224275747986e-01  
q[637]: 3.4880557066350353e-04  9.9257553027480105e-01  8.8051213724335375e-01  6.4468618485653870e-02  
q[638]: 7.0898837359423652e-04  9.8984158751770956e-01  8.4458252602708495e-01  2.7804056907145308e-01  
q[639]: 5.4676126408763934e-04  9.9346623901172426e-01  9.2865098741401830e-01  4.6021208501692884e-01  
q[640]: 4.2120212380929075e-04  9.9490326989994005e-01  8.6367889290798916e-01  7.0242838774676453e-01  
q[641]: 4.8652241763703187e-04  9.6810347629743498e-01  9.1470626583073211e-01  9.3862052681588093e-01  
q[642]: 2.2246474498127929e-04  9.5557437541182699e-01  8.8870715081890184e-01  9.9663999835200157e-01  
q[643]: 1.0178415550333017e-04  9.9048501049963489e-01  9.7589361186978330e-01  1.9610623048391389e-02  
q[644]: 2.9008448544151622e-04  9.9337442043028024e-01  9.5334256255401606e-01  1.6466160610493694e-01  
q[645]: 9.5810947556652481e-04  9.5750770776583727e-01  9.0493119539893596e-01  2.1670634800407396e-01  
q[646]: 3.3228646122534621e-04  9.8448605005563050e-01  9.8556371779594543e-01  3.0455572550044446e-01  
q[647]: 9.5281674636972285e-04  9.4805540659243492e-01  9.3588448510938105e-01  3.5210705074506649e-01  
q[648]: 1.6584538832417641e-04  9.9190148379591991e-01  9.9370075462578222e-01  5.8751742752761604e-01  
q[649]: 3.5463319087107375e-04  9.8977616900636300e-01  9.6333482111129276e-01  7.6104542026580047e-01  
q[650]: 9.9367225246468341e-04  9.4603232208895160e-01  9.2584931073098042e-01  8.1549892509177768e-01  
q[651]: 2.5681008875345186e-04  9.7838001604768021e-01  9.8897587571861489e-01  8.8833611399560930e-01  
q[652]: 9.9480927320993908e-05  9.9577494538136924e-01  9.6422893427454937e-01  9.7757661764908055e-01  

