deg: 18
dim: 3
nodes: 335
efficiency: 0.99403

q[0]:   2.6965247582990645e-04  1.2207225775145330e-02  1.9023694766488353e-02  4.6431522784030906e-02  
q[1]:   8.7719090023419667e-04  4.6571263009097655e-02  1.1436937450820871e-02  2.2125011596598770e-01  
q[2]:   5.6288303635335514e-04  6.8604211137495829e-03  6.7846201629695194e-02  2.7077595795003495e-01  
q[3]:   1.5359582829986120e-03  3.4626737734410801e-02  9.9774777206193516e-02  5.1090426327531313e-01  
q[4]:   6.2955536451595427e-04  1.1346260072744013e-02  2.9455719616156461e-02  4.6379732117988365e-01  
q[5]:   2.4224615033113087e-03  7.8982710369028125e-02  6.9057550409740570e-02  6.6588368174104628e-01  
q[6]:   6.5497257057530508e-04  2.1214614521732858e-02  1.5329389449779145e-02  7.0039647539756489e-01  
q[7]:   1.5025017776384418e-03  6.5014755233995983e-02  5.8356579834937750e-02  8.6634959563903102e-01  
q[8]:   3.8297869217041801e-04  2.3687359536975035e-02  1.4707582399369330e-02  9.4336682454219800e-01  
q[9]:   5.1531097566520124e-04  2.6917826305303913e-02  1.4077654828914682e-01  9.4519028520099416e-03  
q[10]:  1.0716588823090770e-03  1.2767330689956906e-02  1.3072942445802785e-01  1.4318353486168955e-01  
q[11]:  2.5409990371286590e-03  3.1174199387352237e-02  1.9830493163056867e-01  6.7104874679958137e-01  
q[12]:  8.6150747830361619e-04  3.2728208651795813e-03  1.1041854077095870e-01  8.2445018047980811e-01  
q[13]:  3.8800288582166692e-04  2.3067167884409028e-02  1.0203874445938854e-01  9.9074568182714629e-01  
q[14]:  3.5353279040016908e-03  5.9954195741129909e-02  1.5662288323817392e-01  3.3999251572484379e-01  
q[15]:  1.5430577207640789e-03  2.0084024306217613e-02  3.1108605786289317e-01  5.9994572917570370e-02  
q[16]:  1.3098205779999434e-03  9.9810679547768181e-03  3.0556915523633627e-01  2.8552531450041457e-01  
q[17]:  1.2404812213375725e-03  6.8774448989331822e-03  2.3483961998018268e-01  4.9120135517985897e-01  
q[18]:  4.0356433970185068e-03  8.0637941034909774e-02  3.3484631176967294e-01  6.1366566209710849e-01  
q[19]:  2.8263535139828968e-03  7.7434820400026375e-02  2.4424157675335798e-01  8.3732583929431292e-01  
q[20]:  1.2089007176782965e-03  1.5761676130879029e-02  2.7002694256383653e-01  9.3885324280428761e-01  
q[21]:  1.5702447816651585e-03  1.0986387217652827e-02  4.9617434864407584e-01  1.7730314540323452e-01  
q[22]:  3.2392986869704890e-03  4.4008615096280991e-02  3.9512829029553864e-01  3.4811856243239458e-01  
q[23]:  1.1026534272362712e-03  3.1703459220611577e-03  4.1806230667615107e-01  6.2347984978476412e-01  
q[24]:  2.8042132719619103e-03  2.8419362759216169e-02  3.9131429209808938e-01  8.0644295739608929e-01  
q[25]:  3.6853555683034786e-04  3.8523234337957124e-03  4.8252683290089060e-01  9.8445201314252162e-01  
q[26]:  1.5035351741999512e-03  8.4911677409754957e-02  4.0828026263639489e-01  1.4172133769972624e-02  
q[27]:  6.5590039584699162e-03  1.2214871879146096e-01  5.9418572492618382e-01  3.0554769553515582e-01  
q[28]:  4.8781650034338472e-03  4.1682418991323536e-02  5.2802085499340601e-01  4.8731845757996217e-01  
q[29]:  4.6418522507956058e-03  1.1671499840522670e-01  4.7511584840881893e-01  7.1232520864283322e-01  
q[30]:  3.3936849183148587e-03  9.2984015450911256e-02  6.1754886566259592e-01  7.8059586793331082e-01  
q[31]:  2.3902178283252626e-03  3.8201743692480555e-02  5.5856311520729018e-01  9.0966846500960485e-01  
q[32]:  3.9994592940944683e-04  4.6212035916151709e-03  5.7055044662055732e-01  1.2184807281864260e-02  
q[33]:  1.2951999259909386e-03  3.6119693905967763e-03  6.7542610585276364e-01  3.7060012799317832e-01  
q[34]:  1.5277659356302974e-03  6.9143435020700209e-03  6.2553855040958473e-01  7.2545650237578763e-01  
q[35]:  1.0877776273283358e-03  9.3867113846968723e-03  7.6014951727445157e-01  8.9356666593630640e-01  
q[36]:  9.6733539311572025e-04  4.8208747907354965e-02  6.9911933956858208e-01  9.8834386193457668e-01  
q[37]:  2.7140560040384959e-03  3.4361335947236553e-02  7.0294064393325395e-01  2.2749533896469953e-01  
q[38]:  4.3026163849222993e-03  6.0838841129355267e-02  7.0839767689597866e-01  6.2566549048413056e-01  
q[39]:  9.2531633693752392e-04  6.5787498077901135e-03  8.2297125081477041e-01  8.6762022173864459e-02  
q[40]:  1.8156844983207429e-03  1.5011387717875415e-02  8.2560594873682369e-01  5.4430369051125771e-01  
q[41]:  2.6710881428876954e-03  5.3019602945337523e-02  8.2432232655794913e-01  8.0217997725730439e-01  
q[42]:  4.5185954233224800e-04  1.0588681240029579e-02  8.9595629229673668e-01  9.7111143949313894e-01  
q[43]:  4.5676039253621746e-04  2.3176181508047022e-02  9.5218166541645421e-01  2.2685416313744322e-02  
q[44]:  4.9300616566759806e-04  1.1401290887080810e-02  9.7532869998448435e-01  1.8108502300730889e-01  
q[45]:  1.3697733216148293e-03  1.6997173304928795e-02  9.1014861731744867e-01  3.4063119892534172e-01  
q[46]:  1.9224448967175146e-03  8.7865731013311923e-02  9.7398881637945367e-01  3.3552337401985399e-01  
q[47]:  7.0823380644475067e-04  1.8831752617376206e-02  9.8570475715777572e-01  5.0975266647917417e-01  
q[48]:  1.3389119825467318e-03  1.6875477058071995e-02  9.2365933358653884e-01  7.2630752160168799e-01  
q[49]:  3.3636058289768483e-04  1.1416470625307004e-02  9.8823153632107619e-01  8.6655814878118109e-01  
q[50]:  3.9185394511619797e-03  1.6954065869445661e-01  7.7320420730057210e-02  2.2483544134118910e-01  
q[51]:  1.8251977293374704e-03  1.0326952106106622e-01  4.0170282829003527e-02  3.7493322079402325e-01  
q[52]:  4.5009958436259875e-03  1.6885856749339084e-01  1.1801513476430810e-01  5.3372441636499535e-01  
q[53]:  2.0775058216803421e-03  1.9895098632611488e-01  7.7376815498735541e-02  9.2334217068419677e-01  
q[54]:  6.0943929888503839e-04  1.3978161282463275e-01  2.6710771827020072e-02  9.8635317795691591e-01  
q[55]:  1.7852735010101060e-03  7.7516074482987529e-02  6.4398393336304288e-02  8.3267295342828326e-02  
q[56]:  5.2336788842595790e-03  1.6051093034566946e-01  1.6805779262117554e-01  7.6206851368692019e-01  
q[57]:  4.1287865650016815e-03  8.0396513974974187e-02  2.4130204765918004e-01  1.7013690315611751e-01  
q[58]:  1.8095299116576407e-03  8.5842787134494447e-02  1.5415409791248988e-01  9.4623689428489355e-01  
q[59]:  6.9945614122757056e-03  1.3332186136442686e-01  2.8901587744315449e-01  4.7516052175990903e-01  
q[60]:  9.3743833751937700e-04  8.6972642530501520e-02  3.2768582726509499e-01  9.9490698857166382e-01  
q[61]:  3.1116668345521621e-03  7.2682881419604328e-02  4.9666304156361546e-01  1.2198292144945151e-01  
q[62]:  2.4011882398511184e-03  1.0940299065795012e-01  4.5301011750577796e-01  9.5367573941163242e-01  
q[63]:  1.9223299165813405e-03  4.6952265209347088e-02  6.5357779302972241e-01  6.4760526902706506e-02  
q[64]:  4.4304706057477806e-03  8.2750388638035050e-02  7.9820341760704472e-01  4.0153692090470400e-01  
q[65]:  1.0306518533914875e-03  6.6849028245506925e-02  7.9895167958859126e-01  1.0633978712044219e-02  
q[66]:  1.7387019403226993e-03  1.0059660708807333e-01  8.1951274262581375e-01  9.5606323454182351e-01  
q[67]:  2.1800914984368034e-03  1.0755128895071371e-01  9.1908321850902985e-01  8.2197114002740837e-02  
q[68]:  1.6495443871441472e-03  7.2979970820100826e-02  9.4128766213230519e-01  9.0822278962261627e-01  
q[69]:  4.2263380972453070e-04  6.1290992492983601e-02  9.9494172206371423e-01  1.0034264972859720e-01  
q[70]:  2.3081628172740374e-03  5.5531492891220377e-02  8.7437134950011175e-01  1.9730962479902608e-01  
q[71]:  3.6913234050665040e-03  1.5283032330157054e-01  9.0441291453396822e-01  4.7877538189295549e-01  
q[72]:  2.4996448231172298e-03  8.4164738919074680e-02  9.3288029079840118e-01  5.9297193989847796e-01  
q[73]:  1.1917308178074127e-03  9.5452130109195399e-02  9.9049445779630407e-01  7.2070194683987598e-01  
q[74]:  2.2049881289802200e-04  4.8043973331076510e-02  9.8270001881628555e-01  9.9040302861731355e-01  
q[75]:  3.1444837259866470e-04  1.1355346830802514e-01  2.1108801088131342e-02  4.5026047002555431e-03  
q[76]:  1.0268402386788037e-03  1.9898982079363414e-01  5.4528897520926710e-03  1.0878880713969653e-01  
q[77]:  5.6204293780658509e-03  3.5510939235438965e-01  9.1316824638549648e-02  4.4508883371316538e-01  
q[78]:  9.6436380772395248e-04  1.1823397062372558e-01  4.5057300946165215e-03  5.0990172402657330e-01  
q[79]:  1.0665197757753666e-03  1.3718136089885324e-01  7.8855039309111783e-03  8.1531414505816069e-01  
q[80]:  2.8560887506703520e-03  2.7688497489947034e-01  5.5551324812923075e-02  7.8996850266009477e-01  
q[81]:  2.4222728533901212e-03  1.3815913309931269e-01  1.9037413372338191e-01  3.5783033386434689e-02  
q[82]:  1.5661043476352624e-03  2.3025380738817686e-01  1.8302962273314483e-01  9.8484856455548209e-01  
q[83]:  2.4625927249212012e-03  2.2320405252950570e-01  1.5588802567035676e-01  1.3499133616849301e-01  
q[84]:  5.8680414516721737e-03  2.2794289174252372e-01  1.9211643249168750e-01  3.4287849556904076e-01  
q[85]:  3.3269778138472687e-03  2.1394109590311425e-01  2.8769812779605147e-01  9.1517908883263699e-01  
q[86]:  5.7322327492616643e-03  1.4975611805733635e-01  3.9804640895676868e-01  2.4185767674351533e-01  
q[87]:  1.6303783265672913e-03  1.6417532132235255e-01  5.2174150494176819e-01  5.6499992763100748e-02  
q[88]:  4.0462023736447849e-03  1.7598647765034858e-01  3.9851491259379995e-01  8.6848900978294907e-01  
q[89]:  1.6551899323690334e-03  2.0041383791331088e-01  6.0492860518539326e-01  1.1682685851703623e-02  
q[90]:  5.0498694179374644e-03  1.6620300732004539e-01  6.5846944375729477e-01  4.7880739712028647e-01  
q[91]:  7.1047473647976745e-03  1.9525717124755368e-01  5.2335549562348671e-01  6.0328438422171982e-01  
q[92]:  2.4612428163280392e-03  1.5591057699955055e-01  7.0556572371815029e-01  6.9800920154475241e-02  
q[93]:  4.3340604809091309e-03  1.5315032100244283e-01  6.8450059973655741e-01  8.7751114480991621e-01  
q[94]:  1.9473691991945792e-03  1.9048573229160098e-01  6.2915568376471187e-01  9.7521097184313954e-01  
q[95]:  4.2665887624015776e-03  1.4769951779770218e-01  7.6320674242724440e-01  1.6950080994915001e-01  
q[96]:  6.2190873677945317e-03  2.3097670421109059e-01  8.3818420719415510e-01  3.0590931445378106e-01  
q[97]:  1.8737372345242350e-03  2.2424001068667154e-01  8.7462534415454751e-01  2.3513587734667805e-02  
q[98]:  5.6109359069543225e-03  1.7808017085283145e-01  8.0381856372831062e-01  6.6058029096563853e-01  
q[99]:  3.0861332263553663e-03  1.6054950272859506e-01  8.7076989889407175e-01  8.0879574410462085e-01  
q[100]: 1.0314561868335200e-03  1.8710329104479889e-01  8.9757948227111239e-01  9.9221387100900915e-01  
q[101]: 4.0721127718403011e-04  1.5829793425438030e-01  9.8722024439059619e-01  1.3189542078547969e-02  
q[102]: 2.5961109244488560e-03  1.9736021125570136e-01  9.4174710622267954e-01  2.0158202970561934e-01  
q[103]: 7.9686821104900949e-04  1.8771971877372165e-01  9.9239673771854842e-01  2.2558120983523303e-01  
q[104]: 1.8901691016252064e-03  2.3335213307113670e-01  9.9065842196102316e-01  4.9710488015719367e-01  
q[105]: 1.7727906958914549e-03  1.9897595350712297e-01  9.6548494505045857e-01  8.2770172647998819e-01  
q[106]: 1.7638663961565821e-03  2.6390956871651411e-01  6.7476865590795160e-02  2.7533811389132048e-02  
q[107]: 3.2921452685828042e-03  3.7983592323036752e-01  3.7551354959147111e-02  1.8363201308276655e-01  
q[108]: 2.5891393331756961e-03  2.7368715660860843e-01  2.0025863590864126e-02  3.5776870502252567e-01  
q[109]: 2.9617987733129010e-03  2.3871090045020654e-01  3.5385963347561368e-02  6.3426854818466216e-01  
q[110]: 4.1890835669850341e-03  3.4228950473929570e-01  1.4180251193524518e-01  8.7573762907964403e-01  
q[111]: 1.0457352159237722e-03  3.2102065749079017e-01  8.4497015321487057e-03  9.3245387592846396e-01  
q[112]: 4.0850616235099009e-03  3.5604654754677528e-01  1.4181328018581602e-01  9.8207956290359860e-02  
q[113]: 6.1059101837188292e-03  4.7645365889416602e-01  1.2542193619427389e-01  2.9087405596707916e-01  
q[114]: 1.5117534951903254e-03  2.9471491440312780e-01  2.8270044926487825e-01  3.5876002081455119e-03  
q[115]: 8.0184392886589132e-03  3.2995986106679481e-01  2.7099455923989046e-01  2.3961567832287933e-01  
q[116]: 7.8478864428410521e-03  2.5771244342092831e-01  3.1760450785151317e-01  7.0641774323184814e-01  
q[117]: 1.4923657706294598e-03  3.3349193495720758e-01  3.0166609771782571e-01  9.8236575182127095e-01  
q[118]: 8.8871146995654852e-03  2.5709549570925555e-01  4.3797321615646606e-01  3.9438865571336051e-01  
q[119]: 7.7370188400113418e-03  3.5948545128991288e-01  4.1043388843326989e-01  5.2816487714413940e-01  
q[120]: 1.8445465232248045e-03  2.7125875668756544e-01  5.2545011121933183e-01  9.8548750238689864e-01  
q[121]: 8.1354199500453615e-03  2.7538251877975090e-01  5.7924599198906057e-01  1.6814261235716654e-01  
q[122]: 8.2358516446839353e-03  2.9696093252091565e-01  5.4258083722298667e-01  8.1885747261056152e-01  
q[123]: 6.7216103297454777e-03  2.7651868702246929e-01  6.9961957426271415e-01  4.8186399293152704e-01  
q[124]: 6.7857964153452688e-03  2.9252911077631438e-01  7.1173946339323357e-01  7.3180821045999367e-01  
q[125]: 2.3046076505761734e-03  3.7972088304155766e-01  7.1278779371837964e-01  1.6789319975134030e-02  
q[126]: 4.6184993820947758e-03  3.1214280162084729e-01  7.9974866122916899e-01  9.5199242293047687e-02  
q[127]: 6.1486987340387796e-03  3.3814848575980688e-01  6.9778517202716672e-01  2.9250128819317495e-01  
q[128]: 4.1209855357256927e-03  2.8264931267264520e-01  7.7957981699843482e-01  9.2763758285036280e-01  
q[129]: 5.4279177931410337e-03  4.0345069554367657e-01  8.6253300474028793e-01  7.8426965823122907e-01  
q[130]: 1.6682146883237445e-03  2.9958216143846789e-01  9.7725787245342544e-01  8.3318450765665825e-02  
q[131]: 4.3545975843172491e-03  3.3359211752082596e-01  9.3998728455984393e-01  3.7580732392584121e-01  
q[132]: 3.5723393083708635e-03  2.6135762006712804e-01  9.4066896704896719e-01  6.7035314580459482e-01  
q[133]: 6.8920224270023792e-04  1.8190893001483674e-01  9.9006996834657912e-01  9.5247096822927524e-01  
q[134]: 8.6965175053721130e-04  4.2563852507006583e-01  1.1985952562915136e-02  3.4328721178477885e-02  
q[135]: 3.8457972106209644e-03  5.8188167618943487e-01  1.3959515146870302e-01  1.9754057412919135e-01  
q[136]: 3.8951261189001758e-03  5.0964069582444893e-01  4.2985560580310930e-02  5.2451030065068538e-01  
q[137]: 1.1352737604314867e-03  3.9449629553246107e-01  4.0602206804941339e-03  5.9622099876540291e-01  
q[138]: 1.7015504254726014e-03  4.5317152448103115e-01  1.4980839856725077e-02  7.7318920872048968e-01  
q[139]: 1.3362845377892874e-03  5.0278460124297475e-01  1.1865550147197827e-01  7.2259950328927057e-03  
q[140]: 7.4792473244350436e-03  3.2271181592405596e-01  2.0236478412768782e-01  5.9114010040142462e-01  
q[141]: 5.5862694091889323e-03  4.4267611010173502e-01  1.1207642268704182e-01  7.1496949804774024e-01  
q[142]: 1.3942855987748404e-03  3.9576498234895602e-01  6.8113749767827469e-02  9.8573995286128979e-01  
q[143]: 4.4349718468785718e-03  4.7316769485686422e-01  2.5244407479858805e-01  5.6275634442214506e-02  
q[144]: 2.2369337261981710e-03  5.1523835263875961e-01  1.5442966489633239e-01  9.5012995405247080e-01  
q[145]: 1.0672995350981266e-02  4.7957910506024487e-01  2.8402763288107263e-01  4.2458293160009924e-01  
q[146]: 5.2190523861572425e-03  4.0771413525294059e-01  2.6136323730349803e-01  8.3583766643720425e-01  
q[147]: 5.0016432277659876e-03  2.1371618168753734e-01  3.4642262980203098e-01  9.3196918687772898e-02  
q[148]: 8.2998297739900924e-03  4.6237679150744043e-01  4.0618268286999337e-01  7.2860630286567740e-01  
q[149]: 4.2905928686542919e-03  3.7550542991022584e-01  4.1837533477431094e-01  9.3231791318344026e-01  
q[150]: 4.3850941030738272e-03  3.5342184938661525e-01  4.6473418172900521e-01  4.6326555904872078e-02  
q[151]: 8.5892492188649767e-03  4.2399958059695098e-01  5.3458699023633960e-01  3.2228709862054006e-01  
q[152]: 1.0888941601584337e-02  4.2818557824910236e-01  5.9353973176823760e-01  6.1366153205479057e-01  
q[153]: 5.3066131487508857e-03  4.4829008761760020e-01  6.1577794289628007e-01  9.3175601020428167e-01  
q[154]: 2.7088141052998456e-03  4.7573131481420128e-01  6.2823602617693308e-01  5.8582072918567166e-02  
q[155]: 7.6626334763779712e-03  4.7369316910956860e-01  7.5804501614375941e-01  4.1457937924928778e-01  
q[156]: 4.7578570756776966e-03  4.7131510446891228e-01  7.3254888159963816e-01  8.4260302394452180e-01  
q[157]: 1.6281380156788873e-03  4.0561456351572556e-01  7.6628713946311033e-01  9.9503976920582204e-01  
q[158]: 3.6182358327738482e-03  5.2758206545220376e-01  8.6324178628807846e-01  5.7995486511972519e-02  
q[159]: 7.5089700212992725e-03  3.6875510207350071e-01  8.5341333923833795e-01  5.5307598422704241e-01  
q[160]: 1.2918380893897014e-03  3.7949659848070888e-01  9.6590042977053847e-01  9.7480463287710850e-01  
q[161]: 1.0410087679870261e-03  4.1444061948620381e-01  9.4546975644096420e-01  9.9813339790530281e-03  
q[162]: 2.6516421870704729e-03  3.8003601332598780e-01  9.2576993724096679e-01  1.5202507678562191e-01  
q[163]: 1.7826272712014389e-03  4.4125020567592327e-01  9.9337374743074791e-01  2.6879952310264293e-01  
q[164]: 1.9065205262799865e-03  4.0950436484154878e-01  9.8577420821355988e-01  6.6497532129094561e-01  
q[165]: 1.1693625469279896e-03  3.6074378501215404e-01  9.8880266281299245e-01  8.3394209608766090e-01  
q[166]: 2.6197654633535799e-03  3.0028788074192064e-01  9.0703026246775686e-01  9.0746176060867256e-01  
q[167]: 1.7242585967609436e-03  5.3871864652454049e-01  4.9829368043393073e-03  3.0290748286753560e-01  
q[168]: 3.7069069926238892e-03  6.5829910463583874e-01  5.6585325573317753e-02  4.0193172580345876e-01  
q[169]: 4.4944775711057722e-03  6.4053819850713067e-01  8.1457723667702639e-02  7.0079592359279796e-01  
q[170]: 3.1238402653203747e-03  5.4741545291649496e-01  4.3731212657904105e-02  8.9320481686424924e-01  
q[171]: 4.1115161583904687e-04  6.0092231856110456e-01  6.8406918503647910e-03  9.8944842366180219e-01  
q[172]: 3.1719925878837089e-03  5.8100022131755269e-01  4.8315936072389931e-02  9.4427845113168041e-02  
q[173]: 7.5534486785109123e-03  5.6151280454525554e-01  2.0713861118359767e-01  6.1083476180723839e-01  
q[174]: 3.5397418086200289e-03  5.5681461584144631e-01  3.0620552498798664e-01  8.0197889549712298e-01  
q[175]: 2.8932423873249658e-03  6.5878212583557483e-01  3.3223569043802187e-01  2.9277241973878165e-02  
q[176]: 2.3855885047651981e-03  5.0443540124907538e-01  2.5115981995236236e-01  9.5919947507998504e-01  
q[177]: 7.4449379576584105e-03  4.5303379479074601e-01  3.9795173190398475e-01  1.6495270189782232e-01  
q[178]: 8.0983114504017510e-03  5.9827084067194136e-01  4.1801790671139694e-01  2.6690941146423081e-01  
q[179]: 8.1191472524335100e-03  6.1757158590847405e-01  3.9850672488747790e-01  5.8571031658924222e-01  
q[180]: 1.8175763609979132e-03  5.4074871479494724e-01  4.2255040533656696e-01  9.9457846662202232e-01  
q[181]: 1.9914689739571542e-03  5.5201756916793443e-01  4.7828275440523293e-01  8.3339640644013672e-03  
q[182]: 5.1681682682801020e-03  6.0233436616057090e-01  5.5241491267764042e-01  1.0492983174149895e-01  
q[183]: 1.0846163273472823e-02  5.8769508910725987e-01  5.7150907551504015e-01  4.4060049778261573e-01  
q[184]: 7.1227319103420112e-03  5.8141839319454691e-01  4.8746059598928360e-01  8.5536429553490456e-01  
q[185]: 6.0960522266041697e-03  5.4380737829863612e-01  7.1915936551068305e-01  7.1644689401538697e-01  
q[186]: 1.2147138288414489e-03  6.2495292022739779e-01  7.8843327970244004e-01  2.5383334940302020e-03  
q[187]: 5.6405319524510502e-03  4.8992962909221055e-01  6.8754074872479398e-01  1.5321929120456892e-01  
q[188]: 5.3220595880283297e-03  4.5689456871418854e-01  8.5954587492359147e-01  2.2224124391665326e-01  
q[189]: 6.0915688381954986e-03  5.7931181808578602e-01  8.1867847242514591e-01  5.7600446981865694e-01  
q[190]: 3.2358105986162724e-03  5.3802798218180414e-01  8.7610808902262638e-01  9.5500042009207942e-01  
q[191]: 1.1143837373801696e-03  6.8765749897852924e-01  9.3949675821295819e-01  3.4851143031748334e-02  
q[192]: 7.5664402558803636e-04  5.3323351737474278e-01  9.9389740187571896e-01  5.3661853031477823e-02  
q[193]: 3.3673423661598092e-03  6.1526848478478147e-01  9.5729467507363919e-01  1.5319968171289727e-01  
q[194]: 3.7410320277702159e-03  5.1042224776461997e-01  9.6026746759522186e-01  4.6726864061966539e-01  
q[195]: 3.7257727753481074e-03  5.4660828515257542e-01  9.3858190415800302e-01  6.7029422691675844e-01  
q[196]: 2.5885866826465538e-03  5.1701876234005428e-01  9.3812181921834570e-01  8.5500934683225061e-01  
q[197]: 7.6791220600148425e-04  5.5992274295104894e-01  9.9823316585800648e-01  9.1166670957922580e-01  
q[198]: 5.0956723741289777e-04  6.9880042847815704e-01  1.6216395317759778e-02  1.0369786808093797e-02  
q[199]: 1.0771863858045816e-03  7.1871447226746510e-01  9.2012525782120755e-03  1.6722000538708226e-01  
q[200]: 4.1070267131808535e-03  7.6101446976637066e-01  6.4121026614021276e-02  2.5197758254856795e-01  
q[201]: 3.9833023085168676e-03  6.4632903379503970e-01  1.5757140823103771e-01  4.4185876410544850e-01  
q[202]: 1.7690487594633529e-03  6.9630481735016736e-01  1.2190630236496804e-02  5.8238884301113691e-01  
q[203]: 1.5294597242223426e-03  7.0809857690744726e-01  1.0752425547596372e-02  7.9127786213212259e-01  
q[204]: 1.9136575179040985e-03  7.2755264887755822e-01  7.2689290861194730e-02  9.5395312845957325e-01  
q[205]: 2.5691576354327844e-03  7.1109355048897016e-01  1.3181750348758478e-01  3.7065474822786618e-02  
q[206]: 4.6597846322447073e-03  6.3928333130555881e-01  1.7592520828279620e-01  8.4134895974686308e-01  
q[207]: 1.1666771466422950e-03  6.7412024825777328e-01  1.5695623642498288e-01  9.9164255324112693e-01  
q[208]: 4.7898792718216359e-03  6.2093809851245307e-01  2.4889365500637253e-01  1.4170976457363199e-01  
q[209]: 5.2451246743056056e-03  6.9082376607908991e-01  2.4420826645149171e-01  3.1189337381678223e-01  
q[210]: 5.4054904648519839e-03  7.4833310376312900e-01  3.2670418997837314e-01  3.7116499685976506e-01  
q[211]: 6.4368558788280572e-03  7.3620793032169318e-01  4.1567919190898889e-01  5.2494255843776239e-01  
q[212]: 7.7473160618203281e-03  7.4417577148311675e-01  2.7709031045442628e-01  7.3267980331913296e-01  
q[213]: 4.4248800833956289e-03  6.7786443730408419e-01  3.2921774239092244e-01  9.2462440800568013e-01  
q[214]: 5.2335643507422022e-03  7.4933756396119033e-01  4.1144431782063556e-01  1.0737231971936151e-01  
q[215]: 7.9029512215008854e-03  7.3900629341326807e-01  5.7931779784193749e-01  2.5035481322377329e-01  
q[216]: 3.2920162483273496e-03  6.3219557734987109e-01  6.3375777220251328e-01  9.7372860748663537e-01  
q[217]: 3.1993179940085861e-03  6.8111179308779768e-01  6.9489987325069746e-01  5.5535286418808852e-02  
q[218]: 7.5187991197880740e-03  6.2420079278047436e-01  7.4239134644156568e-01  2.5739345090931659e-01  
q[219]: 6.4084420667948720e-03  6.5216186967597167e-01  5.8780547285102414e-01  7.2634376098695763e-01  
q[220]: 5.1758814182190273e-03  6.5171594115218789e-01  7.8231856018545243e-01  8.7694701540815501e-01  
q[221]: 1.7793493252857720e-03  7.3044159130894526e-01  8.0424014657485865e-01  9.8183182964212179e-01  
q[222]: 5.5426628507548228e-03  7.3699746942011857e-01  8.2144584708097568e-01  1.3407731635182144e-01  
q[223]: 5.1551397148445720e-03  6.9632060766051573e-01  8.6549190222822847e-01  7.2482628216181400e-01  
q[224]: 5.0128357599342902e-03  7.1263474595996723e-01  8.6773513371584032e-01  4.2512961702242907e-01  
q[225]: 2.5067307935578713e-03  7.4767035098039702e-01  9.3527208360805336e-01  9.2063496128110933e-01  
q[226]: 5.7217496512194173e-04  6.3919811015943351e-01  9.6794450277825694e-01  9.9608573641683695e-01  
q[227]: 2.9717066968353955e-04  7.3813577512463013e-01  9.8623282596910422e-01  5.2263260340521785e-03  
q[228]: 4.6228031133866776e-03  6.0217539208350457e-01  9.0350069171673630e-01  3.4158143292424287e-01  
q[229]: 2.2546710863866767e-03  7.2457786936114754e-01  9.8115672782655738e-01  3.0637047292510788e-01  
q[230]: 1.5919140256398054e-03  6.6853599243348893e-01  9.9550317275870792e-01  5.4574376403112779e-01  
q[231]: 2.4551348359634954e-03  6.8076150230686439e-01  9.7129924573603033e-01  7.8662088039477041e-01  
q[232]: 3.8945288174109240e-04  8.3845398158886153e-01  1.0048148107977258e-03  8.5328950262988437e-02  
q[233]: 2.2421437607783408e-03  8.5077423494201554e-01  1.5981667601143258e-02  4.2003443979278970e-01  
q[234]: 3.6153940724057585e-03  8.4940025309537914e-01  5.3095941711996060e-02  6.6559777627379668e-01  
q[235]: 7.9558376511966542e-04  8.1032035972566796e-01  1.2574686539972752e-02  9.3914857855824241e-01  
q[236]: 1.7221283105526457e-03  8.4530288792948305e-01  6.0821225801329239e-02  6.9082909435072365e-02  
q[237]: 6.7244917121313348e-03  7.8175761582781012e-01  1.4716140858321267e-01  5.3512562405927233e-01  
q[238]: 3.9636494976274268e-03  8.0015381469073998e-01  1.1113512726662721e-01  8.4111547956589916e-01  
q[239]: 4.0713680066947651e-03  7.9229970111135017e-01  1.7784072481024590e-01  1.4169182762589605e-01  
q[240]: 2.3237166693825446e-03  8.3931338725926385e-01  2.4355769100766561e-01  9.0278541164607473e-01  
q[241]: 1.2645135988981686e-03  8.2878675959837922e-01  2.4891255192362985e-01  7.7677729117190033e-03  
q[242]: 3.4072813776463112e-03  8.5682054248510198e-01  2.7505125771173350e-01  2.1963948795120261e-01  
q[243]: 6.3303670253644058e-03  7.7967010547118965e-01  5.0656350382796544e-01  7.2086104684739039e-01  
q[244]: 1.5308105928278700e-03  8.3784995519238437e-01  5.3968565731650930e-01  9.8964235607405437e-01  
q[245]: 2.6258137490156488e-03  7.9018758713279258e-01  5.7974024576555228e-01  1.9996684018713944e-02  
q[246]: 2.2050852450699373e-03  8.2169041139510246e-01  5.3534835137144687e-01  1.5496583765190911e-01  
q[247]: 2.9794935446556124e-03  8.5754598900693413e-01  7.2374382070002119e-01  9.4290040970932465e-01  
q[248]: 6.4690342769810104e-03  7.9231509039506975e-01  6.9599471609990904e-01  4.1357278040833134e-01  
q[249]: 6.7016520679434512e-04  8.8859465587192599e-01  8.4697059603202085e-01  3.0845720198370797e-03  
q[250]: 4.7913694780412309e-03  8.5587222501002214e-01  8.1820392917244489e-01  3.1092998430223012e-01  
q[251]: 7.4133014351858376e-03  7.1566847403259315e-01  6.9948234571749413e-01  5.6156006919121082e-01  
q[252]: 4.0301116015288236e-03  8.3826717066233791e-01  8.5627358505435103e-01  8.2357075585282169e-01  
q[253]: 8.1915763416694806e-04  8.6836033706863369e-01  8.9935535266074351e-01  9.9102706206990476e-01  
q[254]: 1.3225024605224198e-03  7.9258668885267947e-01  9.1022673583097502e-01  3.9612535910846576e-02  
q[255]: 1.0813851881469050e-03  8.2888615302967139e-01  9.9152325549231790e-01  1.1802940099033575e-01  
q[256]: 2.3554898565655139e-03  8.8717782648122001e-01  9.7423235218981397e-01  4.0906811236158641e-01  
q[257]: 4.9070813569949316e-03  7.9841077791344950e-01  9.3155191289277939e-01  5.6632210761243851e-01  
q[258]: 5.7047524322827983e-04  8.1453581873179781e-01  9.9057717071220019e-01  9.5322253261411460e-01  
q[259]: 4.7623297219823971e-04  8.9854592426652624e-01  5.2453485607555778e-02  8.0718835993609100e-03  
q[260]: 6.2484252917567563e-04  9.6071727042379862e-01  2.6470156819116191e-03  6.3623239193620029e-01  
q[261]: 1.4243878471213490e-03  9.1301562555417359e-01  2.3268906046994827e-02  8.4015744498261624e-01  
q[262]: 1.5300725189325739e-03  9.2614634319550460e-01  1.0760836638085002e-01  1.4969339004791302e-01  
q[263]: 4.4410220102307644e-03  9.3379637600527932e-01  1.6850032654634683e-01  7.4004076952826192e-01  
q[264]: 6.2480674204721696e-04  8.9715592115158316e-01  5.4717404850114837e-02  9.9250429441678645e-01  
q[265]: 2.1450478641382551e-03  9.2995016106719386e-01  2.1141652412893852e-01  6.3817780062639926e-02  
q[266]: 3.6267514624037829e-03  8.7462326931338708e-01  1.8632365423477415e-01  3.8986324457557253e-01  
q[267]: 2.1118903122164176e-03  8.9006379553810022e-01  1.8485951081529398e-01  9.4986866394562341e-01  
q[268]: 2.3327016181329632e-03  8.7048493611388678e-01  3.7761248759448324e-01  5.8629737303599931e-02  
q[269]: 5.5593068995809496e-03  8.7151232272925205e-01  2.8638110891646373e-01  6.1381820006113352e-01  
q[270]: 1.1629752053050704e-03  7.9656423939203713e-01  2.7982619790868718e-01  9.9177649047307670e-01  
q[271]: 6.5151691872692395e-03  8.4787670885527056e-01  4.7922909749889891e-01  3.9948879133854071e-01  
q[272]: 1.6405270498334209e-03  9.4693045488110106e-01  3.6717080507883176e-01  9.7559475578475618e-01  
q[273]: 3.5667723382832718e-03  7.5420771272505327e-01  4.5655269368226498e-01  9.4043898245684232e-01  
q[274]: 3.0108817397859469e-03  9.3074030454058798e-01  5.5593647511237676e-01  9.1208920501907120e-01  
q[275]: 2.2424514075298102e-03  8.6126358775894407e-01  7.5163157975202921e-01  4.8394534628578033e-02  
q[276]: 1.3838481860809525e-03  9.3899759290540419e-01  8.4360278910198860e-01  9.3847973814920693e-01  
q[277]: 1.2810864062870460e-03  9.0217703021406559e-01  9.3409660610559886e-01  7.9013537529720179e-02  
q[278]: 4.7660478636665799e-03  9.2785332565278889e-01  8.2898978942934898e-01  4.9332052214159516e-01  
q[279]: 5.9442044941582072e-03  8.4608322003678638e-01  7.6160046599806541e-01  6.6937603980541061e-01  
q[280]: 1.4880499493162677e-03  9.1246154500843979e-01  9.5153188359434115e-01  8.7713801071078645e-01  
q[281]: 2.8930466389264457e-04  9.4664360545341042e-01  9.8518688228253914e-01  9.7827190301438871e-01  
q[282]: 4.2051451211182265e-04  9.4524168639975037e-01  9.8007602861678234e-01  2.2406278376038462e-02  
q[283]: 2.8659107971999351e-03  8.1482518010419680e-01  9.1864859477801353e-01  2.2588842166163250e-01  
q[284]: 6.2622779301462102e-04  9.6197209923852001e-01  9.9064583442375587e-01  2.4573083628802969e-01  
q[285]: 1.4906931850120209e-03  8.5209283502505051e-01  9.8958191196619572e-01  7.3910089960450220e-01  
q[286]: 3.4764490102895873e-04  9.7496147943647338e-01  1.5717229373136059e-02  4.3801653948020984e-02  
q[287]: 1.2608949235588104e-03  9.3572421234907321e-01  2.0090570209239135e-02  2.0385841062938659e-01  
q[288]: 2.7719339254226641e-03  9.0461406484980855e-01  1.0704034763402608e-01  3.0830909659000127e-01  
q[289]: 6.5784369559028944e-04  9.9056991680058792e-01  2.5558197070521940e-02  3.5347611143130891e-01  
q[290]: 2.9178993070540118e-03  9.5708842413868767e-01  7.8628547011017486e-02  5.1686959522957809e-01  
q[291]: 7.0911783280454244e-04  9.9567447326738123e-01  5.4545685845757724e-02  7.6892752933219255e-01  
q[292]: 1.3416575606957843e-03  9.6518210103580560e-01  9.1275210353915365e-02  9.1473585237978017e-01  
q[293]: 2.1589256989801967e-04  9.8233476937417141e-01  8.9208379958071581e-03  9.6126282666623519e-01  
q[294]: 4.9816248933157810e-04  9.7599446277805735e-01  1.3984908867445514e-01  1.5123151929940465e-02  
q[295]: 7.3408621784676776e-04  9.9239831882957341e-01  8.6344299739397237e-02  1.2654606012428193e-01  
q[296]: 1.2645724062169028e-03  9.9710335882921719e-01  2.0095307781705485e-01  5.9874329220183387e-01  
q[297]: 3.4801106666697317e-04  9.9111612057432719e-01  1.7064158903095031e-01  9.8889760412422789e-01  
q[298]: 2.3153111265095693e-03  9.7251682049435151e-01  3.0685013841969155e-01  1.6071322298376553e-01  
q[299]: 2.1156061130088522e-03  9.8260685217903909e-01  1.8865746484828036e-01  3.0399144390226224e-01  
q[300]: 6.2595943185240761e-04  9.9421675829665979e-01  3.5207633545118594e-01  3.3981460785262776e-02  
q[301]: 3.1110405182210861e-03  8.7150329442349284e-01  3.6672437923345036e-01  2.3761313840664885e-01  
q[302]: 4.8665440165190470e-03  9.4493940878419247e-01  3.1306009246535055e-01  4.6817024250876677e-01  
q[303]: 2.1671539934440234e-03  9.8158291601225356e-01  2.8270472197143959e-01  8.6395133748616837e-01  
q[304]: 3.7560737343618712e-03  9.4998837352022347e-01  4.7321715961089611e-01  2.5936992274913728e-01  
q[305]: 1.4414881601366647e-03  9.9609488058376583e-01  4.3825605446155252e-01  3.9975559951622652e-01  
q[306]: 6.9855187977192730e-03  8.8969602528655667e-01  5.5684089833063488e-01  5.8136645297052159e-01  
q[307]: 3.8930742250611852e-03  9.7085798693492475e-01  4.2478806070073338e-01  6.8239528201022681e-01  
q[308]: 6.0796475963627175e-03  8.7859580664639347e-01  3.9975197957188729e-01  8.2881325092626246e-01  
q[309]: 5.9957224776379942e-04  9.9745205551884242e-01  5.1379183217733682e-01  9.5170671279168184e-01  
q[310]: 6.4766384100750814e-04  9.3554203315150208e-01  4.5437825134906923e-01  1.8481114737909342e-03  
q[311]: 1.1007535161706417e-03  9.9642574326175992e-01  5.7538923395900465e-01  1.3733647171503613e-01  
q[312]: 2.4525572586709655e-03  9.8064897084395575e-01  6.2338244927373754e-01  5.1717456709068554e-01  
q[313]: 1.2295503885784266e-03  9.8989995952062326e-01  5.6957321786445447e-01  8.0054744298010738e-01  
q[314]: 5.8337783260246625e-03  7.7237026833779587e-01  6.4168205665360079e-01  8.5201734150310682e-01  
q[315]: 2.4594057391634063e-03  9.3587663021223910e-01  5.1741127560887379e-01  7.8550107719406806e-02  
q[316]: 4.1064697049710084e-03  9.4373758507548722e-01  6.5638906718714418e-01  3.5179959453535004e-01  
q[317]: 4.3238516693252411e-03  9.3379639404827308e-01  6.7628514156448227e-01  7.6700102621729382e-01  
q[318]: 7.0268635910540741e-04  9.6559774418702271e-01  6.9917215322902460e-01  9.9388254819083832e-01  
q[319]: 1.1279489312850609e-03  9.7194755697580704e-01  6.7729418018518583e-01  2.5098922009451539e-02  
q[320]: 5.1443064259469110e-03  8.8501309755936186e-01  6.7607436387078801e-01  1.6331083036177957e-01  
q[321]: 1.8247819131459073e-03  9.8675611534273266e-01  7.6657883368378288e-01  2.5673431105194400e-01  
q[322]: 1.6136900513355798e-03  9.8981945649730940e-01  7.7409885336484763e-01  6.2377248807578056e-01  
q[323]: 1.3694888523637298e-03  9.6148990289918024e-01  8.5452819742911423e-01  7.9656319399167885e-01  
q[324]: 1.1261426448277558e-03  9.8655233582875879e-01  7.6489725009021881e-01  8.9113339352954346e-01  
q[325]: 1.9725658680750536e-03  9.6301169641049400e-01  8.2551116975886241e-01  1.0540390783593857e-01  
q[326]: 3.7509694581353627e-04  9.9150848833497396e-01  9.1824182861476644e-01  9.6914366433953270e-01  
q[327]: 3.1186120161971038e-04  9.9290330741537025e-01  8.8948760360528245e-01  2.1947606511470836e-02  
q[328]: 3.6102004920266834e-04  9.9489004312432283e-01  9.6880732918764656e-01  1.1630852130765548e-01  
q[329]: 2.1471177822819268e-03  9.3645986910726975e-01  9.1404440229799633e-01  2.1949971313896563e-01  
q[330]: 1.4280195469337628e-03  9.8892880499146552e-01  9.1930511641422163e-01  3.9715430800135948e-01  
q[331]: 7.1542677876883264e-04  9.7389948021854433e-01  9.8967708525763920e-01  5.7232528804654992e-01  
q[332]: 2.4183655167448539e-03  9.3634939075320822e-01  9.2754211959556920e-01  6.6635888078606409e-01  
q[333]: 5.2890914095872336e-04  9.9562587578752382e-01  9.2024438560797450e-01  7.3679056298924883e-01  
q[334]: 4.5936854036638780e-04  9.8212063999367039e-01  9.8381447521163878e-01  8.5407336039854564e-01  

