deg: 10
dim: 3
nodes: 72
efficiency: 1

q[0]:  7.5037910742970036e-03  3.5411670069498309e-02  8.0579326575558372e-02  2.7237677418067735e-01  
q[1]:  1.6806145746596873e-02  1.0656791623910250e-01  3.0962134841666766e-01  2.8476397125620806e-01  
q[2]:  6.3403902052050444e-03  2.4925757953727129e-03  1.4625588647311036e-01  7.0188699757744288e-01  
q[3]:  2.9914163776222232e-03  7.7278679249173199e-02  7.7689994144995757e-03  9.2189489579362971e-01  
q[4]:  5.4546963381871833e-03  2.8593251088551600e-02  3.0019666483063384e-01  5.0314405676088254e-02  
q[5]:  1.6547679668907567e-02  5.2811456815031591e-02  4.6881540132392535e-01  4.7692942250004977e-01  
q[6]:  6.9046458342103762e-03  6.7162700003938369e-02  2.7482700980403835e-01  9.7193970632829607e-01  
q[7]:  6.3778073596637477e-03  2.3599886543520243e-02  6.6079665053320724e-01  1.1029027683089014e-01  
q[8]:  2.1110036445017025e-02  1.5709760905650638e-01  6.3094648007837939e-01  1.8414377399088055e-01  
q[9]:  5.5533435624923414e-03  1.1922593385450805e-01  8.6625987381075564e-01  1.4151259145720279e-02  
q[10]: 4.1034401321171790e-03  4.0431435002432181e-02  9.6988063812066605e-01  1.6969584815946426e-01  
q[11]: 8.9718388583318581e-03  1.5409045723266375e-02  8.1233929996643739e-01  4.5897120508751327e-01  
q[12]: 6.4742538341391077e-03  9.4770187713941786e-02  9.8590521593006586e-01  6.4394133443909018e-01  
q[13]: 3.5791560085177117e-03  2.3908576513601190e-02  9.1508934640165951e-01  9.3738815612689774e-01  
q[14]: 1.7906664177755459e-02  2.5701672358485900e-01  1.6607571799530974e-01  1.2996260202243226e-01  
q[15]: 1.0683554379923689e-02  1.5751276723911645e-01  2.9895211817953880e-02  5.1298271425348851e-01  
q[16]: 1.6041873881593942e-02  1.8442988480926639e-01  1.3998295595378099e-01  8.0041012755030472e-01  
q[17]: 3.8134405272427087e-03  1.1238834428204759e-01  3.8957849966560786e-02  3.8017711510234781e-02  
q[18]: 2.1380813187154665e-02  1.6290898839582726e-01  3.1755417513326128e-01  6.3123256199040823e-01  
q[19]: 1.3744676842233414e-02  2.7532426506123092e-01  4.4995704310513507e-01  2.7089409032527406e-02  
q[20]: 7.6357007810079671e-03  1.9362776057231940e-01  7.2472329641587296e-01  9.9248181894465359e-01  
q[21]: 1.7490909288691018e-02  1.2845603179469320e-01  8.0870650919671305e-01  7.4283615214602605e-01  
q[22]: 7.1921980870571665e-03  3.5645574659207951e-01  9.7924710501745038e-01  1.0450609386327045e-01  
q[23]: 2.3220866233209306e-02  2.0835953797251242e-01  8.8357747263726760e-01  3.2502563592066469e-01  
q[24]: 1.3516440162098157e-02  4.4297956264999612e-02  5.7226283424798108e-01  8.4670963311267222e-01  
q[25]: 1.0389447989241643e-02  2.8803469079828464e-01  9.5166154562792193e-01  9.0684403553932291e-01  
q[26]: 7.8298549232765115e-03  4.1794818976191800e-01  1.1620321289478918e-02  1.8519346397295816e-01  
q[27]: 1.4763782088139299e-02  3.7773309276861200e-01  1.0451616977530231e-01  4.8638494474823774e-01  
q[28]: 1.0995484621762476e-02  3.6862722316344160e-01  1.0651781799308660e-01  9.5529289638981030e-01  
q[29]: 3.2820160605911926e-02  6.0500719567926386e-01  3.7477831553749075e-01  1.5496067824737961e-01  
q[30]: 2.7597610704114539e-02  3.0623969785624605e-01  4.5331386981874339e-01  8.8246254498500032e-01  
q[31]: 2.3280836766761719e-02  3.7003529791139461e-01  2.3645870559208290e-01  3.7359298676354619e-01  
q[32]: 2.8023582205639417e-02  4.8539012328080849e-01  8.2362450897519435e-01  7.7489652013699162e-01  
q[33]: 2.2912119836380942e-02  4.6269362418738053e-01  7.8041116966266633e-01  8.4543506785333900e-02  
q[34]: 3.6357857493114647e-02  2.8860753156327962e-01  6.5515835154752611e-01  5.7628697054172817e-01  
q[35]: 1.7184100844013218e-02  4.5241956933439370e-01  9.6007518386316126e-01  5.1271167674191975e-01  
q[36]: 2.6674829906845322e-02  6.9212362749776679e-01  1.4766443304008878e-01  4.5755048923896324e-01  
q[37]: 1.3587871495734035e-02  5.1289600785348666e-01  2.9056274213728257e-02  7.5321084792551163e-01  
q[38]: 9.4285529309698444e-03  5.6097101588600806e-01  1.2384565447065252e-01  2.0420860711233061e-02  
q[39]: 3.8492015185296047e-02  5.2852420607966566e-01  3.3419205734923324e-01  6.9687633818954842e-01  
q[40]: 1.0058943504420190e-02  6.0628553710843347e-01  3.2865596415684811e-01  9.7747667692116258e-01  
q[41]: 1.0134082842739216e-02  7.4890344363623329e-01  5.8327650682221965e-01  1.7205324099750358e-02  
q[42]: 1.6581369979079184e-02  5.7339349040715870e-01  6.8272733180818324e-01  9.4567246068954236e-01  
q[43]: 3.4397239659058082e-02  4.2418715724534944e-01  5.4227100071879064e-01  3.2053089983780603e-01  
q[44]: 1.0481099754729930e-02  7.4895858676088023e-01  9.5788423016111446e-01  2.0313724912611947e-01  
q[45]: 2.9851280232799923e-02  6.4854823733342970e-01  8.1740270979461038e-01  3.3513287816416293e-01  
q[46]: 3.8580895577728001e-02  7.0472652125691326e-01  5.9876275461150019e-01  5.6478612415552365e-01  
q[47]: 4.8696616704311307e-03  6.5959160459862576e-01  9.6343958887387893e-01  9.7100294406867949e-01  
q[48]: 1.1778913022864167e-02  7.2638108826878822e-01  4.5295804820253839e-02  2.4377926014724699e-01  
q[49]: 2.0944179540681781e-02  7.6102001697233779e-01  1.6677015581853194e-01  8.5407768255448735e-01  
q[50]: 2.6637914744460207e-03  7.7597453008761619e-01  1.4857514456095232e-02  9.8448186735564280e-01  
q[51]: 1.4865747415993068e-02  8.6769705260251262e-01  2.0733955004536175e-01  1.0138802469371071e-01  
q[52]: 2.3787883767986927e-02  8.1665427585050365e-01  5.4886583961873525e-01  8.3875348032452546e-01  
q[53]: 1.9072449338877480e-02  8.6915427745780804e-01  6.9089342721573144e-01  1.5584184689999178e-01  
q[54]: 2.7166617336053928e-02  8.6332886990587898e-01  3.9957059505821246e-01  3.6072042593955372e-01  
q[55]: 1.1441832477251663e-02  8.0589404411171406e-01  8.8060056984213275e-01  8.0467618569589028e-01  
q[56]: 3.4742427371105737e-03  7.2395701067442997e-01  9.4705868977371088e-01  7.4570445751476816e-03  
q[57]: 8.6624676315338600e-03  7.5812042696620385e-01  9.7554009000812336e-01  6.8051150712696973e-01  
q[58]: 7.2815058360297877e-03  9.8354629278072081e-01  1.0186854300563275e-01  2.9042454286698133e-01  
q[59]: 9.1654770922112126e-03  8.8989271658728020e-01  2.5835319195929313e-02  6.0943425263275464e-01  
q[60]: 5.0428597434576967e-03  9.7231121043065438e-01  9.1790097671513388e-02  8.9487111386112073e-01  
q[61]: 2.4680526827364721e-03  9.0736098163890122e-01  1.5222199890309556e-02  3.8285757689856620e-02  
q[62]: 1.9396146723230163e-02  9.3830633693650645e-01  2.8580824441746883e-01  6.3898223682326927e-01  
q[63]: 6.5699034042101334e-03  9.3281075729343310e-01  3.7754708924754887e-01  9.7465890256429122e-01  
q[64]: 7.5463577535095369e-03  9.9456346115555516e-01  6.2364412098431310e-01  7.7315749568908887e-01  
q[65]: 3.9542394185137636e-03  9.8439973248858992e-01  3.9756288642731802e-01  3.0847149000070396e-02  
q[66]: 7.2450856684748849e-03  9.0837708613498791e-01  8.0805735366468745e-01  9.6475754449181861e-01  
q[67]: 8.0414961820633787e-03  9.8901496763523000e-01  5.8728561835652482e-01  2.9686420495250526e-01  
q[68]: 5.6293576956862107e-03  9.5672880933502902e-01  8.8675851224967428e-01  6.7174099546983945e-02  
q[69]: 4.6266439210682301e-03  9.5361466259671679e-01  9.7679151603896808e-01  3.4388961685657926e-01  
q[70]: 1.9917647085049894e-02  9.2090627570125727e-01  8.2783531083899176e-01  5.4032009720296348e-01  
q[71]: 2.6186422394992664e-03  9.8200288670140867e-01  9.7566022982460332e-01  8.6349920412435610e-01  

