deg: 9
dim: 3
nodes: 60
efficiency: 0.916667

q[0]:  6.6702632981199515e-03  3.7300638978106627e-02  2.3036496241185969e-01  3.8166656469908598e-02  
q[1]:  9.7719464624902493e-03  9.3973109735620605e-02  2.8400282115750058e-02  2.0728559647098233e-01  
q[2]:  1.3834182848978440e-02  2.9482076920647259e-02  1.6458757287266412e-01  5.2094082187170399e-01  
q[3]:  5.5622354300108243e-03  4.3950747086819307e-02  5.1999598142637125e-02  8.7831980900593454e-01  
q[4]:  1.1327747281773904e-02  1.9707155261098275e-01  1.7993204630948562e-01  9.7645695469416383e-01  
q[5]:  1.5416627466942072e-02  4.3708866506306711e-02  4.1407225839045192e-01  8.6435971184433358e-01  
q[6]:  1.7626592044919079e-02  4.8352944666415265e-02  5.0793356557719782e-01  2.1287235467234417e-01  
q[7]:  1.5558721325746237e-02  2.1067701179898191e-01  5.2339194283162627e-01  3.5106050928201865e-01  
q[8]:  2.8240525305070222e-02  1.6983465899812369e-01  4.7137902003072468e-01  6.8797153632603580e-01  
q[9]:  9.8466367080704414e-03  5.3983196404375967e-02  8.9065539889027889e-01  9.2989922000789121e-02  
q[10]: 1.6922273978728558e-02  3.0530443251716222e-02  7.3251820564891512e-01  4.9540211870149609e-01  
q[11]: 6.0390429553470780e-03  2.8614806455825131e-02  9.6027605651753689e-01  7.7869080935362756e-01  
q[12]: 7.9931738357365851e-03  7.4819060745286992e-02  7.6616508349327528e-01  9.7653140216293344e-01  
q[13]: 1.0193101481737497e-02  3.0786593793554273e-01  9.0105558941992001e-02  3.6524533298064606e-02  
q[14]: 2.2441614068042411e-02  1.9039485830708711e-01  2.1087527341723569e-01  4.9398804855237766e-01  
q[15]: 1.5097550511432040e-02  2.4854484097990825e-01  3.1294048221840752e-02  7.0500292234558803e-01  
q[16]: 2.5817147069465848e-02  2.3352859212191299e-01  2.9270554752024847e-01  2.2006974385936259e-01  
q[17]: 5.5975531495959458e-03  3.2178360293250674e-01  3.0148759623134302e-01  7.9654654704328653e-01  
q[18]: 2.5137575167929263e-02  3.9847083938055511e-01  5.4576949038703249e-01  9.4466260393492363e-01  
q[19]: 1.5970787517440761e-02  2.0847385850580405e-01  6.2789713233040723e-01  2.7526868610812782e-02  
q[20]: 2.6977972854537537e-02  3.2018578172685502e-01  7.7143895353793357e-01  2.2739455205201303e-01  
q[21]: 2.9381871569509950e-02  2.0505613207567108e-01  7.8376128211678942e-01  7.4796875394645324e-01  
q[22]: 1.6586087502095493e-02  1.5846119048333013e-01  9.6126226566247563e-01  3.7278380700456604e-01  
q[23]: 1.5863737036169882e-02  3.2825449767051190e-01  7.8546908605452126e-01  4.7883824304863076e-01  
q[24]: 1.0073314247755418e-02  2.8643284258160445e-01  9.5785219597563731e-01  9.2545429884491426e-01  
q[25]: 2.8211351594880300e-02  4.8742335350131089e-01  6.1190170176805697e-02  3.7518605893330709e-01  
q[26]: 9.6025138865210736e-03  5.8898122341994341e-01  3.3827396155416412e-02  9.4646288896063480e-01  
q[27]: 2.0900464141035059e-02  4.4702515120588471e-01  2.6927666151904717e-01  1.4259596080695844e-01  
q[28]: 2.6729703445663881e-02  4.2034753485818144e-01  2.1302208611859114e-01  7.9998568436048556e-01  
q[29]: 6.0489154779030260e-02  5.0151410210533909e-01  4.9912861220305160e-01  5.0074677268089851e-01  
q[30]: 2.0311195732366394e-02  5.5066651040020798e-01  7.3337298581744914e-01  8.5756590231336038e-01  
q[31]: 9.5992425146485191e-03  4.0946444928045050e-01  9.6629962395145108e-01  5.3704837576952824e-02  
q[32]: 2.8349872114339404e-02  5.1146331967855718e-01  9.3863290714336034e-01  6.2442063116448143e-01  
q[33]: 1.0012985434498951e-02  7.1227726664513802e-01  4.1968268617757987e-02  7.3971072096257209e-02  
q[34]: 1.4707365197223517e-02  6.6936907503795107e-01  2.0578825070741902e-01  5.1405178263681828e-01  
q[35]: 1.6567754037619047e-02  8.4099101820115130e-01  3.8575430774652468e-02  6.2801855109744509e-01  
q[36]: 2.9124338756481360e-02  7.9402721344017824e-01  2.1514204837916534e-01  2.5014963966771292e-01  
q[37]: 2.6208728821728530e-02  6.7300265317520325e-01  2.2758108022329837e-01  7.7922464547401271e-01  
q[38]: 1.5884084093725635e-02  7.9179940106767410e-01  3.7268948463445001e-01  9.7272156454476222e-01  
q[39]: 2.4930329988014078e-02  6.0297056903113888e-01  4.5512287430432108e-01  5.4760022411487752e-02  
q[40]: 2.9042608467002278e-02  5.7804496623420965e-01  7.8327483410424303e-01  1.9589770946336915e-01  
q[41]: 2.5783039510616022e-02  7.6376146493773001e-01  7.0900729584962008e-01  7.8243367898268690e-01  
q[42]: 1.5186893699764196e-02  7.5046712199560439e-01  9.6845888906621780e-01  2.9449121691952623e-01  
q[43]: 2.2143561252460101e-02  8.0813981514739119e-01  7.9079778270762691e-01  5.0486462660757636e-01  
q[44]: 1.0113525193106928e-02  6.9138104041242754e-01  9.1048879481557032e-01  9.6388114746623799e-01  
q[45]: 7.9816727450655583e-03  9.2541660143292037e-01  2.3339247510049421e-01  2.3558440296637020e-02  
q[46]: 6.0591138618454965e-03  9.7072398068086951e-01  3.9367269992492730e-02  2.2122115491375910e-01  
q[47]: 1.6540821927489607e-02  9.7032071043633172e-01  2.6474247389618788e-01  5.0418094491407717e-01  
q[48]: 1.3895127585114552e-02  7.9728715237572967e-01  5.0170427323355882e-01  6.5634365883295831e-01  
q[49]: 9.8654171260429448e-03  9.4564861749165663e-01  1.0917940474189070e-01  9.0715229807517694e-01  
q[50]: 4.7546571176267085e-03  7.5530047449905391e-01  3.0685537963838411e-01  6.4415727988332327e-01  
q[51]: 1.5460043430213993e-02  9.5618290272914008e-01  5.8622422551982933e-01  1.3555225380456570e-01  
q[52]: 2.5058533004278093e-02  8.3717960605919584e-01  5.1376427236015099e-01  3.2074075516182238e-01  
q[53]: 7.6885020390469209e-03  7.5230928679701714e-01  6.3636879635810661e-01  2.4752691691967738e-01  
q[54]: 1.7496429066433915e-02  9.5218238304194402e-01  4.9053744471032418e-01  7.8716994409601682e-01  
q[55]: 1.1311888898695895e-02  8.0377535853083215e-01  8.2145754521361203e-01  2.3642456395398397e-02  
q[56]: 5.5132388256492202e-03  9.5671436823701750e-01  9.4855302118860840e-01  1.2271627979495636e-01  
q[57]: 1.4030905242421602e-02  9.6987442765151566e-01  8.3462729874014085e-01  4.7987708629250969e-01  
q[58]: 9.7751905445646950e-03  9.0582702887082867e-01  9.7175353008940679e-01  7.9243993298588655e-01  
q[59]: 6.7214648071399494e-03  9.6247489246850570e-01  7.6997334320692501e-01  9.6142860868700697e-01  

