deg: 12
dim: 3
nodes: 116
efficiency: 0.982759

q[0]:   2.2976827554425255e-03  4.9570188213955931e-02  8.9153616246518491e-02  2.7211393067020157e-02  
q[1]:   1.5312118839025141e-03  5.2697935921996002e-03  2.8749074063325605e-02  2.3187867408151255e-01  
q[2]:   7.1766336688658559e-03  4.2633144766535555e-02  1.3131647918655581e-01  5.0344653967569253e-01  
q[3]:   2.9911235717618363e-03  2.9927462159708634e-02  3.5211252986565494e-02  7.5897799961230961e-01  
q[4]:   2.1177663229620790e-03  4.5601742540712087e-02  4.6888060441701040e-01  4.9758119550531374e-03  
q[5]:   6.7858989204863393e-03  2.7615118964496775e-02  3.1070447936223611e-01  1.4515947929480533e-01  
q[6]:   1.1598107844869700e-02  1.0826390035487951e-01  1.7563795304550048e-01  2.9598059328797149e-01  
q[7]:   1.0942609050724646e-03  6.6409454945108633e-03  1.5050322651533382e-01  9.8577624039378875e-01  
q[8]:   4.9319508997346575e-03  2.0839529079133643e-03  4.0057986462643674e-01  5.4452922433004358e-01  
q[9]:   8.2419230087162586e-03  6.0104866690747286e-02  2.2886126979348415e-01  8.3748018448406236e-01  
q[10]:  1.4703256511150840e-02  1.4341270099456319e-01  4.5015825861460135e-01  4.0862511274827412e-01  
q[11]:  1.6565544488135103e-02  1.3068330745496831e-01  3.6568827911431007e-01  6.7005023085544047e-01  
q[12]:  4.9180286009621200e-03  2.2886975293714581e-02  5.1405688544461592e-01  9.0133254448937783e-01  
q[13]:  1.2467813895378115e-02  4.7840052139117295e-02  6.3511085060364969e-01  3.1125136482749377e-01  
q[14]:  3.7665461064108493e-03  2.2154070350554268e-02  7.7691939276484878e-01  7.5171888005555770e-02  
q[15]:  4.0403547665424349e-03  1.1105032309788695e-02  8.1919345192712023e-01  6.1461611528472548e-01  
q[16]:  1.0365065616676848e-02  6.6187701179042102e-02  6.7796966407496084e-01  7.3699438027405606e-01  
q[17]:  1.4461563545262277e-03  9.5370187987391473e-03  8.6999111377866967e-01  9.7271656378623517e-01  
q[18]:  2.0571120200648680e-03  7.7036285281544478e-02  9.6544721259298549e-01  3.4655248784192565e-02  
q[19]:  2.8870606451411123e-03  1.6975138415529261e-02  9.4817052272297342e-01  2.6899074511721116e-01  
q[20]:  2.3095488652783197e-03  7.3558657222451848e-02  9.8005961393535279e-01  5.2260527100809695e-01  
q[21]:  3.4001501821467289e-03  4.8679217926305814e-02  9.6842459480427179e-01  8.0566119869797759e-01  
q[22]:  4.4253094151685398e-03  1.5155827170946654e-01  3.4583855466188786e-02  1.2793846186224897e-01  
q[23]:  4.7820194710307407e-03  1.5424243575368426e-01  1.0563049055016796e-02  4.7533721767643511e-01  
q[24]:  2.3371907782460152e-03  1.1921773177989568e-01  2.6209885649384174e-02  9.5157145001564192e-01  
q[25]:  9.5719218277777168e-03  2.1661314530373682e-01  2.2288833172104600e-01  5.2886304824783278e-02  
q[26]:  1.1761393192144528e-02  1.4917174867193919e-01  5.4888967577175451e-01  9.7942963446112113e-02  
q[27]:  4.3764273574158951e-03  1.4047076400131608e-01  3.8549537886897506e-01  9.8597536120256546e-01  
q[28]:  1.0519457833647146e-02  1.5799169583704570e-01  8.5735922982424839e-01  1.6606104948806077e-01  
q[29]:  4.6759353713371086e-03  1.2426232386573705e-01  6.5603135080720221e-01  9.6463050593347754e-01  
q[30]:  4.5973257734815056e-03  2.3174285888168936e-01  7.5983473416082392e-01  9.2587374425450106e-03  
q[31]:  1.1606041376416718e-02  1.2032888733623597e-01  8.7347455664176787e-01  4.7258917596806488e-01  
q[32]:  1.9698268452008214e-02  2.3160005604989767e-01  6.7417880620752724e-01  5.7312960275230163e-01  
q[33]:  4.0488964343039129e-03  2.2287161098891836e-01  9.9120053920885554e-01  2.3046013851576236e-01  
q[34]:  7.3240559794054954e-03  1.3122010062337477e-01  8.3556996120452387e-01  8.9007134423380618e-01  
q[35]:  1.9944944123573014e-03  1.8159322880673170e-01  9.8188384930783890e-01  9.7450334065890021e-01  
q[36]:  2.2145732086577847e-03  3.7882865231587637e-01  1.6277733329469555e-02  2.0493629493528630e-02  
q[37]:  1.4873611423368363e-02  2.3865445749525083e-01  1.0177631916343152e-01  6.8517506799866412e-01  
q[38]:  5.1890270297858939e-03  4.1457571642482649e-01  3.9092203314663604e-01  8.5075358140849003e-03  
q[39]:  1.1981354103822032e-02  3.4276370793409588e-01  7.3089791841661311e-02  2.5676720269266085e-01  
q[40]:  4.3641081131236105e-03  1.8431922904515416e-01  1.0932808418329940e-01  9.1330221383926458e-01  
q[41]:  1.8406385319949883e-02  2.8541809277409169e-01  3.7919008639126056e-01  2.3606748048117371e-01  
q[42]:  2.1164562464238944e-02  3.3778479025148661e-01  2.3777050620685053e-01  4.6935515731607474e-01  
q[43]:  1.1321950117568244e-02  2.9820569849887996e-01  2.6903375664859597e-01  9.2038933590330529e-01  
q[44]:  1.9417554545503996e-02  2.8587593246854387e-01  5.2640626747075914e-01  8.1272593856825270e-01  
q[45]:  2.1397190410119754e-02  3.2605484989985006e-01  7.5787710163515054e-01  3.1102445253531907e-01  
q[46]:  5.3071055002728547e-03  3.6488289790977640e-01  7.9987962141829239e-01  9.8099435961376624e-01  
q[47]:  7.4565178590249252e-03  3.8951712591059939e-01  9.3734299694943102e-01  5.9422017322651802e-02  
q[48]:  6.5763219788398369e-03  2.8114618027362659e-01  9.7435031442482334e-01  6.2158850294453682e-01  
q[49]:  1.1637014683204881e-02  2.7429513775163666e-01  8.9081300367835803e-01  7.8232911801879568e-01  
q[50]:  1.2970621273522283e-02  5.0208361580028338e-01  1.4493339975828698e-01  1.0846164474130815e-01  
q[51]:  9.0851252653494623e-03  5.0382902651524086e-01  3.0777145180241380e-02  4.7207031799601828e-01  
q[52]:  1.9916437255402313e-02  4.8879650146006143e-01  2.4607640914426415e-01  6.9134666870629224e-01  
q[53]:  5.9510478590582404e-03  4.0375978123533368e-01  1.7229305736580179e-02  8.3110323828585442e-01  
q[54]:  5.2054070530580115e-03  6.0607184482743437e-01  3.4876237621884237e-01  4.9042945253649176e-02  
q[55]:  9.9376561250971128e-03  6.0723526407182749e-01  1.4344071035763908e-01  8.8928363463461502e-01  
q[56]:  1.3597148195324095e-02  5.2226158649927257e-01  3.9995522252605392e-01  8.3358126979777059e-01  
q[57]:  1.8488932034266953e-02  4.1879617204963654e-01  6.0477757458155945e-01  1.2107441865447380e-01  
q[58]:  2.7966776496191170e-02  4.6452278470717967e-01  5.1884023374691535e-01  5.1325896158338591e-01  
q[59]:  6.2919492345664858e-03  5.2801521173555399e-01  4.8376447652227011e-01  9.8690206406844894e-01  
q[60]:  1.3643668085768527e-02  6.0189952414510350e-01  8.3966096417671832e-01  1.8039936622854538e-01  
q[61]:  7.6881031166750350e-03  3.7011254322313708e-01  6.6100346681159106e-01  9.1541144721624701e-01  
q[62]:  7.5330760759237279e-03  6.1320085134226998e-01  7.5251314059814478e-01  3.1729192075132605e-02  
q[63]:  1.4328797627248771e-02  4.5165359535682037e-01  9.3295627402160042e-01  4.0423045051375145e-01  
q[64]:  2.6251874796035083e-02  5.2062870836055752e-01  7.9250005611543883e-01  6.8165875084496053e-01  
q[65]:  4.3223663102295220e-03  6.3409345523710547e-01  9.8814343506223878e-01  2.0287375793730678e-01  
q[66]:  7.7779192224511507e-03  4.9407977196527164e-01  9.5678940183457883e-01  9.0646130363518418e-01  
q[67]:  4.0365719580046887e-03  7.2534225311435963e-01  1.0196514138051431e-01  1.4453525870159958e-02  
q[68]:  9.5609426422269359e-03  6.5640000338168580e-01  7.0065883829440331e-02  6.7808674511087874e-01  
q[69]:  1.1022125496397072e-02  7.6811796758622508e-01  5.1947069870339257e-01  5.4932220299309588e-02  
q[70]:  1.4698706222342140e-02  6.5852628478544184e-01  1.4591062478141034e-01  3.8024319924266120e-01  
q[71]:  3.8749472548362143e-03  4.3162387468775770e-01  9.6596355093887129e-02  9.9012096100710645e-01  
q[72]:  2.3532375430910600e-02  5.9425798307354116e-01  3.6129135208131091e-01  2.4732366926900723e-01  
q[73]:  2.0187936831423062e-02  7.7538579505901128e-01  2.7611664771954497e-01  5.2304884995056411e-01  
q[74]:  8.8374939896973571e-03  7.4147296191033607e-01  3.0711393991150610e-01  9.5566181730936639e-01  
q[75]:  2.5394664437138916e-02  7.4481100262233468e-01  4.9447945536267207e-01  6.9807552472910384e-01  
q[76]:  2.3585238056983860e-02  6.6625348656111172e-01  6.3148015427586313e-01  3.6946053921515837e-01  
q[77]:  1.6036670887934878e-02  7.3820127163765137e-01  8.9021628638738337e-01  4.8284855418617950e-01  
q[78]:  1.6811196143828186e-02  8.8099232626870339e-01  7.2298981812684315e-01  5.6385984942238421e-01  
q[79]:  4.2905346963646347e-03  7.2980552790671593e-01  8.9330063213126087e-01  9.8480874454275713e-01  
q[80]:  2.1289629090671192e-03  7.4274206799369624e-01  9.7231527024138209e-01  1.6197002030472630e-02  
q[81]:  4.8783601460274783e-03  6.5563897773301327e-01  9.9556724531303031e-01  6.7760987179089305e-01  
q[82]:  1.6980533289822148e-02  6.6504600357564236e-01  7.0000665695586062e-01  8.8739038596921527e-01  
q[83]:  5.5216844492890441e-03  7.0276183961889160e-01  1.1265439376857650e-02  1.7224699027956314e-01  
q[84]:  2.2263262334505630e-03  7.3641926783838640e-01  7.3746496854327102e-03  9.5662283069695775e-01  
q[85]:  1.1733619315680352e-02  8.3052524976384901e-01  2.3649602673053333e-01  1.2691230247934687e-01  
q[86]:  1.0704659645364671e-02  8.8123839190855702e-01  9.0295681104955672e-02  3.2276942434464573e-01  
q[87]:  7.2807605265823036e-03  8.1240127977553434e-01  1.0453411496558634e-01  8.2312928240721761e-01  
q[88]:  9.1475610176018230e-03  8.7721704214497964e-01  4.3302384259030763e-01  2.4557933682479738e-01  
q[89]:  1.1526649031157883e-02  9.0232995970534768e-01  2.9243714015327998e-01  8.1007727776330329e-01  
q[90]:  1.2892048523953037e-02  8.2966809604058400e-01  6.8003267975372672e-01  2.3157781572439518e-01  
q[91]:  8.4301082320121686e-03  8.4874310117285012e-01  8.8586640617786017e-01  1.2966157358240016e-01  
q[92]:  7.5182802777812420e-03  8.7490117093609532e-01  5.6602122332110216e-01  9.5288761258100918e-01  
q[93]:  3.2067123798677796e-03  9.2356971820793765e-01  7.8166426267570388e-01  1.5920472652136485e-02  
q[94]:  7.1023104899048430e-03  9.0416274302917421e-01  7.7848702827722183e-01  8.1694244321476761e-01  
q[95]:  5.1389688716117800e-03  8.9162251155512473e-01  9.7693885796635871e-01  3.3683600029514849e-01  
q[96]:  9.3882389315136788e-03  8.0801726727901857e-01  9.1708743805936688e-01  8.0642549347543235e-01  
q[97]:  1.4584670963715188e-03  9.1252228571711902e-01  9.9776371466394476e-01  9.4365498366078471e-01  
q[98]:  3.2382773100308486e-03  9.4171415571804062e-01  4.8088073281749105e-02  6.5362681925223612e-02  
q[99]:  1.2687547561148354e-03  9.9141941010967249e-01  1.0700061211561649e-02  3.8245598580405971e-01  
q[100]: 5.2837905713582194e-03  8.5790038808047897e-01  1.9992313199362868e-02  6.1433493274501649e-01  
q[101]: 2.5659178847156094e-03  9.7042130574600205e-01  3.8878546974674653e-02  8.6890439975475575e-01  
q[102]: 2.8992542818925731e-03  9.4862709220307262e-01  3.1728835718755510e-01  1.1994533549183135e-02  
q[103]: 4.0468536391284069e-03  9.9167286055053572e-01  2.1488927188079485e-01  1.9743983341070398e-01  
q[104]: 8.0245885156699504e-03  9.6886331208506893e-01  1.6701788795860106e-01  6.1506387335118218e-01  
q[105]: 2.8472110375419670e-03  9.1555873146466993e-01  1.2713889455481470e-01  9.8347849361085582e-01  
q[106]: 1.4237093331619512e-02  9.4529608327921100e-01  4.3159786459038230e-01  4.2827897780456303e-01  
q[107]: 2.0727507037488339e-03  9.9863356180403329e-01  3.5064272651798556e-01  9.4798462769134983e-01  
q[108]: 6.0660076928703661e-03  9.7201653918049902e-01  5.8934091610382588e-01  1.1158014046622414e-01  
q[109]: 6.9234156106682977e-03  9.7879464331034327e-01  8.1699824456863812e-01  3.2583679982683850e-01  
q[110]: 4.7285987221828479e-03  9.5105779909650157e-01  5.2154477468702864e-01  8.1918575386878933e-01  
q[111]: 4.3391541238345273e-03  9.9532907529902459e-01  6.1112788620973590e-01  6.8395449556313115e-01  
q[112]: 1.6135921289712051e-03  9.4248879537305930e-01  7.5113839734016652e-01  9.9242711501631575e-01  
q[113]: 1.6701687687572394e-03  9.7978497367536355e-01  9.6316437864868798e-01  8.1114842192680225e-02  
q[114]: 4.8844218030260926e-03  9.6333747867836061e-01  9.5020115050593112e-01  6.3608821749103139e-01  
q[115]: 2.4803754101029220e-03  9.8490790390193383e-01  8.7111989908924370e-01  9.1286972839462643e-01  

