deg: 17
dim: 3
nodes: 301
efficiency: 0.946844

q[0]:   4.4725178703473672e-04  2.9912998053306213e-02  3.2439204031777920e-02  2.1569538834687606e-02  
q[1]:   3.3827214892588860e-03  4.9344113701975945e-02  1.6773400545539330e-01  2.5417278542330762e-01  
q[2]:   1.1066301887249733e-03  1.3282042569958245e-02  3.3870689375533537e-02  3.8969844489257299e-01  
q[3]:   4.2967308320381627e-03  7.9051028781337226e-02  9.3920185379075857e-02  5.2166939240911836e-01  
q[4]:   1.1109454498589458e-03  5.0099429978501107e-02  1.1722614539636708e-02  6.2488083293371088e-01  
q[5]:   1.8911816112652956e-03  1.0530423436622190e-02  1.3018603257845329e-01  6.7721287917702255e-01  
q[6]:   6.5176317691161142e-04  1.5706409765459780e-02  2.3008662505358879e-02  8.3288619245693873e-01  
q[7]:   4.2459694761459531e-04  1.8791190462744495e-02  5.4311230327200560e-02  9.8128781734716297e-01  
q[8]:   1.1043199233737491e-03  1.4084138387017135e-02  2.2287235808641806e-01  5.4434014171751657e-02  
q[9]:   9.2960646045584373e-04  1.0740976214030999e-02  7.5309196318335464e-02  1.3476155446432064e-01  
q[10]:  1.8292383447702438e-03  3.2930637845407520e-02  2.8906683819516671e-01  5.1328829136510068e-01  
q[11]:  2.2810098020072333e-03  5.4627522184818943e-02  1.1029619778680573e-01  8.7863474273915132e-01  
q[12]:  1.3030374274705981e-03  1.1209228357048425e-02  2.4662042264026546e-01  9.3266069102899163e-01  
q[13]:  4.3563198718907679e-03  6.8097391496421272e-02  3.2159556496536651e-01  1.3423049051550950e-01  
q[14]:  1.5999066891012380e-03  9.8762534541611598e-03  2.1985502485461839e-01  3.8309196551918445e-01  
q[15]:  1.3348355705948740e-03  1.3625020929153743e-02  3.9489967401543169e-01  8.1354033154239069e-01  
q[16]:  1.1950759476914369e-03  2.2863834518834645e-02  4.5916180175010779e-01  2.4238341702978596e-02  
q[17]:  2.0124388298706536e-03  8.0233079291836505e-03  4.1938007354824491e-01  2.3247426762716339e-01  
q[18]:  4.4511304943563408e-03  9.1449516005849496e-02  2.8277398151364436e-01  4.7990362584787011e-01  
q[19]:  2.6098517459105797e-03  1.9425779529676192e-02  3.8837489652034896e-01  6.3611641923783913e-01  
q[20]:  9.9983287709131188e-04  7.4402947845204889e-02  6.9019389389849162e-01  5.0200100590814213e-03  
q[21]:  3.0487931361694674e-03  2.6660540457278267e-02  5.3537171890703161e-01  4.6665088252807108e-01  
q[22]:  3.5469606493208454e-03  6.3141840862076859e-02  4.5859874121219402e-01  8.7492969943330956e-01  
q[23]:  8.3926122579589728e-04  4.6543832332264917e-02  3.7410012141790899e-01  9.9466083824640661e-01  
q[24]:  2.2284122410889304e-03  4.4304934086116778e-02  5.6175671263950000e-01  3.6163457947213035e-01  
q[25]:  4.9094748489426597e-03  1.5124464356346248e-01  6.4488904524101642e-01  5.0106062040109411e-01  
q[26]:  1.9321779108086837e-03  8.8133596234588052e-03  6.4229237157993690e-01  7.9077023890221532e-01  
q[27]:  9.7756120754977430e-04  1.5005746592567440e-02  5.9209074487872460e-01  9.6502163692125265e-01  
q[28]:  2.0704807654171242e-03  1.5694630677520822e-02  6.5072726672365533e-01  1.4352200670704005e-01  
q[29]:  3.2688541086385828e-03  4.7983304028502045e-02  7.9100233347183158e-01  6.4539313903072970e-01  
q[30]:  3.3472404207015062e-03  7.4347694308962001e-02  7.3654769923452112e-01  9.1040370231989365e-01  
q[31]:  7.2513213589454125e-04  7.1358852983413558e-03  7.9276725511829826e-01  4.0691422490042713e-02  
q[32]:  2.8144196894635013e-03  6.2176188329110413e-02  8.7167586615409198e-01  1.2169552075346139e-01  
q[33]:  1.9527678400313231e-03  8.6322063186772182e-03  7.3717234996584891e-01  5.0644822046635940e-01  
q[34]:  9.0586837563708556e-04  7.2506688110120111e-03  8.9720486225916019e-01  8.7932380386330466e-01  
q[35]:  6.1488613615057024e-04  2.1461043636009931e-02  7.9415171313461019e-01  9.7763460967394944e-01  
q[36]:  6.5394901699434931e-04  3.7282866951705178e-02  9.5374504837400775e-01  2.2343190649425512e-02  
q[37]:  5.9769268137127747e-04  1.1073183000798924e-02  9.7565078665168437e-01  1.5098271244737629e-01  
q[38]:  2.2724122756051495e-03  1.5869407052712614e-02  8.7395085064458011e-01  3.1468545205892828e-01  
q[39]:  1.0381124429114179e-03  4.4746591465952175e-02  9.9144308937280112e-01  3.9318971025139371e-01  
q[40]:  3.7872676181328504e-03  8.1596044268777021e-02  9.2025427844968555e-01  4.9558931609447443e-01  
q[41]:  1.1229611421959907e-03  9.4974538483882810e-03  9.5669455312396123e-01  6.3083370207554457e-01  
q[42]:  2.7630910630519119e-03  5.3766972096957591e-02  8.5000176803924987e-01  7.7608096898288292e-01  
q[43]:  5.6734836791691695e-04  3.2533039670765547e-02  9.6768986511521182e-01  9.6962590347428623e-01  
q[44]:  8.4251671401311542e-04  6.2557219280489462e-02  4.5578813304169704e-03  1.7291975038834750e-01  
q[45]:  2.1624495851314978e-03  1.0205114430519847e-01  7.1235002715983251e-02  2.6774860331092387e-01  
q[46]:  3.6988936498074591e-03  1.4498329700420370e-01  4.5869628757135912e-02  7.6040568203157854e-01  
q[47]:  8.3717567308360134e-04  1.0742317698106825e-01  1.0342746144879449e-02  9.4574616308500736e-01  
q[48]:  8.6235509556701403e-04  7.9388367055441986e-02  1.7962866501370903e-01  4.5293800957742492e-03  
q[49]:  2.6909756890758983e-03  1.1656031398277425e-01  9.7411434335331032e-02  7.5002511187998583e-02  
q[50]:  1.6425939833753791e-03  1.0811772380815354e-01  1.6096357821520235e-01  9.8173392191710485e-01  
q[51]:  5.8263486292440781e-03  8.2743874179374038e-02  2.4104488432770507e-01  7.6885519619368548e-01  
q[52]:  4.8883113507386233e-03  1.7338206009399773e-01  3.0587350878107322e-01  9.2857627683908561e-01  
q[53]:  6.8445850000717996e-03  1.5770736322162590e-01  3.8459732679619191e-01  6.3071964952635606e-01  
q[54]:  4.0432774529676830e-03  9.0925983151608464e-02  5.5281642211121396e-01  8.2432827628936389e-02  
q[55]:  7.4721771301600477e-03  1.1294571722372658e-01  4.2220385953273937e-01  3.2565733330485180e-01  
q[56]:  6.9746188184312699e-03  8.5626512037923971e-02  5.7554405725621793e-01  6.6868183519986624e-01  
q[57]:  2.1428521001414561e-03  1.0906079597548644e-01  5.1461348395918793e-01  9.5367865210993785e-01  
q[58]:  2.0666525524692101e-03  1.6992043709652277e-01  6.5609409195042001e-01  3.8757808992158654e-01  
q[59]:  3.3325288065491274e-03  2.1716868656741675e-01  6.7895197305637423e-01  5.5346838586751698e-02  
q[60]:  5.4746231194363467e-03  7.0325767666076178e-02  7.1210687961050378e-01  2.6960507201902839e-01  
q[61]:  1.8143723443162247e-03  1.2388038050890259e-01  8.0805749911751557e-01  5.3382398278512211e-02  
q[62]:  2.9038769665297053e-03  1.3842541653936860e-01  9.2268696276832063e-01  9.1083928467195185e-01  
q[63]:  8.5904736040170559e-04  1.0691333738054920e-01  8.5711759337116389e-01  9.9508820532099085e-01  
q[64]:  7.8117464115807220e-04  1.3888998417627010e-01  9.9530742525321136e-01  6.4473326833641403e-02  
q[65]:  3.0199136087092687e-03  1.2246131269512998e-01  9.5856456757038622e-01  2.2565160865766418e-01  
q[66]:  2.9615531408183171e-03  1.3366513601387986e-01  9.5077018787916823e-01  7.0794678756049723e-01  
q[67]:  9.2297727784081585e-04  5.5442906794837654e-02  9.9276044144535069e-01  8.2206083985983069e-01  
q[68]:  9.3258809205201655e-04  1.7871485899358952e-01  1.5859654433931752e-02  4.3691080393516428e-02  
q[69]:  2.4853579934864716e-03  2.1017309537324952e-01  1.0007625705071352e-01  2.4092133379518574e-01  
q[70]:  2.5913499168912324e-03  1.6669756765593369e-01  2.2470021813424251e-02  3.7241969121286989e-01  
q[71]:  1.8430010980383395e-03  2.4359667736691581e-01  8.8116244599127733e-03  5.6943404933944375e-01  
q[72]:  8.5466236660428692e-04  2.6180888817568621e-01  4.2497502123316093e-02  9.9206588731116430e-01  
q[73]:  2.4974086579241929e-04  2.6034691552708578e-01  1.6571266068801799e-01  2.0617397493638701e-01  
q[74]:  7.6886881355024668e-03  2.1291286925107220e-01  1.5724116264326948e-01  6.2393583205578584e-01  
q[75]:  3.5567814153968391e-03  2.2464058547909621e-01  9.2619532395141368e-02  9.0700866564131521e-01  
q[76]:  3.8903709533328655e-03  2.0871306253057517e-01  1.9949161182494321e-01  1.2255802640330293e-01  
q[77]:  6.5445487853488310e-03  1.9554590494367008e-01  2.0395777551556837e-01  3.8551960337113406e-01  
q[78]:  2.1366483298244248e-03  2.1754879012512982e-01  2.2929286206407926e-01  7.9389346003764194e-01  
q[79]:  8.2779086255461488e-05  3.5205891069293571e-01  3.5593504051260877e-01  7.9302940248069764e-01  
q[80]:  3.5524548323309572e-03  1.7417670150195008e-01  3.5510292449560060e-01  2.6924996021611632e-02  
q[81]:  3.4982144473829253e-03  1.9445335709806436e-01  2.7450259805331023e-01  2.0713469727047257e-01  
q[82]:  7.3144617845249064e-03  2.2326871281689903e-01  4.5154802073237449e-01  8.0959234501986088e-01  
q[83]:  1.5383042712806382e-03  2.8090600336926486e-01  5.5347645419754077e-01  4.1114296343962931e-03  
q[84]:  8.9934351890924476e-03  2.4834399349902692e-01  4.9466508445113105e-01  5.0053071963231976e-01  
q[85]:  2.1603644636280926e-03  2.8962707820252670e-01  3.7596076915604248e-01  9.8706393362707734e-01  
q[86]:  8.8382335022981623e-03  2.0656941484503552e-01  5.3385872829555281e-01  1.9212284327178056e-01  
q[87]:  6.2211659965534403e-03  1.7175913718129657e-01  6.7205318303350203e-01  8.1013741237741821e-01  
q[88]:  2.2591117544804818e-03  1.9030562212161681e-01  6.3418102271390742e-01  9.8730073968326060e-01  
q[89]:  5.1438068849560294e-03  1.9011262673691576e-01  7.7964107913879943e-01  1.8248660106458509e-01  
q[90]:  5.9579751361897113e-03  2.1292366664970877e-01  7.9853888505449377e-01  6.2935514123319880e-01  
q[91]:  1.3068361905662492e-03  1.9103431021017797e-01  7.1640075769501399e-01  8.6123365769607141e-01  
q[92]:  3.7974540813520961e-03  2.7957009387081461e-01  9.3249234563780292e-01  9.4799400034911704e-02  
q[93]:  5.1300910228455647e-03  1.3349415901005141e-01  7.9700404928969515e-01  4.5000483448764173e-01  
q[94]:  3.1575075024655786e-04  3.3219918791483777e-01  8.6205456037752870e-01  7.7972592955539344e-01  
q[95]:  1.2475253786985040e-03  1.8403256708080382e-01  9.0099001159347825e-01  1.2037070877179416e-02  
q[96]:  5.1513753714839917e-03  2.1885803338879722e-01  8.8557990266529385e-01  3.2834150010940105e-01  
q[97]:  2.2953488587260542e-03  2.5556077518189702e-01  9.7703479206462185e-01  3.5547077168203645e-01  
q[98]:  1.9798416815683963e-03  2.0562240038156615e-01  9.9231868632247344e-01  5.8327635066156103e-01  
q[99]:  4.6283095686473416e-03  2.3308034567765640e-01  8.6916646108069562e-01  7.7635324866116517e-01  
q[100]: 7.0497937915016428e-04  1.9825146813853281e-01  9.8748396449237785e-01  9.7256109898407084e-01  
q[101]: 9.6566340051215205e-04  2.9065274980040989e-01  7.2446143094895790e-02  3.7924425777149037e-03  
q[102]: 3.7613617712900752e-03  2.9862282634527609e-01  3.5478543230405279e-02  1.6315805482062895e-01  
q[103]: 6.9620279676710310e-03  4.1085419816174740e-01  1.4840057648186608e-01  2.6918817642449377e-01  
q[104]: 7.0661091316402726e-03  3.3933838577748454e-01  8.2117340690842727e-02  4.4949826690656336e-01  
q[105]: 4.5436612692735341e-03  3.6581417557108376e-01  5.7728211999905868e-02  7.0198243084604384e-01  
q[106]: 1.5572367607574295e-03  3.2872919600288664e-01  5.6452812988489406e-03  8.5205940363111388e-01  
q[107]: 3.9160358898052893e-03  3.3259573017463695e-01  1.8649461582138865e-01  4.4273333771070240e-02  
q[108]: 2.5522833523148125e-03  3.6425934419757772e-01  1.8990564130325877e-01  9.7681654444361155e-01  
q[109]: 3.2782203950287459e-03  3.4563650605445800e-01  3.2550284834293380e-01  1.7944410544624548e-01  
q[110]: 5.9430960531797628e-03  3.2915696036187092e-01  1.9198375007582114e-01  8.3527737007007696e-01  
q[111]: 6.3127166949377197e-03  4.6005466391606603e-01  3.2413230200369031e-01  8.9803894554699304e-01  
q[112]: 8.2405120192635059e-03  3.2300255774032571e-01  3.3649365092920019e-01  3.2963135991210568e-01  
q[113]: 5.8470513554558182e-03  3.2195014996640969e-01  3.3445837075136514e-01  5.1775360086069488e-01  
q[114]: 7.4103189514579965e-03  3.5696105518857973e-01  3.3193085750153145e-01  7.0640568622718924e-01  
q[115]: 7.3448985386027361e-03  3.5478977003993206e-01  4.3328380679306544e-01  8.7517590690938230e-02  
q[116]: 6.4414875256591279e-04  3.4565557373351630e-01  5.1893065643823144e-01  2.9226076795979383e-01  
q[117]: 5.5879672725089513e-03  3.5206578328353660e-01  5.3965448146807027e-01  7.3171332734327144e-01  
q[118]: 7.0854139094603157e-03  3.4167825099021726e-01  5.5178880779002426e-01  9.2047309145964296e-01  
q[119]: 1.0893254250290470e-02  3.2111267733210153e-01  6.5572004971712028e-01  3.5849130864588874e-01  
q[120]: 3.5483085332383384e-04  3.6896046667488713e-01  7.5830735510539882e-01  5.7818868797473888e-01  
q[121]: 9.4547732972349169e-03  3.3736503391239298e-01  6.8244811489222257e-01  6.3842329084228833e-01  
q[122]: 3.1800827133544405e-03  3.4624722854817958e-01  7.1803050151809666e-01  6.2432493338597732e-02  
q[123]: 5.3683255766068163e-03  3.5338716768815931e-01  8.0027584201826352e-01  1.8254935990589310e-01  
q[124]: 2.1970215692347500e-03  4.0441431574800318e-01  8.2629496360870114e-01  1.5705531129059175e-02  
q[125]: 4.7479122997933073e-03  2.8326180318119171e-01  8.0790120900499629e-01  9.4348131443856542e-01  
q[126]: 4.8622156647360420e-04  3.5720143777182672e-01  9.8744899347825221e-01  8.3453226263856678e-03  
q[127]: 2.1230305302548875e-03  3.7928164262389552e-01  9.8796570513758064e-01  1.9601966049424263e-01  
q[128]: 4.8105809612094342e-03  3.9348344511261096e-01  8.2914284226852808e-01  3.6014437895567852e-01  
q[129]: 6.3095764481951588e-03  3.2676093129211869e-01  9.0961492740060368e-01  5.2383488881330553e-01  
q[130]: 4.5461317257281851e-03  4.1259954408230187e-01  9.4520705441597075e-01  6.9246199078445658e-01  
q[131]: 4.0083289342957877e-03  4.0818276145286969e-01  8.2342638455512918e-01  8.0558778804331344e-01  
q[132]: 2.9127709080220090e-03  3.1730679208497925e-01  9.7752196172567007e-01  8.5161856236527356e-01  
q[133]: 1.5000599107583778e-03  3.6721440033556513e-01  9.2483342312482031e-01  9.8774507445208315e-01  
q[134]: 1.0202676518043378e-03  4.6387937784665728e-01  8.9524538672112429e-03  4.1689268583668455e-02  
q[135]: 1.9164910552783286e-03  4.4626578601716060e-01  4.7620771501504077e-03  3.1091907393979606e-01  
q[136]: 7.9377317380489986e-03  5.1393173821849247e-01  2.1017388156267455e-01  4.5090121911653630e-01  
q[137]: 3.7369262108224739e-03  5.2020788126160744e-01  2.3811551625601415e-02  5.6659205159286286e-01  
q[138]: 5.1727698138358588e-03  5.1372255861416083e-01  1.0068134931256525e-01  7.6386805316027329e-01  
q[139]: 1.8917985305599088e-03  4.6276574215060373e-01  3.5711161662663103e-02  9.5248289434641809e-01  
q[140]: 4.4712689774016774e-03  4.8697999144160048e-01  9.0280791363412466e-02  9.2944674499586918e-02  
q[141]: 6.6703671995758098e-03  4.4259333512346011e-01  2.2439480920072552e-01  6.0960658545630730e-01  
q[142]: 2.7111756495472785e-03  4.9075449981101632e-01  1.0493763423786184e-01  9.0854754646173974e-01  
q[143]: 2.0636874422814951e-03  4.5513157472740629e-01  2.6907964923840011e-01  1.6612782685539970e-01  
q[144]: 3.0932737027520472e-03  5.0933976548155091e-01  2.9201976472601909e-01  1.3942926498563324e-02  
q[145]: 6.0510367785617265e-03  5.5700179486557944e-01  2.9549586733406130e-01  1.5076887110588785e-01  
q[146]: 1.9647812243302914e-03  4.7625263953008423e-01  3.3250210582806894e-01  5.0812770915972194e-01  
q[147]: 7.5445912112205209e-03  5.4735755512023498e-01  3.9721302928525459e-01  8.0091147476208346e-01  
q[148]: 2.8369182080223193e-03  4.9479852186140338e-01  5.4924871315688306e-01  2.0437142703300701e-02  
q[149]: 7.9978578611635473e-03  4.8570337663447033e-01  4.5409569434039987e-01  3.0130450801092618e-01  
q[150]: 1.1948137826447443e-02  4.9991534706594537e-01  5.0037216525152051e-01  4.9996581366039961e-01  
q[151]: 8.0093150039356222e-03  5.1748901946511516e-01  5.4606078354200505e-01  6.9814967218185453e-01  
q[152]: 2.8324382141777598e-03  5.0546502904864854e-01  4.5079836068729512e-01  9.7961569917814428e-01  
q[153]: 7.5549214335142089e-03  4.5085959585345875e-01  6.0242521130404869e-01  1.9997110024976975e-01  
q[154]: 1.8707946328406029e-03  5.1520148647695740e-01  6.7197327368352056e-01  4.9192112286024309e-01  
q[155]: 5.9899767063020838e-03  4.4263791112322809e-01  7.0548246941716808e-01  8.4905656119251482e-01  
q[156]: 3.0935796588589868e-03  4.9055088667423163e-01  7.0802460277905599e-01  9.8604910199025475e-01  
q[157]: 2.0600367834673557e-04  4.8772548817334010e-01  7.5360077107243029e-01  6.3344035731084025e-01  
q[158]: 2.1814822024685864e-03  5.5241621134317886e-01  7.2064594101157464e-01  8.3574942665450602e-01  
q[159]: 2.6942845556190763e-03  5.0932047477190034e-01  8.9506484163497979e-01  9.1279251680884202e-02  
q[160]: 6.6850931467586708e-03  5.5786967242490415e-01  7.7470418623556614e-01  3.9050177550570586e-01  
q[161]: 4.4740707835922520e-03  5.1304610321228361e-01  9.0966148915592959e-01  9.0700979286683781e-01  
q[162]: 1.8945919578847008e-03  5.3713320084396743e-01  9.6425885109415777e-01  4.7587705702509725e-02  
q[163]: 5.1722467931739399e-03  4.8640034042744978e-01  8.9901705884674010e-01  2.3539933860822901e-01  
q[164]: 3.7401074652904220e-03  4.7970638809095650e-01  9.7615285241994187e-01  4.3326802993340513e-01  
q[165]: 7.6852502281282327e-03  4.8742806032629454e-01  7.9107069871120994e-01  5.4771631409347910e-01  
q[166]: 1.9197662898873397e-03  5.5360193268112989e-01  9.9521908443301554e-01  6.8904542530747370e-01  
q[167]: 1.0217671517567318e-03  5.3610676349006503e-01  9.9102858718001352e-01  9.5825836351544802e-01  
q[168]: 1.4998330016205025e-03  6.3279482231531214e-01  7.5199132663305954e-02  1.2244598958460038e-02  
q[169]: 2.9119943419159172e-03  6.8266207166078285e-01  2.2475220158714344e-02  1.4837272772933721e-01  
q[170]: 4.0725815667282369e-03  5.9613574698209537e-01  1.7362448651716483e-01  1.9557956707026727e-01  
q[171]: 4.5499157030422571e-03  5.8742578461641648e-01  5.4727543233110867e-02  3.0750953238537804e-01  
q[172]: 6.3238234985430091e-03  6.7331383315989879e-01  9.0528715322749378e-02  4.7582059040881108e-01  
q[173]: 4.7700075518949357e-03  6.0700169419182648e-01  1.7098353486523352e-01  6.3829805472906209e-01  
q[174]: 2.1178882141871442e-03  6.2074400658722029e-01  1.1981165087975046e-02  8.0414791434800670e-01  
q[175]: 4.8609393452177577e-04  6.4279866928269025e-01  1.2582718434694114e-02  9.9169048982638897e-01  
q[176]: 4.7529717077452165e-03  7.1660605985476222e-01  1.9222805555871403e-01  5.6550791101053433e-02  
q[177]: 2.2060663512507945e-03  5.9562194071249852e-01  1.7387557144393606e-01  9.8423553035089317e-01  
q[178]: 5.3912801620269466e-03  6.4585564569125942e-01  1.9950440370869729e-01  8.1667225901025320e-01  
q[179]: 3.2161670315724363e-03  6.5469285628009743e-01  2.8251278668146818e-01  9.3714675473048026e-01  
q[180]: 1.4352946349653634e-03  6.4518217766252106e-01  4.0343249625622601e-01  3.1172361692850847e-01  
q[181]: 9.1866029023854861e-03  6.6347328839293052e-01  3.1284642828024389e-01  3.6429716460713207e-01  
q[182]: 1.0850861872928828e-02  6.7750934675030616e-01  3.4419639777842864e-01  6.4127233352857427e-01  
q[183]: 7.0673586969232805e-03  6.5862658117331607e-01  4.4833106892950725e-01  7.9462188270118569e-02  
q[184]: 4.6999012704110532e-03  6.5206985003943185e-01  4.6863628235802585e-01  2.6161926828802196e-01  
q[185]: 6.7614598391768524e-04  6.7247296350715025e-01  4.6555019739147740e-01  7.2748518310728227e-01  
q[186]: 7.3436777929623441e-03  6.4546058585150801e-01  5.6674159374307920e-01  9.1247356951459113e-01  
q[187]: 7.4081042738153953e-03  6.4294559995698985e-01  6.6812581968364038e-01  2.9220959644834937e-01  
q[188]: 5.9793291093081348e-03  6.7655983557358867e-01  6.6398899404090650e-01  4.8151937225661284e-01  
q[189]: 8.1745086625021213e-03  6.7743755649772952e-01  6.6320059158542966e-01  6.6929843232323427e-01  
q[190]: 6.3769129564548990e-03  5.3978441942082322e-01  6.7554832863295367e-01  1.0253657534765946e-01  
q[191]: 5.9099159925386476e-03  6.7097540151667989e-01  8.0822455511157865e-01  1.6446021319731061e-01  
q[192]: 3.0999594828569430e-03  6.5899738382325734e-01  6.7392314580039103e-01  8.1875266092175769e-01  
q[193]: 2.5585266598217135e-03  6.3564946718349968e-01  8.1002375590025233e-01  2.3256517812294257e-02  
q[194]: 3.9145818645875555e-03  6.6736207229455169e-01  8.1345461446373690e-01  9.5574354581211141e-01  
q[195]: 1.5566858772790072e-03  6.7129491195896440e-01  9.9437650662219401e-01  1.4792978127836767e-01  
q[196]: 4.5622914901522543e-03  6.3406098239413522e-01  9.4221519163877099e-01  2.9819619280506138e-01  
q[197]: 7.0651306647740841e-03  6.6074193397837910e-01  9.1785729263657823e-01  5.5076823163942190e-01  
q[198]: 6.8751667684775258e-03  5.8840056578268862e-01  8.5168322616322867e-01  7.3084615279950083e-01  
q[199]: 3.7671017273650719e-03  7.0146648739028339e-01  9.6449417301139007e-01  8.3677215554623852e-01  
q[200]: 9.6592576747868430e-04  7.0929643113314922e-01  9.2756488157882044e-01  9.9620622545427395e-01  
q[201]: 7.0653363360780248e-04  8.0171649724892602e-01  1.2551085856537638e-02  2.7482506205246473e-02  
q[202]: 4.7307731993395247e-03  7.6547222874745247e-01  1.3073439711702214e-01  2.2389862181993292e-01  
q[203]: 1.9808067272775614e-03  7.9458626720791048e-01  7.6850240263663808e-03  4.1654998943367477e-01  
q[204]: 2.3038219599655890e-03  7.4416414815251941e-01  2.3006664684574633e-02  6.4425230447567949e-01  
q[205]: 5.1498193666834153e-03  7.8099126218649195e-01  1.1459271020086902e-01  6.7182538262178682e-01  
q[206]: 1.2494882336660394e-03  8.1597629328488808e-01  9.9101380351365551e-02  9.8793474887831467e-01  
q[207]: 8.2779081998236409e-05  6.0607458493161370e-01  2.0433821714521722e-01  2.6168404194348910e-01  
q[208]: 5.0946607412573983e-03  8.6659186191277515e-01  2.0252451618479317e-01  5.5051719489277773e-01  
q[209]: 3.7960721677924030e-03  7.2039097867457302e-01  6.7488268325330156e-02  9.0523418217551055e-01  
q[210]: 1.2970243416182280e-03  8.1089607252628237e-01  2.8279495954693024e-01  1.3835917623694910e-01  
q[211]: 5.9164748689532727e-03  7.8814929618861063e-01  2.0130534718414000e-01  3.7105032914855279e-01  
q[212]: 5.1352846777119876e-03  8.0946811561688026e-01  2.2017428917015994e-01  8.1819166817475886e-01  
q[213]: 3.3006003423653825e-03  7.8360454322244422e-01  3.2089444877546713e-01  9.4496872937343801e-01  
q[214]: 2.2590162634851803e-03  8.0968421228478860e-01  3.6590852097747240e-01  1.2690292825607047e-02  
q[215]: 6.2369018440295186e-03  8.2787149206847277e-01  3.2792588805647954e-01  1.8982854177205588e-01  
q[216]: 8.7567966510616792e-03  7.9391104024193859e-01  4.6591858979800210e-01  8.0849987127574674e-01  
q[217]: 2.1571323471701858e-03  7.1034067415760171e-01  6.2418867986962112e-01  1.2909945673571217e-02  
q[218]: 8.9650760990174164e-03  7.5199982205846272e-01  5.0402879112059207e-01  5.0016070852128036e-01  
q[219]: 1.5379027039774775e-03  7.1908692900535098e-01  4.4657753823033652e-01  9.9586891211592599e-01  
q[220]: 7.2301129121936283e-03  7.7741577934631922e-01  5.4868080236983729e-01  1.9015012768056982e-01  
q[221]: 3.5126063229329969e-03  8.0506040402339418e-01  7.2587921835487745e-01  7.9284749077455552e-01  
q[222]: 3.5508800721349115e-03  8.2583063220733754e-01  6.4495358818158677e-01  9.7309046772811447e-01  
q[223]: 2.1510161215376076e-03  7.8122846470164853e-01  7.7095604269286799e-01  2.0561127818345007e-01  
q[224]: 6.5593009855797520e-03  8.0446881529121272e-01  7.9562603851977043e-01  6.1418605605243892e-01  
q[225]: 3.9216703884181678e-03  7.9143092054273867e-01  8.0132551679900088e-01  8.7741745197928389e-01  
q[226]: 3.5520090342182173e-03  7.7544796750943212e-01  9.0749611390115204e-01  9.2903197091489351e-02  
q[227]: 7.6970262425084968e-03  7.8707973449176649e-01  8.4270926612294905e-01  3.7615959017221773e-01  
q[228]: 2.6869947340663828e-04  6.7516824627746808e-01  8.2030078839789600e-01  7.7541260128518097e-01  
q[229]: 8.5367114363047326e-04  7.3806224637413864e-01  9.5753380636082952e-01  7.8919246449965091e-03  
q[230]: 1.8445555269536963e-03  7.5642616446159561e-01  9.9121948258812131e-01  4.3101939743761969e-01  
q[231]: 2.5965132078647150e-03  8.3350271484335903e-01  9.7743772210155089e-01  6.2793885337702193e-01  
q[232]: 2.5535316378087563e-03  7.8973061351301199e-01  8.9887613350998774e-01  7.5927257883663701e-01  
q[233]: 9.3096541742295033e-04  8.2123200523353546e-01  9.8417618504364246e-01  9.5632893915271489e-01  
q[234]: 9.2213963809238133e-04  9.4458064253161422e-01  7.2335406777627584e-03  1.7784025677150098e-01  
q[235]: 2.9588150083241773e-03  8.6647570634681481e-01  4.9288249622568177e-02  2.9174511079628995e-01  
q[236]: 3.0231558316480968e-03  8.7739367687693426e-01  4.1407173640379852e-02  7.7420837840456680e-01  
q[237]: 7.8151725363737176e-04  8.6115395515964999e-01  4.7133076832899801e-03  9.3559252331590470e-01  
q[238]: 8.5969547778860149e-04  8.9291282350243062e-01  1.4291576483606119e-01  4.9414308911282165e-03  
q[239]: 2.9070151999019043e-03  8.6159467340042406e-01  7.7402467171425016e-02  8.9217855697175427e-02  
q[240]: 1.8071519833745529e-03  8.7658459654749776e-01  1.9188738573379180e-01  9.4664781555798938e-01  
q[241]: 5.4755327542932893e-03  9.2957488784480879e-01  2.8764062220048719e-01  7.3065576653688746e-01  
q[242]: 1.8816992479330494e-03  8.2551248558561596e-01  3.4121360622185121e-01  6.2261642756983504e-01  
q[243]: 2.1481614152473651e-03  8.9128037211655287e-01  4.8532130277142566e-01  4.6347113352341880e-02  
q[244]: 7.0088409587680985e-03  9.1413277015495176e-01  4.2407247232022605e-01  3.3162843414156395e-01  
q[245]: 4.0326940668895389e-03  9.0923245534736574e-01  4.4719698582400574e-01  9.1773998494666476e-01  
q[246]: 6.8791811748574279e-03  8.4165595689771733e-01  6.1512640421348663e-01  3.6969290932829546e-01  
q[247]: 4.3583787968946193e-03  9.3182733634785653e-01  6.7851892636010891e-01  8.6582716021290929e-01  
q[248]: 4.8907444309811109e-03  8.2661031622463355e-01  6.9385663189245950e-01  7.1432306902212139e-02  
q[249]: 5.8407636587928012e-03  9.1708581397646027e-01  7.5883881020903399e-01  2.3125877959058991e-01  
q[250]: 1.6447536906643641e-03  8.9180779946547062e-01  8.3896126516156189e-01  1.8275434348816105e-02  
q[251]: 2.6770613982032010e-03  8.8358550714434225e-01  9.0286829070753616e-01  9.2517023125469156e-01  
q[252]: 8.6258497013037502e-04  9.2062709194494752e-01  8.2041159538871256e-01  9.9546119580732506e-01  
q[253]: 8.3689500364173323e-04  8.9265745632692028e-01  9.8965248564272212e-01  5.4213867268376924e-02  
q[254]: 3.6998331172724071e-03  8.5495228025996906e-01  9.5417043171533489e-01  2.3967879199194303e-01  
q[255]: 2.1519239880147568e-03  8.9812746517829922e-01  9.2866818817825147e-01  7.3242253712145089e-01  
q[256]: 8.4256213601213335e-04  9.3742687058268270e-01  9.9543855446332774e-01  8.2707475317887125e-01  
q[257]: 5.6727076773042593e-04  9.6743293337192349e-01  3.2312829745250238e-02  3.0336123044628037e-02  
q[258]: 2.7765482565138551e-03  9.4621371526046283e-01  1.5024928490272782e-01  2.2408868485973060e-01  
q[259]: 1.1235238616453158e-03  9.9048818705206099e-01  4.3303739269733618e-02  3.6910707325897169e-01  
q[260]: 3.7842757242528596e-03  9.1843425205448759e-01  7.9583242547428087e-02  5.0459467460539276e-01  
q[261]: 1.0345052327901726e-03  9.5532922037629020e-01  8.5066666944715267e-03  6.0694729683612259e-01  
q[262]: 2.2697100271949883e-03  9.8415704223907385e-01  1.2600874201516599e-01  6.8537607348112717e-01  
q[263]: 5.9866731882420021e-04  9.8887098637369752e-01  2.4366517078134631e-02  8.4909403228894587e-01  
q[264]: 6.5324018637661610e-04  9.6275270068318686e-01  4.6288221723127992e-02  9.7768810630862513e-01  
q[265]: 6.1523163205582049e-04  9.7843405159385388e-01  2.0575816205201869e-01  2.2288997851617021e-02  
q[266]: 9.0573942674106037e-04  9.9276858975051741e-01  1.0277834244426816e-01  1.2058753630866741e-01  
q[267]: 1.9538125075064289e-03  9.9134654758310448e-01  2.6283048679611060e-01  4.9369927479431852e-01  
q[268]: 2.8127517127482723e-03  9.3776990628322776e-01  1.2822543303632061e-01  8.7820676548828203e-01  
q[269]: 7.2698351248428174e-04  9.9286659602397520e-01  2.0732589960033596e-01  9.5917962748546426e-01  
q[270]: 3.3385254737384532e-03  9.2577936565729835e-01  2.6354557177533106e-01  8.9565376636818739e-02  
q[271]: 3.2555054838125882e-03  9.5207626276652002e-01  2.0891569227462170e-01  3.5518739446882569e-01  
q[272]: 2.0726322274097491e-03  9.8428732499908234e-01  3.4948679285635753e-01  8.5630512235633138e-01  
q[273]: 9.7391656199792163e-04  9.8511415328629492e-01  4.0770860203172798e-01  3.5008700093036048e-02  
q[274]: 1.9343411364339991e-03  9.9116116819758471e-01  3.5761714018166540e-01  2.0946328349393095e-01  
q[275]: 5.1211577286532856e-03  8.4876412364049114e-01  3.5402628079859372e-01  5.0343266761805483e-01  
q[276]: 2.3356314643072297e-03  9.5601427299990560e-01  4.3801510441730784e-01  6.3561527740677826e-01  
q[277]: 8.3861282012212502e-04  9.5351873737563830e-01  6.2580683746757471e-01  5.3283857962274118e-03  
q[278]: 3.5519940722946197e-03  9.3711995610515186e-01  5.4143143556334761e-01  1.2542166824527098e-01  
q[279]: 2.9516025868281510e-03  9.7373516696962792e-01  4.6573920580410227e-01  5.3152418207535490e-01  
q[280]: 7.4822989382955403e-03  8.8694886147842489e-01  5.7754661120139228e-01  6.7469283382279066e-01  
q[281]: 9.9393238708289037e-04  9.2576426572780879e-01  3.0987683253048631e-01  9.9507697501597436e-01  
q[282]: 2.6193723664258550e-03  9.8030733760563105e-01  6.1177864374873747e-01  3.6363731333899679e-01  
q[283]: 4.5059727370587027e-03  9.0928943359871273e-01  7.1684064267003011e-01  5.1974240747250866e-01  
q[284]: 2.0154511088901917e-03  9.9193506464133219e-01  5.8081233729562287e-01  7.6756759105334615e-01  
q[285]: 1.1931281045507165e-03  9.7717723185293714e-01  5.4102395315448792e-01  9.7576888787759353e-01  
q[286]: 1.3209160179255025e-03  9.8661579192733495e-01  6.0522794989513418e-01  1.8689198087451131e-01  
q[287]: 1.5978513659544746e-03  9.9007778482067843e-01  7.8036595955434407e-01  6.1730318483718361e-01  
q[288]: 1.3068559472311728e-03  9.8873440038222837e-01  7.5333701129873631e-01  6.7414686230515886e-02  
q[289]: 2.2844675592451737e-03  9.4531155095602148e-01  8.8964789841862413e-01  1.2150775421711253e-01  
q[290]: 1.7691828115359181e-03  9.6797467879913379e-01  7.1119389522901799e-01  4.8671254774279366e-01  
q[291]: 9.3026764473952037e-04  9.8923909158266332e-01  9.2469746258987329e-01  8.6520610439709189e-01  
q[292]: 1.1043022909852636e-03  9.8591362952949912e-01  7.7724491767030379e-01  9.4553216229397152e-01  
q[293]: 4.2513917087106079e-04  9.8121725618925792e-01  9.4559683347058721e-01  1.8721556179526071e-02  
q[294]: 6.5207433460768834e-04  9.8429339934922455e-01  9.7697287353039253e-01  1.6706636318577459e-01  
q[295]: 1.8923842006661395e-03  9.8945317630199681e-01  8.6978756930125423e-01  3.2278659843765090e-01  
q[296]: 1.1106080630404725e-03  9.4992852362343649e-01  9.8828013902016876e-01  3.7510348518987557e-01  
q[297]: 4.2975577305061014e-03  9.2094911638988730e-01  9.0609476935351341e-01  4.7836999050896190e-01  
q[298]: 1.1059555669025371e-03  9.8672996293897186e-01  9.6613352998645696e-01  6.1031674772591160e-01  
q[299]: 3.3797174669637072e-03  9.5058886377940288e-01  8.3227076695052638e-01  7.4583477472471260e-01  
q[300]: 4.4579695181064548e-04  9.7014421238319148e-01  9.6761822358523264e-01  9.7846079418285503e-01  

