deg: 15
dim: 3
nodes: 220
efficiency: 0.927273

q[0]:   9.4832492901978239e-04  3.0596721044628013e-02  6.7445628180951622e-02  2.2516314584356829e-02  
q[1]:   1.3155414792846859e-03  2.5253975366611031e-02  2.2533166722932995e-02  1.9107566242808854e-01  
q[2]:   2.5757943796709953e-03  1.0368794365938520e-02  1.3657815941690746e-01  3.7162700966497841e-01  
q[3]:   9.5448307739080807e-03  1.0168341926043752e-01  3.2080246435812432e-01  5.0763293941191645e-01  
q[4]:   1.9838094697157212e-03  5.0171172339338974e-02  1.4517380455495660e-02  5.2170846939961357e-01  
q[5]:   2.5190680696528804e-03  2.5226027258481623e-02  1.6741687781106346e-01  6.0782905667493992e-01  
q[6]:   1.6693545046643531e-03  1.5715407639332268e-02  4.9424933572938576e-02  7.9267349902124262e-01  
q[7]:   1.0730947086875771e-03  5.7553445258780520e-02  2.6443396895197476e-02  9.5939375546144856e-01  
q[8]:   1.8225894326886660e-03  9.6790592403929003e-03  2.6356015578031067e-01  8.2443702994464185e-02  
q[9]:   4.0460895680740931e-03  6.8445640597934440e-02  2.0951405280190868e-01  7.7408164032565130e-01  
q[10]:  8.1490889107992213e-04  6.7703774350118626e-03  1.7033769918829744e-01  9.7177816855058519e-01  
q[11]:  4.6970774177904394e-03  3.3790775879542684e-02  3.9751057631776104e-01  2.2388204032659426e-01  
q[12]:  3.5477500745832663e-03  3.6349841881348301e-02  3.1149420666425065e-01  8.8017056743912914e-01  
q[13]:  1.7683529725835657e-03  4.4570129677299314e-02  4.7503653675642826e-01  1.3842417550988398e-02  
q[14]:  4.6422831354499677e-03  7.4302044603802839e-02  2.6605656798962657e-01  3.3397538034505853e-01  
q[15]:  3.4329360798452447e-03  9.3052684021557586e-03  4.0344086850461730e-01  6.4357502372268161e-01  
q[16]:  8.6273422800868509e-03  1.0858254023360410e-01  4.9799237929415002e-01  7.8670081548407800e-01  
q[17]:  5.0991464477708878e-03  1.1506295444392166e-01  5.0955642239356480e-01  2.1531463450638563e-01  
q[18]:  5.1490745973859975e-03  2.1373036016495019e-02  5.7470541437110156e-01  4.1212843635835095e-01  
q[19]:  2.3113900736609480e-03  7.2056081762040855e-02  4.4168367135735870e-01  9.8572364608275576e-01  
q[20]:  2.1736649555911766e-03  1.0036443218265641e-02  6.8471691321839367e-01  1.1023441812989992e-01  
q[21]:  3.7857934332804670e-03  2.1470454230771818e-02  7.3423531369121608e-01  7.5894731745015254e-01  
q[22]:  2.1935884159195460e-03  1.3631652919452914e-02  5.8259031739178546e-01  9.1525902608038034e-01  
q[23]:  1.0723875248190979e-03  3.5989348226680963e-02  8.4179044223662414e-01  1.0923615189518210e-02  
q[24]:  5.9590678728568356e-03  9.4664189118748091e-02  7.3241703752617160e-01  2.6776319260446585e-01  
q[25]:  2.1430954269151090e-03  9.8871246022194988e-03  8.5553818968874118e-01  2.8255424903006815e-01  
q[26]:  2.5498277747709585e-03  1.2654974306282712e-01  8.7439497633956131e-01  8.9700300285852752e-01  
q[27]:  1.3986433777779476e-03  3.6424457987483547e-02  8.0303266389235728e-01  9.8482400132359160e-01  
q[28]:  8.8478842500161817e-04  2.2451253059034986e-02  9.7162866074899146e-01  7.4795285717457000e-02  
q[29]:  1.5465084413056988e-03  4.3251625804403331e-02  9.8719578592932722e-01  3.3535361524484136e-01  
q[30]:  2.0129325054213782e-03  1.1110426439234627e-02  9.2707913939479647e-01  5.9097337549537710e-01  
q[31]:  6.4769255183427686e-03  6.3923809083991714e-02  7.8646528240643199e-01  5.1376197878568930e-01  
q[32]:  3.5363293341951025e-03  6.5114545118639899e-02  8.7831824411020076e-01  8.2873831287524313e-01  
q[33]:  1.9945044870416807e-03  7.9731184030304519e-02  9.8995101557425214e-01  7.1956274434579726e-01  
q[34]:  8.1466826575112244e-04  1.0012911993241513e-02  9.6214362481754967e-01  9.1801913746963626e-01  
q[35]:  1.5802940026970155e-03  1.5877855773633864e-01  1.3006395708071604e-02  5.8141834129321938e-02  
q[36]:  4.2329988918379949e-03  1.2772777696427698e-01  7.3831346090364083e-02  3.6254844641417444e-01  
q[37]:  5.3653881391835991e-03  1.2452334855472563e-01  9.0574671033232426e-02  6.3503209512728076e-01  
q[38]:  2.3870453195707769e-03  1.8397219041484000e-01  7.4261450530829255e-03  8.0070741972388904e-01  
q[39]:  3.9380394893874975e-03  1.2167255693231323e-01  1.1365682868457370e-01  8.9823571567829275e-01  
q[40]:  3.5477703296423000e-03  1.3158499186524983e-01  2.4313804802577671e-01  2.8546941699490014e-02  
q[41]:  5.1855430621945706e-03  8.8826059895647305e-02  1.3183459316372786e-01  1.4612787229552812e-01  
q[42]:  1.8277435950497603e-03  1.5422771101571373e-01  1.8367393457134026e-01  9.8886558192913043e-01  
q[43]:  5.8230630839609266e-03  1.7593408353682957e-01  4.2087983959323555e-01  1.0529461470417002e-01  
q[44]:  2.4671844143022684e-04  2.9369916542594299e-01  3.4949671281783345e-01  6.3564503701422148e-01  
q[45]:  5.8923050295287124e-03  2.1153023424019088e-01  3.2957546095634577e-01  9.2250344642758364e-01  
q[46]:  8.1639620991230191e-03  2.1251127498434108e-01  4.5902181725532998e-01  4.1427604350692121e-01  
q[47]:  7.3772242124612473e-03  9.7202999536365728e-02  6.0512222270212790e-01  6.3053214245860634e-01  
q[48]:  3.5835600616144483e-03  8.5990234370329488e-02  6.1061078729316742e-01  8.1298082003297661e-02  
q[49]:  1.0603928728473919e-03  1.2649670647472031e-01  7.2050792632555283e-01  3.7546574407900496e-01  
q[50]:  7.0161138768169533e-03  1.5049266681559370e-01  6.7704533107218856e-01  9.2845917420907742e-01  
q[51]:  4.4992759359445463e-03  8.7123081439844985e-02  9.0148570847428855e-01  1.5576787424101218e-01  
q[52]:  7.2256181283647048e-03  2.3496031391463040e-01  8.3239135941574505e-01  3.3186766363931053e-01  
q[53]:  6.0818219301686932e-03  2.4598940439306016e-01  7.6554295026151098e-01  7.9100146209089439e-01  
q[54]:  1.3462198153499658e-03  1.6265133217133360e-01  9.7235734284757602e-01  2.4853142064453784e-02  
q[55]:  5.8914058508505096e-03  1.3996468465551032e-01  9.3733449829734872e-01  4.4935569692008953e-01  
q[56]:  6.5445909346459486e-03  1.9555182713832328e-01  9.0062968754898198e-01  6.7781269263859778e-01  
q[57]:  1.1593207818359442e-03  1.2165573768116367e-01  9.7122754261402100e-01  9.7785353520843099e-01  
q[58]:  1.6621611068587288e-03  2.7832021227672715e-01  1.0548791692937327e-01  7.2299442909420347e-03  
q[59]:  3.7690092327625989e-03  2.0470558646283360e-01  3.0152865091599292e-02  2.9953522858131071e-01  
q[60]:  9.0745418925549815e-03  2.6257886117672202e-01  1.8021021048052113e-01  4.8324448314414670e-01  
q[61]:  3.2419975735501322e-03  3.5738142882038976e-01  1.2638207324131947e-02  5.1214219367977032e-01  
q[62]:  4.2018842001862750e-03  2.7622869200236055e-01  6.2617753320560007e-02  6.4832268570187823e-01  
q[63]:  1.4359888214818092e-03  2.8165771691768049e-01  3.4068349338955382e-02  9.8298155541236265e-01  
q[64]:  6.4259884868731274e-03  3.1579878274335982e-01  9.4559575627777379e-02  1.1249287014976919e-01  
q[65]:  6.2481443213575592e-03  3.3376927452408889e-01  9.3692208696503312e-02  8.8481587237065840e-01  
q[66]:  6.5441501477981438e-03  3.0123865506795855e-01  3.8822585556971551e-01  8.2750942405812614e-02  
q[67]:  1.0405493610513477e-02  2.3455643268305315e-01  2.4061375119324027e-01  2.3842314912334203e-01  
q[68]:  9.3760318650201058e-03  2.3271088466286802e-01  2.4007511838068579e-01  7.3106604146819276e-01  
q[69]:  3.3064471552993759e-03  2.9158393838987784e-01  3.8596832958204524e-01  9.3504619927799404e-01  
q[70]:  3.3540164363805563e-03  2.7162393495372350e-01  6.0306849003527163e-01  9.2000789661294199e-03  
q[71]:  5.5442012452734495e-03  2.3241462753187053e-01  4.2478246213314336e-01  6.2234743207257393e-01  
q[72]:  4.7369150386469073e-03  2.5939879110945230e-01  4.3254785151637948e-01  7.7924708298330558e-01  
q[73]:  9.2166840612146418e-05  2.7531747108213439e-01  5.7792174692827880e-01  2.8868487382269070e-01  
q[74]:  8.0869751297590938e-03  2.1174955461014766e-01  5.8103659606050184e-01  4.0758306432038865e-01  
q[75]:  2.8389096810573053e-03  2.9823436342643822e-01  5.9176577765759686e-01  9.9335391570120379e-01  
q[76]:  7.9496751198993333e-03  2.5032844748064026e-01  6.7196620046297295e-01  2.1737325610312222e-01  
q[77]:  4.0505270101652574e-04  2.4521486236843382e-01  7.1510974262321958e-01  7.2296549891610362e-01  
q[78]:  4.5356287445135549e-03  1.6630910262653509e-01  7.7895761136768726e-01  4.9229258411018370e-02  
q[79]:  5.6956389278995118e-03  3.0764564453867543e-01  8.8274090132753835e-01  1.1315591146562505e-01  
q[80]:  2.8681760645323262e-03  3.8202388999689108e-01  9.0161203493802722e-01  8.9609308761718565e-01  
q[81]:  3.2297147273361187e-03  2.8624268567922956e-01  8.6306185411244907e-01  9.7762139719617291e-01  
q[82]:  3.1442933480000726e-03  2.2586830702584468e-01  9.8325598871066433e-01  2.0293583821588557e-01  
q[83]:  7.7009852845668749e-03  2.2202490801909680e-01  7.4827431261537736e-01  6.2892432795875830e-01  
q[84]:  3.4538462031855235e-03  2.6652772449687090e-01  9.7635306744814865e-01  8.6385096765067726e-01  
q[85]:  2.9023524997245911e-03  4.1505090679210566e-01  1.3920330194856547e-02  2.0391897040383092e-01  
q[86]:  8.2754544915021044e-03  4.0531465150324636e-01  1.2111359988853569e-01  4.4123178273324881e-01  
q[87]:  1.5557821137357269e-04  3.8387147278128386e-01  2.5448773384405510e-01  4.6158553978545280e-01  
q[88]:  5.8408892521209640e-03  4.9272749896718115e-01  4.3293574447404490e-02  7.1477239958210159e-01  
q[89]:  2.1400892859053636e-03  5.2090201754688892e-01  1.0529539317733072e-02  9.1723661580654847e-01  
q[90]:  9.8052206674276235e-03  4.4396472793365943e-01  2.0201045909602999e-01  7.9000502032778797e-01  
q[91]:  2.9470196702835300e-03  4.2022525061613314e-01  3.0548375489446961e-01  1.5439011525495084e-02  
q[92]:  4.2793378357839978e-03  4.3409455377669437e-01  2.2503854524376382e-01  9.7723675905782792e-01  
q[93]:  7.0322716618194869e-03  4.2850531995188595e-01  2.4113161526888061e-01  2.4552076117186464e-01  
q[94]:  1.1248308755762720e-02  4.3409387181178211e-01  3.5726928137780917e-01  6.2006283191416567e-01  
q[95]:  1.3931454597313118e-02  4.1148375164338086e-01  4.0118547199085580e-01  3.4045987567483671e-01  
q[96]:  4.1068779056157639e-03  4.2645977031606552e-01  3.6668563814918642e-01  6.1111559592343689e-01  
q[97]:  9.7591101579093797e-03  4.0772042532798025e-01  5.6117950812820705e-01  2.0115598152353237e-01  
q[98]:  1.2123916676829430e-02  3.6079412157755919e-01  6.0558790474937585e-01  5.7577204454456199e-01  
q[99]:  5.9331418682270019e-03  4.8734779361403863e-01  4.6554363646697555e-01  9.4950590355646358e-01  
q[100]: 6.8069296294646139e-03  3.9779900616291658e-01  7.1592526465897810e-01  1.0988250104298243e-01  
q[101]: 5.0977008083247857e-03  3.8741547291609524e-01  7.3558227542038179e-01  8.1802600669528591e-01  
q[102]: 1.0519081512087710e-02  3.6734109690670391e-01  5.6384180605397716e-01  8.4127999329925440e-01  
q[103]: 5.3380035168923085e-03  3.6833897491231515e-01  9.1053282781138789e-01  3.3073898751001041e-01  
q[104]: 6.2713331200953048e-03  4.9270586270309868e-01  7.8461975288840613e-01  9.2559354475977851e-01  
q[105]: 2.3194991620500297e-03  3.8635405533831962e-01  9.1358629257253099e-01  1.7237982102575152e-02  
q[106]: 4.3018461752546908e-03  3.3055382131261984e-01  9.8590915121132483e-01  5.3882063042915362e-01  
q[107]: 1.2735686843781390e-02  4.0263798642730048e-01  7.8957884627134878e-01  4.6816388397413644e-01  
q[108]: 8.8785517955556562e-03  4.4500777256259988e-01  9.1550927243511060e-01  7.0569766644571097e-01  
q[109]: 1.8128855424299837e-03  4.9291425498211494e-01  9.7623712747013569e-01  9.7324884642399290e-01  
q[110]: 1.8117424385429414e-03  5.0705012501192392e-01  2.3749278961232113e-02  2.6739241285205061e-02  
q[111]: 8.8809320380762377e-03  5.5501442474954166e-01  8.4509298506184397e-02  2.9437746673596987e-01  
q[112]: 1.2733353533291976e-02  5.9735230523088212e-01  2.1042832466917905e-01  5.3185212746672250e-01  
q[113]: 4.3011545652265303e-03  6.6945593484048704e-01  1.4087183758519308e-02  4.6121471667112590e-01  
q[114]: 5.3377281642590533e-03  6.3173597325246289e-01  8.9497099432776298e-02  6.6926462349601212e-01  
q[115]: 2.3198398757612753e-03  6.1361059321565703e-01  8.6421844241572371e-02  9.8275706726434375e-01  
q[116]: 6.2576717962543006e-03  5.0711740331960098e-01  2.1548899152121226e-01  7.4237991182814211e-02  
q[117]: 1.0511559857458641e-02  6.3262190350185554e-01  4.3625020976204698e-01  1.5865915412383283e-01  
q[118]: 5.0935542515832041e-03  6.1177672045718801e-01  2.6428426674854505e-01  1.8155249963108008e-01  
q[119]: 6.8184513268596363e-03  6.0234579906369157e-01  2.8417502515603837e-01  8.9000901313553293e-01  
q[120]: 5.9273106333718158e-03  5.1256906626819598e-01  5.3444026215857954e-01  5.0438783569339958e-02  
q[121]: 1.2153609177073175e-02  6.3949007352977194e-01  3.9435270896978941e-01  4.2404428531126931e-01  
q[122]: 9.7439811207505975e-03  5.9212644929294656e-01  4.3892594638422555e-01  7.9877922065841389e-01  
q[123]: 1.5333272526589887e-02  5.6799113063315987e-01  6.4038047588123470e-01  3.8209164065586582e-01  
q[124]: 1.3930765744876027e-02  5.8864334688785103e-01  5.9873208707300885e-01  6.5931183325976173e-01  
q[125]: 7.0501908210055114e-03  5.7130692831050367e-01  7.5859098477593045e-01  7.5445298144452455e-01  
q[126]: 4.2770864089479886e-03  5.6592656157034638e-01  7.7500086347783614e-01  2.2754600816856946e-02  
q[127]: 5.8386079794417525e-03  5.0730143225130786e-01  9.5671618930159774e-01  2.8523375139591012e-01  
q[128]: 2.9549180042348394e-03  5.7966026378658486e-01  6.9454629560672720e-01  9.8450903035406589e-01  
q[129]: 9.8033585862361394e-03  5.5591750968049181e-01  7.9795314169295739e-01  2.1004744587239510e-01  
q[130]: 2.1403202536920333e-03  4.7909445270019091e-01  9.8946699297687124e-01  8.2764088725056417e-02  
q[131]: 1.4856748954101604e-04  6.2168875367991905e-01  7.4958355640855368e-01  5.2910895130141800e-01  
q[132]: 8.2827995602017222e-03  5.9467476152661758e-01  8.7886555300821190e-01  5.5886339328650048e-01  
q[133]: 2.9010646361637710e-03  5.8499386504079509e-01  9.8609692344432476e-01  7.9609211123287560e-01  
q[134]: 3.4553390850628604e-03  7.3342423055123207e-01  2.3655149519108479e-02  1.3615510887644586e-01  
q[135]: 7.7151514951546733e-03  7.7816128949980734e-01  2.5169583567086146e-01  3.7113909781592846e-01  
q[136]: 3.1447726661441391e-03  7.7413352729439211e-01  1.6750504533277966e-02  7.9707738266436268e-01  
q[137]: 3.2288843878879956e-03  7.1377147977702093e-01  1.3691790219704641e-01  2.2375246467938766e-02  
q[138]: 2.8701043330692788e-03  6.1774738679098784e-01  9.8436538740700949e-02  1.0379649208092154e-01  
q[139]: 5.6964752682581842e-03  6.9232719140657839e-01  1.1728196344122177e-01  8.8684932342733347e-01  
q[140]: 4.5355587328279072e-03  8.3367691812908662e-01  2.2106725699984001e-01  9.5078650637643569e-01  
q[141]: 9.0409700434839445e-04  7.5374379138869718e-01  2.6411941400236849e-01  2.4436335620230681e-01  
q[142]: 7.9515269821398404e-03  7.4992073140871696e-01  3.2802069827750269e-01  7.8237776612808307e-01  
q[143]: 2.8398411127334034e-03  7.0177773593728199e-01  4.0821820787541863e-01  6.6543430390492760e-03  
q[144]: 8.1190494321266241e-03  7.8828392140510328e-01  4.1903259530001247e-01  5.9272919158243120e-01  
q[145]: 8.6844626385023247e-05  7.0215983488890421e-01  4.2658033043435245e-01  7.5368917406998037e-01  
q[146]: 4.7359475914509437e-03  7.4048187496066675e-01  5.6723976889382688e-01  2.2068776544172877e-01  
q[147]: 5.5521639127963139e-03  7.6788842182968031e-01  5.7566768516304201e-01  3.7722046059290676e-01  
q[148]: 3.3541461329378089e-03  7.2831303948510340e-01  3.9698876374710490e-01  9.9080442904129262e-01  
q[149]: 3.2903979913551703e-03  7.0799033169144454e-01  6.1394062753364320e-01  6.4938759548999081e-02  
q[150]: 9.4117690393128676e-03  7.6705136582160327e-01  7.5967649737627230e-01  2.6904806224321104e-01  
q[151]: 1.0400570090416989e-02  7.6535116736185960e-01  7.5946019190726688e-01  7.6157686115327794e-01  
q[152]: 6.5409728496073740e-03  6.9877440144702641e-01  6.1178004738845126e-01  9.1724355949112468e-01  
q[153]: 6.2509666842498696e-03  6.6618829366715404e-01  9.0627789240300538e-01  1.1522600733270547e-01  
q[154]: 4.2027377230898135e-03  7.2380455130430565e-01  9.3734913814273957e-01  3.5167433668943660e-01  
q[155]: 6.4253604851060618e-03  6.8420782037754568e-01  9.0545006336705258e-01  8.8749737962744280e-01  
q[156]: 1.4367892038066952e-03  7.1833109720687771e-01  9.6592610560896697e-01  1.7032668705021591e-02  
q[157]: 3.2432712180926341e-03  6.4264051113911003e-01  9.8735470640123457e-01  4.8783506133818277e-01  
q[158]: 9.0696192659701913e-03  7.3748171185706668e-01  8.1976428503757248e-01  5.1674787355093443e-01  
q[159]: 3.7730481418267858e-03  7.9536731310406328e-01  9.6982511511876357e-01  7.0042586835567566e-01  
q[160]: 1.6627491654793906e-03  7.2161553040327764e-01  8.9449158782178340e-01  9.9276716358593731e-01  
q[161]: 1.1601350476428665e-03  8.7833389104346538e-01  2.8779859586856301e-02  2.2164887105415282e-02  
q[162]: 6.5412524045230036e-03  8.0446205288740402e-01  9.9324803738082793e-02  3.2218899370458781e-01  
q[163]: 5.8904155364254192e-03  8.6005403578515971e-01  6.2662669909973961e-02  5.5064752699573627e-01  
q[164]: 7.2255693154812360e-03  7.6506505637583999e-01  1.6761988811601519e-01  6.6808917592215800e-01  
q[165]: 1.3463592873590668e-03  8.3732065163651170e-01  2.7648855743622410e-02  9.7515072355040822e-01  
q[166]: 5.5823114314563042e-03  7.5361158847788834e-01  2.3293376543987643e-01  2.0732079061498163e-01  
q[167]: 4.5001293785749104e-03  9.1286375388929786e-01  9.8535979058747489e-02  8.4424661755149388e-01  
q[168]: 7.0166418318027236e-03  8.4949197932081777e-01  3.2293837563815636e-01  7.1550647700922718e-02  
q[169]: 1.0435380138554512e-03  8.7446099157304591e-01  2.7880401467455906e-01  6.2262809641118200e-01  
q[170]: 3.5835775482347147e-03  9.1394837578730093e-01  3.8940503778883084e-01  9.1870897393672712e-01  
q[171]: 7.3830434556291930e-03  9.0278446423449366e-01  3.9486468271686692e-01  3.6949396978250654e-01  
q[172]: 8.1469588041026900e-03  7.8760362757358127e-01  5.4100128732165953e-01  5.8580468062722646e-01  
q[173]: 5.9095544318995058e-03  7.8836631280135083e-01  6.7028865983679375e-01  7.7438375512396129e-02  
q[174]: 5.8246300649083694e-03  8.2400858900674989e-01  5.7916884092313892e-01  8.9468780345268617e-01  
q[175]: 1.8264331194313040e-03  8.4577718168041527e-01  8.1631745607985717e-01  1.1117784784067945e-02  
q[176]: 5.3668176641672128e-03  8.7547536691756622e-01  9.0940272586772763e-01  3.6495936592875017e-01  
q[177]: 5.1852187539647423e-03  9.1116917658338259e-01  8.6817494221368452e-01  8.5388239879953343e-01  
q[178]: 3.5477330508710964e-03  8.6840431544728525e-01  7.5686767320556125e-01  9.7145774010968489e-01  
q[179]: 3.9400476197976562e-03  8.7827126515367970e-01  8.8629866233048138e-01  1.0175464993706190e-01  
q[180]: 2.3874726820906386e-03  8.1602904864756587e-01  9.9257029107184225e-01  1.9928983604337039e-01  
q[181]: 4.2283590856560284e-03  8.7234063840072029e-01  9.2614558655160695e-01  6.3737707971139956e-01  
q[182]: 1.5802653274662631e-03  8.4122136749293663e-01  9.8698969929107772e-01  9.4187778295602331e-01  
q[183]: 8.1491019222474878e-04  9.8998286969376925e-01  3.7866707447576350e-02  8.1980795604159287e-02  
q[184]: 1.9936021651510648e-03  9.2026800013178178e-01  1.0036994893912557e-02  2.8042401803840961e-01  
q[185]: 3.5329195835100179e-03  9.3490044700584274e-01  1.2166259824926333e-01  1.7131966771362719e-01  
q[186]: 6.4646989982998357e-03  9.3614642783559565e-01  2.1346292932201227e-01  4.8619697303376669e-01  
q[187]: 2.0123869702068841e-03  9.8888724078451706e-01  7.2896440526211623e-02  4.0902711274932385e-01  
q[188]: 2.1416044497048039e-03  9.9012848635562800e-01  1.4442485406249730e-01  7.1748697769180292e-01  
q[189]: 1.5465324643800062e-03  9.5674287829626947e-01  1.2804857233325601e-02  6.6467167706956909e-01  
q[190]: 8.8499813686770316e-04  9.7753679272296901e-01  2.8369872258518010e-02  9.2521206956060276e-01  
q[191]: 1.3989259705928412e-03  9.6356259187855620e-01  1.9695071361906344e-01  1.5177294615104104e-02  
q[192]: 2.5551766519436459e-03  8.7347970755125026e-01  1.2568684634213959e-01  1.0314202417964850e-01  
q[193]: 5.9688549572357577e-03  9.0533378011882937e-01  2.6759080934504592e-01  7.3212150574836865e-01  
q[194]: 1.0722805022368104e-03  9.6401178765034745e-01  1.5821034555850089e-01  9.8907855821452617e-01  
q[195]: 2.1930205386411872e-03  9.8637195282374690e-01  4.1737396543327476e-01  8.4726371395166630e-02  
q[196]: 3.7856204099212510e-03  9.7852781539204869e-01  2.6575057589793866e-01  2.4103440038177071e-01  
q[197]: 2.1750828284680915e-03  9.8994975236345606e-01  3.1529783976755271e-01  8.8977744823137705e-01  
q[198]: 2.3114785175691452e-03  9.2794439438372023e-01  5.5829353402663406e-01  1.4278785329025665e-02  
q[199]: 5.1464539108667861e-03  9.7863997767535194e-01  4.2529085429362484e-01  5.8785652027293844e-01  
q[200]: 5.0921755288305167e-03  8.8506768333913910e-01  4.9053227427250023e-01  7.8480803975432001e-01  
q[201]: 8.6233845177478338e-03  8.9143248757782956e-01  5.0197696345681897e-01  2.1325705135280124e-01  
q[202]: 3.4325931332532611e-03  9.9069165044148477e-01  5.9652257059410108e-01  3.5638576280303380e-01  
q[203]: 4.6194920146067310e-03  9.2579639187841523e-01  7.3403425298632152e-01  6.6611187984782161e-01  
q[204]: 1.7687847831992945e-03  9.5542453285074846e-01  5.2495998872165806e-01  9.8615390103835510e-01  
q[205]: 3.5480001454773211e-03  9.6365224933669669e-01  6.8848448056047551e-01  1.1984000067126056e-01  
q[206]: 2.1585700983586066e-04  7.0283252272438035e-01  6.2373982821342644e-01  3.9788557303178768e-01  
q[207]: 2.6061194700975357e-05  8.7596881508783941e-01  7.1963108472010451e-01  7.0062386501221119e-01  
q[208]: 4.6949327026504124e-03  9.6621524282539084e-01  6.0247019541259395e-01  7.7605577687932048e-01  
q[209]: 8.1526556354620072e-04  9.9322106249923658e-01  8.2964200138490152e-01  2.8229146323623066e-02  
q[210]: 4.0491377946965459e-03  9.3148797467575617e-01  7.9047986152661798e-01  2.2588999115353595e-01  
q[211]: 2.5181714611332119e-03  9.7480093606980645e-01  8.3256039496008016e-01  3.9207376729984889e-01  
q[212]: 1.8236082138575599e-03  9.9031321332562261e-01  7.3640664577706827e-01  9.1753757872517427e-01  
q[213]: 1.0734288910179842e-03  9.4244248001158315e-01  9.7354800747293480e-01  4.0606851238644402e-02  
q[214]: 1.6697268815302089e-03  9.8427676940945352e-01  9.5056730901720654e-01  2.0729722235958969e-01  
q[215]: 1.9836936132599666e-03  9.4983703256602348e-01  9.8548273702779243e-01  4.7825873491321885e-01  
q[216]: 9.5426190219575074e-03  8.9840546154341516e-01  6.7926294244531760e-01  4.9247335557384908e-01  
q[217]: 2.5758829155712137e-03  9.8962869414443355e-01  8.6343400886229726e-01  6.2837756896773345e-01  
q[218]: 1.3154449103707320e-03  9.7474450696467174e-01  9.7747169279226653e-01  8.0893962083830750e-01  
q[219]: 9.4825670894648775e-04  9.6940977769156411e-01  9.3254294549817751e-01  9.7748656592051308e-01  

