deg: 20
dim: 3
nodes: 445
efficiency: 0.995506

q[0]:   2.7494906521146939e-04  1.2164221243766610e-02  1.7598268958200713e-02  1.1060773033392922e-01  
q[1]:   7.2883954204147801e-04  4.2373871675137911e-02  1.4606188246562278e-02  2.7494117733683116e-01  
q[2]:   1.4821710717755788e-03  1.3264738357293712e-01  4.1447432075505108e-02  3.7276326356380746e-01  
q[3]:   3.5829532303756866e-04  1.6023369240871451e-03  2.6670164706919051e-02  4.3646045624250740e-01  
q[4]:   3.9320980388885961e-04  2.0347539052510723e-02  8.1718128166938207e-03  7.3070864412682557e-01  
q[5]:   8.1928150328100199e-04  1.3889212157400544e-02  6.7500767409380102e-02  8.5287597275460647e-01  
q[6]:   1.6901265405378126e-04  1.3976657561854882e-02  1.4400795355399639e-02  9.6574599007647255e-01  
q[7]:   2.4333245402865527e-04  1.0265221321243141e-02  7.2613458344104445e-02  1.7444331090026629e-02  
q[8]:   1.2167715977270416e-03  2.8932736914855078e-02  1.6958978203282984e-01  1.0086613609788106e-01  
q[9]:   8.2578566928666851e-04  1.2350039914781662e-02  9.3927365282650749e-02  2.0456468044475387e-01  
q[10]:  1.8884092702772801e-03  4.3826028764996389e-02  9.9791820480684815e-02  3.8464845136150272e-01  
q[11]:  7.1827603628154635e-04  2.7479057877284989e-03  1.3853703023873748e-01  6.4859135189198980e-01  
q[12]:  1.6152143357856035e-03  7.2915751607753501e-02  1.6255612640958700e-01  9.0080075582463204e-01  
q[13]:  1.9277400431858139e-03  4.4937307756282158e-02  2.8718359639515323e-01  2.3985064485866761e-01  
q[14]:  1.4710929214731079e-03  2.8920568017555118e-02  1.7026501729782045e-01  5.0061511945708648e-01  
q[15]:  2.1009608860744328e-03  3.2857881059736201e-02  2.2434523679865334e-01  7.8093508226332942e-01  
q[16]:  5.3853698800721223e-04  5.4959754922677137e-03  2.0904641623377807e-01  9.4320810362116925e-01  
q[17]:  5.7213087364384662e-04  7.8137261692208838e-03  2.7827776734470888e-01  4.2357026695431191e-02  
q[18]:  1.0386589050678712e-03  5.5045172481389083e-03  2.3515597894899420e-01  3.1144224940061016e-01  
q[19]:  1.8682819368211867e-03  1.6040867030315448e-02  3.5922301088085329e-01  4.9196503252839763e-01  
q[20]:  1.8754866398696122e-03  4.0918313190423584e-02  3.7802661517653169e-01  1.3112984336867489e-01  
q[21]:  2.7566094772267166e-03  6.0920253162100507e-02  4.1352794876578319e-01  3.2336835307455952e-01  
q[22]:  8.6095375624743720e-04  5.9760132861457031e-03  3.5655297242878742e-01  7.0340980223348049e-01  
q[23]:  1.1260570160915150e-03  1.1006777707610885e-02  4.2994716545786310e-01  8.5567761075736681e-01  
q[24]:  7.9489935771411945e-04  7.3904423050346875e-04  4.6870096065863492e-01  1.7076627323289542e-01  
q[25]:  1.4875666557801655e-03  1.5381849190668583e-02  5.2501126525016106e-01  4.0371808901738598e-01  
q[26]:  4.5716854558554781e-04  5.0732464317695255e-03  5.5277942297806204e-01  9.7334887174534201e-01  
q[27]:  1.0514472227023438e-03  1.9814707007620717e-02  5.7694480936360770e-01  4.9162191463253194e-02  
q[28]:  1.4904373791337826e-03  5.9379963561435059e-02  5.2037469561981708e-01  2.7235116826294864e-01  
q[29]:  5.0365036952350643e-03  9.4998724340049231e-02  6.1708782537918250e-01  4.4587438987882533e-01  
q[30]:  3.0395891150590583e-03  3.0541405545731294e-02  5.4117316593793796e-01  6.1708609945123782e-01  
q[31]:  1.1684953416444446e-03  6.5469730667447436e-03  6.6391473501817055e-01  7.5003367140137933e-01  
q[32]:  2.1428671962632617e-04  9.9376826275422072e-03  7.2488422771655092e-01  5.4980735215957276e-03  
q[33]:  1.7761377220474556e-03  1.9207170688933947e-02  6.5933687777320349e-01  2.8057872207874451e-01  
q[34]:  3.6835727865610515e-03  6.6167233401419626e-02  7.3143597828810214e-01  5.9637446541286687e-01  
q[35]:  1.6790156427050628e-03  3.0479785770461863e-02  7.0179163070322903e-01  9.1521738376958239e-01  
q[36]:  5.6270415249078576e-04  4.5346319293418742e-03  7.9055304639417290e-01  1.0324945216614598e-01  
q[37]:  9.1708284741002296e-04  2.3537627647206528e-03  7.3399054298207533e-01  4.9332347413172351e-01  
q[38]:  2.4996305258090656e-03  4.0829165779837549e-02  8.1822425124193676e-01  7.5910709643538410e-01  
q[39]:  2.3264804356218745e-04  4.9073153751772951e-02  8.8985291995828419e-01  6.5894783772808448e-03  
q[40]:  7.4003853955613907e-04  3.3744791504014215e-02  9.1185190902134350e-01  7.9486085003048809e-02  
q[41]:  2.0733665638535178e-03  4.0025128109275859e-02  8.0253810078047882e-01  3.9446027746965751e-01  
q[42]:  1.2345758922519643e-03  1.3146957998996733e-02  8.9061789932410818e-01  5.9171236158379703e-01  
q[43]:  5.1387204009864800e-04  1.7159065374364917e-03  8.7149973777202216e-01  8.8503219900228247e-01  
q[44]:  4.6716912367761917e-04  2.4194745466980243e-02  8.0203495999604424e-01  9.8581298076845869e-01  
q[45]:  1.5619278156547812e-04  3.4273963815767369e-03  9.4609452325015475e-01  2.4916034190466164e-02  
q[46]:  3.8176156397969166e-04  2.0084900543905763e-02  9.8682568829107598e-01  1.3842822092265922e-01  
q[47]:  1.2347881401836461e-03  1.6583169906318022e-02  8.6239846186527347e-01  2.3367820711044421e-01  
q[48]:  5.1201916973506341e-04  5.2737531570664102e-03  9.6418503287534074e-01  3.4908339935802701e-01  
q[49]:  2.1409321292169925e-03  5.9994185565780338e-02  9.1577413323568435e-01  4.3162461211319103e-01  
q[50]:  6.6294802979129130e-04  1.5284332155242119e-02  9.6940220835841195e-01  7.3110909827694448e-01  
q[51]:  2.9413183527253662e-04  2.2218320266193029e-02  9.8931934242715214e-01  9.0445952953474829e-01  
q[52]:  1.5413931697256226e-04  1.2568880503900438e-02  9.5600275918196831e-01  9.8605031137650689e-01  
q[53]:  1.4461435633473610e-04  5.2082472208355456e-02  2.1412399979518467e-03  2.1695208477206445e-02  
q[54]:  9.9873676109001617e-04  9.3034348448867182e-02  4.7481915798669068e-02  1.8610905092676561e-01  
q[55]:  2.2829196737377123e-03  1.7615583432666038e-01  6.0443555355588090e-02  4.8916316657409786e-01  
q[56]:  1.3890607093163547e-03  4.0236642504108626e-02  5.0096821758759361e-02  5.9430874277400447e-01  
q[57]:  1.5024996604010750e-03  1.1943818758897103e-01  4.1440498133589965e-02  7.1955155604543131e-01  
q[58]:  7.6840687983650651e-04  8.5084098397045824e-02  1.3464889250455001e-02  8.8496250254997866e-01  
q[59]:  1.0593665079072865e-03  7.3739559393421333e-02  5.9409279632356732e-02  6.7712519451496381e-02  
q[60]:  2.3541665904532288e-03  1.1095374932880914e-01  1.3055694604458290e-01  2.6929664356963889e-01  
q[61]:  1.9410776567987443e-03  7.7608821533002775e-02  1.0612802913234000e-01  7.4761976019885612e-01  
q[62]:  7.0583696116108816e-04  6.0939430803487196e-02  7.1575494807278622e-02  9.6094831858837804e-01  
q[63]:  2.1002629510542801e-04  2.2790924458505113e-02  1.1803685425435352e-01  9.9587581556871674e-01  
q[64]:  8.0074565204299084e-04  7.3296884436570620e-02  1.7540158550494656e-01  1.1262379946584499e-02  
q[65]:  3.6386306320202893e-03  9.8122570530826500e-02  2.4470678422545339e-01  4.2464772316057814e-01  
q[66]:  1.2759702149503322e-03  4.2428694394694072e-02  3.3377612654183331e-01  9.1576081835565337e-01  
q[67]:  3.4415415360917107e-03  1.3192086857746224e-01  3.0704914361532704e-01  8.3378526188541247e-01  
q[68]:  6.7666596669254081e-04  3.8491252137594044e-02  3.5387800617033460e-01  9.8941046279634082e-01  
q[69]:  2.9527395937435454e-03  6.3785457687226460e-02  2.7930282639973586e-01  6.1640331718769259e-01  
q[70]:  1.9524493846488898e-03  8.4452681019068859e-02  5.1396422374085238e-01  9.5312467381656718e-01  
q[71]:  5.6731079140918646e-04  3.7637605771174004e-02  4.1693975950432566e-01  6.4394401464029326e-03  
q[72]:  4.3797961094909042e-03  1.2505788827027081e-01  4.2146188809149621e-01  5.0394349313438358e-01  
q[73]:  4.7240021992783158e-03  1.3593613413205183e-01  5.4176407844803487e-01  1.9598896020652268e-01  
q[74]:  4.2941249186089665e-03  9.1512511139668601e-02  4.2752065286781726e-01  7.2110737561023497e-01  
q[75]:  4.3570313517966933e-03  1.4899411357727610e-01  6.4629567763747886e-01  7.0871940119063248e-01  
q[76]:  2.5082741578152192e-03  5.5756164331467913e-02  5.5230517616991337e-01  8.3340132104325626e-01  
q[77]:  2.6957604242827892e-03  5.2222939990213019e-02  6.8045803754077372e-01  1.4541854960136472e-01  
q[78]:  4.2808188334677302e-03  1.1491942154503748e-01  7.8222798217626222e-01  2.7922592574813582e-01  
q[79]:  7.0543939792231281e-04  9.1882464330328997e-02  6.6391738958663504e-01  9.9595474737875134e-01  
q[80]:  1.3406992674450256e-03  6.5678607084155377e-02  7.9837264542593245e-01  3.9110568123567703e-02  
q[81]:  3.8517571620253471e-03  1.5715973194074517e-01  8.4371589800106361e-01  5.1308693932246074e-01  
q[82]:  2.4172565952594325e-03  1.2322139774592672e-01  7.7042871473130869e-01  8.7440401178376548e-01  
q[83]:  1.2753848630494410e-03  1.3614762201363731e-01  9.5976383219749972e-01  6.9925450308282691e-02  
q[84]:  6.7148997084937186e-04  5.4813067231001954e-02  9.1707072905398146e-01  9.5426056667910952e-01  
q[85]:  2.1781216668023727e-04  5.9299115934755481e-02  9.9268979417501446e-01  2.3028597560150733e-02  
q[86]:  1.3072981783775850e-03  6.6264327549978727e-02  9.4670678493696858e-01  2.1022549239393862e-01  
q[87]:  5.6831805957168022e-04  3.5320317051455087e-02  9.9286207043503716e-01  5.2297565758410680e-01  
q[88]:  1.9975964065228773e-03  9.7717299880114836e-02  9.5303411110828573e-01  6.2822242230389169e-01  
q[89]:  1.6655484547783643e-03  6.9424391867692031e-02  9.3188745961816732e-01  8.4285543438648858e-01  
q[90]:  2.6305265275240622e-04  9.3732522117006958e-02  9.8846196947318854e-01  9.8094720723936868e-01  
q[91]:  8.5221758850074103e-04  1.5846817871574551e-01  1.0555905759552354e-02  1.3259698521764665e-01  
q[92]:  9.3352446808958427e-04  2.2497738433767545e-01  7.7283490725152254e-03  3.1182482491212249e-01  
q[93]:  7.2231537874008136e-04  9.0149578457458635e-02  4.4780048393475809e-03  5.0960591110608144e-01  
q[94]:  8.2034363890508982e-04  2.2955237205005546e-01  3.9598838430630846e-03  6.4870543784084234e-01  
q[95]:  1.2395388536152801e-03  1.9928630134894473e-01  2.4410897969739793e-02  8.0970889221687981e-01  
q[96]:  2.7014579555734679e-04  1.3310477004521673e-01  2.0116279560918247e-02  9.9509196690235557e-01  
q[97]:  5.1519368974912885e-04  1.6450160637556691e-01  3.9459338618989190e-02  1.0297131767793732e-02  
q[98]:  2.3151509708792370e-03  1.8892836380482866e-01  1.2539398904677007e-01  6.4182302024319418e-02  
q[99]:  2.7519022106417173e-03  2.2826352740934913e-01  9.0330596281095590e-02  1.9288837276382978e-01  
q[100]: 4.0238227957592855e-03  1.3888840074161560e-01  1.4984172914575580e-01  5.8756327081216231e-01  
q[101]: 2.1305706402885340e-03  1.0016101288673522e-01  1.9799775037187589e-01  1.5749778850606391e-01  
q[102]: 2.4451033346143168e-03  1.7615505449188013e-01  1.3140875688689557e-01  8.4013129448993606e-01  
q[103]: 1.3998176167893100e-03  1.2516144083956290e-01  2.1022901089734686e-01  9.8048293583629531e-01  
q[104]: 2.3712546370465389e-03  1.1969075859437599e-01  3.2040968306259671e-01  5.2101969695285313e-02  
q[105]: 3.6557349852075925e-03  1.9812262771606790e-01  2.2696919024674411e-01  3.1216831456371641e-01  
q[106]: 3.1661527202290138e-03  1.7078564011165576e-01  3.1236361488141146e-01  1.7484184311424325e-01  
q[107]: 2.7867333722986888e-03  2.0402056986708841e-01  3.6798430619406380e-01  6.1678130981494950e-01  
q[108]: 4.9852574370321248e-03  1.8282031377954555e-01  3.9920402312669395e-01  3.3373274005587950e-01  
q[109]: 2.7937092690639145e-03  1.9269286287417950e-01  4.9112841822695591e-01  8.9492275199458982e-01  
q[110]: 1.8018895854603778e-03  1.8618294713615802e-01  6.5181492009808895e-01  9.5714941505048179e-01  
q[111]: 2.0406222708880548e-03  9.3124476368128345e-02  5.0438694151220997e-01  6.6887719243040863e-02  
q[112]: 4.9062599108910879e-03  2.0212072352774485e-01  6.7734964731100022e-01  3.6235317515819382e-01  
q[113]: 2.4774939806204051e-03  1.2885255006879662e-01  6.5996366320065536e-01  8.1722962413714495e-01  
q[114]: 1.3232507798656159e-03  1.2418237736832956e-01  6.4522033561013392e-01  1.3308086247065873e-02  
q[115]: 3.2822384236767493e-03  1.7807242464398113e-01  7.2477679999289557e-01  9.8720928846570438e-02  
q[116]: 4.7911515051998295e-03  2.4566209680836873e-01  7.4604030605912008e-01  5.2008878084459642e-01  
q[117]: 2.2275571027418968e-03  1.1698186733886816e-01  8.6756239405264934e-01  1.4273632616793641e-01  
q[118]: 2.7829721413329912e-03  1.3525197994748309e-01  8.6140972548518846e-01  6.8252624772186521e-01  
q[119]: 2.4925641687275589e-03  2.1564384155072866e-01  8.4701432835692247e-01  8.5878844590090542e-01  
q[120]: 1.4287214615940295e-03  1.1243642712861424e-01  8.4177021954281406e-01  9.5354399156903169e-01  
q[121]: 3.1900209938770941e-04  1.4811924074030319e-01  9.3018250352405907e-01  1.6181511570851723e-03  
q[122]: 3.0528821972233481e-03  1.8352154865811668e-01  9.1520327562804760e-01  3.4403042054104549e-01  
q[123]: 4.9511018681854197e-04  1.7613161250194662e-01  9.1138782026520537e-01  9.9849009319055382e-01  
q[124]: 7.0348743357158872e-04  2.0465328960208581e-01  9.9490917990858652e-01  1.4172196488263314e-01  
q[125]: 9.7221528917968369e-04  9.8512282618009636e-02  9.8962144812268382e-01  3.0347163732312327e-01  
q[126]: 6.6019021041346232e-04  1.1659358708820784e-01  9.9689815469306209e-01  7.7465229970067440e-01  
q[127]: 1.3578766438594374e-03  1.8012200574343853e-01  9.7149373676275730e-01  9.1525634904637343e-01  
q[128]: 8.9118509012401596e-04  2.9083025651213568e-01  1.5962828581857658e-02  5.1015355932872160e-02  
q[129]: 1.9953063531291835e-03  3.0438559601874310e-01  4.4169230231197842e-02  2.8447844118979637e-01  
q[130]: 2.4235149665771966e-03  2.7814616104265960e-01  4.9163050584275975e-02  6.0461112020782870e-01  
q[131]: 2.5381951052957322e-03  3.4945400382343311e-01  5.1001751498863698e-02  8.5033002999677376e-01  
q[132]: 5.7442653721783159e-04  2.7836944135921693e-01  5.9409370942282652e-03  9.4714439760348801e-01  
q[133]: 1.4369635305371416e-03  3.6080947676414254e-01  1.7477912718740438e-01  5.4159793276451138e-02  
q[134]: 4.2367063578938819e-03  3.0590948549084507e-01  1.2074856761188832e-01  7.2399316887995058e-01  
q[135]: 1.7872444047038892e-03  1.9510879870609182e-01  7.4015178058330036e-02  9.4074155540283044e-01  
q[136]: 8.0969703895792788e-04  2.8549132945265909e-01  1.2062914036370606e-01  9.9360075595221387e-01  
q[137]: 1.2003129791292564e-03  2.2546313246136201e-01  2.5458141104111931e-01  1.4237572239612176e-02  
q[138]: 3.5987859063499848e-03  2.8832342238548070e-01  2.2980047380493981e-01  1.2185669607277184e-01  
q[139]: 4.0002129594268196e-03  2.5864603006325981e-01  1.3671788556187150e-01  4.1090497414282096e-01  
q[140]: 3.0358014839928309e-03  2.7615539652476456e-01  2.1360484492474341e-01  8.8395465515655836e-01  
q[141]: 6.9407528033889653e-03  2.8037471468253700e-01  2.8971054493922199e-01  4.8824259870347764e-01  
q[142]: 5.1320053748077927e-03  2.0888879842935326e-01  2.4174728592970418e-01  6.9898240265181222e-01  
q[143]: 1.9028821159105052e-03  1.5244364787524653e-01  3.5205832785535296e-01  9.3123248038764672e-01  
q[144]: 1.3001084748696804e-03  2.1296476851228432e-01  4.4054207214857083e-01  9.9297360355802744e-01  
q[145]: 4.1930573936203811e-03  2.4483897466372800e-01  4.5088570318255322e-01  1.0491851235466466e-01  
q[146]: 1.1475212590757718e-03  2.0926796926159316e-01  4.5718219367557256e-01  8.6168166209057585e-03  
q[147]: 6.2040314928441852e-03  2.1113708737646622e-01  5.3673774474088365e-01  5.7453230700034019e-01  
q[148]: 4.3181634746824972e-03  2.4090789866356532e-01  4.9543780505440432e-01  7.7709435431912255e-01  
q[149]: 2.7396161511249392e-03  2.6428687515644173e-01  6.2737563394006379e-01  5.9548626626407766e-02  
q[150]: 4.1035343623876674e-03  2.5116034606419962e-01  5.9893872730640074e-01  2.6020034532046610e-01  
q[151]: 4.0237957101435760e-03  2.8958357075084079e-01  6.2340066923212156e-01  8.9616495971604071e-01  
q[152]: 4.5399308256049951e-03  2.9841657404435867e-01  7.5440457352593027e-01  2.0303781243646721e-01  
q[153]: 4.2960295962138576e-03  2.5608708743987324e-01  7.5974959345762871e-01  6.9421818919537470e-01  
q[154]: 1.9427443008079583e-03  2.5659744394953909e-01  7.6719364868589723e-01  9.7231654279968216e-01  
q[155]: 1.7266842980537096e-03  2.1569746579925053e-01  8.4326308342197109e-01  2.8319841819174386e-02  
q[156]: 2.5050089307947060e-03  2.4577178502690783e-01  8.7263421688553133e-01  1.7456777959411643e-01  
q[157]: 5.0823173512555136e-03  3.2303016313557803e-01  8.3848442853534166e-01  3.8519164434991593e-01  
q[158]: 1.3233584257523587e-03  2.9235855549519557e-01  9.2208832545326813e-01  9.5391178442845326e-01  
q[159]: 5.6395622856143866e-04  2.8356782245823520e-01  9.8277451172065089e-01  1.9428974106843772e-02  
q[160]: 2.0987298715941000e-03  2.5051682963452754e-01  9.5302031830845024e-01  2.3465450133622237e-01  
q[161]: 1.8862152571336450e-03  1.8554840889740740e-01  9.7720079310105734e-01  4.8513042976762338e-01  
q[162]: 1.6175359754182367e-03  2.6407246131334389e-01  9.8402246102068147e-01  6.5929841333614170e-01  
q[163]: 3.0122797063566555e-03  2.2208447417624477e-01  9.2381778532697678e-01  7.7458100820410380e-01  
q[164]: 3.7298909891019866e-04  3.1397554260588417e-01  9.8998453336437564e-01  9.8250730279560572e-01  
q[165]: 2.2786421371393541e-03  3.6247172653916865e-01  5.3686396698694280e-02  1.3121115548844811e-01  
q[166]: 1.0139932252221364e-03  4.5229894560368356e-01  3.7803223104594572e-03  1.9724892810795450e-01  
q[167]: 2.1669438901852330e-03  3.7777149833492474e-01  1.6758946700537215e-02  4.5627096127439964e-01  
q[168]: 9.3783617515553076e-04  4.1129665593003473e-01  6.3665272594399473e-03  7.5465309337627251e-01  
q[169]: 8.5828196496190272e-04  4.0534498851900225e-01  4.0224862686759143e-02  9.8127515184537550e-01  
q[170]: 8.6315954233928541e-04  3.3528222462894397e-01  1.0445244181150520e-01  8.0919744149618809e-03  
q[171]: 3.2790597466116366e-03  4.9474253748600711e-01  1.3580830950977010e-01  1.5655469387168960e-01  
q[172]: 3.2309415520567139e-03  3.7108810154897526e-01  1.2730419589903599e-01  5.2505393504314468e-01  
q[173]: 3.2028492108919161e-03  4.7605846383409200e-01  5.5990787901062863e-02  6.6201697119288816e-01  
q[174]: 3.0734459660798387e-03  4.1749138972205274e-01  1.4818409219882020e-01  9.2162109721050678e-01  
q[175]: 4.7067909990295281e-03  4.2853805131237244e-01  2.0168743677956066e-01  5.8473905767196133e-01  
q[176]: 1.9735379892574343e-03  2.8175447285287064e-01  2.6456485837283511e-01  9.6424048835523746e-01  
q[177]: 2.5797460198799050e-03  3.7243905048939024e-01  3.4302659835392108e-01  3.4704792871377330e-02  
q[178]: 5.7770001687682286e-03  3.8120821934542953e-01  1.8384505021495318e-01  2.7079697385883861e-01  
q[179]: 4.5208956908040811e-03  3.0880855000482837e-01  3.7670553966869558e-01  8.1087206311832560e-01  
q[180]: 6.4896589864737054e-03  3.3572755254768549e-01  3.7166688900134959e-01  2.2974467362294332e-01  
q[181]: 7.3918150525385693e-03  3.7796549609296853e-01  3.8141385118068649e-01  6.4087607341235664e-01  
q[182]: 2.6286611046531742e-03  3.6025215102938685e-01  3.7973033706849874e-01  9.4607118504228727e-01  
q[183]: 8.9078262172340213e-03  3.3020533518642736e-01  5.0727047631519984e-01  4.0413470714635691e-01  
q[184]: 2.2436334880748445e-03  3.7814373659083106e-01  5.7539513858448565e-01  9.8305443996449116e-01  
q[185]: 1.8532095814012127e-03  3.6383173449737638e-01  5.3119518900282459e-01  2.7501131149883402e-02  
q[186]: 5.1690855039247894e-03  3.5352516269730178e-01  5.8933406113483933e-01  6.8936810144557303e-01  
q[187]: 5.0092298499587445e-03  3.4258837279087367e-01  7.5562119865037569e-01  8.0947075363454235e-01  
q[188]: 1.4000259683490592e-03  3.5149577353784450e-01  7.4181640511075397e-01  7.1691700681104841e-03  
q[189]: 5.7066097919300377e-03  3.9683413574737098e-01  6.0083286682033910e-01  1.5451289173172281e-01  
q[190]: 6.3929650039958449e-03  3.9348117427718654e-01  6.5379450502200653e-01  5.5647588669928005e-01  
q[191]: 4.8130738754063622e-03  4.4711946586684026e-01  7.2034168628265094e-01  4.3422904404170437e-01  
q[192]: 1.0116923630553471e-03  4.6987333015437960e-01  9.2299272232557994e-01  9.9038633793009576e-03  
q[193]: 2.3262715807458442e-03  3.2980856285778937e-01  9.1410885471526815e-01  7.0406301444691746e-02  
q[194]: 3.6667621537921470e-03  4.2958350888173252e-01  8.5409276249564536e-01  2.8148158656737915e-01  
q[195]: 5.0128614546982126e-03  3.3445115185831514e-01  8.9882289505616420e-01  5.9857840228929837e-01  
q[196]: 8.3279078814727436e-04  4.0722296881887193e-01  8.0517748078553020e-01  9.9629870906517037e-01  
q[197]: 1.5694926837142879e-03  3.9417247544302814e-01  9.7364465280683321e-01  1.3913748587999095e-01  
q[198]: 1.0204836260512674e-03  3.4376458741327193e-01  9.9726580744954585e-01  3.5800572859934926e-01  
q[199]: 1.8255297306927975e-03  3.2941671612055679e-01  9.5230653616856631e-01  4.6455473171127365e-01  
q[200]: 2.6048615839238632e-03  4.2589313053073974e-01  9.4813076837512633e-01  7.6930924985705318e-01  
q[201]: 1.2959562463125121e-03  3.4994659097252900e-01  9.8696413435079533e-01  8.4893976942400395e-01  
q[202]: 3.1275988549204314e-03  3.8525592572604489e-01  8.7177472755585095e-01  9.0928788760122992e-01  
q[203]: 3.8234609461815916e-04  4.7761608167807146e-01  1.1866267526532108e-02  1.2317673076361545e-02  
q[204]: 1.6699792756006734e-03  4.8136613111329185e-01  7.6093725245952940e-02  4.8909787729049935e-02  
q[205]: 1.5955784824578834e-03  6.1082313505707519e-01  2.2844088845978799e-02  9.4248119163407779e-02  
q[206]: 2.2918291210377866e-03  5.5248577326857784e-01  4.2024546071509072e-02  2.7239430252450686e-01  
q[207]: 1.5461934424436648e-03  5.4626285390790186e-01  1.7775218072015160e-02  5.6620855334029685e-01  
q[208]: 8.4601355395640435e-04  5.0381328158450822e-01  1.1528009018243034e-02  8.9572364945541416e-01  
q[209]: 3.6227378606003445e-03  5.4143261044057300e-01  1.0311615342352684e-01  7.9657228534596092e-01  
q[210]: 1.7299270098168017e-03  5.7208972523586832e-01  6.5842191553830032e-02  9.3187091552993606e-01  
q[211]: 1.0759880713525941e-03  5.0534293933268160e-01  1.5379244479479370e-01  9.7585700874109360e-01  
q[212]: 9.9638948829082192e-04  5.0421299594007107e-01  2.3911642640817873e-01  4.7362163659653445e-03  
q[213]: 2.8680437581600085e-03  4.7860664853575502e-01  2.5545004962670620e-01  1.0079839545459962e-01  
q[214]: 4.1764738978064229e-03  4.7114445292140777e-01  8.3788266453386773e-02  3.7252364648058922e-01  
q[215]: 3.0064900533396761e-03  5.5858059139470584e-01  2.1922501035389577e-01  5.2146738231346901e-01  
q[216]: 8.2640627069592090e-03  4.7062950433466805e-01  3.1455904029119253e-01  3.8820637135109770e-01  
q[217]: 5.5238332854110955e-03  4.3056976936308650e-01  2.4145903137543689e-01  7.8193499443662384e-01  
q[218]: 4.9827095738666670e-03  5.3448921237487024e-01  3.1920617242904248e-01  8.7443168206093869e-01  
q[219]: 1.3583767149390319e-03  4.7736475111346111e-01  2.9649956533342831e-01  9.9403740869871260e-01  
q[220]: 4.1300588091224355e-03  4.7650948647849173e-01  4.2117103408325107e-01  1.0422122964667528e-01  
q[221]: 5.8673703206207038e-03  4.9284730643382779e-01  4.9020506528545604e-01  2.5343505322478638e-01  
q[222]: 1.1605952541028362e-03  5.3046041235771946e-01  4.9048494925855224e-01  4.4525459137017380e-03  
q[223]: 8.9664195553317040e-03  5.1984655710332128e-01  4.6898931530518889e-01  5.2344743302621655e-01  
q[224]: 3.4204215657850710e-03  4.2821106986939167e-01  4.7579428535916796e-01  9.0153804133129467e-01  
q[225]: 3.4815179991815014e-03  5.2237516148121288e-01  6.4047669295980403e-01  4.7511226904047840e-02  
q[226]: 3.6135334322320990e-03  4.2754495447095070e-01  6.8528656485883843e-01  3.0526377428198120e-01  
q[227]: 6.4655788282771288e-03  5.7311850859858549e-01  6.1610699962617199e-01  3.4231931778680658e-01  
q[228]: 5.8445419291945589e-03  5.0409952359439836e-01  4.9695251355414466e-01  7.5547249251159521e-01  
q[229]: 4.6778823585779802e-03  4.7201433802683546e-01  6.2427475172155067e-01  8.2351870720999509e-01  
q[230]: 4.5040105093092104e-03  4.9710578323813259e-01  7.2873895048122739e-01  9.3339917474864920e-01  
q[231]: 3.7055126146705902e-03  4.1643470913374325e-01  7.9282861310914765e-01  9.2414640809386203e-02  
q[232]: 3.4691971292241412e-03  5.2524255851823620e-01  8.9341034754012705e-01  1.6393022718762007e-01  
q[233]: 4.4327601790023685e-03  5.3725607519901641e-01  8.4059610454929212e-01  4.8736913361981909e-01  
q[234]: 4.6546985183686610e-03  4.6315822896941261e-01  8.4354153259453635e-01  7.1344124731382264e-01  
q[235]: 5.0991296418274564e-04  4.8773948507594944e-01  9.9426953554667608e-01  4.6780945620282365e-02  
q[236]: 2.2038245533857327e-03  4.3267053663678690e-01  9.5491250123475624e-01  2.8680081323028744e-01  
q[237]: 3.2416569748468654e-03  4.9003997531465732e-01  9.5158783498961608e-01  4.8551728257997923e-01  
q[238]: 1.3338339724540723e-03  4.8450641448071752e-01  9.9465037770854670e-01  6.1665023380663397e-01  
q[239]: 9.3681120599067359e-04  4.6859444012377832e-01  9.5029093498488548e-01  9.7955653473165638e-01  
q[240]: 2.2894158140350116e-03  7.3758476513832039e-01  8.1737408018977983e-02  1.2408593479712841e-01  
q[241]: 1.3706079767912716e-03  6.4739887765177628e-01  8.0679788198458873e-03  4.0478769939063458e-01  
q[242]: 9.9586119713679171e-04  6.2611277102200857e-01  1.0656328790801927e-02  7.5374909311834692e-01  
q[243]: 1.7079967767510188e-03  6.9088497863468856e-01  3.6504551708532437e-02  8.5125688840561953e-01  
q[244]: 3.4685858885997155e-04  5.9674415967509353e-01  1.2918291683149974e-02  9.8909817477908057e-01  
q[245]: 7.0106624355770295e-04  6.7771923606098816e-01  5.8282061893676206e-02  7.7430134357230323e-03  
q[246]: 2.2631391305650687e-03  6.1190148039209002e-01  1.6294157166019177e-01  3.9920591398588945e-02  
q[247]: 3.1262041393056283e-03  6.4155738682631180e-01  1.2172335898269067e-01  2.0521459390171437e-01  
q[248]: 4.5220181954270027e-03  6.1285509338166122e-01  1.0581641177695285e-01  4.9937078399903462e-01  
q[249]: 6.1910832217240402e-03  5.8777202875510393e-01  2.9509529007665269e-01  2.0633602554796598e-01  
q[250]: 3.5763471680617170e-03  5.7213507485709969e-01  1.9854569122906479e-01  6.7465998001093719e-01  
q[251]: 3.3139211090091121e-03  6.6267759545488203e-01  1.8502351381874416e-01  8.6184762152762684e-01  
q[252]: 2.3254770366608014e-03  6.4050236908633673e-01  2.3539626307837894e-01  9.5539042966981813e-01  
q[253]: 3.3089758614997175e-03  6.4058281198909028e-01  3.7256644357858532e-01  4.3473771919823524e-02  
q[254]: 4.6370834373484753e-03  6.2058142526415960e-01  2.0501776875554659e-01  3.6308336347295439e-01  
q[255]: 6.2500404664137732e-03  7.0004127777180281e-01  3.5217866456163438e-01  4.7304209805578556e-01  
q[256]: 5.1214458142441023e-03  6.4069565615723079e-01  5.1715740048481196e-01  1.3063351941375098e-01  
q[257]: 7.2233192229567813e-03  6.1714355979487312e-01  3.4419230270891521e-01  6.7052998542469444e-01  
q[258]: 3.0701975462610518e-03  5.7523866861359585e-01  4.6716993910862398e-01  9.6404763151552386e-01  
q[259]: 5.6605865951977422e-03  7.5741529747385039e-01  6.1524591533468387e-01  2.1103232618333631e-01  
q[260]: 7.0379364102778402e-03  6.7994989854196208e-01  4.4124198218066302e-01  3.2025753454630596e-01  
q[261]: 1.4739354181441027e-03  6.0915705893687100e-01  6.4582161714315955e-01  9.8908288886809570e-01  
q[262]: 5.0733210301558695e-03  6.5433948082480553e-01  5.9760313764845407e-01  4.9242942451986710e-01  
q[263]: 6.6213400663109427e-03  6.0357256388720015e-01  6.3724497789342005e-01  6.6298867928672855e-01  
q[264]: 4.2733577069403441e-03  6.2616830474921470e-01  7.3638761022737631e-01  7.9097661330908831e-01  
q[265]: 4.7063266137802127e-03  6.6104074980928496e-01  5.6996754543580430e-01  8.9168140460245682e-01  
q[266]: 9.6862115925351166e-04  6.7637086433051208e-01  6.9112134099016953e-01  4.0582209588648456e-03  
q[267]: 3.4840498705036981e-03  6.3937546008198820e-01  7.1146358690725875e-01  1.2016412477192973e-01  
q[268]: 4.9054897348146725e-03  5.6647149865254254e-01  7.4510631047182352e-01  2.1699959976164618e-01  
q[269]: 4.2316281880795704e-03  5.0591880492577213e-01  7.7429028953151402e-01  6.2922494545680197e-01  
q[270]: 4.0363129478408278e-03  5.9260743663250481e-01  8.6568159787739241e-01  8.4305366933756831e-01  
q[271]: 1.7393665618555499e-03  5.4659869264771466e-01  8.1960677594774978e-01  3.7444985809983629e-02  
q[272]: 1.7743549716496786e-03  6.1765927492898531e-01  9.5774380101630574e-01  7.3552412973018969e-02  
q[273]: 4.4068757008614021e-03  6.6788421230874584e-01  9.0919532184104412e-01  5.9764459225694733e-01  
q[274]: 1.3205605988521366e-03  5.9386098711668445e-01  8.7431736977641350e-01  9.8161246019417181e-01  
q[275]: 1.1046609737077741e-03  5.6880114221228550e-01  9.9017459510899497e-01  2.1058382938413564e-01  
q[276]: 1.6126381978222009e-03  6.3893108422924016e-01  9.8760689884897612e-01  3.9360635931276500e-01  
q[277]: 3.6363391172945726e-03  6.0675427905657109e-01  9.1056654676261317e-01  3.3984251542254362e-01  
q[278]: 2.6066019812361532e-03  6.1001650599529444e-01  9.6139523978894570e-01  7.1290786025496145e-01  
q[279]: 6.3401516062144890e-04  5.4525215163585616e-01  9.9365270523714899e-01  9.3395986216096405e-01  
q[280]: 1.4858269091007734e-03  5.3409761516481891e-01  9.5167684907508621e-01  8.8155716545962615e-01  
q[281]: 3.5133893578686816e-04  7.6699441726660189e-01  2.6904854722281787e-03  3.7313950343764765e-02  
q[282]: 1.7389476606813228e-03  7.1271632433756116e-01  3.8930946486969355e-02  2.7637225910564139e-01  
q[283]: 2.4887737839274543e-03  7.1662467175635380e-01  4.0130432546405650e-02  6.1211063885039851e-01  
q[284]: 3.9492044927791516e-04  7.5862313248145985e-01  2.1876613118872500e-03  9.3644810283495672e-01  
q[285]: 2.6030134562258921e-03  8.6532115967117662e-01  1.1410939098255249e-01  2.1154150301161362e-01  
q[286]: 3.6322449771163446e-03  7.0472636527022303e-01  1.1634200388077703e-01  7.1930724642761823e-01  
q[287]: 1.1268604191136955e-03  7.7084164361148544e-01  5.6654542509526541e-02  9.5385634182494738e-01  
q[288]: 9.3430638624909237e-04  6.8740099242244423e-01  1.1387498606692444e-01  9.9113238965041806e-01  
q[289]: 8.7975183004893964e-04  7.5970273056381254e-01  3.0266986630052012e-01  4.6713036012167664e-03  
q[290]: 3.8555072673640205e-03  7.3452384992918041e-01  2.3842294429336788e-01  1.0102713625863546e-01  
q[291]: 4.7592410611719243e-03  7.5853923375635035e-01  1.7724458224937914e-01  3.2347449767779901e-01  
q[292]: 5.1083606827171607e-03  7.5539495668682966e-01  2.2118285830595585e-01  5.7491837825480130e-01  
q[293]: 4.7347445968230527e-03  7.7855214038390219e-01  2.6317533603694793e-01  7.7248607806749281e-01  
q[294]: 2.9615120796864752e-03  7.4932169025650552e-01  3.3508839532058354e-01  9.4210900137747544e-01  
q[295]: 9.8228247446536664e-04  7.3833753772860822e-01  4.1738966243456588e-01  9.9794770318417270e-01  
q[296]: 4.8359757489531878e-03  7.8038903999983544e-01  3.5756344369577764e-01  2.0219580210516200e-01  
q[297]: 4.5606337512380732e-03  7.5333168363515424e-01  5.2338406551769878e-01  5.7980736184783688e-01  
q[298]: 8.7857133137520633e-04  8.4511284489232397e-01  4.5786630222649000e-01  1.1816320986397630e-02  
q[299]: 4.4568316280766598e-03  6.7382470466369171e-01  4.1420072059369684e-01  8.1258831016644495e-01  
q[300]: 2.7679636215130489e-03  7.4827390485120315e-01  5.5382372858999918e-01  3.7402363312139995e-02  
q[301]: 5.1214102512386027e-03  7.2212861949223073e-01  8.0669612519261424e-01  2.8643958437423761e-01  
q[302]: 6.0051754308754830e-04  7.6918439540714734e-01  7.5360853520685112e-01  9.9609890922806932e-01  
q[303]: 3.3890564200485581e-03  7.9668430783975763e-01  7.4971014542236369e-01  7.3848707419374257e-02  
q[304]: 2.8435383104234682e-03  7.0567252558206428e-01  8.8100042081195351e-01  1.2837159641001739e-01  
q[305]: 3.7235140169584418e-03  6.5009120937527098e-01  7.8092759404990930e-01  4.2695657235070672e-01  
q[306]: 3.8717434728958865e-03  7.0354048094435961e-01  7.7362550605945690e-01  5.8545033075658603e-01  
q[307]: 2.4251013245314918e-03  7.0248287465043202e-01  8.0877460911545040e-01  9.4636486221500382e-01  
q[308]: 1.3643289684972556e-03  6.7546192520494730e-01  8.4559639960182931e-01  2.3108026987603284e-02  
q[309]: 1.7286154841132859e-03  7.1231697012466555e-01  9.4533421748191671e-01  9.2952035059196525e-01  
q[310]: 3.4801965017585259e-04  6.9647524884801559e-01  9.8227421181387209e-01  5.7380066743097178e-03  
q[311]: 2.3278168896096931e-03  7.3623925772543541e-01  9.6207634666198805e-01  2.2838834680385681e-01  
q[312]: 2.0839282743071470e-03  7.6337115447370507e-01  9.8090823412888939e-01  5.3703059897885008e-01  
q[313]: 8.3946703874195874e-04  6.9236001500035882e-01  9.9672030797444688e-01  8.0654504110344172e-01  
q[314]: 1.5023417743772333e-03  7.9452087499782598e-01  9.5618627252684896e-01  8.4055395479827166e-01  
q[315]: 3.3177177736713618e-04  7.0015739123293186e-01  9.8246784629515171e-01  9.9464978285012684e-01  
q[316]: 1.1257652394031704e-03  8.4498310536028420e-01  5.4801052258245178e-02  5.5351989537574461e-02  
q[317]: 9.9489414414749957e-04  7.9633337838178297e-01  9.0189699231247537e-03  2.0082603634148777e-01  
q[318]: 7.3845262526646177e-04  8.3896678920087120e-01  3.6762540578628529e-03  5.1166465072137257e-01  
q[319]: 9.1537650507249292e-04  8.1635895369248412e-01  9.7200854264754503e-03  7.1943090980528268e-01  
q[320]: 3.4221390760643224e-04  8.6894814166338630e-01  2.6402176623914555e-02  9.9169154603236609e-01  
q[321]: 2.6584233777883818e-04  9.1091774910585221e-01  2.6100155776765759e-02  8.3422018290689320e-03  
q[322]: 1.2607704114834600e-03  8.0714663137289833e-01  1.4755962868940820e-01  2.3556690382328847e-02  
q[323]: 3.3569435035187183e-03  7.8471060444815921e-01  7.3223038498152745e-02  4.4002485332908542e-01  
q[324]: 1.3161744466418164e-03  8.9076675340478961e-01  1.3714963179424491e-01  7.0386414600992164e-01  
q[325]: 1.8513961531009817e-03  8.7948590588011355e-01  1.8625314979884972e-01  1.0911668069481500e-01  
q[326]: 2.9310292398404725e-03  8.5190122464284401e-01  1.1844354770696194e-01  6.1570432269740660e-01  
q[327]: 2.9572609820838914e-03  8.1321082966621361e-01  1.4245617621210502e-01  8.9130958418567363e-01  
q[328]: 1.4157400654729181e-03  8.5170639130677572e-01  2.1583298588490832e-01  9.8431267360451735e-01  
q[329]: 1.8190475610299240e-03  9.0019216019118897e-01  2.9670470565548063e-01  3.9201586852906513e-02  
q[330]: 2.9680997135048130e-03  8.5812059407861951e-01  2.5657805824095842e-01  2.6888133902851796e-01  
q[331]: 3.4511248749412209e-03  8.6137305803929209e-01  3.8721142424223287e-01  8.4830487348919281e-01  
q[332]: 3.3545554775748459e-03  8.3759676930029459e-01  4.2828647838468209e-01  1.0109017347620187e-01  
q[333]: 4.7434828491159670e-03  8.4607388881170176e-01  4.0091461846049009e-01  5.9812513629938557e-01  
q[334]: 2.0624523463349275e-03  8.0687642517975233e-01  4.9037395271350276e-01  8.9357597040708892e-01  
q[335]: 5.6504160972975703e-03  8.4107255852557350e-01  5.0763940485321946e-01  3.6620909757315584e-01  
q[336]: 3.4564343367168410e-03  9.2517261352168445e-01  5.2443675940621448e-01  4.9527439858760330e-01  
q[337]: 1.9209001149131470e-03  8.8666924308740702e-01  4.8927122684969721e-01  9.6811529178596412e-01  
q[338]: 5.5643783553428776e-03  7.7961905871882908e-01  6.7470360210527858e-01  4.3122272230661846e-01  
q[339]: 2.9009982213562911e-03  7.4011598987431404e-01  7.1094549653970840e-01  8.5530648459799041e-01  
q[340]: 2.5132724750459448e-03  7.9344152820928138e-01  6.2839335713104449e-01  9.5978402998941847e-01  
q[341]: 8.3754955107548401e-04  8.8273735142164844e-01  7.0188917472324852e-01  1.0425795605441704e-02  
q[342]: 2.3304754059777122e-03  8.8487459381665079e-01  6.2279914834272965e-01  1.1094013178774569e-01  
q[343]: 2.5661526238149220e-03  8.6138299504054505e-01  6.8026692259345378e-01  2.6591611818352628e-01  
q[344]: 3.7105156735776313e-03  7.8278622365177042e-01  7.4306693745297803e-01  7.0820685166278363e-01  
q[345]: 3.4789409229900254e-03  8.5848456417025787e-01  8.4522517622246562e-01  1.7892684911025683e-01  
q[346]: 3.8325881390407161e-03  7.6644955441106732e-01  8.7665023760300931e-01  7.4636295846846390e-01  
q[347]: 2.2359887004731512e-03  8.3650811441148187e-01  8.4734088491794324e-01  8.8223710123757026e-01  
q[348]: 5.4170115748193657e-04  8.5173146528535837e-01  8.6293886026878153e-01  6.2611376778639333e-03  
q[349]: 1.3211614614720712e-03  8.0590688514982634e-01  9.3226246861756024e-01  4.1157797054228548e-02  
q[350]: 4.1692465286849688e-03  8.0154607379702714e-01  9.0804666647669197e-01  4.1117519290078580e-01  
q[351]: 4.5679450001757235e-03  8.5595771155970024e-01  8.1156279374847551e-01  5.3570442519330486e-01  
q[352]: 9.2985007353985853e-04  8.3880539106232932e-01  9.0875320856201858e-01  9.8339665757301875e-01  
q[353]: 7.0523530817363192e-04  7.9514567706302897e-01  9.9631441983613089e-01  1.1301824381355766e-01  
q[354]: 9.4774727467235298e-04  8.8774970648073037e-01  9.9315158299341499e-01  3.5046180348055239e-01  
q[355]: 1.4116750188298429e-03  8.5671084055209501e-01  9.8135893311497779e-01  6.9467536738289593e-01  
q[356]: 6.0308741069392579e-04  8.6366508005416553e-01  9.9036860988627640e-01  9.4432347709495013e-01  
q[357]: 1.6780168109334557e-04  9.7237022993723154e-01  2.6029419765367786e-03  6.4655965022163253e-02  
q[358]: 1.0181039784537293e-03  9.1769709317364279e-01  2.6487982692207198e-02  1.3996182257059375e-01  
q[359]: 1.5649232802306345e-03  9.3179330847563735e-01  3.2536795774985708e-02  5.8221668231575407e-01  
q[360]: 2.0458420057137220e-03  8.5408391535347183e-01  5.4873849061223189e-02  8.0356868140331050e-01  
q[361]: 7.0975230396256911e-04  9.1919997946217080e-01  1.2657556053982028e-02  8.8538637660035369e-01  
q[362]: 1.0246141366720247e-03  9.6049457438021768e-01  1.0219817062700746e-01  6.8273316374766246e-02  
q[363]: 1.1128002737479099e-03  9.5424341605796770e-01  6.7921287002832009e-02  7.3140227245689182e-01  
q[364]: 2.1389691599791881e-04  9.7456242788516589e-01  1.2227122973664928e-01  9.9780783775790527e-01  
q[365]: 4.3947230320578020e-04  9.4060359880663424e-01  1.5792620255011067e-01  5.6217345717881721e-03  
q[366]: 3.7431981786533093e-03  9.1373421916931696e-01  1.7017353790207029e-01  4.6185117533606218e-01  
q[367]: 2.0676516404741171e-03  9.1736429553413756e-01  2.8608001849437970e-01  9.1477607953458939e-01  
q[368]: 4.1042035113157778e-03  8.4814111640931955e-01  3.0688597780628496e-01  4.4133390041821896e-01  
q[369]: 2.8276549808493273e-03  8.9167658999332133e-01  2.6216127384610405e-01  7.1630680054912688e-01  
q[370]: 7.9296711904603898e-04  9.6103017433694438e-01  3.5006351221323972e-01  9.8544547589379239e-01  
q[371]: 3.0850257501312691e-03  9.3373851116363216e-01  4.1799620605077664e-01  6.8531933580950122e-01  
q[372]: 1.2472183521371088e-03  9.7939270590056371e-01  4.2987026383478749e-01  8.9651438628142277e-01  
q[373]: 4.6107402243564201e-04  9.6970139091575303e-01  4.5630018472558875e-01  5.9621160165908215e-03  
q[374]: 5.4433125375376720e-03  7.5852258874615364e-01  5.1517198432593714e-01  7.2543216466309302e-01  
q[375]: 1.2270600207854997e-03  9.3047685678970060e-01  5.8773941859004708e-01  3.6082317616246841e-02  
q[376]: 4.0041728197591307e-03  8.7322509323292863e-01  6.4618033503693395e-01  6.2055609798255773e-01  
q[377]: 4.1635670707244601e-03  8.7038068488009823e-01  6.2775182561351095e-01  7.9623361158969608e-01  
q[378]: 2.1058416255592227e-03  8.8701098176184145e-01  7.4742158849524964e-01  9.0039693862392378e-01  
q[379]: 3.4875478623758293e-03  9.1800747627465584e-01  4.9645719266935384e-01  1.9983558622847886e-01  
q[380]: 4.1457096852787569e-04  9.3243997833206349e-01  6.3457642898907096e-01  9.9958188788952096e-01  
q[381]: 1.5580734657235974e-03  9.4316108911500196e-01  8.3276208589980460e-01  5.4904361661315945e-02  
q[382]: 7.9179371696887625e-04  9.0130538441933006e-01  7.9579138621572520e-01  9.7856597766563724e-01  
q[383]: 1.4381257761084823e-03  9.1260090760406709e-01  9.4497567866738252e-01  1.1573133035269233e-01  
q[384]: 9.5673917124721841e-04  9.4920704802593625e-01  9.1054646058291244e-01  9.3962797581644830e-01  
q[385]: 3.5475873554315502e-04  9.0630490241449913e-01  9.8446985969348355e-01  2.4176026500927171e-02  
q[386]: 1.4939391971527042e-03  8.6380923389885889e-01  9.4931770101882240e-01  2.6697471295535863e-01  
q[387]: 1.8054491555833539e-03  9.3789865266812689e-01  9.5448414353165023e-01  5.0045508989293785e-01  
q[388]: 3.3091487051021054e-04  9.7132574617490564e-01  9.9866239951694635e-01  6.0170594318789983e-01  
q[389]: 2.3689470360554188e-03  8.9181933334724917e-01  9.1245084040840607e-01  6.4873110591150451e-01  
q[390]: 1.2265512792397292e-03  9.1669071712445527e-01  9.3805489274703746e-01  8.4186718738161592e-01  
q[391]: 2.0748327981166272e-04  9.5601079192612515e-01  9.7237405765797702e-01  9.9226031665302206e-01  
q[392]: 5.0886882239670075e-04  9.9195305873851869e-01  4.1348590049742118e-02  1.9653630329838634e-01  
q[393]: 4.9603207687945569e-04  9.5833043792945738e-01  5.1310098142190600e-03  3.3287391653921944e-01  
q[394]: 1.8129054229542205e-03  8.7922470281666276e-01  3.9178784515066074e-02  3.4974818420883114e-01  
q[395]: 2.5601330555354040e-04  9.9868352699964202e-01  2.3601994840678306e-02  4.8555942399045471e-01  
q[396]: 3.4065883407393929e-04  9.8095985033628708e-01  6.2128005512170209e-03  7.3015120668172950e-01  
q[397]: 5.9224853411136470e-04  9.9046925091179228e-01  6.3015726482369680e-02  8.6825013279474150e-01  
q[398]: 2.1277420843985939e-04  9.8118383630819239e-01  1.8612389976322006e-02  9.7013355602830298e-01  
q[399]: 1.4480018762700407e-04  9.9396379037272553e-01  4.8644372018808286e-02  1.9473652885760542e-02  
q[400]: 6.1141682956346072e-04  9.9028660105209854e-01  1.7139121555522427e-01  1.2982095806475294e-01  
q[401]: 1.7220361386946167e-03  9.5607342381448579e-01  1.0347556730643970e-01  2.8225177316868244e-01  
q[402]: 1.1011174871711697e-03  9.7619917930604150e-01  8.1194650258617232e-02  4.6036053329283466e-01  
q[403]: 1.0467236886909090e-03  9.9197502799968418e-01  1.3950030120389403e-01  6.5056941350153197e-01  
q[404]: 1.2484799218391864e-03  9.2662277196930343e-01  9.5096990328051967e-02  9.4972371328247596e-01  
q[405]: 2.2066241252147673e-03  9.4911185665057385e-01  2.5295250462960034e-01  1.7653386831459655e-01  
q[406]: 2.8602633985513816e-03  9.6570235604296562e-01  2.7259079696795796e-01  5.7754413887702605e-01  
q[407]: 2.3427896980482347e-03  9.5105686023220903e-01  1.8075072891510960e-01  8.2487186820659364e-01  
q[408]: 6.1373247387949811e-04  9.9152510851754472e-01  2.0904751310138536e-01  9.4428085768219849e-01  
q[409]: 4.3136619862144891e-04  9.9272376536130014e-01  2.6066685908461640e-01  2.9147224005027034e-02  
q[410]: 1.2923404591455385e-03  9.9135975669804532e-01  2.1509311816206211e-01  3.4567966485428658e-01  
q[411]: 1.7941759969401052e-03  9.8802300684735156e-01  4.2059746167861317e-01  4.7049376020386163e-01  
q[412]: 1.4428930229824959e-03  9.6340629572026715e-01  3.9095495416666681e-01  8.4313492120748207e-02  
q[413]: 1.2280533452339723e-03  9.9207396981518881e-01  3.2586997341867741e-01  7.7944273636778594e-01  
q[414]: 9.4569127808345212e-04  9.9400041654912286e-01  3.9704245660386356e-01  1.9738025403928022e-01  
q[415]: 3.5738600311983836e-03  9.3865204100131716e-01  3.5764595189671428e-01  3.3304363460557673e-01  
q[416]: 2.6189722443633739e-03  9.4772987866338976e-01  6.5971863518038110e-01  4.7864444979174081e-01  
q[417]: 2.2234929368688057e-03  9.5168144478178074e-01  5.2027942824367213e-01  7.7869610738898898e-01  
q[418]: 3.2967561072206827e-04  9.9840614186424537e-01  5.4636750136425449e-01  9.7526417320987191e-01  
q[419]: 8.5029351113784018e-04  9.9073956153443332e-01  5.6995075357756064e-01  8.2105484460174363e-02  
q[420]: 2.4227136301790699e-03  9.7905130002688334e-01  5.8584636825563818e-01  2.9728860303523869e-01  
q[421]: 3.3040385535938730e-03  9.0690787947847673e-01  7.5322763006696924e-01  3.2422366568223038e-01  
q[422]: 1.4158674675355855e-03  9.9265972795666002e-01  5.6217799610804042e-01  6.4656549391000129e-01  
q[423]: 9.9783094801254228e-04  9.9251123294862198e-01  6.9907400421004473e-01  8.1851830319059882e-01  
q[424]: 1.6800590798496107e-03  9.5109987829564280e-01  5.8972380986331152e-01  8.9924363902002225e-01  
q[425]: 4.0910555005732341e-04  9.8989987671969470e-01  7.3086474480009267e-01  1.8523329450515040e-02  
q[426]: 6.4962143621221204e-04  9.9457895500863680e-01  8.0136726470978104e-01  1.9936246783419709e-01  
q[427]: 2.1900935689428253e-03  9.6295895833848966e-01  7.2616584715435439e-01  6.4817875069458430e-01  
q[428]: 1.0024223905629424e-03  9.6861726451521268e-01  7.1895129903325783e-01  9.5060072138017782e-01  
q[429]: 2.2007441891687797e-03  9.5987738775000653e-01  7.1845667426874349e-01  1.5266276698016903e-01  
q[430]: 1.0137281842821217e-03  9.9458299271376316e-01  7.4552995842158687e-01  4.1919642083145064e-01  
q[431]: 2.9044864265433930e-03  9.3603686198711589e-01  8.1578401788902266e-01  7.5853522740389823e-01  
q[432]: 7.5322084104616888e-04  9.8785610470444396e-01  8.5614143023071942e-01  8.6824737064563329e-01  
q[433]: 2.3352421677995668e-04  9.7254365426216616e-01  9.2457462769914733e-01  5.6142638001586299e-03  
q[434]: 4.2181144596320968e-04  9.9475809585269792e-01  9.0902690977642631e-01  9.5429470810439149e-02  
q[435]: 1.3574733581520374e-03  9.8564545149064453e-01  8.5907171341753064e-01  5.6677375233399585e-01  
q[436]: 2.3977223932861660e-04  9.9016305515364045e-01  8.4305782491055137e-01  9.8838957268504846e-01  
q[437]: 1.6842690131191633e-04  9.8531230182602481e-01  9.8577938842839441e-01  4.9047870411201212e-02  
q[438]: 5.8072174517176725e-04  9.6793732525378628e-01  9.8566280517274274e-01  1.9126579353955583e-01  
q[439]: 1.6216913527269197e-03  9.6664518553723233e-01  9.0041039058610073e-01  2.6908606252911232e-01  
q[440]: 4.6658424051463949e-04  9.9552874094350385e-01  9.6871955325033798e-01  3.8495590521447987e-01  
q[441]: 1.9945914692395561e-03  9.4221072689818641e-01  8.5261583198104829e-01  3.9528626915703147e-01  
q[442]: 8.5801728138751982e-04  9.8734070934825224e-01  9.4279511724856613e-01  7.2158500656477997e-01  
q[443]: 4.9876822839604179e-04  9.5469268418993880e-01  9.8937221452826984e-01  8.2845930913942278e-01  
q[444]: 1.7898354503204333e-04  9.9643938466623216e-01  9.7769356102206073e-01  9.3199161252429263e-01  

