deg: 21
dim: 3
nodes: 529
efficiency: 0.956522

q[0]:   1.4489047688100821e-04  3.8082052573914726e-02  1.6937789693894187e-02  1.0019129708650196e-02  
q[1]:   2.5037964582876390e-04  9.9667165201884084e-03  2.2145334207725940e-02  8.6260455384350634e-02  
q[2]:   9.1029871111435125e-04  1.9618309617785892e-02  7.5633654298792971e-02  1.9994034699440730e-01  
q[3]:   1.6178925189500371e-03  5.3730201574606021e-02  1.1801304057447826e-01  3.7061213197567183e-01  
q[4]:   3.9043718774334045e-04  1.6701530492399703e-02  1.1062053756256560e-02  3.1170440318685716e-01  
q[5]:   4.9437746731742602e-04  3.4012792505688991e-02  7.3542748986540740e-03  5.8106174431878277e-01  
q[6]:   3.2072306433874540e-04  3.2842646017717013e-03  2.6879414840665111e-02  7.7818716237438268e-01  
q[7]:   1.1312878782421675e-03  3.8878116693560678e-02  9.3471020102522187e-02  8.3622280166465712e-01  
q[8]:   2.0642020287398719e-04  2.3735368306409300e-02  8.9961332968017550e-03  9.3191900035200936e-01  
q[9]:   2.2675154699751231e-04  2.0664629497496208e-02  4.8629131559323295e-02  9.8531662308699575e-01  
q[10]:  2.5611906697221946e-04  8.0245594635740287e-03  1.1162772534387676e-01  2.0982596207643950e-02  
q[11]:  8.9554218281175438e-04  4.0135338686639453e-02  1.3024734798547291e-01  1.1464767426506245e-01  
q[12]:  2.1663336595279248e-03  8.2314616997289120e-02  2.0200072299214156e-01  2.3976487482486133e-01  
q[13]:  2.2069606259615187e-03  1.4465142019618066e-01  2.4687055320789714e-01  4.3715994833004573e-01  
q[14]:  7.4312421375908428e-04  5.9798867654017041e-03  7.1211527406647490e-02  4.9162384126056757e-01  
q[15]:  1.3709616688697978e-03  5.0715816055477328e-02  6.0718936545144528e-02  6.6455515182311153e-01  
q[16]:  5.2552054876790993e-04  7.0800257954443096e-03  1.3541611462696901e-01  9.2686920482277768e-01  
q[17]:  1.1686491236838426e-03  6.8296429514205559e-02  2.1035252144931263e-01  9.5318124299389595e-01  
q[18]:  6.4485118774077008e-04  5.6739957372396619e-03  2.5738726704674658e-01  1.0663772919058624e-01  
q[19]:  1.8918738388550625e-03  4.2228912952854747e-02  1.9608262406876981e-01  4.7784666997546144e-01  
q[20]:  1.6407297438633078e-03  1.7575888787977206e-02  1.7031849692792272e-01  6.8415444841261286e-01  
q[21]:  1.4735531893955071e-03  5.1341037197542017e-02  2.3595306702663102e-01  8.5178791471066084e-01  
q[22]:  4.4418609076243105e-04  3.4001840075853031e-02  2.9050054790050711e-01  7.1630141242142774e-03  
q[23]:  1.7376289289961499e-03  5.1649778791004533e-02  3.1786489849338939e-01  1.7275509516626983e-01  
q[24]:  9.1368388159152047e-04  5.9506528332080796e-03  1.9615085137355170e-01  2.9630747428313947e-01  
q[25]:  3.0757767460218009e-03  8.0135788870648386e-02  2.8925469138461091e-01  6.0669912940730963e-01  
q[26]:  8.8889016858078045e-04  5.8904373327192646e-03  3.0991787332493187e-01  8.1970881885270586e-01  
q[27]:  3.0483605484648814e-04  1.2016252072938851e-02  2.7804208371685080e-01  9.9048764188890548e-01  
q[28]:  5.5379168474228293e-04  7.8649811405300217e-03  4.4528137362638648e-01  3.8278229256107091e-02  
q[29]:  2.2548823075939440e-03  3.4932098415121918e-02  3.3852255721297370e-01  3.6212011485032369e-01  
q[30]:  1.2874920711190715e-03  8.4630197152689955e-03  3.2535076948745473e-01  5.3823831293932423e-01  
q[31]:  3.1413524666891930e-03  4.3000066819517208e-02  4.2419593909172776e-01  7.2549964500013864e-01  
q[32]:  1.2213722031002021e-03  4.2373666126167428e-02  3.6322847758262838e-01  9.2626434536310209e-01  
q[33]:  8.0410400785602869e-04  7.7692285528790844e-02  5.1834145750368887e-01  9.9156345600656601e-03  
q[34]:  1.5429322752996161e-03  1.9990972863983800e-02  4.3078416336679054e-01  1.9958379679752197e-01  
q[35]:  1.1009213696017526e-03  5.6070461352661569e-03  5.1742649068121960e-01  3.5190844062253712e-01  
q[36]:  1.0902733205701157e-03  9.5980952504503229e-03  5.0847527795952852e-01  6.2331786009979462e-01  
q[37]:  8.3719271757575343e-04  8.2328292638400840e-03  5.7212228337454007e-01  8.4248012692523511e-01  
q[38]:  6.7060304230906584e-04  6.6780875004709986e-02  4.8445570136924465e-01  9.9276135074119143e-01  
q[39]:  1.8637328693501618e-03  3.7673166115221951e-02  5.7630011126044489e-01  9.4460654117634754e-02  
q[40]:  2.8444393959127547e-03  5.4325553805182572e-02  6.2288732358210541e-01  2.9473603265292209e-01  
q[41]:  1.9854076458047706e-03  2.8554378985197006e-02  6.2866859143490550e-01  5.0899805654078389e-01  
q[42]:  3.1046496827910604e-03  7.9259539635664553e-02  6.3893515269953716e-01  6.4299674976311549e-01  
q[43]:  6.8702373426387012e-04  1.2569192162762559e-02  4.7353990131725676e-01  9.4816299753446198e-01  
q[44]:  4.4068653246491404e-04  1.5983053260301514e-02  6.8799737090779323e-01  1.3466560928237900e-02  
q[45]:  7.4496271355137527e-04  3.3741630575633524e-03  6.7998746636639906e-01  1.6172468045075547e-01  
q[46]:  1.2052642235161491e-03  1.0943523505664431e-02  7.0097615943740099e-01  7.0452397812392553e-01  
q[47]:  1.7359349619476812e-03  5.3594934355855078e-02  5.7968435239751959e-01  8.5189825026141386e-01  
q[48]:  4.3883663562569971e-04  1.6367128994110233e-02  6.6582821906721323e-01  9.8524493303440897e-01  
q[49]:  1.3664542231371019e-03  7.5916233402392758e-02  7.4595165045519274e-01  5.6579391778499188e-02  
q[50]:  1.2871728868235227e-03  3.3596967606073190e-02  7.6351486744174046e-01  2.5987227288627179e-01  
q[51]:  1.3298647530171745e-03  1.1264855103039293e-02  7.6352083475862498e-01  4.2210950360813759e-01  
q[52]:  1.4171494942297168e-03  1.6681778929259250e-01  7.2751047336270080e-01  5.0381733903548598e-01  
q[53]:  5.9243276856749420e-04  7.4472688996300536e-03  7.9063064734695032e-01  9.1951270476849789e-01  
q[54]:  7.1287015819112480e-04  1.4346708459755929e-02  8.4697357378112870e-01  6.1495294017463911e-02  
q[55]:  2.0172183959223191e-03  4.7614016226833346e-02  8.9584762399331508e-01  3.7258907225300747e-01  
q[56]:  2.6132973986617031e-03  5.4250781534807523e-02  8.1454879977553818e-01  5.7060903322819956e-01  
q[57]:  1.6496924132004213e-03  4.7653404743642359e-02  7.5121292529015127e-01  8.1374214310200876e-01  
q[58]:  6.8627877484288085e-04  4.3523423738655177e-02  8.6621965648843080e-01  9.0827275286968201e-01  
q[59]:  2.4335960411844072e-04  1.4368200269054379e-02  9.0763289210338305e-01  9.8693512416427776e-01  
q[60]:  2.0577663975122272e-04  1.7539817891812061e-02  9.4808556996836180e-01  1.2625819027446845e-02  
q[61]:  2.0634447481348051e-04  9.0994973062527816e-03  9.8506956039588878e-01  1.0016678832304969e-01  
q[62]:  5.8209345026611953e-04  3.9831322754497927e-03  8.9722394542371497e-01  2.4161512533884216e-01  
q[63]:  3.9694718845791326e-04  2.1508983908457634e-02  9.8719246011074346e-01  2.9153892393151642e-01  
q[64]:  6.8228228736416804e-04  1.3335678871864437e-02  9.6285550315739266e-01  4.7947801668992790e-01  
q[65]:  6.5768589117838616e-04  4.6731018069768506e-03  8.8057752042453885e-01  6.1627598045938048e-01  
q[66]:  4.1946189126753795e-04  2.4446125757431974e-02  9.9247524598743542e-01  6.8023369892616881e-01  
q[67]:  7.5317215601739223e-04  1.9202010334900797e-02  8.6063182540322603e-01  7.7752822909097430e-01  
q[68]:  3.1741308360230721e-04  4.0551562787091372e-03  9.6344906890429083e-01  8.5732570374868511e-01  
q[69]:  1.8077008904778509e-04  2.5909364381528559e-02  9.8982587238103237e-01  9.6525188363447234e-01  
q[70]:  5.5596045048630612e-04  8.1906175952361840e-02  7.3950245418752903e-03  1.4410009486542322e-01  
q[71]:  1.2583320604294124e-03  9.6773513511701187e-02  5.0011003348354219e-02  2.4044848737594951e-01  
q[72]:  1.2595600945734470e-03  1.5133689606030853e-01  1.6701344024607025e-02  4.8273821771394748e-01  
q[73]:  6.4733265696901893e-04  9.7892752669936953e-02  6.8793018574808832e-03  7.7313980915761171e-01  
q[74]:  6.9242897114496862e-04  7.0289018014532509e-02  3.5702722752907992e-02  8.8678747046898798e-01  
q[75]:  1.6810202349489193e-04  1.1577201312146974e-01  4.8397388361129294e-03  9.8821162221691905e-01  
q[76]:  4.6540148356453591e-04  1.2223139260764171e-01  1.1591195715780370e-01  3.9291313055874813e-03  
q[77]:  8.2912329424915799e-04  7.9504390781491671e-02  5.9326777500071308e-02  5.0161417470402696e-02  
q[78]:  1.1649240884222104e-03  7.2494571402015817e-02  3.4718566436575900e-02  4.0202773937293113e-01  
q[79]:  1.1653657445399473e-03  1.2951923452568245e-01  6.6219597823413967e-02  9.4720578829820601e-01  
q[80]:  4.4864526980801313e-04  7.3398447655319679e-02  1.2807442963168561e-01  9.8999524267197425e-01  
q[81]:  8.5161881680322917e-04  5.0276558417823726e-02  1.9750248251142521e-01  4.9864328790529877e-02  
q[82]:  2.9842630364770623e-03  1.1598417668159390e-01  1.2918217147937625e-01  5.5673876574279846e-01  
q[83]:  2.8052442323238929e-03  1.0880725104295523e-01  2.4830821465738648e-01  7.4975371142052694e-01  
q[84]:  3.0713233027406889e-04  1.5488009167856037e-01  3.1628249344868409e-01  8.8572826873680877e-01  
q[85]:  1.9716848381259320e-03  8.5173886156217654e-02  3.7610580801045168e-01  6.6109048940801218e-02  
q[86]:  4.9313326519695010e-03  1.7515870671139405e-01  3.7462478535773575e-01  6.1139362606616976e-01  
q[87]:  3.2053007878141875e-03  1.2202111916045046e-01  4.1314184775871982e-01  8.7465941414043780e-01  
q[88]:  3.1582252624779848e-03  1.0245213099781862e-01  5.2288936196599423e-01  2.2237853152984241e-01  
q[89]:  3.9091552558005085e-03  7.1549550309564655e-02  4.7536109088291084e-01  4.8366823844086437e-01  
q[90]:  3.2748128225183956e-03  1.2650684544673002e-01  5.3506619052074056e-01  7.6451970868040675e-01  
q[91]:  4.2919710070585572e-03  1.2768319272194825e-01  6.8432747122848259e-01  4.1998603339256446e-01  
q[92]:  1.6357845618736094e-03  1.2423782782896223e-01  5.7422846204921307e-01  9.5084192821062286e-01  
q[93]:  1.3994573017204880e-03  1.4166678713853906e-01  6.3090221313703365e-01  3.2870873663814110e-02  
q[94]:  2.0474655215447822e-03  1.1285524796774908e-01  7.8368057446421424e-01  2.9528857426868804e-01  
q[95]:  1.4722882729568286e-03  5.3819582888435614e-02  8.0566186766456160e-01  1.5707020754982065e-01  
q[96]:  2.1977429637460638e-03  1.2500116383825194e-01  8.4511719421226905e-01  4.6301353781312499e-01  
q[97]:  1.3766294317062052e-03  6.4429372870169532e-02  6.7728532536216701e-01  9.3407637797766385e-01  
q[98]:  5.4020031144909775e-04  8.1157916484124376e-02  8.4997566869210373e-01  6.7881420580794775e-03  
q[99]:  8.2466518543547766e-04  9.7127962297906809e-02  9.4349142569704203e-01  5.8078718454997687e-02  
q[100]: 1.6911484999970836e-03  1.4107491181602966e-01  8.8006869122054010e-01  6.8012408579397710e-01  
q[101]: 6.8373197973993797e-04  5.8687674880149920e-02  9.3767968775819943e-01  9.2712951694867729e-01  
q[102]: 9.1635670268850212e-04  8.2067370838891374e-02  8.1169838833570074e-01  9.8432416393980837e-01  
q[103]: 1.9457592600456854e-04  6.8713209467027442e-02  9.9581355201057453e-01  2.9612625476356201e-02  
q[104]: 1.0998471697893663e-03  4.7762183563495562e-02  9.3664256894034692e-01  1.4254785563568212e-01  
q[105]: 7.4971264901718552e-04  8.3850693273698401e-02  9.8012893727650541e-01  2.3100444129378772e-01  
q[106]: 7.1515476828259332e-04  9.3438924606811011e-02  9.9341582173732179e-01  4.5375029433221858e-01  
q[107]: 1.6923779618378970e-03  8.1049525478970846e-02  9.4725116430807765e-01  5.9131694914610822e-01  
q[108]: 1.1994765107815385e-03  4.6823941113921991e-02  9.3035160350678658e-01  7.5300797772435013e-01  
q[109]: 6.9596364565361159e-04  8.9040665057544682e-02  9.8917374984535256e-01  8.5301878324898905e-01  
q[110]: 4.2003753810343687e-04  1.7531793380915495e-01  1.0388417237571921e-02  3.0661911261397532e-02  
q[111]: 9.4362222186119356e-04  1.9727327666708477e-01  4.1589624210013235e-02  1.9369640085783213e-01  
q[112]: 3.3478053971181653e-03  1.8017142433392502e-01  1.0822033863216135e-01  3.3518073326878062e-01  
q[113]: 7.2349241707646034e-04  1.9713987496250956e-01  4.7358348328063625e-03  2.9545798729626344e-01  
q[114]: 1.9642933929356478e-03  1.9037397732145769e-01  3.9072688945796213e-02  7.0550431782842415e-01  
q[115]: 9.6752427875078058e-04  2.1461186303299121e-01  1.5033386460784349e-02  8.8347200524345026e-01  
q[116]: 1.5904859339322317e-03  1.9297718754601942e-01  6.5951887706961448e-02  9.3933272718528305e-02  
q[117]: 2.3637068257356428e-03  1.3666081055905252e-01  1.5983234677216909e-01  1.3776385236321284e-01  
q[118]: 2.5047078867305511e-03  2.5584308026793939e-01  8.1340242397099902e-02  5.2419970860625342e-01  
q[119]: 8.5701141570652224e-04  1.2848968599615862e-01  5.8478721663648925e-02  6.0207836810668569e-01  
q[120]: 1.4017297543010697e-03  1.5611942725278638e-01  2.3780194661055840e-01  2.8659642201412431e-02  
q[121]: 2.4859540972310100e-03  1.3076296538527579e-01  1.2472428155457284e-01  7.8739469613241764e-01  
q[122]: 2.1368072636218046e-03  1.8585067835313329e-01  1.5905549749487172e-01  9.0361472551241484e-01  
q[123]: 1.1132680239514772e-03  2.0343332276094148e-01  4.0018267823001968e-01  9.8385711377296063e-03  
q[124]: 1.0249255450259437e-03  1.5632697626232758e-01  3.2215991339913724e-01  9.0596291254199504e-02  
q[125]: 2.7739296755569347e-03  1.3531853803877425e-01  2.8970498555200047e-01  2.7795151775880345e-01  
q[126]: 1.3072764566874700e-03  1.8215927940170173e-01  2.5106480699124828e-01  8.8729054076578440e-01  
q[127]: 1.5411155829737309e-03  1.4847638015048817e-01  3.3221636387569314e-01  9.8097921057087534e-01  
q[128]: 3.5931836122776468e-03  1.2647182984841918e-01  4.0785855465337734e-01  3.7266171261629233e-01  
q[129]: 2.1964398486132302e-03  2.3757435911013150e-01  5.4592233865052187e-01  5.2427709817371909e-02  
q[130]: 3.0505757687781629e-03  1.5700468265798131e-01  4.6808486291965856e-01  1.3230507970474878e-01  
q[131]: 5.2619419298446978e-03  2.2106630032399716e-01  5.5603799266272558e-01  3.5823009719518212e-01  
q[132]: 1.7254764480377455e-03  2.6677787341541220e-01  4.8967652423307872e-01  8.0650303555905645e-01  
q[133]: 2.4350520860411057e-03  2.4054922393490699e-01  5.1926595300069700e-01  9.5804578749802949e-01  
q[134]: 4.4692415134688496e-03  1.7601496953516360e-01  5.4342189406966412e-01  5.8771077790269532e-01  
q[135]: 1.0141435275058599e-03  2.1125151206423334e-01  7.4802945494723005e-01  1.0892578474023869e-02  
q[136]: 2.7673702778470309e-03  1.3499668750470425e-01  6.9456711957150263e-01  1.3524440031809826e-01  
q[137]: 2.7780740589671417e-03  1.1648553843852293e-01  7.6081287910859230e-01  7.1734673686301254e-01  
q[138]: 2.4162390243050919e-03  1.6293113400835954e-01  7.1059094692762692e-01  8.7644265319128412e-01  
q[139]: 8.2334988021187010e-04  1.9685802856264800e-01  6.6516388341897736e-01  9.9591943262773486e-01  
q[140]: 1.7878081409780022e-03  1.7387108914712623e-01  8.6390424028567570e-01  1.3335349320304068e-01  
q[141]: 1.8676543705874620e-03  1.3339525952012427e-01  8.7418248982593549e-01  2.2026474848928645e-01  
q[142]: 1.2983527002946146e-03  1.7988299302766531e-01  7.8036454290542800e-01  9.4998191630066464e-01  
q[143]: 1.0917555659399922e-03  1.6862259299716356e-01  8.9284321226829477e-01  4.7914349089246772e-02  
q[144]: 1.6362001398454993e-03  1.3671336064605111e-01  9.4478299496232598e-01  3.4617330686835318e-01  
q[145]: 2.3937760630996330e-03  1.2836436777793683e-01  8.5987876146001052e-01  8.4115292476242387e-01  
q[146]: 1.2016380576249264e-03  1.5706205786831240e-01  9.2477312271116718e-01  9.4183822158887609e-01  
q[147]: 7.3905832766420362e-04  1.6943900312475074e-01  9.9216187103544273e-01  1.3294113455689122e-01  
q[148]: 1.7460854119768839e-03  2.1857638442818186e-01  9.5570766569186316e-01  2.6146740145905772e-01  
q[149]: 1.5749242178644347e-03  1.9729084907467084e-01  9.4596771717278061e-01  5.1463322514827237e-01  
q[150]: 7.6351494666903198e-04  1.9265178703627447e-01  9.9387362627863418e-01  6.2305080552482528e-01  
q[151]: 1.4086950340015177e-03  1.5886929511737466e-01  9.6745327132043968e-01  7.4479835965294716e-01  
q[152]: 3.0888135288285748e-04  1.1694608131686056e-01  9.7172731757236119e-01  9.9228500330554592e-01  
q[153]: 2.3655403800077837e-03  2.7664099900869454e-01  1.3207727080897719e-01  2.2702444443502773e-01  
q[154]: 8.3029881929197219e-04  3.1945255801088346e-01  1.1034338596064175e-02  9.9385615475182945e-02  
q[155]: 1.2429796763383971e-03  3.1141758551808751e-01  3.0892223758598087e-02  2.0860511098508683e-01  
q[156]: 7.4812128317939121e-04  3.0045909905150292e-01  1.2754742201854963e-01  3.1442589399996407e-01  
q[157]: 8.3038703292581152e-04  2.8312164092389319e-01  3.3634826257989505e-03  6.0391421394126554e-01  
q[158]: 2.8703349516380943e-03  2.8524634955912337e-01  7.5669165254668325e-02  8.2862644121990503e-01  
q[159]: 6.4505640660922228e-04  2.5191177785792157e-01  4.0949517764869110e-02  9.8182555556476203e-01  
q[160]: 5.0885070669835287e-04  2.8478486141154924e-01  5.2759210183768813e-02  6.7135620698524018e-03  
q[161]: 4.5225543553035971e-03  2.1926781176022123e-01  2.3580209444458955e-01  4.4926627731225954e-01  
q[162]: 7.4834687046032209e-04  2.2984686376854260e-01  1.6100429022093568e-01  9.9462800511996763e-01  
q[163]: 2.2531888412443274e-03  2.8051185224400804e-01  1.5462499986577971e-01  4.3684537067169911e-02  
q[164]: 8.3128500099740015e-04  2.8930900520161773e-01  1.5434357086922332e-01  5.6463530724120614e-01  
q[165]: 3.6024615229546604e-03  2.4950479756169522e-01  2.7627993373028442e-01  1.3324156718339691e-01  
q[166]: 1.4639594578852832e-03  2.5640757467893804e-01  2.5068090540167659e-01  2.2519946665044380e-01  
q[167]: 5.2704571940236722e-03  2.5385809347016758e-01  1.7879699223566953e-01  6.7249523125784261e-01  
q[168]: 1.6427945870782839e-03  2.6621618426635846e-01  2.6024981749901843e-01  9.4760292885011144e-01  
q[169]: 2.4886742936438356e-03  3.2418574793097282e-01  3.9146734965862101e-01  5.1678998444438060e-02  
q[170]: 4.8845404711985903e-03  2.4669463508401321e-01  3.9849061929609103e-01  2.5196049158760231e-01  
q[171]: 4.5455507969772357e-03  2.3369853106903740e-01  3.3646723600425799e-01  7.6675008093804653e-01  
q[172]: 2.5939211637080657e-03  2.6219739388933661e-01  4.5001536356548055e-01  8.8471020088490993e-01  
q[173]: 3.2864412749502099e-03  2.6701632129042685e-01  4.8172655140775089e-01  4.8860403854990303e-01  
q[174]: 2.6279816222280960e-03  3.0145524983709754e-01  5.7418667483764241e-01  1.0421656278193600e-01  
q[175]: 4.1307237172066016e-03  2.2435559800783705e-01  6.5537383203676192e-01  2.1528779112276933e-01  
q[176]: 3.3673245404116665e-03  2.1541496167064336e-01  6.1632574490237502e-01  7.5341075445603778e-01  
q[177]: 2.4785088443831046e-03  2.5927240904030319e-01  7.9348928547985698e-01  7.6687470730390533e-02  
q[178]: 3.8164861565941227e-03  2.4933245490844436e-01  8.0491915693152361e-01  3.2105113020175413e-01  
q[179]: 3.6451220608476951e-03  2.9613725539553948e-01  7.5702984378848137e-01  7.6188819718912659e-01  
q[180]: 1.9630771273148055e-03  2.4478845846976494e-01  6.7056828462589035e-01  8.5434729577657120e-01  
q[181]: 1.4570001951233781e-03  2.6089993673704120e-01  7.8464695359965642e-01  2.7847665092688589e-01  
q[182]: 2.3995964323412929e-03  2.2814734677527945e-01  8.8685050829976453e-01  4.8570466395206796e-01  
q[183]: 4.3392727849306716e-03  2.2863536790701650e-01  7.4654649175103505e-01  5.8192507621829681e-01  
q[184]: 2.0321499520376957e-03  3.1085599694350474e-01  7.9387851836936740e-01  9.4660121180144108e-01  
q[185]: 1.1329905390723325e-03  3.3464846820508209e-01  8.7790736859740903e-01  1.5088431848091425e-02  
q[186]: 3.7003795520290880e-03  3.4755867038398236e-01  8.8580990526102377e-01  4.1722250220095797e-01  
q[187]: 2.9485539587384706e-03  2.3934054169105373e-01  8.6862306720388038e-01  6.7977971343324706e-01  
q[188]: 8.8045879697639870e-04  2.5277815748730920e-01  8.8900076687144536e-01  9.8831035456043614e-01  
q[189]: 4.2622251510410008e-04  2.0290071441842022e-01  9.7001168755014910e-01  8.2731379136734891e-03  
q[190]: 1.3167533726918459e-03  2.8380719185426811e-01  9.6481113702991883e-01  8.2294597162717475e-02  
q[191]: 3.3163063924941936e-03  3.2446130800331263e-01  9.1208615538173643e-01  1.8280915533657671e-01  
q[192]: 1.3371535755481584e-03  2.7236210305892666e-01  9.8946316166118575e-01  3.8430887270703479e-01  
q[193]: 2.2140622148657386e-03  2.6055486075217799e-01  9.5014591151758077e-01  8.3780116063174159e-01  
q[194]: 5.9197603215657192e-04  2.2696092761430114e-01  9.9265446121408829e-01  9.3757784845482228e-01  
q[195]: 1.6648185962072953e-03  2.6806381902396942e-01  8.5133986597882449e-01  8.7142244071257446e-01  
q[196]: 3.3092420481909025e-04  4.5069086488464849e-01  9.1374013513829157e-03  1.8778647298948813e-02  
q[197]: 2.1763334463525022e-03  4.7445645919589036e-01  4.6738196764972623e-02  2.2631840156643795e-01  
q[198]: 8.8223305974762759e-04  4.1792529008125290e-01  5.2370379838455597e-03  3.3423196358640556e-01  
q[199]: 1.1626671244644431e-03  3.8590263616013371e-01  1.1996800871414321e-02  7.6976344411473419e-01  
q[200]: 5.2900362383779382e-04  3.6362320294788653e-01  7.0209027687899985e-03  9.4834039160235406e-01  
q[201]: 2.4853989889918496e-03  3.9236787768102499e-01  1.0690580034051536e-01  1.3024231933796090e-01  
q[202]: 1.6690383540565908e-03  3.8863276412643544e-01  1.7126752068387144e-01  1.9648392803718964e-01  
q[203]: 4.7093328131571641e-03  3.6966590240714098e-01  2.0385517191286120e-01  3.5062837093684529e-01  
q[204]: 2.8053219911324989e-03  3.1689794706968971e-01  4.3351035726049682e-02  4.0598759180555616e-01  
q[205]: 2.0015030481900366e-03  3.7898305040309127e-01  4.5145629547063561e-02  6.3902632740505083e-01  
q[206]: 2.3089723402371135e-03  3.6228567074542056e-01  1.0961444706596493e-01  9.4674088211786456e-01  
q[207]: 4.4463245370667320e-03  4.2751427931857117e-01  1.2012885980250405e-01  5.1239370592950584e-01  
q[208]: 3.3962143116282998e-03  4.1897139368744474e-01  1.1767863898374770e-01  7.4395801385816718e-01  
q[209]: 4.0747462352965788e-03  3.6183119104601724e-01  2.2961100513301957e-01  8.4864886205319157e-01  
q[210]: 1.0484696197698058e-03  3.6502661714673706e-01  2.6883926393454266e-01  6.1275552571238880e-03  
q[211]: 3.3346579507175095e-03  4.2923123513577160e-01  2.9089757018892098e-01  9.8999735056346266e-02  
q[212]: 1.6517003923294088e-03  3.9846376314136500e-01  2.5511159624413593e-01  2.6411131801310039e-01  
q[213]: 4.3864637955199660e-03  3.8467078445356367e-01  2.5537536427530649e-01  6.0729758808626977e-01  
q[214]: 1.3532156199716726e-03  3.3959772986835612e-01  3.0260015493718401e-01  8.1353151067732121e-01  
q[215]: 1.8122183430545058e-03  3.4573527752016153e-01  3.4107487768826372e-01  9.5657588418736594e-01  
q[216]: 2.5657554742596466e-03  3.4809527334283563e-01  3.6982737389200149e-01  3.2956434406547047e-01  
q[217]: 5.7952645828934475e-03  3.2366033789944920e-01  3.5967243888951655e-01  4.8480436012881556e-01  
q[218]: 1.0043599662030152e-03  3.5628220247574743e-01  5.9875567576705813e-01  3.6329580997754218e-03  
q[219]: 5.2528585712917318e-03  3.8987180319730719e-01  4.6697744422409537e-01  1.6599785223811567e-01  
q[220]: 6.2538400565433786e-03  3.9978413192354867e-01  5.5302397558925465e-01  3.1706139656319016e-01  
q[221]: 6.4162119065901673e-03  3.5650107064146125e-01  4.5651414494190840e-01  6.7643966273729339e-01  
q[222]: 3.8433955748702528e-03  4.2010710930085710e-01  5.1442476287488126e-01  8.0855142181203710e-01  
q[223]: 9.4500942377803861e-04  3.4404603637256770e-01  4.3100940441182273e-01  9.9689469147810628e-01  
q[224]: 5.5122454923826588e-03  3.3064838825237358e-01  6.4900435929549460e-01  4.7609553203382177e-01  
q[225]: 2.5053180314668503e-03  4.0323907031992384e-01  7.0184681920562464e-01  4.3775104204452131e-02  
q[226]: 3.4383798441486651e-03  3.6122412069626075e-01  6.9127742300734540e-01  1.8911045980733918e-01  
q[227]: 3.1527569632609537e-03  3.7874059582385272e-01  7.4783720714363100e-01  3.8070107909743522e-01  
q[228]: 4.3108102215161630e-03  3.3786049274094637e-01  6.1729486724158134e-01  6.5088423715872434e-01  
q[229]: 4.2087308681382938e-03  3.6884796766445710e-01  6.2024823354798730e-01  9.0043442866556689e-01  
q[230]: 1.6560427046127043e-03  3.8153323877396139e-01  6.9085455861877498e-01  9.8314508142097057e-01  
q[231]: 1.4298417394008028e-03  3.4617041139454119e-01  7.6619139877286835e-01  1.3161907958692493e-01  
q[232]: 3.5488540796328777e-03  4.5551962757010495e-01  8.2755693248998108e-01  2.5632460906311783e-01  
q[233]: 3.0876499163860014e-03  3.8538553761041516e-01  7.9107358580435183e-01  5.9047003734761327e-01  
q[234]: 1.1182843363201523e-03  4.3187959293036010e-01  9.1857091913062916e-01  4.0817969533701766e-02  
q[235]: 2.8817186333718599e-03  4.1992162409391193e-01  8.5362587590092565e-01  8.5574756309982969e-01  
q[236]: 1.7172018277004535e-03  3.9233160333780909e-01  9.3647393005305102e-01  9.3503688078797775e-01  
q[237]: 4.2279754761949059e-04  3.8621854916925324e-01  9.9452943934444737e-01  3.3366847314731385e-02  
q[238]: 1.0287531964349318e-03  3.9256977375702906e-01  9.9357186490600069e-01  2.2002909804072696e-01  
q[239]: 2.8702028888043202e-03  3.4820476714430637e-01  9.6109723653744861e-01  5.8090114658659719e-01  
q[240]: 9.7339201362820035e-04  3.4677612758024273e-01  9.9299081217706708e-01  7.4184426857845398e-01  
q[241]: 2.3837361442274815e-03  3.6017972644715940e-01  9.0115577184834039e-01  7.2401756664222738e-01  
q[242]: 4.2418199313689654e-04  3.5004026871964061e-01  9.7699818255932336e-01  9.8795570195737914e-01  
q[243]: 1.2020299137792127e-03  4.1887302294928647e-01  5.9433315384126752e-02  4.6503009375573438e-02  
q[244]: 1.0383768266057272e-03  5.4553943719954723e-01  1.2179783991793192e-02  1.2669015374874235e-01  
q[245]: 4.0392750791004619e-05  5.6576737001242405e-01  1.1850458760932558e-01  2.6023745303238977e-01  
q[246]: 1.8411499761968912e-03  5.0632062545675738e-01  1.4152208007194805e-02  5.1272335302118199e-01  
q[247]: 2.1512392260279547e-03  4.8882829835815250e-01  3.8568625481700237e-02  8.8001939244091443e-01  
q[248]: 4.1058301694634028e-04  4.6260352825363532e-01  3.9819540352463129e-02  9.9748964811896657e-01  
q[249]: 1.0227409051139259e-03  5.1413312888163654e-01  1.3524039666768981e-01  9.3828276497021339e-03  
q[250]: 3.6182904899333557e-03  5.4465864148233067e-01  1.8527312227876239e-01  4.5497976397904827e-01  
q[251]: 3.1966057998914065e-03  5.0230421476794507e-01  8.7940266987128923e-02  3.3524887989700164e-01  
q[252]: 3.0263608669104662e-03  5.5523317532693661e-01  5.4378084492941674e-02  6.6347262380686123e-01  
q[253]: 1.5880303855492159e-03  4.5703200862872301e-01  2.1934168364638554e-01  9.8653734351449962e-01  
q[254]: 1.9795387203222856e-03  4.9146920161367003e-01  2.1106854106508194e-01  6.0880320139126400e-02  
q[255]: 3.4369118773071240e-03  5.5429836373582364e-01  2.3810890903401266e-01  2.2871380237784544e-01  
q[256]: 3.2019210410111744e-03  5.3035998815358454e-01  1.6700764070131210e-01  8.9084253853365114e-01  
q[257]: 1.6118723687645831e-04  4.9704186076141055e-01  2.4708434867476642e-01  7.4889367719630762e-01  
q[258]: 2.8382059557494617e-03  4.9062262645699950e-01  4.5963502480919299e-01  2.7200350897119377e-02  
q[259]: 3.3577105077744773e-03  5.0721394185313839e-01  3.4471152658368653e-01  2.1665641337669841e-01  
q[260]: 5.6804118968226064e-03  4.9654764756771930e-01  3.6142233302206234e-01  3.7316851624274655e-01  
q[261]: 4.1977093135536726e-03  4.8685607903385286e-01  2.9307076341529303e-01  5.9126245402497579e-01  
q[262]: 4.4993449112108166e-03  4.8289774364059423e-01  3.3639213262484768e-01  7.5678050052867363e-01  
q[263]: 4.5577576983970884e-03  4.7243392651583338e-01  3.9527081982151790e-01  9.0661260864307858e-01  
q[264]: 8.5582806648892302e-03  4.9999729884296373e-01  5.0045022495461244e-01  5.0032174020855058e-01  
q[265]: 4.5605494796559475e-03  5.2746191628208106e-01  6.0489743369814364e-01  9.3377121207002076e-02  
q[266]: 4.5224321864368242e-03  5.1710194594976355e-01  6.6309529108056087e-01  2.4408465593664877e-01  
q[267]: 4.1678923411011901e-03  5.1244704504474514e-01  7.0757292465795019e-01  4.0944828065193539e-01  
q[268]: 5.6614805194549010e-03  5.0367974359390422e-01  6.3974640202080746e-01  6.2759565277449447e-01  
q[269]: 3.4441035507529645e-03  4.9380096762347242e-01  6.5744601656111346e-01  7.8250308413851932e-01  
q[270]: 2.8351928621423625e-03  5.0921328545170208e-01  5.4028980823332007e-01  9.7282018036037032e-01  
q[271]: 3.1981003653892494e-03  4.6938235653597271e-01  8.3308039754043550e-01  1.0906572810793663e-01  
q[272]: 3.6712947998858085e-03  4.5373448721953691e-01  8.1507030653509027e-01  5.4564817907171959e-01  
q[273]: 3.4213398166243530e-03  4.4413238137004918e-01  7.6416826857735887e-01  7.7215468380264829e-01  
q[274]: 1.9719625033538667e-03  5.0837554256751261e-01  7.8924790049831473e-01  9.3914151851027294e-01  
q[275]: 1.5884422388105996e-03  5.4296560670371574e-01  7.8067882133358668e-01  1.3468544122738367e-02  
q[276]: 3.0395930990391967e-03  4.4450628667541003e-01  9.4541299276319501e-01  3.3670700096703643e-01  
q[277]: 3.2096077612456639e-03  4.9752611062461444e-01  9.1188170603075824e-01  6.6517682655854371e-01  
q[278]: 1.0209745584293158e-03  4.8572594051649154e-01  8.6473496118563697e-01  9.9063950920672650e-01  
q[279]: 4.1030689805580522e-04  5.3747210921172506e-01  9.6018876025521605e-01  2.5074887347605137e-03  
q[280]: 2.1519321007687628e-03  5.1126790255536547e-01  9.6142294959130525e-01  1.2002531771528681e-01  
q[281]: 2.3982085998405005e-04  4.9553060905906404e-01  7.7342474225694491e-01  2.3349518192765692e-01  
q[282]: 1.8434547475493527e-03  4.9360361087147880e-01  9.8581936343060306e-01  4.8716651053680748e-01  
q[283]: 1.0397782749459194e-03  4.5450197089469574e-01  9.8780861453473134e-01  8.7319515517792790e-01  
q[284]: 1.1933965319886491e-03  5.8106157180523610e-01  9.4043571721947861e-01  9.5367436569248043e-01  
q[285]: 4.2699263730995135e-04  6.4988317258302475e-01  2.3072752058110955e-02  1.2120149017907058e-02  
q[286]: 2.3722397684121902e-03  6.3995683565226202e-01  9.8731036093584149e-02  2.7630104664787380e-01  
q[287]: 9.7302238055111312e-04  6.5315815546441014e-01  7.0051840212289745e-03  2.5813572813630764e-01  
q[288]: 1.0272298547287710e-03  6.0761255718580820e-01  6.4083668763551356e-03  7.7992286184732984e-01  
q[289]: 4.2318494287470117e-04  6.1381851203855997e-01  5.4706673982770748e-03  9.6660197406716764e-01  
q[290]: 1.7246117457468061e-03  6.0749378546847888e-01  6.3762643704251054e-02  6.5172633080041148e-02  
q[291]: 2.9198580951603770e-03  5.8000227009702332e-01  1.4728348949151987e-01  1.4492659837225369e-01  
q[292]: 3.1674139437928568e-03  6.1399997516185223e-01  2.0788809408670797e-01  4.0990164489254854e-01  
q[293]: 2.8661176309563632e-03  6.5178969149102339e-01  3.8859632137903298e-02  4.1914513953660759e-01  
q[294]: 1.1188995273440320e-03  5.6824348462146979e-01  8.1497417766306882e-02  9.5916362809276068e-01  
q[295]: 3.6279995082511667e-03  5.4393200863293956e-01  1.7310616733696557e-01  7.4422822217965279e-01  
q[296]: 1.4365946306027491e-03  6.5277430863502273e-01  2.3440996570035813e-01  8.6796618566023176e-01  
q[297]: 1.6549634167727005e-03  6.1848249295052526e-01  3.0907668074251782e-01  1.6831758722039351e-02  
q[298]: 4.1950325449108348e-03  6.3112830459502578e-01  3.7979426254950116e-01  9.9351786873457859e-02  
q[299]: 4.2919229750497884e-03  6.6256014944143027e-01  3.8226450574264725e-01  3.4889941159560073e-01  
q[300]: 3.1730285378389917e-03  6.2169426626044078e-01  2.5258947753500305e-01  6.1812279937228443e-01  
q[301]: 3.4095923118197947e-03  6.3882157554197971e-01  3.0851711817748623e-01  8.1020471290812501e-01  
q[302]: 2.5067981140872320e-03  5.9663019437299303e-01  2.9823413596136311e-01  9.5618796857623689e-01  
q[303]: 5.4978570781348745e-03  6.6927272545063299e-01  3.5122181703545802e-01  5.2326510969194739e-01  
q[304]: 9.4392333092255384e-04  6.5578332376797366e-01  5.6895092539264358e-01  3.0897808540482040e-03  
q[305]: 3.8273218876777493e-03  5.8025665057823694e-01  4.8594855194518738e-01  1.9108984382383631e-01  
q[306]: 6.4179368955770066e-03  6.4355097108620940e-01  5.4306006216547364e-01  3.2382672420865816e-01  
q[307]: 6.2735660861319197e-03  6.0008652424068332e-01  4.4696442590601737e-01  6.8307695084969511e-01  
q[308]: 5.2468261548908731e-03  6.1004609140421051e-01  5.3333580288244742e-01  8.3418182660758278e-01  
q[309]: 1.0051008408835638e-03  6.4371298126411469e-01  4.0124240373927361e-01  9.9636486028864168e-01  
q[310]: 5.7941004710194213e-03  6.7662111211154963e-01  6.4015632521491339e-01  5.1510509678770666e-01  
q[311]: 2.6244015544979508e-03  6.5139765683487327e-01  6.3170258138000590e-01  6.7060323427506952e-01  
q[312]: 1.8075049192268909e-03  6.5416085337672769e-01  6.5865895744658798e-01  4.3378187136942289e-02  
q[313]: 1.3906660169244920e-03  6.6064385887353205e-01  6.9801860992001030e-01  1.8709590019122432e-01  
q[314]: 4.4001041268085499e-03  6.1455644381209529e-01  7.4374533395524667e-01  3.9250496381336347e-01  
q[315]: 1.8391405802502276e-03  6.0636558437079768e-01  7.5654726882891932e-01  7.4227159551011390e-01  
q[316]: 3.3216218120255994e-03  5.7022895698358145e-01  7.0943971532621497e-01  9.0121624992294380e-01  
q[317]: 1.0484449574664531e-03  6.3485796720737220e-01  7.3122459218878533e-01  9.9387181933855218e-01  
q[318]: 4.0469763825910360e-03  6.3811643666622986e-01  7.7032700436866242e-01  1.5093708375371614e-01  
q[319]: 3.3943738388550852e-03  5.8096064961186433e-01  8.8213189696355609e-01  2.5585258453286236e-01  
q[320]: 4.4550220234048383e-03  5.7242594296142790e-01  8.7977798763799753e-01  4.8762384637512535e-01  
q[321]: 4.6508882309172425e-03  6.2930553821057222e-01  7.9579254797504440e-01  6.4886859222150095e-01  
q[322]: 2.3083197905289089e-03  6.3774626786960509e-01  8.9037238618429571e-01  5.3252487558913986e-02  
q[323]: 2.0031398034716080e-03  6.2076546306080005e-01  9.5476850052187412e-01  3.6078906554155493e-01  
q[324]: 1.5882011652936462e-03  6.1069359724894612e-01  8.3861394804447409e-01  8.1418876745734026e-01  
q[325]: 2.3101273533854038e-03  6.0745355819538582e-01  8.9499685280977803e-01  8.7165170169296091e-01  
q[326]: 5.2883174278309426e-04  6.3631102590806021e-01  9.9299651303597769e-01  5.1714807577355068e-02  
q[327]: 1.1643110738073863e-03  6.1417363739338049e-01  9.8798320251191707e-01  2.3052160258093252e-01  
q[328]: 2.8188466084861242e-03  6.8308972462200968e-01  9.5652032589362834e-01  5.9391073910233760e-01  
q[329]: 8.8309471095747655e-04  5.8191073331741217e-01  9.9475801134602870e-01  6.6554084324794671e-01  
q[330]: 2.1765086137092693e-03  5.2556876986259904e-01  9.5319815172300770e-01  7.7357007397414734e-01  
q[331]: 3.3263677719277512e-04  5.4931744104416425e-01  9.9081203508676030e-01  9.8114645268560718e-01  
q[332]: 1.6560890110668713e-03  7.3213787109692274e-01  1.4837325729089174e-01  1.2847797745583503e-01  
q[333]: 5.9194908026346876e-04  7.7305259757538380e-01  7.3485847004973832e-03  6.2407176727034025e-02  
q[334]: 2.2137168186975231e-03  7.3933245526833025e-01  4.9845931201968799e-02  1.6217416022908626e-01  
q[335]: 2.9400456904675422e-03  7.6079629402081161e-01  1.3127700936151135e-01  3.1995644693609315e-01  
q[336]: 1.3361740866855369e-03  7.2768033220533379e-01  1.0538394822433236e-02  6.1549588417700374e-01  
q[337]: 3.3186639485550092e-03  6.7551947860935524e-01  8.7875994484007333e-02  8.1717072548545011e-01  
q[338]: 1.3164041036589969e-03  7.1628327299057493e-01  3.5209061697822661e-02  9.1768401222902762e-01  
q[339]: 4.2659725028722294e-04  7.9704090660695648e-01  3.0009921378345267e-02  9.9172215211285430e-01  
q[340]: 8.8016858086083834e-04  7.4722595733408237e-01  1.1105570438710083e-01  1.1678507251989044e-02  
q[341]: 4.4195882983836020e-03  7.7228351803077000e-01  2.5371768932177213e-01  4.1840025197560238e-01  
q[342]: 3.6899986628582092e-03  6.5137107716553211e-01  1.1387420640159041e-01  5.8330323799988970e-01  
q[343]: 1.1332552331003746e-03  6.6529771634499912e-01  1.2211681865508900e-01  9.8489472018897428e-01  
q[344]: 2.0322262266944590e-03  6.8912355079997889e-01  2.0602676572298709e-01  5.3431246718310454e-02  
q[345]: 2.4215812359563217e-03  7.7071828702569045e-01  1.1367269354555536e-01  5.1478650880119359e-01  
q[346]: 9.6165041260723222e-04  7.3759602169131944e-01  2.2011997630017047e-01  7.3092381059963707e-01  
q[347]: 1.9704509746621096e-03  7.5474885877749920e-01  3.2975051282156698e-01  1.4561218643737034e-01  
q[348]: 3.6686548835509641e-03  7.0364358466903143e-01  2.4267244149773015e-01  2.3803473595747918e-01  
q[349]: 4.3030623169752280e-03  7.4933962808684429e-01  1.9641350167098690e-01  6.8210751090198063e-01  
q[350]: 2.4850773161550518e-03  7.4035722167429419e-01  2.0659786099494484e-01  9.2317326147897294e-01  
q[351]: 3.3724446455526782e-03  7.8500409920883041e-01  3.8424731591127254e-01  2.4648512252812099e-01  
q[352]: 4.1276804150395686e-03  7.7582047910203200e-01  3.4440263360599549e-01  7.8460509523966593e-01  
q[353]: 2.6010329830122433e-03  6.9750707818382318e-01  4.2474291678924170e-01  8.9460383631637164e-01  
q[354]: 3.2691327877362080e-03  7.3292171554062790e-01  5.1798632867300631e-01  5.1186084594358250e-01  
q[355]: 2.6197252520978316e-03  7.3791876168115644e-01  5.4968137155578300e-01  1.1559927317497920e-01  
q[356]: 4.5356570118094634e-03  7.6657516229862277e-01  6.6342694249083856e-01  2.3314364446294228e-01  
q[357]: 4.8760805414751838e-03  7.5316267062618258e-01  6.0100417557644648e-01  7.4799290736794610e-01  
q[358]: 2.4877537354565907e-03  6.7521896374407175e-01  6.0867168598435639e-01  9.4825396003499629e-01  
q[359]: 1.6469930224444849e-03  7.3374910138258198e-01  7.3952461517412094e-01  5.2283908353086390e-02  
q[360]: 5.2863725956709051e-03  7.4600677170110685e-01  8.2119910953390884e-01  3.2762213525395828e-01  
q[361]: 1.4607203176073673e-03  7.4683290924271328e-01  7.4796314809743658e-01  7.7498421503899217e-01  
q[362]: 3.6032900753054375e-03  7.4995335346958170e-01  7.2366111578203407e-01  8.6694126196375620e-01  
q[363]: 8.1133562129358434e-04  7.0683827343401540e-01  8.4325288288955424e-01  4.3476336401577148e-01  
q[364]: 4.5106088738158757e-03  7.8036623967736019e-01  7.6465130818001159e-01  5.5045270486080633e-01  
q[365]: 2.2520515395197688e-03  7.1950158064729464e-01  8.4539246787157452e-01  9.5634962805966617e-01  
q[366]: 7.4749551561728383e-04  7.7017957964693440e-01  8.3905355318963870e-01  5.3550754495770543e-03  
q[367]: 7.8201551136802816e-04  7.0015994466394005e-01  8.6975211509658534e-01  6.8413211067164503e-01  
q[368]: 5.0825626252265358e-04  7.1525304314853588e-01  9.4727772712136493e-01  9.9329818076358922e-01  
q[369]: 6.4539019263754060e-04  7.4802527984806777e-01  9.5908398833537511e-01  1.8196448094432157e-02  
q[370]: 8.2320425718210160e-06  6.6584882474292539e-01  8.6022740030466160e-01  1.6314281653458701e-01  
q[371]: 2.8693593035751821e-03  7.1479595063361612e-01  9.2436230273245190e-01  1.7142257183095455e-01  
q[372]: 8.3280372796813869e-04  7.1694169204204194e-01  9.9660786239790566e-01  3.9633947304054390e-01  
q[373]: 1.2407845970272696e-03  6.8836247704814513e-01  9.6921619712656526e-01  7.9116385762294872e-01  
q[374]: 8.2984239774207800e-04  6.8054512871500727e-01  9.8896682117791068e-01  9.0068691572959658e-01  
q[375]: 2.3880278014906972e-03  7.2253034858267495e-01  8.6782836751519621e-01  7.7297513891878800e-01  
q[376]: 3.0836275717052491e-04  8.8305432421800412e-01  2.8264547248160004e-02  7.6873664959626791e-03  
q[377]: 1.4068097919174962e-03  8.4112064964690214e-01  3.2548067480626428e-02  2.5501393985303639e-01  
q[378]: 7.6447194189961209e-04  8.0736683373634999e-01  6.1503829976455957e-03  3.7669769305042461e-01  
q[379]: 1.7459034964551336e-03  7.8144605067650785e-01  4.4240235892725299e-02  7.3824920262150706e-01  
q[380]: 7.3999313733508535e-04  8.3057635716007239e-01  7.8546205278062810e-03  8.6702133263382031e-01  
q[381]: 1.2005216535710106e-03  8.4294486849132988e-01  7.5176772640897255e-02  5.8101568414666911e-02  
q[382]: 2.3931023151129902e-03  8.7161481975882871e-01  1.4008470249316432e-01  1.5874189863566249e-01  
q[383]: 1.5854693578492766e-03  8.0267441591975208e-01  5.4198243953396799e-02  4.8512339673611488e-01  
q[384]: 1.6360955006825132e-03  8.6323344022496662e-01  5.5293431212319548e-02  6.5360507905781329e-01  
q[385]: 1.0938335158707988e-03  8.3147384803763535e-01  1.0724154501136859e-01  9.5206418543559257e-01  
q[386]: 1.3011782509145904e-03  8.2007363178939541e-01  2.1974925049086444e-01  5.0064906633835414e-02  
q[387]: 1.8679156625423889e-03  8.6628526320569177e-01  1.2543626012769046e-01  7.8043570639049609e-01  
q[388]: 1.7781171510906752e-03  8.2581827435903810e-01  1.3632330197017781e-01  8.6694857682440363e-01  
q[389]: 8.2400202644793954e-04  8.0317166910455084e-01  3.3489504081381033e-01  4.0942582030954605e-03  
q[390]: 2.4197878615540513e-03  8.3693692695290212e-01  2.8944392536450031e-01  1.2370865021872801e-01  
q[391]: 2.7750419953756923e-03  8.8348785663055063e-01  2.3900423554117350e-01  2.8255097915147959e-01  
q[392]: 2.7653072251684072e-03  8.6509074073550385e-01  3.0542312659593829e-01  8.6490065360915724e-01  
q[393]: 1.0156416736686953e-03  7.8867181236268602e-01  2.5185526968148064e-01  9.8908401744746388e-01  
q[394]: 4.4669869795738257e-03  8.2414496982768970e-01  4.5686944625780662e-01  4.1259980724448098e-01  
q[395]: 2.4323909987783846e-03  7.5940900666143152e-01  4.8085413240836422e-01  4.1902099927469988e-02  
q[396]: 1.7003617919778558e-03  7.3285124388886524e-01  5.1037052486680257e-01  1.9470328614696228e-01  
q[397]: 5.2630580304810718e-03  7.7885565896230269e-01  4.4369096555156906e-01  6.4157481043654896e-01  
q[398]: 3.0521909082086682e-03  8.4298503503560851e-01  5.3174376841186866e-01  8.6752175993437763e-01  
q[399]: 2.2459289829642828e-03  7.6139177490058119e-01  4.5428588515475338e-01  9.4696944821599127e-01  
q[400]: 3.5839891226199915e-03  8.7328838953450783e-01  5.9217338291226884e-01  6.2781520516826483e-01  
q[401]: 1.5374724052783493e-03  8.5151208300376380e-01  6.6782180434372829e-01  1.8986086614957497e-02  
q[402]: 1.3818956944595651e-03  8.1875022004549680e-01  7.4690134763109173e-01  1.1318993753959380e-01  
q[403]: 2.7432868968904197e-03  8.6486327519270922e-01  7.0978721164452330e-01  7.2201599209226386e-01  
q[404]: 1.0324516068190928e-03  8.4385681573949523e-01  6.7727575514581739e-01  9.0927711558744129e-01  
q[405]: 1.1182590099090642e-03  7.9634137245639181e-01  5.9979061331024197e-01  9.9011528792208137e-01  
q[406]: 2.1445550117713741e-03  8.1405984296132028e-01  8.4073513915162723e-01  9.6371689768578087e-02  
q[407]: 2.4866097240259753e-03  8.6922153487397780e-01  8.7527313426001441e-01  2.1261547177593323e-01  
q[408]: 1.4032714826405098e-03  8.4388439162890738e-01  7.6211876140881107e-01  9.7132105433398896e-01  
q[409]: 8.4456183200209891e-04  8.7218358614775648e-01  9.4155674677212142e-01  3.9795957924780428e-01  
q[410]: 3.3427632216838170e-03  8.1991053083259280e-01  8.9193745802251900e-01  6.6502207451556172e-01  
q[411]: 2.3653214255596067e-03  8.6322471829539493e-01  8.4008372718281676e-01  8.6228791070208211e-01  
q[412]: 1.5891282734455570e-03  8.0701268020641037e-01  9.3400065121345155e-01  9.0606886912181528e-01  
q[413]: 9.6726376424644824e-04  7.8534877496447186e-01  9.8498317113800782e-01  1.1660879966163135e-01  
q[414]: 1.9678984905710292e-03  8.0981442982743745e-01  9.6091555542995533e-01  2.9465636153905100e-01  
q[415]: 2.5251923894131058e-03  7.4438032472324922e-01  9.1838216493682445e-01  4.7503557351624626e-01  
q[416]: 7.2378596977251133e-04  8.0284638779769835e-01  9.9527110641413463e-01  7.0444584196999105e-01  
q[417]: 9.4829371729045393e-04  8.0236526498840743e-01  9.5835145965807467e-01  8.0653077345392943e-01  
q[418]: 4.2040544174054670e-04  8.2470273076764167e-01  9.8959259297703306e-01  9.6932343874378346e-01  
q[419]: 6.9596278917000523e-04  9.1096467387111424e-01  1.0831447057813064e-02  1.4694463046942904e-01  
q[420]: 1.2008234322778677e-03  9.5314296631259698e-01  6.9607899782390417e-02  2.4709357387716613e-01  
q[421]: 1.6909956302186885e-03  8.5902104673598378e-01  1.1977295436878972e-01  3.2007362635181075e-01  
q[422]: 7.1448265635346985e-04  9.0647109697110206e-01  6.5609311708504535e-03  5.4625076571218911e-01  
q[423]: 7.5145226316209975e-04  9.1622668259949647e-01  1.9904596062600536e-02  7.6886900593737906e-01  
q[424]: 1.0989656435759540e-03  9.5223263964728078e-01  6.3389088938523921e-02  8.5753464792246847e-01  
q[425]: 1.9433867549845563e-04  9.3125186920576519e-01  4.1651151857759836e-03  9.7040570240780566e-01  
q[426]: 9.1675254466300053e-04  9.1793304846988277e-01  1.8829283729711091e-01  1.5682978900234273e-02  
q[427]: 6.8466781453868110e-04  9.4131897598739867e-01  6.2378942049966260e-02  7.2833164819549115e-02  
q[428]: 1.6891702516262396e-03  9.1895657967262678e-01  5.2660373781377327e-02  4.0883063327561259e-01  
q[429]: 8.2397739820954253e-04  9.0289448476025824e-01  5.6467891976056665e-02  9.4194078995278796e-01  
q[430]: 5.3891259643389186e-04  9.1887702786830372e-01  1.4995530697424100e-01  9.9324573266855987e-01  
q[431]: 1.3780072777332451e-03  9.3545227819141630e-01  3.2276890600411579e-01  6.5971505687270018e-02  
q[432]: 2.2001685957469689e-03  8.7444417771996763e-01  1.5468940650868823e-01  5.3685656605712595e-01  
q[433]: 1.4717906629078668e-03  9.4612674622084114e-01  1.9424909039031477e-01  8.4310807546490851e-01  
q[434]: 2.0567167964581374e-03  8.8707186637867119e-01  2.1558002407993682e-01  7.0506054461354772e-01  
q[435]: 1.4035238427158852e-03  8.5792870191665516e-01  3.6940685308991528e-01  9.6717667121979722e-01  
q[436]: 1.6372586800778451e-03  8.7577719066166904e-01  4.2593420841064361e-01  4.9174745224009365e-02  
q[437]: 4.1939789477151703e-03  8.7281691668315509e-01  3.1597420339867666e-01  5.8109898139426008e-01  
q[438]: 3.2590024768692780e-03  8.7372619786244921e-01  4.6479720749024322e-01  2.3549191340554154e-01  
q[439]: 3.9159534470220086e-03  9.2839260215530028e-01  5.2487857481693023e-01  5.1667075138074547e-01  
q[440]: 3.1564568464281214e-03  8.9764844061043492e-01  4.7689046095618187e-01  7.7752365648557886e-01  
q[441]: 3.1200575631132269e-03  8.7833621222367497e-01  5.8554402043452070e-01  1.2591547543327139e-01  
q[442]: 4.9323011036275163e-03  8.2470894339139922e-01  6.2533666058902038e-01  3.8857903998895410e-01  
q[443]: 1.9693522528705090e-03  9.1484846678806286e-01  6.2381155589357062e-01  9.3387039610723555e-01  
q[444]: 3.1833543895854496e-04  8.5625952972344488e-01  6.5664171858159259e-01  1.1168633141021572e-01  
q[445]: 2.8063717056966888e-03  8.9121425782552444e-01  7.5162915123731711e-01  2.5038876768945850e-01  
q[446]: 2.9920116904660274e-03  8.8382622304389535e-01  8.7077643220702639e-01  4.4327442067106920e-01  
q[447]: 8.5226868298401992e-04  9.4976228952159214e-01  8.0237701959243435e-01  9.5013743665780093e-01  
q[448]: 4.4884486986637132e-04  9.2654476051626400e-01  8.7202470637438689e-01  1.0029163757718042e-02  
q[449]: 1.1664877851792134e-03  8.7038508083284627e-01  9.3377826546232012e-01  5.2859506224280761e-02  
q[450]: 8.2967696842054862e-04  9.2048456267444057e-01  9.4063892205905808e-01  9.4984177152129945e-01  
q[451]: 4.6530018698255035e-04  8.7778722552211630e-01  8.8404788238211585e-01  9.9608106638149008e-01  
q[452]: 1.6834281621803834e-04  8.8422261533898672e-01  9.9514161127061496e-01  1.1799126028661927e-02  
q[453]: 6.9276326013597612e-04  9.2974948646591549e-01  9.6431706593775124e-01  1.1317224183192702e-01  
q[454]: 6.4644161127962499e-04  9.0212696445566010e-01  9.9313876720209060e-01  2.2684612889347996e-01  
q[455]: 1.2635925086596921e-03  8.4880476999129706e-01  9.8323162631132666e-01  5.1733291458080755e-01  
q[456]: 1.1615146568871974e-03  9.2764784352087160e-01  9.6529879028930543e-01  5.9807068640430983e-01  
q[457]: 1.2587947228258056e-03  9.0323079577466059e-01  9.5003022662210035e-01  7.5966870371856854e-01  
q[458]: 5.5575252772914507e-04  9.1805482947700834e-01  9.9261300337870628e-01  8.5591240284788184e-01  
q[459]: 1.8083207667531640e-04  9.7407950451514191e-01  1.0176666991117149e-02  3.4742639353977249e-02  
q[460]: 3.1749978282074459e-04  9.9594448272560254e-01  3.6550943637239715e-02  1.4266758294403509e-01  
q[461]: 7.5494811668663602e-04  9.8078363739760632e-01  1.3946927636030668e-01  2.2230691867494390e-01  
q[462]: 2.6194549228377032e-03  9.4567140260681937e-01  1.8542310117276675e-01  4.2949989905132785e-01  
q[463]: 4.1915055486750922e-04  9.7555879192571571e-01  7.5133399463951618e-03  3.1976264081817646e-01  
q[464]: 6.8240267619357230e-04  9.8665109401451256e-01  3.7124903173925569e-02  5.2060729624696234e-01  
q[465]: 3.9650000468976311e-04  9.7849099107578164e-01  1.2803635964240317e-02  7.0839882100519125e-01  
q[466]: 5.8325880163609574e-04  9.9599412924375419e-01  1.0274096422949620e-01  7.5837230275398626e-01  
q[467]: 2.0653302361270287e-04  9.9088569617128752e-01  1.4923748374086051e-02  8.9977564792491038e-01  
q[468]: 2.0583418458646486e-04  9.8246637415018512e-01  5.1883766162782487e-02  9.8735380387565663e-01  
q[469]: 2.4325388641172822e-04  9.8564786987464648e-01  9.2382945217694926e-02  1.3064723787638286e-02  
q[470]: 6.8625750936957485e-04  9.5654617137920050e-01  1.3392064283933067e-01  9.1803675267046567e-02  
q[471]: 1.6499346308173884e-03  9.5225128076047449e-01  2.4895989801572208e-01  1.8629644193016923e-01  
q[472]: 1.4387909095090350e-03  8.3666420773443062e-01  2.7521281060779734e-01  5.0304852633903285e-01  
q[473]: 6.5835358905570285e-04  9.9531670302575981e-01  1.1933077213686993e-01  3.8374040651674229e-01  
q[474]: 2.0205685897589612e-03  9.5231843854747233e-01  1.0420416573831690e-01  6.2736115248819724e-01  
q[475]: 7.1280658024255622e-04  9.8565805103591142e-01  1.5307531817519004e-01  9.3853647916073601e-01  
q[476]: 5.9253380048298503e-04  9.9255199196179034e-01  2.0954994094892479e-01  8.0442217171631539e-02  
q[477]: 1.3309696583572630e-03  9.8873652838740644e-01  2.3645059030743684e-01  5.7790765503288544e-01  
q[478]: 1.2893492682177648e-03  9.6638071811450976e-01  2.3654544098198049e-01  7.4036445609876955e-01  
q[479]: 1.3667004417682812e-03  9.2403278328080229e-01  2.5415536596400184e-01  9.4358746481585631e-01  
q[480]: 4.3947677942610960e-04  9.8358898002047235e-01  3.3424474024628231e-01  1.4749923697344553e-02  
q[481]: 1.7303055445108662e-03  9.4666557558672759e-01  4.2022875672987581e-01  1.4798691975536163e-01  
q[482]: 1.2067759068102159e-03  9.8903678304465137e-01  2.9887861430671286e-01  2.9556451629092656e-01  
q[483]: 7.4465072580267146e-04  9.9662535409447262e-01  3.1998438623506376e-01  8.3834890028125830e-01  
q[484]: 4.4025868090736658e-04  9.8401538357051288e-01  3.1208986370744918e-01  9.8655804865931007e-01  
q[485]: 6.8497173626426195e-04  9.8747143662289316e-01  5.2633663950773046e-01  5.1816724684039153e-02  
q[486]: 3.1083072752457917e-03  9.2066011683944382e-01  3.6111167661837901e-01  3.5701211799956950e-01  
q[487]: 1.9880433660307804e-03  9.7142602481557849e-01  3.7148008611430444e-01  4.9094255690131172e-01  
q[488]: 2.8368225078482670e-03  9.4573428213310518e-01  3.7701632613399960e-01  7.0524079568529430e-01  
q[489]: 1.8633252779807277e-03  9.6231575384034485e-01  4.2365906599432712e-01  9.0558462164242515e-01  
q[490]: 6.7056647739274333e-04  9.3321294622933992e-01  5.1571077038507884e-01  7.2425058922305774e-03  
q[491]: 8.3409847368796572e-04  9.9181985082323598e-01  4.2789663490557756e-01  1.5769549218226386e-01  
q[492]: 1.0897447483501576e-03  9.9039992508556185e-01  4.9148963813570817e-01  3.7679009380888479e-01  
q[493]: 1.0998021985189289e-03  9.9440564264927045e-01  4.8253329575655096e-01  6.4817271724696957e-01  
q[494]: 1.5420553668509624e-03  9.8000800582766623e-01  5.6909131447373373e-01  8.0048177414011523e-01  
q[495]: 8.0547054271413370e-04  9.2220951286034247e-01  4.8167366259764466e-01  9.9006671033475713e-01  
q[496]: 1.2212141957178538e-03  9.5772393544269063e-01  6.3653684894723905e-01  7.3680439966202424e-02  
q[497]: 3.1416403977565640e-03  9.5701312632178415e-01  5.7577907134821793e-01  2.7462705380573155e-01  
q[498]: 1.2863703664165260e-03  9.9155101966460713e-01  6.7464716101751188e-01  4.6174702290260033e-01  
q[499]: 2.2531816175722112e-03  9.6511004397054634e-01  6.6141481941520974e-01  6.3793813751794581e-01  
q[500]: 5.5388682826263888e-04  9.9212690237075407e-01  5.5471989827954260e-01  9.6173051432774892e-01  
q[501]: 3.0452134743942411e-04  9.8799887873932679e-01  7.2204987975058488e-01  9.5018741960795107e-03  
q[502]: 8.8920971931862925e-04  9.9410282529314775e-01  6.9009822487173822e-01  1.8032640763122346e-01  
q[503]: 3.0776691080191525e-03  9.1983206752296232e-01  7.1072424972426151e-01  3.9348108806444604e-01  
q[504]: 9.1466814280492651e-04  9.9402766089357442e-01  8.0386310717367537e-01  7.0367423022311903e-01  
q[505]: 1.7387376843708503e-03  9.4837519889841682e-01  6.8213040915961298e-01  8.2718649701732183e-01  
q[506]: 4.4389741714931570e-04  9.6598740345191347e-01  7.0942276104009716e-01  9.9285329627333241e-01  
q[507]: 1.4758526742902171e-03  9.4861922748642957e-01  7.6392464582487485e-01  1.4818079396773234e-01  
q[508]: 1.6412358104836576e-03  9.8241604651806214e-01  8.2969322447866278e-01  3.1584115742849128e-01  
q[509]: 1.8932702259765464e-03  9.5776802875347888e-01  8.0389293461432576e-01  5.2209809960295783e-01  
q[510]: 2.2381885394217494e-03  8.5497356464021135e-01  7.5253559327072672e-01  5.6363839751834088e-01  
q[511]: 6.4429201562449430e-04  9.9434519205569505e-01  7.4256853532863865e-01  8.9334359904660632e-01  
q[512]: 1.1688447939785444e-03  9.3171797210364737e-01  7.8964287303025815e-01  4.6766057958119375e-02  
q[513]: 5.2612745894954898e-04  9.9290986291415750e-01  8.6460503144919965e-01  7.3193568366250114e-02  
q[514]: 1.3708273319278182e-03  9.4928273235983318e-01  9.3928811313432703e-01  3.3557622796920633e-01  
q[515]: 1.6196385967325972e-03  9.4621566283033376e-01  8.8199122278381581e-01  6.2922568040894111e-01  
q[516]: 2.1761293672215134e-03  9.1750295604509791e-01  7.9789423245215452e-01  7.6009308421058419e-01  
q[517]: 8.9772489928812360e-04  9.5982069431500727e-01  8.6971618938157236e-01  8.8526374549302933e-01  
q[518]: 2.5625128989219107e-04  9.9197624657796946e-01  8.8835946382544428e-01  9.7900961258133101e-01  
q[519]: 2.2678624672688510e-04  9.7933052674045806e-01  9.5133650982575557e-01  1.4676092655456711e-02  
q[520]: 2.0612680146304607e-04  9.7629068129489227e-01  9.9100792301815621e-01  6.8024100414746214e-02  
q[521]: 1.1320364254347359e-03  9.6106202424643949e-01  9.0648955881005810e-01  1.6383552437528923e-01  
q[522]: 3.2137079313751630e-04  9.9669122112580888e-01  9.7309327479708174e-01  2.2178258268905468e-01  
q[523]: 4.9339930271420738e-04  9.6601797285301572e-01  9.9267125075835394e-01  4.1893290761104474e-01  
q[524]: 7.4260043686378478e-04  9.9403244331662666e-01  9.2879253497614189e-01  5.0838393119159986e-01  
q[525]: 3.9013008909353749e-04  9.8330491121864683e-01  9.8893997107316178e-01  6.8835796755809175e-01  
q[526]: 9.1032647390952473e-04  9.8038231410268351e-01  9.2432026591381444e-01  7.9999735489231871e-01  
q[527]: 2.5080063879857867e-04  9.9002023938382333e-01  9.7783579987435909e-01  9.1369240094265636e-01  
q[528]: 1.4491853808343700e-04  9.6192546465726136e-01  9.8306899999621544e-01  9.8997567179599433e-01  

