deg: 8
dim: 4
nodes: 102
efficiency: 0.970588

q[0]:   3.9159564697813475e-03  2.0344840696620577e-02  9.7217153156458874e-02  3.2496109249300481e-01  1.0458639056411270e-01  
q[1]:   3.2050981519777711e-03  9.1027522599974708e-02  5.2626325246659333e-02  1.2101468850023821e-02  3.2685024519149980e-01  
q[2]:   3.4314403244403921e-03  2.9394546411010919e-01  7.7969550511126889e-02  2.8216662724871461e-02  9.3268348129064904e-01  
q[3]:   3.0337146840352667e-03  4.6540589795072924e-02  5.2438169806960276e-02  5.8962837148684044e-01  9.6211490467262883e-01  
q[4]:   2.1483379465757381e-03  1.9019298906131875e-02  8.1190813095827902e-03  9.0060380692417008e-01  3.2733890325700254e-01  
q[5]:   4.8375389786226393e-03  1.0578589153742678e-02  2.2306233343355925e-01  1.4630241262941077e-01  8.6389357247812204e-01  
q[6]:   6.1860241897283173e-03  7.1236748560992089e-02  3.9212423192437879e-01  9.6575952253752373e-01  2.0272935226523026e-01  
q[7]:   8.5141532454434555e-03  1.0342408303869411e-02  4.3975064745750880e-01  8.2925996741630048e-01  7.5495315409638986e-01  
q[8]:   1.5739122258625771e-02  8.6139797509125079e-02  3.4482706330227575e-01  1.7431561414825561e-01  4.2295831358707786e-01  
q[9]:   7.6064671045893151e-03  1.8896572327240749e-01  5.0796713758879974e-01  1.3552210795934258e-01  9.5675899021850463e-01  
q[10]:  1.3034193073566937e-02  5.4202722929840984e-02  4.4951953400036987e-01  5.3104762557002927e-01  1.6495509635452571e-01  
q[11]:  2.8933279379538164e-03  2.5004114035094014e-03  7.3811560418785638e-01  8.6345101598807969e-02  5.5127312470131466e-02  
q[12]:  4.3155094110351733e-03  5.1422550608448830e-02  7.2807963086082861e-01  3.3016681988365468e-03  7.0215205765836686e-01  
q[13]:  2.0969455145886866e-03  4.4902172101049409e-02  8.2146623002632346e-01  9.4036006888604418e-01  9.6540857610304209e-01  
q[14]:  4.3083143373937212e-03  1.0478870164075785e-01  9.8863964048884778e-01  9.4881286976970375e-02  3.6057978892294545e-01  
q[15]:  5.1408592654794121e-03  2.9725425516373312e-02  8.9871343964210382e-01  3.3414226292800203e-01  9.1054762281728907e-01  
q[16]:  7.1118353007917400e-03  2.6009298946768004e-02  9.3606064483999585e-01  6.2003064835876021e-01  3.7607763702252933e-01  
q[17]:  1.5822371979859494e-02  7.4637348901429881e-02  6.7292260952616900e-01  3.7299960917732516e-01  5.7519654645818519e-01  
q[18]:  5.0122029276413434e-03  5.8078787146589705e-02  7.8268677822203203e-01  8.2815035010116567e-01  4.8788846269495575e-02  
q[19]:  5.8875170896181619e-03  9.0365759258058675e-02  8.3908179506674851e-01  9.6061694441055090e-01  5.2249187134527342e-01  
q[20]:  8.1334346556359918e-03  1.7082116994569754e-01  3.3928680490185721e-02  2.5357029597826997e-01  7.1148701068244602e-01  
q[21]:  6.1873479176699593e-03  1.6450480433082515e-01  1.2156697395970267e-01  8.1383433046839937e-01  3.3683587291246646e-02  
q[22]:  5.9446217477481540e-03  2.1017066294143261e-01  3.0369014020964452e-01  8.6403661817064903e-01  9.8379699581035973e-01  
q[23]:  6.3516430521977640e-03  2.0472043373040069e-01  2.2184994892887444e-01  1.3320285052212250e-01  2.5985463349329357e-02  
q[24]:  1.1542060657592473e-02  3.2052356542197746e-01  4.3840430838183719e-01  6.1766889861319195e-02  6.6920949892331139e-01  
q[25]:  1.6654423056251519e-02  9.2442746554910887e-02  1.5044134448455487e-01  6.2275721971658748e-01  5.3833117705025479e-01  
q[26]:  1.8836107971125050e-02  2.8590515261367827e-01  2.4901402733924660e-01  7.8941789929975070e-01  3.2904710623622435e-01  
q[27]:  6.2028822868228795e-03  1.7263477228102994e-01  9.4690730910743731e-02  9.6533457479566964e-01  7.9173564065028390e-01  
q[28]:  8.7228076312472549e-03  2.8747663838665422e-01  4.8536198187695501e-01  2.3500877338000173e-02  1.7385164489375052e-01  
q[29]:  1.2115098387136519e-02  3.1833656349321804e-01  4.7865477805534351e-01  5.6395461246940248e-01  3.2521562461504665e-02  
q[30]:  1.2300443840961062e-02  3.1653175205674905e-01  4.5667717426602439e-01  9.5758769801168808e-01  5.7251092309703722e-01  
q[31]:  1.2465130277520418e-02  1.4822276558124148e-01  5.4387068628710156e-01  5.2444917992438989e-01  9.2848980270631498e-01  
q[32]:  2.0226069976033784e-02  2.1432511769036261e-01  7.5611634782989379e-01  2.3806630775535312e-01  2.1825517914087997e-01  
q[33]:  2.0142758969510184e-02  2.4113996755156625e-01  6.6925828504890861e-01  7.7403482403886326e-01  3.4013347671883148e-01  
q[34]:  1.3797536754045278e-02  2.6996657187177442e-01  8.8868401249310025e-01  1.8528449684352385e-01  7.3386650405559317e-01  
q[35]:  2.1350875840440335e-03  2.9810699249078820e-01  9.3467957650508238e-01  3.0896289016377535e-02  9.9051787508886691e-01  
q[36]:  6.9016882886466626e-03  2.0423097286709110e-01  9.3767724477529546e-01  4.2580201398837553e-01  4.5928963181147524e-02  
q[37]:  4.1369734246298855e-03  2.5102881442409591e-01  9.6961172338250035e-01  9.4796952159825321e-01  1.6464368673880114e-01  
q[38]:  1.7691405444915913e-02  2.0781458021909441e-01  7.6261577437744532e-01  7.2303188671716345e-01  7.3862015752841492e-01  
q[39]:  5.6684518495241833e-03  2.0331765461567436e-01  9.9472824340682586e-01  7.8702847243509966e-01  8.4554426099711244e-01  
q[40]:  1.2042256227209178e-02  3.0841471870610221e-01  3.0081203286252352e-02  4.3567350469759786e-01  2.1917787204797803e-01  
q[41]:  1.4759188829400268e-02  4.5962621185754809e-01  1.3482801570540048e-01  1.1894243467385565e-01  5.1169368513492985e-01  
q[42]:  1.0278899699807588e-02  5.8137995375405771e-01  1.8718761499055980e-01  2.9670053393265911e-01  9.7700625714392830e-01  
q[43]:  6.4378259128595591e-03  4.8487546820611427e-01  1.9356776447869005e-02  6.8378972844406249e-01  9.1200967056394489e-01  
q[44]:  9.6993326284417099e-03  5.0424072703997791e-01  3.2482584677352412e-02  8.4791651032536253e-01  4.6998619036606099e-01  
q[45]:  2.2860729973000635e-02  2.9569138748772683e-01  2.5728465840858317e-01  4.2559213864029832e-01  7.9670616654520610e-01  
q[46]:  5.9689242928840872e-03  5.0771813944553845e-01  1.2660160505952950e-01  9.7527894563343154e-01  1.2952069107620570e-01  
q[47]:  1.0962071311675847e-02  4.7687591976565469e-01  1.8503900226658207e-01  7.6868823082184989e-01  7.6434374514709402e-01  
q[48]:  2.0041391032450926e-02  4.6915493773783090e-01  2.4735868205855577e-01  3.1527473805646039e-01  2.1276929102076966e-01  
q[49]:  4.0704014695144106e-02  4.6821278331189842e-01  5.2370895637213510e-01  4.5139097128382366e-01  5.1070711075036190e-01  
q[50]:  1.1756553127182351e-02  6.2005443533883664e-01  5.9825649666144987e-01  2.3716953740523022e-01  3.2562134391357675e-02  
q[51]:  1.5685152799552144e-02  5.3972731161500132e-01  8.0802738595539070e-01  6.3583458790565858e-02  4.0028607916371850e-01  
q[52]:  1.2287864082897717e-02  4.9180977787176722e-01  8.2206472742710524e-01  5.6962753404987987e-01  9.6929957243694942e-01  
q[53]:  1.0312876394522042e-02  4.8910899210219305e-01  6.4383074099250059e-01  9.3148962778172906e-01  5.9415064283786172e-02  
q[54]:  7.9891162020030906e-03  4.5388123274877540e-01  7.2107958310055364e-01  9.6686514303772342e-01  9.0788093677039028e-01  
q[55]:  3.6099771324025641e-03  5.0317375489153815e-01  9.4914602720678110e-01  4.6928181927810259e-02  4.9395393594205077e-02  
q[56]:  5.8113830454561803e-03  7.2797609514572659e-01  9.6082068106271135e-01  3.0504582779576023e-01  9.0388251893534777e-01  
q[57]:  2.0186251579363528e-02  4.8544686667453746e-01  8.7558732767632197e-01  6.6850803559798344e-01  2.3422816005240041e-01  
q[58]:  1.4506428102713943e-02  4.3123335673594382e-01  9.5733372666489835e-01  4.4511812884530078e-01  5.8547110912726053e-01  
q[59]:  7.7522718677193450e-03  7.3368436399891990e-01  1.2601889065556588e-02  2.2527474577705489e-01  6.9863323744346439e-01  
q[60]:  4.9757629866027196e-03  7.6335509698386228e-01  2.1168188047978859e-01  9.3491820518182800e-01  9.6673235037479344e-01  
q[61]:  5.3862243727348068e-03  6.2189373372860279e-01  5.5983312056572067e-02  7.5508685107962992e-02  8.7059881934435090e-02  
q[62]:  7.5597757939492348e-03  7.0768929958321980e-01  2.8433828616577411e-01  4.8395845250481535e-03  7.6541451725296483e-01  
q[63]:  2.3575675068498864e-02  7.5908808032545305e-01  1.4197441903564215e-01  5.5079493010327030e-01  5.5004064162330935e-01  
q[64]:  1.6845204680471199e-02  8.4456058628070352e-01  3.7744002141019184e-01  4.2322652247677184e-01  8.5711621942504512e-01  
q[65]:  4.2664890625314514e-03  8.5458237523235570e-01  6.5161639737131447e-02  9.4354137181718489e-01  7.6720928707295366e-01  
q[66]:  5.3377883115021700e-03  8.6955820010309648e-01  5.0677308677171284e-01  1.6388692744955788e-02  1.1747434967015052e-01  
q[67]:  6.9893934731929987e-03  7.6955763329060234e-01  2.1115551382391337e-01  1.0576201060973608e-01  3.0408384245664344e-01  
q[68]:  3.6547862245760307e-03  7.0567769392312207e-01  2.3320586518096140e-02  6.0905742717303568e-01  9.4389461913155746e-03  
q[69]:  7.8477405886855818e-03  7.4922325837714732e-01  3.0354472766468454e-01  9.8955745026904640e-01  4.7619581198418792e-01  
q[70]:  2.3597513923874536e-02  6.0267566134838357e-01  4.5740296859721474e-01  7.8552611974237552e-01  8.0865471682338019e-01  
q[71]:  2.2085532091353232e-02  5.8865026967171197e-01  6.5244246980484100e-01  1.7092085250285113e-01  8.5006632958729411e-01  
q[72]:  8.9409703135263016e-03  8.0114853384151596e-01  9.7757165369517784e-01  2.9479158074843687e-01  3.1644150164900908e-01  
q[73]:  4.1231045562332667e-03  8.0146296716216758e-01  9.6098618643385825e-01  3.5117421619234070e-02  7.5680408435602387e-01  
q[74]:  3.3783530025786163e-03  7.4941810162272982e-01  9.8580877612346463e-01  7.9256029076611323e-01  3.9594133775033354e-02  
q[75]:  2.1837607467813849e-02  8.0778292536326135e-01  8.0709764345784518e-01  6.5554173026412610e-01  6.9535748422095267e-01  
q[76]:  4.1970381310369341e-03  8.3518792669042197e-01  9.6174065270471087e-01  8.7106119747476896e-01  9.3046688046776416e-01  
q[77]:  7.9411140307899739e-03  9.2373856292476209e-01  7.0429571094335508e-02  4.0100945890285350e-01  2.9649513167621944e-01  
q[78]:  2.0296907000183491e-03  9.7135598464712747e-01  4.9603937460677976e-02  2.2644899291736170e-02  3.5701347532046035e-01  
q[79]:  3.5130395397863531e-03  9.1366251773210461e-01  9.0030345109901072e-02  1.1539265527484668e-01  9.2468020291579256e-01  
q[80]:  4.7575414121934232e-03  9.6455959661238977e-01  7.2341932050850974e-02  6.2694651821828962e-01  8.9067516016368320e-01  
q[81]:  5.3243100530414884e-03  9.2158889332222149e-01  5.0317945631171361e-02  8.6936276616509300e-01  2.1717071071319050e-01  
q[82]:  6.2973910504728762e-03  9.3524321128405241e-01  2.1108378465223665e-01  2.6873340092345815e-01  4.1720817078974147e-02  
q[83]:  1.7777053499056256e-02  7.7228694484580307e-01  4.4512896959970377e-01  1.7993993184578835e-01  3.5336050861808005e-01  
q[84]:  9.5804660501933297e-03  9.7312019819374873e-01  3.3721548366020893e-01  1.7659060274741525e-01  6.7118318239143904e-01  
q[85]:  4.4945874631315821e-03  9.3186478403747774e-01  3.5335850634804866e-01  9.1113677901983592e-01  4.0980579517179830e-02  
q[86]:  1.0467265353686105e-02  9.7210173749606721e-01  3.0426333457576771e-01  8.0164633225129356e-01  5.6465508386053131e-01  
q[87]:  3.5344013510214883e-03  8.9347761227312972e-01  6.3449622696708563e-01  5.5753934502517456e-02  9.8687319060437984e-01  
q[88]:  1.4130938320162680e-02  9.6453841332613754e-01  5.5450906289618784e-01  5.1851578777918594e-01  2.4131082136463849e-01  
q[89]:  2.2375529344745217e-02  7.5666827881739307e-01  5.9792794702386642e-01  8.3824116089350753e-01  3.4517273978536100e-01  
q[90]:  1.3235883894087161e-02  7.0858562898860167e-01  8.0698043424160926e-01  3.9334369451886209e-01  1.4720746817348437e-01  
q[91]:  7.0350135824446538e-03  9.4091520207843216e-01  7.7404167149464531e-01  7.5224767888220440e-02  5.1861319482611890e-01  
q[92]:  6.0761561782659897e-03  9.0586426779043361e-01  5.4437491942896965e-01  6.8824843504331090e-01  9.8656204330241593e-01  
q[93]:  2.2984733494992811e-02  6.9340111904803592e-01  2.8816768480860605e-01  6.7366211372171192e-01  1.3758451070472111e-01  
q[94]:  6.1176799667281099e-03  9.5610688360021079e-01  6.6316659474445550e-01  9.5139395107237901e-01  7.9727433831870997e-01  
q[95]:  4.3388342317476078e-03  9.5571252439155929e-01  8.8658605101310306e-01  1.4153490701166507e-01  1.0249041054117043e-01  
q[96]:  4.9168786155740730e-03  9.9057112038133288e-01  8.6950289360060662e-01  3.4242182580012598e-01  8.8347890049949518e-01  
q[97]:  5.6687694355296546e-03  9.0636269425161076e-01  7.8496622344740796e-01  6.4088126802698298e-01  2.8049636017575697e-02  
q[98]:  4.9601659728769620e-03  9.8374703759350146e-01  9.6612720281116482e-01  7.0657073016851846e-01  4.5657542598328438e-01  
q[99]:  1.6142516243932925e-02  8.4617371332445002e-01  6.9873416112804743e-01  3.5228471572318959e-01  5.7846954433859266e-01  
q[100]: 5.8025357697625169e-03  9.0655961828631737e-01  8.4095625180357381e-01  9.6582532762472184e-01  2.2001354746978222e-01  
q[101]: 1.1849131494902028e-02  5.9395190831348643e-01  9.2005939076923027e-01  9.2739635665578279e-01  5.7183634741049350e-01  

