deg: 9
dim: 4
nodes: 165
efficiency: 0.866667

q[0]:   4.9616292490682629e-03  2.8526772116901924e-02  2.1792930639776095e-01  7.6411069537868595e-02  3.8458946348483880e-01  
q[1]:   2.8737914110179147e-03  6.9478730316057294e-02  8.7230133463943454e-02  2.2552703350926620e-01  9.4680384612305957e-01  
q[2]:   4.1980162394014012e-03  4.7340610466349062e-02  3.6616445023247408e-02  3.1071130782754763e-01  5.9636067231258549e-01  
q[3]:   3.3441484579390383e-04  2.8865385416493988e-01  2.5822846172699582e-01  5.2402134806765321e-01  6.4667445609011431e-01  
q[4]:   2.5210734556394411e-03  3.6733505032820753e-02  9.7821633994914628e-02  4.1215733360018564e-01  3.2766269051868843e-02  
q[5]:   3.9094893031222247e-03  8.9678340800190770e-02  2.9584786117111177e-02  6.2026366368068941e-01  3.0149441936460536e-01  
q[6]:   4.7316388563433976e-04  2.7683497913449728e-01  2.9773534344379055e-01  6.6997202197433103e-01  4.4112660806821385e-01  
q[7]:   2.1471678700696129e-03  1.6359991389698819e-02  9.0084885802541537e-02  8.3199041630184845e-01  2.2117701546515017e-01  
q[8]:   2.4422234041878051e-03  4.5864886010835243e-02  2.3232176609316196e-01  9.7676668246706633e-01  3.5355041949912513e-01  
q[9]:   3.4570750731992895e-03  2.3888444562442640e-01  2.5439099261307879e-01  7.2790716909382625e-01  6.4261151193599231e-01  
q[10]:  2.8805682302848450e-03  3.3034965068865788e-02  9.2332661306787828e-02  8.4277579967765004e-01  9.1430739398939587e-01  
q[11]:  1.9691471137675840e-03  5.6918848365357926e-02  3.2782924206597147e-01  7.6342527116490380e-02  3.0605507234704205e-02  
q[12]:  4.8247590945109725e-03  2.6240527048509790e-02  3.1706337254918177e-01  3.4492815648771125e-01  7.9216653814881055e-01  
q[13]:  9.9636206035567110e-03  5.9548646330962310e-02  2.5580521392571343e-01  7.3717054039105789e-01  6.2851292071483578e-01  
q[14]:  6.6387657914685153e-03  1.4270611167981367e-01  3.2385641915664792e-01  6.9284538979589683e-01  5.5396718642319577e-02  
q[15]:  2.2685524188207620e-03  3.0575209524027598e-02  4.8809955147855177e-01  5.8882893613542528e-02  9.5441786739774592e-01  
q[16]:  1.1995809065530712e-02  1.7885915219950813e-01  5.0407860734311616e-01  1.5785837135356431e-01  5.0199122258711837e-01  
q[17]:  1.0408265560298634e-02  5.6170182505473232e-02  6.1600105020386242e-01  4.9088183283479364e-01  7.8950506278785992e-01  
q[18]:  3.5077398389755563e-03  3.2441049442808061e-02  5.5937466247572987e-01  2.4863377997998282e-01  1.0162912578271734e-01  
q[19]:  1.3199736525578766e-03  2.7617847604754747e-01  5.0265574885402720e-01  5.1551044183193473e-01  5.0172398803434115e-01  
q[20]:  2.8261777287240286e-03  9.3090809101731287e-02  4.3834996566019707e-01  6.7483852388796695e-01  9.3525080392675952e-01  
q[21]:  8.0044199823689505e-03  4.7995966388435930e-02  4.1565796186554721e-01  4.6984153845114923e-01  3.0803911604714534e-01  
q[22]:  2.9281426162669714e-03  4.2808120461032641e-02  4.7171536146030518e-01  9.4675359182344498e-01  9.7084544396417394e-02  
q[23]:  5.7543667249670468e-03  1.8578973215943204e-01  7.5660087680229438e-01  2.5755974553919397e-01  9.6612565198407085e-01  
q[24]:  7.3318527064226372e-03  3.8020510126623906e-02  8.4308035995286990e-01  2.7386348511460290e-01  3.3689743828578889e-01  
q[25]:  8.4025894856198501e-03  6.8037533124987004e-02  6.3222285989302962e-01  6.3568223838881255e-01  2.4301474190516445e-01  
q[26]:  2.0064642864314739e-03  5.3817969339485856e-02  6.5821703871621207e-01  9.0024391070643217e-01  9.8801434721058901e-01  
q[27]:  2.5456699101770969e-03  7.2232922257233267e-02  9.2590213006515554e-01  1.0448696618755490e-01  7.9137903271662632e-02  
q[28]:  3.6483462008529573e-03  4.1355534065737255e-02  7.5229239819506977e-01  3.0243812812373760e-02  6.3643339547803202e-01  
q[29]:  3.5311134893623451e-03  5.5293370590983840e-02  9.5538669308861557e-01  1.9752450363290444e-01  8.2364965474760587e-01  
q[30]:  7.3268350117951563e-03  2.5829115481008674e-01  9.0186656081934147e-01  4.2786344065044329e-01  6.5164154295277121e-01  
q[31]:  2.6878407659576891e-03  5.2904475496369736e-02  9.2113628459243202e-01  6.1203545084423894e-01  9.5539374903797092e-01  
q[32]:  8.7288515083567278e-05  3.0004132713063708e-01  6.9731978741940093e-01  4.4231440496248486e-01  3.4777604261072070e-01  
q[33]:  4.8712629619281503e-03  6.3076223424662889e-02  9.7700309640274652e-01  6.8222425659282770e-01  4.9729852734781088e-01  
q[34]:  3.1746593377625161e-03  3.5121015817397142e-02  8.7666830436403131e-01  7.4730903963507500e-01  4.5671822033071227e-02  
q[35]:  4.8150223657924453e-03  1.3506653721491273e-02  7.5821195240885830e-01  9.1417129317931733e-01  6.3545037743270127e-01  
q[36]:  4.0744126863816819e-03  1.8031590319595725e-01  3.0556211277043107e-02  8.7698608942996373e-02  1.5771889502454586e-01  
q[37]:  4.2083713750705656e-03  1.7157795027437464e-01  9.3496227320699843e-02  2.2488593260231730e-02  7.7331072394142841e-01  
q[38]:  7.1217651056378938e-03  2.5811242309305771e-01  2.6847188309130875e-02  6.0649265733929569e-01  8.2915880103622008e-01  
q[39]:  1.2958359783630373e-02  2.5922412968818481e-01  1.4779397823747226e-01  4.8436503062454239e-01  4.9585608559010741e-01  
q[40]:  6.9177543298621479e-03  2.1873007854152834e-01  2.4700872321548992e-01  5.0333802032831565e-01  9.7637527085367992e-01  
q[41]:  6.5769436039079584e-03  3.3009583806677451e-01  1.3820395590684587e-01  8.2827103352933684e-01  3.3269945463319389e-01  
q[42]:  3.6471612158374459e-03  2.1724960800585696e-01  7.3441757531858901e-02  9.0775782444290398e-01  5.5846126604118959e-02  
q[43]:  3.7426073788626528e-03  1.9659107231458295e-01  3.2520013991645523e-02  9.6284170734040952e-01  6.0291483014511171e-01  
q[44]:  1.6063556068581775e-02  2.4037910892312983e-01  2.0669181557729183e-01  3.1503445798208551e-01  2.1064977957500233e-01  
q[45]:  7.5048436114951936e-03  1.9793312543376240e-01  4.3510197304292542e-01  1.7712693102277641e-01  6.1330715693542825e-01  
q[46]:  6.3173961973553693e-03  2.3824015638539209e-01  2.6807813737339459e-01  2.1678120702002041e-01  7.5164337940108505e-01  
q[47]:  1.0330865603110541e-04  3.1932081975366922e-01  3.5796780007736062e-01  6.4585119599019170e-01  3.2319633130132880e-01  
q[48]:  7.6189311675243924e-04  2.4913142478625833e-01  4.1369062635924664e-01  7.7798017529252483e-01  5.0035405971416902e-01  
q[49]:  2.5443510663114973e-03  2.7093963421921130e-01  2.8894442947513188e-01  7.2708752510569963e-01  5.9599106663875778e-01  
q[50]:  5.4582170235814168e-03  2.8530214786518276e-01  2.8960222852726181e-01  6.9738002240071773e-01  1.4493733351095700e-01  
q[51]:  6.3857821047273383e-03  1.7827198692232207e-01  3.6702013942704542e-01  9.7619426081571981e-01  8.3726281983929052e-01  
q[52]:  7.4583993966434734e-03  3.2411473440166866e-01  3.6924860488195971e-01  8.1323681860623900e-02  8.8552151793317857e-01  
q[53]:  6.5883291983448895e-03  3.1792706917939678e-01  4.9070282312283514e-01  2.0635844040568638e-01  1.2238186773271553e-01  
q[54]:  8.7874460853393892e-03  3.1828786512423013e-01  5.0045117263702044e-01  7.5418732077809425e-01  9.1901944699139926e-01  
q[55]:  3.7385896491948438e-03  3.2441945075431600e-01  6.3316899154942674e-01  9.5022025806593302e-01  2.6426500953883408e-02  
q[56]:  1.6449610299097164e-02  2.0032862118688136e-01  5.5983286168647484e-01  8.6382250383157722e-01  4.3735861382248004e-01  
q[57]:  6.1574037463741176e-03  1.9709847209660492e-01  6.4560266517204590e-01  1.8838376880845102e-02  1.7718472737689081e-01  
q[58]:  6.1063595667620917e-03  2.2410339088169817e-01  7.2381873100846983e-01  1.9584884888175672e-01  7.4098785502115749e-01  
q[59]:  1.0103999338253072e-02  2.8645936266826633e-01  7.6290980472987135e-01  7.7228571850502892e-01  2.0874021704319415e-01  
q[60]:  1.4166164256661954e-02  2.6584078156163682e-01  8.1136545926461923e-01  7.3911415811796233e-01  7.9406172699939781e-01  
q[61]:  4.2437397058969050e-03  2.4566843473183139e-01  9.7361946625108797e-01  5.2898620704020828e-02  4.4079748427738680e-01  
q[62]:  2.9021111910192223e-03  2.8677916240219598e-01  9.0509969632278153e-01  3.5118420454027653e-02  9.3401162765390155e-01  
q[63]:  8.3251735044474681e-03  2.3842704272103912e-01  7.0496566829329221e-01  3.8438887865701027e-01  2.1388224360193202e-02  
q[64]:  1.3250541598599669e-02  2.2424815014089761e-01  7.9592424054206390e-01  4.7612078500408206e-01  5.0464416763635944e-01  
q[65]:  1.1950052664908742e-04  3.3317217431119522e-01  6.9128331356884754e-01  5.3156068648676313e-01  6.9197127030562045e-01  
q[66]:  6.5114179340280834e-03  2.4435695452413680e-01  9.7760290691430030e-01  4.4473949017120185e-01  1.3791987532940531e-01  
q[67]:  4.8939806956900100e-03  1.5577235994167027e-01  9.1434459083427400e-01  9.6385771075860960e-01  2.3446440635509852e-01  
q[68]:  3.6452265535725083e-03  1.9414986094797415e-01  9.5741274824017519e-01  9.4250980856161126e-01  8.5553242015753650e-01  
q[69]:  9.2231259636807571e-03  4.9546319242608011e-01  2.6008327038376022e-01  1.3912482914276075e-02  3.9748265691522866e-01  
q[70]:  2.7788483903111501e-03  5.0048518751450388e-01  3.4030457397633891e-02  1.3746717940271749e-01  9.8131176225061789e-01  
q[71]:  1.1533340551691735e-02  4.8446978778088806e-01  4.2710201090842018e-02  1.7698084341983189e-01  5.1645006638828395e-01  
q[72]:  5.6972950722548842e-03  4.9822800116330390e-01  4.7126307997614067e-02  4.3778823715055259e-01  4.0887961140643143e-02  
q[73]:  7.1760627618507227e-03  5.1546593690354858e-01  2.2833299678811078e-02  7.0833153194365839e-01  2.5811683885511777e-01  
q[74]:  1.0926830380740327e-02  4.6865446663208798e-01  2.9663308808293143e-01  9.5978012841335136e-01  2.7694758277565401e-01  
q[75]:  4.7450762852190506e-03  4.5883665638196908e-01  1.0714015943946728e-01  9.1520762567125713e-01  9.6250954275831579e-01  
q[76]:  4.5737542482348140e-03  4.5616970372623977e-01  2.3275849752280292e-01  7.3240118176452984e-02  1.9475310073835544e-02  
q[77]:  1.3156465669579157e-02  4.9508296361453907e-01  1.8364775233271743e-01  3.5052040648976085e-01  8.1424648404827993e-01  
q[78]:  1.6519447388900595e-02  5.4884520132955517e-01  1.7433725642199210e-01  8.1349831899805580e-01  6.8748579628239170e-01  
q[79]:  9.6223961657244100e-03  5.1633637284117195e-01  3.7214282873223459e-01  6.7933049920541289e-01  5.6490123423431508e-02  
q[80]:  7.6716718055518498e-03  5.1858827039959099e-01  5.2091777747987267e-01  1.5824213134834816e-01  2.6780562492129240e-01  
q[81]:  1.1525427402750992e-02  4.8457046457248942e-01  5.1738133950980036e-01  4.9913189868441876e-01  7.7936019683720703e-01  
q[82]:  2.7988638275189770e-02  4.9974452158925337e-01  5.0029571688499230e-01  4.9989106030730474e-01  4.9955130787722130e-01  
q[83]:  1.1460490179274569e-02  5.1561586451389330e-01  4.8266950018936144e-01  5.0094128870757848e-01  2.2039067971416812e-01  
q[84]:  7.6690414999326601e-03  4.8191575344071336e-01  4.7932436742840290e-01  8.4175592749335515e-01  7.3255677779263151e-01  
q[85]:  9.6259603575069592e-03  4.8372197681760037e-01  6.2786870917145221e-01  3.2071790792203247e-01  9.4350413073597750e-01  
q[86]:  1.6522640989467242e-02  4.5112997818795419e-01  8.2562653660083385e-01  1.8649438272336236e-01  3.1255356602996398e-01  
q[87]:  1.3165708172262376e-02  5.0510907015032291e-01  8.1629180209527608e-01  6.4927975096738411e-01  1.8582184471155441e-01  
q[88]:  4.5722909314422164e-03  5.4385949714626181e-01  7.6726543671877001e-01  9.2676849283325036e-01  9.8054179247971740e-01  
q[89]:  4.7450791514491936e-03  5.4113783399643678e-01  8.9285977671027128e-01  8.4789945204843120e-02  3.7489188716277301e-02  
q[90]:  1.0925611711794866e-02  5.3136246315730806e-01  7.0335304829481260e-01  4.0216674396199137e-02  7.2304166927290436e-01  
q[91]:  7.1737239517719381e-03  4.8434834216630873e-01  9.7720398030742439e-01  2.9173398380873666e-01  7.4189776169860655e-01  
q[92]:  5.6988951699942407e-03  5.0177528885620470e-01  9.5286269842575766e-01  5.6219626327442684e-01  9.5909195112369294e-01  
q[93]:  1.1532488953217705e-02  5.1552205130933260e-01  9.5729054654719392e-01  8.2302609639741142e-01  4.8353552798678667e-01  
q[94]:  2.7799829399308049e-03  4.9953344646772607e-01  9.6595795157105524e-01  8.6251116362991032e-01  1.8704978843486968e-02  
q[95]:  9.2233148137996230e-03  5.0453008346036643e-01  7.3990950947488199e-01  9.8608807495639417e-01  6.0252256028059648e-01  
q[96]:  3.6440549639931256e-03  8.0585760486008884e-01  4.2576482239195142e-02  5.7475172796905498e-02  1.4446412191703023e-01  
q[97]:  4.8946812327028332e-03  8.4421244467108325e-01  8.5659756096056069e-02  3.6147146870636387e-02  7.6553837415693304e-01  
q[98]:  6.5097246037721023e-03  7.5564878755496079e-01  2.2384997429843213e-02  5.5525752243485482e-01  8.6208707502900461e-01  
q[99]:  1.4288817762759726e-04  6.2503223504066519e-01  3.0790053938134787e-01  4.6273205354657632e-01  2.9205105320625069e-01  
q[100]: 1.3264139810926190e-02  7.7574591520535985e-01  2.0360557093199450e-01  5.2395920007012819e-01  4.9446472045765544e-01  
q[101]: 8.3234615188817317e-03  7.6157010162594152e-01  2.9499320226680709e-01  6.1561754202836771e-01  9.7861187444097897e-01  
q[102]: 2.9014882164421058e-03  7.1321809136052861e-01  9.4875774572605001e-02  9.6487767046893691e-01  6.5972884794491038e-02  
q[103]: 4.2444828241447775e-03  7.5431752674048769e-01  2.6388490359288766e-02  9.4709260262248085e-01  5.5917589475394913e-01  
q[104]: 1.4158792724573061e-02  7.3422234998467784e-01  1.8858876435706401e-01  2.6082213383966951e-01  2.0590634752841575e-01  
q[105]: 1.6487854442150594e-02  7.9966974423375103e-01  4.4026583257467289e-01  1.3623706425106280e-01  5.6255692861311757e-01  
q[106]: 1.0099114440341153e-02  7.1363702354366187e-01  2.3721962672295402e-01  2.2767800356794149e-01  7.9119671478280984e-01  
q[107]: 6.0936136121345396e-03  7.7611113817631394e-01  2.7598879184536712e-01  8.0427009974328223e-01  2.5882416580485151e-01  
q[108]: 3.5862444162751280e-05  7.0233637320406328e-01  4.0409227241792661e-01  7.6528561615536117e-01  4.3325054882975500e-01  
q[109]: 6.1565611017695187e-03  8.0288783163207611e-01  3.5436455104493952e-01  9.8116307368335620e-01  8.2282000860366067e-01  
q[110]: 3.7388941582212304e-03  6.7560551638364197e-01  3.6685974693485152e-01  4.9788569183056804e-02  9.7357320693646343e-01  
q[111]: 8.7907853256373337e-03  6.8174374769149493e-01  4.9963505925491297e-01  2.4589088047963034e-01  8.0983140793977906e-02  
q[112]: 6.5721317944527876e-03  6.8228254402145749e-01  5.0919299722997236e-01  7.9358906991609057e-01  8.7779126351370795e-01  
q[113]: 7.4577424581686183e-03  6.7589754318654571e-01  6.3072174570763484e-01  9.1866960178799284e-01  1.1448256570170078e-01  
q[114]: 7.6216361827197380e-03  8.0248283642786800e-01  5.6358022238979388e-01  8.2314106213812777e-01  3.8827149362767543e-01  
q[115]: 6.3850369488378774e-03  8.2172828184774460e-01  6.3297760807984016e-01  2.3805528511584632e-02  1.6272122369437289e-01  
q[116]: 5.4707788930639552e-03  7.1465708335572464e-01  7.1059190172420594e-01  3.0235875572583409e-01  8.5455702708773629e-01  
q[117]: 1.2718606969333043e-03  7.3707810849444000e-01  6.2113833691645026e-01  2.4515066653620632e-01  4.9375634564222987e-01  
q[118]: 6.3471577401530916e-03  7.6181539171325008e-01  7.3150487154157351e-01  7.8346555673102936e-01  2.4859263439487392e-01  
q[119]: 1.6062994059658421e-02  7.5962304825423377e-01  7.9328167521524851e-01  6.8498832917111929e-01  7.8938666121691115e-01  
q[120]: 3.7408555409863434e-03  8.0343009293719414e-01  9.6749245318285515e-01  3.7140741002177687e-02  3.9704182480419892e-01  
q[121]: 3.6466847360931993e-03  7.8274201166065027e-01  9.2656765245221306e-01  9.2243231682930499e-02  9.4416682793408790e-01  
q[122]: 6.5729061685958533e-03  6.6975555463035363e-01  8.6200382026941924e-01  1.7167407614063018e-01  6.6724490786646773e-01  
q[123]: 6.9130905453042438e-03  7.8130288018714378e-01  7.5302922266521222e-01  4.9669273212507564e-01  2.3594764406642446e-02  
q[124]: 1.2949644396396509e-02  7.4063632249542988e-01  8.5218793382237334e-01  5.1591256689709186e-01  5.0396702370016111e-01  
q[125]: 7.1211198748861084e-03  7.4189018416549124e-01  9.7315773560043084e-01  3.9347563070741137e-01  1.7084705724591714e-01  
q[126]: 4.2075932132389663e-03  8.2841221471024673e-01  9.0650724638162750e-01  9.7752293893920550e-01  2.2668351681876273e-01  
q[127]: 4.0746024647413661e-03  8.1968177278547327e-01  9.6944694633911810e-01  9.1229477311274021e-01  8.4226681179434670e-01  
q[128]: 4.8125699502824266e-03  9.8651544847416006e-01  2.4176395572305540e-01  8.5810397419032500e-02  3.6455888291197547e-01  
q[129]: 3.1762139082151188e-03  9.6486920098089546e-01  1.2335589301844423e-01  2.5269555372963298e-01  9.5430546310285014e-01  
q[130]: 4.8713507700583556e-03  9.3691998667787879e-01  2.2997901164946013e-02  3.1777220040483461e-01  5.0271607321069078e-01  
q[131]: 1.1107088992307540e-04  7.1913225916632362e-01  2.6042537494481949e-01  5.3211880884479645e-01  6.4766803745247759e-01  
q[132]: 2.6877763306145390e-03  9.4710372394535858e-01  7.8866041965673969e-02  3.8797632504339125e-01  4.4614426119755940e-02  
q[133]: 7.2730720552520401e-03  7.4147090931730242e-01  9.7734203546067377e-02  5.7242842157652307e-01  3.4784929445195240e-01  
q[134]: 3.5293900860817874e-03  9.4473223538839979e-01  4.4596487994370292e-02  8.0248145106931412e-01  1.7635206563372355e-01  
q[135]: 3.6470680019047861e-03  9.5865830360869386e-01  2.4769779648143753e-01  9.6976979670095931e-01  3.6357388726741663e-01  
q[136]: 2.5451333905382504e-03  9.2776584409776186e-01  7.4080593484651278e-02  8.9552714096206154e-01  9.2086653553291919e-01  
q[137]: 2.0060178124881229e-03  9.4619491536541067e-01  3.4177986754434236e-01  9.9755339532836898e-02  1.1966476760912734e-02  
q[138]: 8.4105075960488433e-03  9.3196084904616061e-01  3.6793051342147459e-01  3.6442115102271733e-01  7.5687971423365652e-01  
q[139]: 7.3340851265598006e-03  9.6196423645666329e-01  1.5692733893798350e-01  7.2613343218224746e-01  6.6311246906958554e-01  
q[140]: 5.7539019189448200e-03  8.1422750825612777e-01  2.4338618963611289e-01  7.4242184054659632e-01  3.3877928318856290e-02  
q[141]: 2.9273122573059097e-03  9.5721837452050973e-01  5.2830535867772077e-01  5.3232854605154513e-02  9.0291361786538926e-01  
q[142]: 1.2654919588089625e-05  8.4535304976693715e-01  4.6779018809055223e-01  1.6052019680935589e-01  3.3139201329602069e-01  
q[143]: 8.0026499539889457e-03  9.5198861513480482e-01  5.8448105876372280e-01  5.3021846711616027e-01  6.9189025941842908e-01  
q[144]: 2.8256377196642117e-03  9.0691098012306370e-01  5.6160754279687941e-01  3.2522164699143741e-01  6.4762685623048932e-02  
q[145]: 1.3771419890026566e-03  7.1885032317542830e-01  4.8947049500601980e-01  4.8958406706405105e-01  5.0266607091739024e-01  
q[146]: 3.5065551492558648e-03  9.6758468479933268e-01  4.4060356866152472e-01  7.5135786750395261e-01  8.9840119922135586e-01  
q[147]: 1.0409472432363657e-02  9.4381371666566893e-01  3.8399814219011519e-01  5.0909659978393118e-01  2.1051901001540593e-01  
q[148]: 1.1833324707670583e-02  8.2129500742723194e-01  4.9564291633430069e-01  8.4233986369065361e-01  4.9873605326678716e-01  
q[149]: 2.2678294170651752e-03  9.6942371025724283e-01  5.1188871002237346e-01  9.4113927397057939e-01  4.5564796021966371e-02  
q[150]: 6.6472695924604148e-03  8.5723424462716435e-01  6.7612730754985395e-01  3.0720509161166309e-01  9.4458276670547181e-01  
q[151]: 9.9661368539122747e-03  9.4044711320421759e-01  7.4423268224118688e-01  2.6281568904109920e-01  3.7143169285598338e-01  
q[152]: 4.8213242135903963e-03  9.7379673437817482e-01  6.8283070130320300e-01  6.5512055351763809e-01  2.0777381908514897e-01  
q[153]: 1.9695834644628883e-03  9.4307969135400227e-01  6.7216646781908729e-01  9.2367987173641630e-01  9.6935541472101494e-01  
q[154]: 2.8844564693814951e-03  9.6690487450853646e-01  9.0761664913350937e-01  1.5726598022712646e-01  8.5743333629308721e-02  
q[155]: 5.5299105198786868e-03  7.5077863481627449e-01  7.3703290415270717e-01  2.7299114193681490e-01  3.7049816679906772e-01  
q[156]: 2.4441403035739798e-03  9.5406547806660558e-01  7.6767304328382990e-01  2.3258513604970322e-02  6.4641629381461696e-01  
q[157]: 2.1465451426444433e-03  9.8366935780489040e-01  9.0992535479673486e-01  1.6797833731798642e-01  7.7883582287716879e-01  
q[158]: 5.0805241245061093e-04  6.9623629509985185e-01  7.1132879103736002e-01  3.6416795123842566e-01  5.6485018025725731e-01  
q[159]: 3.9165366026941064e-03  9.1023520991360818e-01  9.7035544620441527e-01  3.7976309793439206e-01  6.9843753426296729e-01  
q[160]: 2.5200351225724369e-03  9.6328754362518776e-01  9.0220075040969328e-01  5.8785644781995217e-01  9.6725429427112186e-01  
q[161]: 2.8338880596491073e-04  7.4256130746107263e-01  7.3707706767509551e-01  4.6913592497536111e-01  3.3726105198011080e-01  
q[162]: 4.1985012987305718e-03  9.5265702087804416e-01  9.6337364566523798e-01  6.8927617345014380e-01  4.0361083606403936e-01  
q[163]: 2.8747594296385107e-03  9.3051550086024348e-01  9.1275935267757868e-01  7.7448180505738373e-01  5.3223767986496903e-02  
q[164]: 4.9607641229715308e-03  9.7147536274454549e-01  7.8209683210500036e-01  9.2359037720544024e-01  6.1538748151828981e-01  

