deg: 14
dim: 4
nodes: 616
efficiency: 0.993506

q[0]:   3.1417568261453638e-04  1.1308276896977552e-02  1.8735712568377091e-01  2.0301992135000058e-02  2.0998556511210667e-01  
q[1]:   2.0399099935699966e-04  2.6853626626814210e-02  1.5017020478802169e-02  2.9580373464145739e-02  4.5542061744671053e-01  
q[2]:   7.0371655464488087e-04  1.6010477275778829e-02  6.5810123880814572e-02  1.1730463194619881e-01  7.3181895079606274e-01  
q[3]:   1.6808910660311756e-04  3.4826642891344906e-02  1.1715120539139950e-02  7.3003916278694167e-02  1.6002007229650786e-01  
q[4]:   3.0236790995634565e-03  1.0003592412937704e-01  2.8695105935869136e-01  1.5211460537868129e-01  5.8100849930149301e-01  
q[5]:   1.4579075323266082e-03  1.9925819548560875e-02  1.1715316697504216e-01  2.8399822717138340e-01  4.3254598231566804e-01  
q[6]:   1.3126314639005062e-03  6.7548763722379487e-02  3.2504996406503082e-02  4.7724531094452366e-01  6.3516577188826540e-01  
q[7]:   4.4130014672664190e-04  1.6346969590396429e-02  4.4808850874353275e-02  2.3861594311518358e-01  1.3473612642588093e-01  
q[8]:   4.5486198673474646e-04  1.0455675664817764e-02  1.3087071767452364e-02  6.6476290618970435e-01  2.9418969705985820e-01  
q[9]:   5.5989025528171976e-04  1.2144663552100147e-02  4.9873853331500365e-02  4.5909501527541430e-01  9.1632795585855498e-01  
q[10]:  4.6538930218682870e-04  2.2366507149518239e-02  1.6172300904695590e-02  8.5080802119745014e-01  6.1753616637960906e-01  
q[11]:  1.1621424787309244e-03  2.9268249475551952e-02  1.0913783375459808e-01  7.2198220861537743e-01  7.8305424233152887e-01  
q[12]:  1.8086178898339266e-04  5.1213458120403857e-02  1.3259645389450075e-02  9.7846196397773189e-01  1.0615914468833017e-01  
q[13]:  1.2648181983059240e-03  7.2978953979217276e-02  8.2139025827041676e-02  8.3231827800286495e-01  2.5519675457565405e-01  
q[14]:  4.1371904089802683e-04  2.7503772421364491e-02  1.4759416354274849e-01  9.8385536451010502e-01  7.3940243391253568e-01  
q[15]:  8.4954856001160403e-05  6.2006999065316983e-03  8.8839203485508392e-03  9.5966580651864730e-01  9.4334581580011256e-01  
q[16]:  4.6763920731668270e-04  3.3210131109363640e-02  1.5292091416563955e-01  1.7753493237583617e-01  9.8582815484909503e-01  
q[17]:  5.4967446958855315e-04  2.3838820311711667e-02  2.1162447310357532e-01  1.7379832880312668e-01  2.9178986558082518e-02  
q[18]:  2.3229880117413885e-03  6.6444484949002791e-02  2.1198921478345756e-01  2.6505699169212676e-01  7.6905397222320349e-01  
q[19]:  8.9445133418251791e-04  2.5317567190073161e-02  1.0229642242251979e-01  5.7471299055226566e-01  1.0474715308541967e-01  
q[20]:  3.9158719818249334e-03  1.6886703497462291e-01  3.6471811816662730e-01  5.6343416556764037e-01  5.5550122761601595e-01  
q[21]:  3.9335782393317304e-04  4.0354109845933524e-02  1.3145441391532947e-01  7.5112709806438049e-01  9.9343698870131636e-01  
q[22]:  2.7049468237148362e-04  6.9604513220177149e-03  1.1733435079951758e-01  8.7075853504252232e-01  2.5651004598540021e-02  
q[23]:  3.6816166618260988e-04  1.3370160814138747e-02  1.2141000637012034e-01  9.6787771124310062e-01  2.9330625821676104e-01  
q[24]:  1.5659962054713826e-03  2.0836855283358741e-02  2.3983174520138686e-01  8.3753541348688720e-01  4.6830348414659900e-01  
q[25]:  8.1731393653357634e-04  4.0030942098943229e-02  3.7647121275212098e-01  9.6019104544573286e-01  6.8560046906003658e-01  
q[26]:  8.7255073305244658e-04  2.8087121916000293e-02  3.1557014680434120e-01  4.9821829592519330e-02  4.4855833329482053e-01  
q[27]:  5.5751936599694610e-04  1.5177931560180611e-02  2.8843864671834235e-01  3.8678559010530210e-02  8.8004935576729038e-01  
q[28]:  2.3129626446322829e-03  1.1686818517920868e-01  1.8538112753526179e-01  3.2886397900045156e-01  1.0690631441008126e-01  
q[29]:  7.7944227726336579e-04  1.9525460396527590e-02  3.6920719286207676e-01  1.4432786031946021e-01  2.0642181929625544e-01  
q[30]:  7.3708104939263028e-04  7.0642026304810106e-03  3.6466378691541579e-01  3.3312497678560682e-01  9.0405897964749860e-01  
q[31]:  1.2862913703479166e-03  9.0669885746978880e-03  2.0675009582343953e-01  5.2489058761805862e-01  5.9557796162693599e-01  
q[32]:  1.3442929726916678e-03  1.0362936034600817e-01  2.4617116842541537e-01  6.2189430780446442e-01  1.9432867325700084e-02  
q[33]:  1.9372079554352774e-03  7.5499188582259805e-02  3.1313007226840500e-01  6.3503518899545541e-01  8.6785571675249962e-01  
q[34]:  1.1694992062157047e-03  2.2280477539680391e-02  3.5914248159481427e-01  7.6726148849224385e-01  1.0209803799489474e-01  
q[35]:  2.2740001873551171e-03  8.7169397144522584e-02  2.5245509180957004e-01  6.2789276122571958e-01  2.9110332232393277e-01  
q[36]:  8.6270094954336829e-04  1.4712713566243381e-02  3.0878200253512983e-01  8.5248863450849710e-01  9.0518028977776932e-01  
q[37]:  9.8617470061701756e-04  9.8893437923783961e-04  5.0037041599698973e-01  1.5296864310529332e-01  5.8607910746401648e-01  
q[38]:  2.1065235264949896e-04  2.6687620109565290e-02  4.6998936990730866e-01  1.6494091710834543e-02  2.9387403758618657e-02  
q[39]:  8.7087533791812676e-04  1.6676529759902765e-02  4.7582844679988351e-01  4.2146687902495028e-01  3.4745696724017248e-02  
q[40]:  2.1890071506303417e-03  4.6705563061525041e-02  4.2422776870942563e-01  3.8543056969052447e-01  6.9339706466165785e-01  
q[41]:  2.4922885288688082e-03  3.4004113047292880e-02  5.0506603529346361e-01  6.2424510248631770e-01  4.1508532452115199e-01  
q[42]:  5.5464044215657721e-04  2.3897542299004138e-02  5.2301773430087406e-01  5.4731856592215522e-01  9.9673647860808368e-01  
q[43]:  9.7648624913068552e-04  2.1212789793669109e-02  4.4602336949239219e-01  9.4730800013776184e-01  2.6389572326650601e-01  
q[44]:  2.4247286532262224e-03  1.6035638791593845e-01  4.4606734032211465e-01  8.7464995545280844e-01  4.3902264867246682e-01  
q[45]:  2.1030257477257768e-03  1.0629097204580353e-01  5.2239561977738547e-01  8.9322166223511046e-01  7.6270520279268994e-01  
q[46]:  6.3825508267841046e-04  3.4615347783303080e-02  6.6115306042166377e-01  7.3747288103552786e-02  8.0897975708181663e-02  
q[47]:  1.3614246534295756e-03  2.1631623046139591e-02  6.2885408239794560e-01  2.0439830645027618e-01  2.8808573812493671e-01  
q[48]:  3.8005910418949960e-03  8.2889073857937257e-02  4.4377348914469378e-01  3.3682550898149688e-01  3.6280320127391757e-01  
q[49]:  7.3862377210385383e-04  8.0528789214393090e-02  7.1396872681194790e-01  2.0865307345771905e-01  9.5370303755062634e-03  
q[50]:  7.8142516080046732e-04  2.2579524790339481e-02  6.3020295454640241e-01  1.5532490699354323e-01  8.9122278393105414e-01  
q[51]:  3.3231130113500879e-03  1.0829921555827865e-01  6.0184776090746239e-01  5.2698071755698050e-01  1.0820872400635047e-01  
q[52]:  5.5931560741768430e-04  5.4313931360837758e-02  5.7447646640866479e-01  8.4116367075121057e-01  4.6750340360023450e-03  
q[53]:  6.6810751953774955e-04  3.7537857940318477e-02  6.1499561128809088e-01  9.8308700993401588e-01  5.1357549874655317e-01  
q[54]:  2.5465774306008644e-03  7.0946830858949553e-02  4.1233379779201368e-01  7.4009068755026919e-01  6.5275318509594871e-01  
q[55]:  5.5526761402162773e-04  2.9283670164671975e-02  5.5510634276893900e-01  9.5669761047225677e-01  9.4320956730664351e-01  
q[56]:  4.5918976848804646e-04  3.1230652792213629e-02  6.7336081025319117e-01  5.0954838304906715e-03  5.7689963225450491e-01  
q[57]:  9.3359629229293158e-04  2.7187410729082654e-02  8.2453997243480259e-01  9.5841211900987849e-02  7.2025052861511674e-01  
q[58]:  2.9525115784974480e-03  6.7448327790528825e-02  6.9337736022319341e-01  3.8681480456503703e-01  5.4259255941620721e-01  
q[59]:  1.0959977203565130e-03  4.9664169616480628e-03  7.9636276834368946e-01  4.7549310967640301e-01  5.0518413060676026e-01  
q[60]:  3.1871889643588181e-03  8.8890433127211177e-02  8.1539107301928626e-01  6.7416858879356822e-01  6.7695549006267963e-01  
q[61]:  1.1858987718735209e-03  5.6107002151246097e-03  5.6158752569560366e-01  6.1996066115728377e-01  7.8096075595391534e-01  
q[62]:  1.3754220748333418e-03  1.5432662200002736e-02  6.4742219502567655e-01  7.0649759018675073e-01  1.9214889012147529e-01  
q[63]:  2.4585542404656907e-03  9.6351407252870711e-02  6.4132970927789723e-01  7.4156102221277076e-01  9.0666036554979024e-01  
q[64]:  3.3789384482124391e-04  1.5156544197493928e-02  8.0972294706072534e-01  7.8809070693256922e-01  9.7801266952934629e-01  
q[65]:  3.2505054730591962e-04  6.6528356058848329e-03  7.5285558583361845e-01  9.5981979885197533e-01  6.9716700161894032e-02  
q[66]:  2.9126903109107479e-04  4.0635691114453178e-02  7.3604098341983504e-01  1.2735586859586562e-02  9.6105781560373016e-01  
q[67]:  1.0512828362982958e-03  1.5855495829338564e-02  7.5523358383383354e-01  3.2235462443440599e-01  1.4026215354865235e-01  
q[68]:  3.2132458611181642e-04  1.3157232860169957e-03  8.6193749817503940e-01  2.7120830565480691e-01  9.6356297308532968e-01  
q[69]:  2.5395032723303946e-04  5.0349225413231511e-03  9.0594251467040843e-01  5.2703463868172007e-01  1.8422264324803230e-02  
q[70]:  1.4333785055006135e-03  4.5747315616883256e-02  8.0067379944899386e-01  4.9027481848139504e-01  8.9993047329847220e-01  
q[71]:  1.5398639490200555e-03  2.0433816367229110e-01  9.2179869128633474e-01  8.4570517406679158e-01  8.7782756090062175e-01  
q[72]:  1.6705618712482774e-03  5.3400444361032064e-02  8.4310806809766314e-01  8.8784284074215614e-01  2.4413309462426055e-01  
q[73]:  9.0852493407058571e-04  3.7148826346647744e-03  7.2003994481307154e-01  8.7423628564787859e-01  6.4859276393280041e-01  
q[74]:  4.9564967270891431e-04  2.6291498092598564e-02  9.8792896307614420e-01  1.9167827689333553e-01  2.7102636449405576e-01  
q[75]:  5.4818866195029462e-04  1.7098842847434920e-02  8.2547814218350057e-01  3.1742115290016346e-02  2.9711524527222438e-01  
q[76]:  1.8646152604883904e-03  5.1832069947819477e-02  8.9328848635334712e-01  1.9521340892629974e-01  4.8140529328729387e-01  
q[77]:  1.2314534143845156e-04  1.7525226454240626e-03  9.8277223579105777e-01  3.0115733584949702e-02  6.9826381634245838e-01  
q[78]:  2.9031456319112829e-04  1.8954567240906137e-02  9.2919365744354887e-01  9.2379025133403528e-02  4.0938998436708833e-02  
q[79]:  2.6311428143047954e-03  2.0849685591838196e-01  9.4622036233721474e-01  3.6926333066407929e-01  3.3279385391790972e-01  
q[80]:  9.2610319379960197e-04  2.6585609626935940e-02  9.3816221921550447e-01  4.7983151588974626e-01  2.1946864537019381e-01  
q[81]:  9.5805915070906018e-04  2.5889109501492067e-02  9.5579745274901806e-01  3.3912409720439157e-01  7.2571789595065028e-01  
q[82]:  9.6274435611370978e-04  8.9930227312940703e-02  9.9755604392290165e-01  5.4408977075547205e-01  5.0277606185980139e-01  
q[83]:  3.8898353430833165e-04  6.4323859590053711e-02  9.8035006584227757e-01  5.3588157333276043e-01  9.7029989903773040e-01  
q[84]:  6.7209830309173540e-04  2.0678070157720625e-02  9.4801894510988716e-01  6.5043682983209739e-01  8.0805182060549730e-01  
q[85]:  1.9615797585231931e-04  8.2008302316743612e-03  9.8808612524833361e-01  8.6184249139880575e-01  8.3501673069115531e-02  
q[86]:  3.5056488713060106e-04  2.6144819705355270e-02  9.5086408904546005e-01  9.8101692744858138e-01  4.3414254671477354e-01  
q[87]:  9.6349390932398010e-04  1.5274689879402623e-02  9.2884148018366508e-01  7.4628064343820077e-01  4.3063107477167045e-01  
q[88]:  5.1059645747199549e-04  4.8730127297553466e-02  8.5713883091778653e-01  9.8942084411495135e-01  8.0924241741643888e-01  
q[89]:  1.8050121739374386e-04  1.4284586951013728e-02  9.7114055662757892e-01  9.1583825700128507e-01  9.3296421157918941e-01  
q[90]:  3.1187486769237771e-04  7.2661029691529141e-02  6.8302271397838593e-02  3.7450805985901850e-02  3.5107087505459988e-02  
q[91]:  1.7664542064895064e-04  5.9922801001781822e-02  3.1827810477815535e-02  2.0270349480205081e-02  9.5809817002944775e-01  
q[92]:  5.6597402899960351e-04  1.8585930470889911e-01  1.1386766583998129e-02  1.4496856960501264e-01  1.4126311117951493e-01  
q[93]:  6.6860105461742734e-04  8.6876156728968854e-02  1.6314377804063616e-02  2.2123598416553611e-01  8.7024013652355137e-01  
q[94]:  6.3993906513154974e-04  8.4247224958332478e-02  3.2494801796893583e-03  2.7997994656183534e-01  4.5868541604690366e-01  
q[95]:  2.5253528299196792e-03  1.4768865491767977e-01  1.2795603758153826e-01  4.8206815502606815e-01  7.6146883013397426e-01  
q[96]:  5.0512709590950936e-04  1.1637028267889392e-01  1.2061619942927208e-02  7.0987859699714295e-01  9.4741020017082711e-01  
q[97]:  2.1422368769757117e-03  1.0614854248878160e-01  1.0188245091627260e-01  6.3487349874321919e-01  4.2785607110725399e-01  
q[98]:  1.7489050733656940e-03  1.4130851095720115e-01  2.3119811729931972e-01  9.1249815440605986e-01  6.3439399932202667e-01  
q[99]:  1.1139100382121167e-03  2.3777529708753911e-01  1.2693736578696673e-02  8.8883660206337756e-01  2.9719796790611919e-01  
q[100]: 8.7423577643580303e-04  1.0474061817621068e-01  4.8638807431758559e-02  9.6287600626017755e-01  4.9878508533727106e-01  
q[101]: 7.0751719149032388e-04  8.9216413915784540e-02  1.3754980012425999e-01  6.6459229281815588e-03  6.4735536080445477e-01  
q[102]: 2.1039096456055987e-03  1.0084675013735814e-01  1.2549068851692585e-01  1.0813873776474543e-01  3.0540534040810319e-01  
q[103]: 1.5454682192142786e-03  1.6452467307648622e-01  1.3484885921850134e-01  8.1185188422788768e-02  8.9249215536004267e-01  
q[104]: 2.9028881018902599e-04  5.9627718360677415e-02  2.6077750205761734e-02  4.1477426225735170e-01  5.7690463381486375e-03  
q[105]: 2.0917661665052255e-03  1.3783398237137412e-01  4.8195012757266231e-02  4.1780119683120631e-01  2.4054347395717399e-01  
q[106]: 1.5721166525660137e-03  9.7444882276527173e-02  2.2665431592376362e-01  4.9745645151997636e-01  9.4896505747943116e-01  
q[107]: 1.3979426416201677e-03  1.1089593244136885e-01  8.2010924563960461e-02  8.9801044690917731e-01  8.6100705148408718e-01  
q[108]: 6.5182437592174649e-04  1.1727273906017817e-01  2.1391060859388876e-02  7.6887554178969686e-01  5.9687297572559229e-02  
q[109]: 1.8015370669124246e-03  1.4591720536057701e-01  1.3721305046416979e-01  7.3892186755646505e-01  5.1865438253931695e-01  
q[110]: 8.8662308259101672e-04  1.8088919902140413e-01  1.9568916863039454e-01  2.5635142953473761e-02  1.0939162273852862e-01  
q[111]: 1.5861540174713659e-03  1.3438766371973934e-01  3.6496828342148191e-01  2.7277589176620920e-01  9.4131625412829945e-01  
q[112]: 1.7240188110923052e-03  2.3228034895408683e-02  2.8463902002324054e-01  4.4149642468609118e-01  2.3546247060167358e-01  
q[113]: 1.4961828430997306e-03  1.0091833179643361e-01  2.0729276210201267e-01  9.0796478812939752e-01  1.3712175105087465e-01  
q[114]: 1.5086344026960092e-03  1.6523329027351946e-01  2.9085937592359506e-01  9.8264164362197826e-01  3.9557280774757153e-01  
q[115]: 3.3603705694716169e-04  8.7640908433663137e-02  1.9363068440978679e-01  9.7683496756281774e-01  9.7877271901042806e-01  
q[116]: 1.7377533375278365e-03  9.8601468279839621e-02  3.7977916854526161e-01  1.5357049974454545e-01  1.0797139086414788e-01  
q[117]: 1.5672438197225987e-03  9.0051047634715650e-02  4.9221622636857759e-01  4.0155011435785010e-02  7.7108340810619358e-01  
q[118]: 8.4464663429513324e-04  9.9338938643054556e-02  4.7558280790011470e-01  1.6690647025375111e-02  1.9378384241133723e-01  
q[119]: 1.1558909578932353e-03  1.9980867357795118e-01  3.3491930522054586e-01  8.4631317412900905e-02  8.0304062039709034e-01  
q[120]: 1.1701641790073025e-03  1.6445956462775571e-01  4.4172709814119576e-01  3.2685144895319407e-01  2.8469003134675215e-02  
q[121]: 3.1279000398105970e-03  1.5447650999526349e-01  4.0773020717131808e-01  7.9075997958544475e-01  2.0211689182849976e-01  
q[122]: 3.1839875669090393e-03  2.7557373717916606e-01  4.3019443000459201e-01  6.4051989777731144e-01  9.1364389433120863e-01  
q[123]: 1.3459476860278757e-03  1.6565884515357310e-01  4.1489832914013175e-01  8.2683212931004169e-01  9.8382335781268460e-01  
q[124]: 3.5480639076843789e-04  6.4351297290193468e-02  3.3258701785643607e-01  9.9468206041183727e-01  3.8917712350535170e-02  
q[125]: 7.6950190580770425e-04  1.8203664879592701e-01  3.8005149326222920e-01  9.9647643947712194e-01  8.6853935876457689e-01  
q[126]: 8.3517199194028979e-04  7.8498515589036366e-02  4.9594563109111550e-01  1.1196181622942757e-01  9.7849340875192570e-01  
q[127]: 2.4906198193533767e-03  1.1695901186214785e-01  6.0599225532360479e-01  6.9174297227684187e-02  4.0353518219934664e-01  
q[128]: 2.1007843254706891e-03  2.4566386093698997e-01  6.0542602135517476e-01  1.0723104755475772e-01  8.4200984850492072e-02  
q[129]: 4.2187363746608586e-03  1.8750391077824047e-01  6.4186826909025374e-01  5.3432755444230984e-01  6.7060849051715732e-01  
q[130]: 5.1124041868454905e-03  2.7992526936095075e-01  5.9632563997845922e-01  7.7619801639160146e-01  5.7365602126637572e-01  
q[131]: 1.5383147789456405e-03  1.2972641091535300e-01  5.7186599591391019e-01  9.2881012142864761e-01  9.2771722902608586e-02  
q[132]: 1.5677124734617034e-03  1.2625304325033579e-01  8.3540193801415330e-01  7.2956174845664953e-02  1.9793603320795336e-01  
q[133]: 4.6050192671562079e-04  1.8742313417806492e-01  7.9059164331175924e-01  1.2890419784333225e-02  2.6482294689712863e-02  
q[134]: 2.0156305434821022e-03  2.6454898470723792e-01  6.6557347519133669e-01  2.8339134807789462e-01  9.2488685160569628e-01  
q[135]: 2.2505313062633732e-03  6.3785512081145926e-02  6.7110350774415295e-01  2.9293393519240657e-01  8.0781212275370640e-01  
q[136]: 1.3957641245073761e-03  2.3243128305164468e-01  7.6548959158086227e-01  4.4350198829596993e-01  1.0949354460359009e-02  
q[137]: 5.0351405781389764e-03  4.0643463323331269e-01  7.6898339370722313e-01  4.1005335459560510e-01  5.0880716163058848e-01  
q[138]: 1.3400203642932713e-03  1.3461561027736713e-01  6.1283099177050315e-01  4.0694888058154272e-01  9.6387438840709538e-01  
q[139]: 1.4013014847262199e-03  6.9020054350786855e-02  8.2160181760460615e-01  6.9319458609877949e-01  4.7020587535368814e-02  
q[140]: 8.9831761716970958e-04  1.3320146795244397e-01  7.0943390571440612e-01  9.8717542334376351e-01  2.5753333671554174e-01  
q[141]: 1.7659548798769184e-03  1.9364454291908953e-01  6.9263621362720018e-01  9.4513493493750744e-01  8.3090016081244900e-01  
q[142]: 1.7073036399449390e-04  8.1165143621120761e-02  9.7615868040470699e-01  2.1196226617972960e-03  1.1841148077273565e-01  
q[143]: 3.0836013013876662e-03  1.6212528415725469e-01  7.1511762996765238e-01  1.4259402481712216e-01  6.6330920250768044e-01  
q[144]: 1.0088870249357576e-03  1.0426439164358448e-01  8.7036266051290179e-01  1.1762676409350421e-01  8.6040891289176957e-01  
q[145]: 1.6909800896378678e-03  1.0777100104018246e-01  8.9452434677417125e-01  2.6179313073112409e-01  9.7468976859475892e-02  
q[146]: 2.6213786957493238e-03  7.7787944021889613e-02  6.4886564221371068e-01  8.2367486976510407e-01  4.2332170563317995e-01  
q[147]: 2.4468628506699075e-03  1.5567065381908513e-01  8.3474602890902561e-01  9.2987379308550955e-01  5.4042213318916332e-01  
q[148]: 4.4552191787870999e-04  1.1922014995218674e-01  7.9946159747109502e-01  9.5331412627591328e-01  9.8843289498528308e-01  
q[149]: 9.4072707685031347e-04  3.1655049505314786e-01  9.0704420693279497e-01  1.5866480704979657e-02  3.0637636556117609e-01  
q[150]: 9.1481193629163609e-04  1.1325314100790354e-01  9.6400711385986715e-01  4.6772950902489972e-02  4.8136500254078279e-01  
q[151]: 2.1578144269214671e-04  3.4384315639586070e-02  9.6626437914516528e-01  6.8305052280318607e-02  9.5087602380790437e-01  
q[152]: 1.2668779333027172e-03  3.6235668806471705e-01  9.7177682378825270e-01  5.4446723741116232e-01  3.6926004099124438e-01  
q[153]: 3.9104164657019106e-04  9.9340516863635347e-02  9.9449546676926615e-01  3.8836127121931480e-01  3.3803488322857962e-02  
q[154]: 3.2595310022739371e-03  1.0176622981922828e-01  8.1201917649052824e-01  5.1731126844150754e-01  3.0146437053221414e-01  
q[155]: 2.6033619684802467e-03  1.7746332826864175e-01  9.2021004426214859e-01  3.5564438485127842e-01  6.4362477052309330e-01  
q[156]: 7.1339364122470614e-04  1.1658010847965868e-01  9.8235402496939561e-01  2.2814719686541221e-01  8.9433567433104544e-01  
q[157]: 1.3451021173307614e-03  1.1221852670127182e-01  9.6719734051532302e-01  7.1776646863760629e-01  1.6850586486265928e-01  
q[158]: 1.8873150614713485e-03  1.7202357113328190e-01  9.1426004673672856e-01  6.9926960706769103e-01  5.4468211678432010e-01  
q[159]: 3.9239030735437058e-04  1.2425236314783210e-01  9.2294322290274189e-01  9.1650522833242487e-01  9.7398378127940208e-03  
q[160]: 5.9180000588466457e-04  3.7825363977675178e-02  8.1662715097621219e-01  8.5552212301686548e-01  8.4455630690659955e-01  
q[161]: 6.6145529287291941e-04  1.2560264317466377e-01  9.2913468655196108e-01  7.4912839108751439e-01  9.6582504338430297e-01  
q[162]: 3.2054225069127237e-04  1.0385787071555909e-01  9.3805619476623248e-01  9.9101159775706749e-01  1.0520963914711881e-01  
q[163]: 9.8237944564617688e-04  7.8357838521404696e-02  9.7425717415239999e-01  8.7892493030777541e-01  6.9168460260348763e-01  
q[164]: 6.8689438896207605e-04  2.6735181704742844e-01  3.9922159868337248e-02  1.0630200951737159e-02  2.8550445010317993e-01  
q[165]: 1.1692522876210851e-03  1.8095669231687264e-01  5.3443375180762503e-02  9.6752777632968162e-02  5.1068993853232236e-01  
q[166]: 5.4162469350909237e-04  2.1965863251476372e-01  9.0090256857187773e-03  5.2865209269596751e-02  7.4310227015842856e-01  
q[167]: 3.4598597016370649e-03  2.6093249945083424e-01  7.0148035092868780e-02  2.5064624021548815e-01  6.3264683158997581e-01  
q[168]: 4.2395542089930984e-03  2.5579241047259249e-01  2.4000446310864565e-01  2.2014367542723626e-01  2.9743080139806022e-01  
q[169]: 7.2312877047002997e-04  2.7613708687581634e-01  5.3679495171212082e-03  5.2763055461467601e-01  1.0033937978828748e-01  
q[170]: 2.2147509193940051e-03  3.0132351795089862e-01  2.6129106381148997e-02  6.1929555659670654e-01  4.5068821138856385e-01  
q[171]: 5.9914143002818719e-04  1.8267477340980920e-01  4.4808035125269437e-02  3.2869750888469751e-01  9.8900028485418678e-01  
q[172]: 8.6126209934459625e-04  1.6951058658300794e-01  1.2674212220951069e-02  6.9492211578374774e-01  7.4592868861589945e-01  
q[173]: 1.0169969522267151e-03  2.6446895966507428e-01  1.2658611406699966e-01  9.8533187268450884e-01  1.7895572463756401e-01  
q[174]: 4.0392894046315479e-04  2.5928889132611088e-01  1.6447841721490972e-02  9.9421680919757005e-01  7.9496874688280583e-01  
q[175]: 3.8986433981458968e-04  2.7290684620340289e-01  3.9930168572016159e-02  9.2102802727148536e-01  9.8560736295507057e-01  
q[176]: 1.5539064855227985e-03  3.3753899780913954e-01  2.3903951307570964e-01  1.5686854714007667e-01  9.5750128909683152e-01  
q[177]: 9.0494058195790626e-04  2.3167051505510800e-01  6.3961292040323942e-02  1.9302807858928242e-01  3.1306749384692488e-02  
q[178]: 1.8383843308794193e-03  2.4193182595675763e-01  1.2026014166352218e-01  3.2712592827851322e-01  8.7272715420713798e-01  
q[179]: 1.8314183055928844e-03  3.8506526291918813e-01  1.4469451294740104e-01  6.3679684975881623e-01  8.1427493621801161e-01  
q[180]: 1.7950373722355815e-03  2.6577574237153478e-01  1.1904062019989345e-01  6.2483018688228964e-01  9.5467869239594660e-01  
q[181]: 4.7096082479802955e-04  2.0540440732444801e-01  8.7051889753059553e-02  9.3889045201272181e-01  1.3961929313223705e-02  
q[182]: 2.0742753323247974e-03  3.5295863016372747e-01  1.8351737944759591e-01  8.9935945089145586e-01  4.3205140351279581e-01  
q[183]: 2.0142892182477452e-03  2.7556500698866343e-01  6.3049224674293247e-02  8.3542894943054380e-01  6.1848899142863711e-01  
q[184]: 1.6822475915089256e-03  3.5239347082744432e-01  1.5322135498471967e-01  9.6409343024392868e-01  6.6121789410428355e-01  
q[185]: 1.7959991206701891e-03  2.3268644865992200e-01  3.5088634567279869e-01  1.7815265052733308e-02  4.2459402225326187e-01  
q[186]: 4.2410852055796644e-04  2.0499130327107509e-01  2.9763904565898175e-01  1.1147534389885933e-02  9.8563177703480265e-01  
q[187]: 2.7088454763851272e-03  1.6123225453300116e-01  5.7712457125065242e-01  2.6610601102172426e-01  2.0413025535125279e-01  
q[188]: 4.9778418525112146e-03  2.1655656254958139e-01  2.2495389760529069e-01  3.9054105061067007e-01  4.8001133283640623e-01  
q[189]: 2.1945741110057653e-03  2.3653952604445899e-01  1.1115308531312244e-01  6.8002040694017463e-01  1.0981121453579516e-01  
q[190]: 4.2405590287519727e-03  2.3221673640387813e-01  2.4997747439174436e-01  7.5633461668643043e-01  7.5426219267411820e-01  
q[191]: 1.2953289006289040e-03  2.6817148887818582e-01  2.9861438758256004e-01  8.8026297144054733e-01  2.8361342538542580e-02  
q[192]: 4.0132813615556383e-03  2.9346101725927504e-01  2.0967487073234803e-01  7.6528854653868972e-01  2.8259672848575085e-01  
q[193]: 1.6185654137503740e-03  2.5691180632845678e-01  2.3156854220065295e-01  9.0571257735041422e-01  9.1182265166012433e-01  
q[194]: 6.5210078190034207e-04  2.1287631567785237e-01  3.2993641474155638e-01  7.0697542909786984e-02  3.5578991371835898e-03  
q[195]: 4.4985656694410212e-03  2.3842684371719619e-01  3.6700168067582084e-01  5.2566012130074713e-01  1.8784414683515671e-01  
q[196]: 6.0483851497141880e-03  4.3599633691562634e-01  3.7958402934365415e-01  6.5103573620332889e-01  3.7516736263729811e-01  
q[197]: 5.5837497017338662e-03  3.7101464366090814e-01  3.4576820197410613e-01  4.0176292157673832e-01  7.7393664231104020e-01  
q[198]: 2.4389907812415704e-03  3.4139197406272170e-01  4.1175453305024518e-01  9.0162646172012417e-01  3.7225991443848999e-01  
q[199]: 1.1063289122641275e-03  3.3945611620232974e-01  6.2495109714289376e-01  1.0287664710302158e-02  1.8603329770331054e-01  
q[200]: 2.3355049153068589e-03  3.0363668833314644e-01  7.3020886141724017e-01  1.4060175426441179e-01  3.3100431830324323e-01  
q[201]: 2.8037333150759420e-03  3.4956720733475660e-01  3.8811794246601000e-01  3.0112488129264048e-01  6.6853599827274415e-02  
q[202]: 3.5883652759746577e-03  2.1525530002349569e-01  4.8407259415833226e-01  2.2891981351469351e-01  6.0427279835666892e-01  
q[203]: 2.8388112983379985e-03  2.4200838294968921e-01  4.4963726466430359e-01  1.8257678185709530e-01  8.4795024024170929e-01  
q[204]: 3.3682042398528130e-03  1.9484689203484287e-01  5.0676637301679839e-01  4.8184421526256938e-01  8.1004560954914695e-01  
q[205]: 1.9126012634668600e-03  2.4947495660194005e-01  4.8555155947379414e-01  6.9884246424222018e-01  2.8828103983194391e-02  
q[206]: 4.3651853387512256e-03  2.5867646076268130e-01  5.7342922396672924e-01  5.4370656672251905e-01  3.7840138318805400e-01  
q[207]: 1.7223673858678258e-03  2.7706043742882414e-01  5.6464273546463006e-01  9.4704402976922242e-01  2.4485545870751024e-01  
q[208]: 1.0212927806274449e-03  2.5039256418104272e-01  6.3787210797499394e-01  9.9539200274403394e-01  5.9532976230129553e-01  
q[209]: 5.0516422111242711e-03  4.4817558242030353e-01  3.8280627264191813e-01  7.3344983248972873e-01  5.8347960453730563e-01  
q[210]: 7.5000741240398674e-04  3.7308802412197450e-01  5.3303817003440079e-01  9.7767953391050999e-01  9.7552025117434726e-01  
q[211]: 6.3037463116473219e-04  2.5142060624571871e-01  5.7444803208890571e-01  7.4261349929256306e-03  8.7844480081539533e-01  
q[212]: 1.5569712468937599e-03  3.3854976381774887e-01  8.2633509307055164e-01  2.2042869120676947e-01  1.3020302087666946e-01  
q[213]: 3.1018506733532713e-03  1.8867865840205050e-01  7.8516266145598601e-01  2.3511953293420815e-01  3.8249449849861689e-01  
q[214]: 3.3321413933429822e-03  2.9586759376213045e-01  7.4683699287108085e-01  3.7545769810605312e-01  1.6096059062686796e-01  
q[215]: 3.8504246805578443e-03  2.0528784139496808e-01  7.1302443907109281e-01  7.0165721126994229e-01  2.9566658790438677e-01  
q[216]: 1.3370698401384876e-03  3.2733322028246564e-01  6.5897432880395368e-01  8.7147292331799253e-01  9.5529496004974224e-01  
q[217]: 2.0786650366799576e-03  2.7652051187803672e-01  7.6710433864628946e-01  6.1523349119637605e-01  9.7698162232658314e-01  
q[218]: 5.0373759244269622e-04  2.9802631646249328e-01  7.2348714347658927e-01  9.8673654249588205e-01  1.3388955082436557e-02  
q[219]: 1.4201802164314373e-03  2.3478335719622068e-01  7.3969525548668225e-01  7.9277360912818354e-02  9.4118239329591225e-01  
q[220]: 1.9545893652438530e-03  4.2903794736793976e-01  7.2798127474454011e-01  5.6244350101896115e-02  8.3536452058960187e-01  
q[221]: 7.4786580699965851e-04  1.3683059929735919e-01  8.5055091586414000e-01  2.5437652363252133e-01  9.9520946606030591e-01  
q[222]: 4.9773288249644449e-04  2.7753290597894742e-01  9.7791397230459565e-01  7.1119447483914378e-01  1.4424807110909810e-02  
q[223]: 2.7114980868445213e-03  1.8594936582089377e-01  8.8839252092055265e-01  4.8480379760282200e-01  8.5516987962557400e-01  
q[224]: 2.9830802744062511e-03  4.7350275482266507e-01  8.6752390379905597e-01  8.5772961941030335e-01  6.9544285387633564e-01  
q[225]: 1.1976475482998153e-03  3.0124505806376872e-01  9.1039903680290946e-01  8.9372289869172861e-01  1.2915190829500653e-01  
q[226]: 4.0140088062626820e-03  3.1035517125657375e-01  7.5768794439018083e-01  7.8975344322935737e-01  7.7330883744006018e-01  
q[227]: 1.1335726448826961e-03  2.5025960507332107e-01  9.7896665583531384e-01  1.2605110659256066e-01  1.9239932157998249e-01  
q[228]: 6.7445405459263868e-04  1.4447691001429269e-01  9.0063298663833258e-01  1.4362429608598792e-02  8.0989351374736007e-01  
q[229]: 4.8704946174489924e-04  2.4448498443431474e-01  9.5716873676436653e-01  1.0653559586387248e-01  1.8381833050781657e-02  
q[230]: 4.1008061817117483e-03  3.2050973384734621e-01  8.0573574646575052e-01  2.8450485038346929e-01  7.7065684668891210e-01  
q[231]: 8.7296823821508948e-04  2.2695758285550865e-01  9.9336338652544032e-01  1.4585729674566492e-01  7.0954774592552861e-01  
q[232]: 2.2359819068784649e-03  2.6519717143919014e-01  9.1872894148258799e-01  5.4596768835268294e-01  9.8629786451720339e-02  
q[233]: 2.4202304343621957e-03  3.6195781024661899e-01  9.3885475906112148e-01  5.6774351223114405e-01  6.7599818295742820e-01  
q[234]: 1.0942442914615149e-03  2.7666431116392354e-01  9.9844749392407994e-01  6.7760754671948187e-01  8.1652648313674070e-01  
q[235]: 6.6220721368621851e-04  1.8975676911962283e-01  9.9695032361369307e-01  9.2820755241751074e-01  3.2236325033835705e-01  
q[236]: 2.4072539812669373e-03  2.5530667463331591e-01  9.1688067403968354e-01  7.9861137629286594e-01  3.6559851971720447e-01  
q[237]: 1.0834959433583828e-03  3.0051287570372198e-01  9.4966138699133795e-01  9.7704672233087897e-01  6.8737367162628904e-01  
q[238]: 1.7571730436270435e-04  1.7260201491379823e-01  9.8704177409857918e-01  9.8284463265920996e-01  9.5330890954234748e-01  
q[239]: 3.7194839637699317e-04  4.2222379611105543e-01  2.4420691487239247e-02  3.3543322758098203e-02  3.6787757864391271e-02  
q[240]: 7.0877452183300174e-04  4.0437539717404025e-01  8.5710360764647428e-02  3.9144859170283826e-03  8.4510614461536104e-01  
q[241]: 2.2212720690449389e-03  3.8029539557208109e-01  9.2129963870774753e-02  1.9934526696416208e-01  1.7165470122370929e-01  
q[242]: 1.3257172174717276e-03  4.3052425495603125e-01  3.9771811733748065e-03  2.1857250523185698e-01  3.5853287519664367e-01  
q[243]: 2.1860100251441688e-03  3.3866189364286609e-01  7.5848087002942377e-02  4.3994759905439806e-01  3.2591339688628557e-01  
q[244]: 6.2863096130834665e-04  3.6504661574243935e-01  3.3363009106203795e-02  1.0101128706422588e-01  9.7175050814201536e-01  
q[245]: 2.2280991560822655e-03  5.2397979535904571e-01  3.2482463459819505e-02  3.7792069714711257e-01  6.2360461032064052e-01  
q[246]: 1.4485563992646467e-03  3.3814849126215013e-01  1.5341545846901538e-02  4.8360684435768198e-01  8.3253885091723234e-01  
q[247]: 1.9327742837945434e-03  4.3259055164467269e-01  5.6529939796355913e-02  7.9905878332633251e-01  8.8701154881986288e-01  
q[248]: 6.6871001406157882e-04  4.3355895102144032e-01  5.9098590668764453e-02  6.9904016220226639e-01  5.4971430177880494e-04  
q[249]: 3.7749947195381494e-03  4.7927641264206994e-01  1.1449101975301398e-01  6.1682616419653469e-01  6.3833319010610223e-01  
q[250]: 1.4750099519508016e-03  4.1808104525325390e-01  6.8494378292762031e-02  8.5758532883831318e-01  1.2177157727663095e-01  
q[251]: 2.1829217316973563e-03  3.2283631208506980e-01  2.3088187694801862e-01  4.8710612185852591e-02  6.6330239997816953e-01  
q[252]: 3.0653700536135303e-03  4.3552724554397637e-01  1.1067613259831496e-01  7.9078949524385433e-02  4.7231479215445415e-01  
q[253]: 8.7488484294038593e-04  5.5122491301066934e-01  3.0509724893909340e-01  3.3822956036379213e-02  6.4509442863618793e-01  
q[254]: 1.5307497274854637e-03  3.0003726701827815e-01  1.5412502748343124e-01  4.1905233249110257e-01  2.7933995165346684e-02  
q[255]: 4.6479568356372746e-03  6.2147254542199537e-01  1.8839826749194216e-01  6.0673670569316274e-01  2.5989138385574079e-01  
q[256]: 1.3954458951050896e-03  4.4819160821458504e-01  2.3409719562753162e-01  7.9150569323228970e-01  9.7746814253168790e-01  
q[257]: 2.1855617947482190e-03  4.6748323237878109e-01  2.4302972577851825e-01  8.0310382419949178e-01  7.1312523795003954e-02  
q[258]: 1.9930234240204928e-03  3.9681280761053328e-01  2.1062175608566730e-01  6.1804835197636097e-02  1.1179743192963357e-01  
q[259]: 3.6351015815863515e-03  4.2772134808001655e-01  2.2727261760644268e-01  1.8330529650027649e-01  7.6217878264677708e-01  
q[260]: 1.5169283161834766e-03  3.5132170512502298e-01  3.2554092813221353e-01  4.0996401176640163e-01  9.9499355215678864e-01  
q[261]: 4.1120923661169834e-03  3.8765989647208088e-01  2.4499011434094115e-01  5.1502299942749463e-01  5.9964442875839064e-01  
q[262]: 3.0169250274033185e-03  5.4585338558682150e-01  2.5459833942346483e-01  9.2633107535791448e-01  2.3176834512869349e-01  
q[263]: 1.9807501044440423e-03  3.7339443585783860e-01  4.5685073122280856e-01  9.5862174839978131e-01  6.2010525208676448e-01  
q[264]: 5.4339427360397899e-04  4.6676004444886182e-01  1.2705085841049654e-01  9.8494379697481416e-01  9.5000962430109981e-01  
q[265]: 2.7771781664387091e-03  3.0366544199457729e-01  3.9226633519018672e-01  1.0967889170426087e-01  2.6494127432112541e-01  
q[266]: 2.1988815687845847e-03  3.6604631613412120e-01  5.2882687815239549e-01  4.8275164308003805e-02  6.9287342048069467e-01  
q[267]: 2.0541178672971909e-03  5.0435770847745010e-01  4.9060120944308117e-01  1.9871819793182544e-01  9.2644913574672705e-01  
q[268]: 1.3545612995593335e-03  5.6861899242114622e-01  3.7912122096872891e-01  4.6499027422467676e-01  3.2622386902473508e-03  
q[269]: 2.6565055846241867e-03  4.0041548029778457e-01  5.1205331909545093e-01  6.7442768471506420e-01  1.1707167014189145e-01  
q[270]: 1.3727191043805091e-03  5.5840703461303387e-01  5.2544249053374703e-01  6.6008209074570268e-01  9.9204718256301250e-01  
q[271]: 1.7475355508354523e-03  3.8595732089791007e-01  4.1118130150687121e-01  9.6866792354990838e-01  1.0292263427814059e-01  
q[272]: 2.0794590613530959e-03  3.5151101862763551e-01  4.4246250271565163e-01  8.9624512158518510e-01  7.6868335212901984e-01  
q[273]: 8.0873382529725551e-04  4.1353708275285483e-01  5.7622027696556177e-01  9.7541375916654724e-02  9.9504656541544967e-01  
q[274]: 2.3632683351940344e-03  3.7723797480532356e-01  5.0782713300734905e-01  1.2583159159242172e-01  4.9548215676160751e-01  
q[275]: 5.8890063634079943e-03  4.3312517392713334e-01  5.5567274303646608e-01  3.8479511738016997e-01  2.4072091883616617e-01  
q[276]: 5.0181695360905524e-03  3.4838876670210051e-01  5.4651653697421754e-01  3.1765757659992205e-01  4.9526003057972073e-01  
q[277]: 2.3676959452595195e-03  4.4559640266765760e-01  6.7690044351424583e-01  6.1118956994327511e-01  3.0687459115049429e-02  
q[278]: 1.1494766367126921e-03  5.1920310846869477e-01  5.5455036109309519e-01  8.9068799721460368e-01  1.5588518334479304e-02  
q[279]: 1.6411938335682875e-03  4.5177310242884794e-01  8.2833052549790231e-01  6.3541050188058196e-02  8.9397677869881467e-02  
q[280]: 1.1186010095893255e-03  2.4527604706008832e-01  7.6256114615828052e-01  1.0476224462693648e-02  5.7293380800273230e-01  
q[281]: 1.5949586888088208e-03  4.1134576905070047e-01  5.8483478576499126e-01  1.8273502742047742e-01  2.6850742115373711e-02  
q[282]: 1.4792783225854780e-03  4.4081480906232012e-01  9.0537875857482975e-01  2.7440903186380711e-01  2.7900066244028857e-02  
q[283]: 2.5453290715417936e-03  4.4816607461935437e-01  5.9796928597262566e-01  3.8799482846106509e-01  9.4623076788445715e-01  
q[284]: 2.7043334073820259e-03  2.4182814716449302e-01  7.6265775287676518e-01  8.2952411851648022e-01  9.1343318738945703e-02  
q[285]: 4.2918202039343824e-03  4.4585405287648722e-01  5.7335412923815754e-01  6.4920170306682279e-01  8.3293589337176577e-01  
q[286]: 1.2195770386251596e-03  5.4681235013298946e-01  7.3046207179930389e-01  9.9443448121840550e-01  8.2520880096859262e-01  
q[287]: 3.5127212245471604e-04  5.0464928453298474e-01  9.7680878402911753e-01  1.9811305014199972e-02  6.5952628501320720e-02  
q[288]: 2.0721699434634289e-03  3.9438248867032361e-01  9.1422784290235959e-01  1.7876884860087047e-01  8.9560957799583052e-01  
q[289]: 3.8309772618950106e-03  4.2615972102080979e-01  7.6814626599058133e-01  9.3301064018082858e-01  4.1722946708515030e-01  
q[290]: 2.1394700921020349e-03  6.6401474892371093e-01  8.0619005384538522e-01  7.7171845366938552e-01  6.9334542203447469e-01  
q[291]: 1.1942727649300498e-03  3.8845956938174586e-01  8.6889873320350908e-01  9.5182090414666332e-01  9.2607164776301898e-01  
q[292]: 2.6159095628319239e-03  4.6872015994821969e-01  9.1286493738939822e-01  1.7674615774051317e-01  3.2766876709634890e-01  
q[293]: 2.3798437329834526e-03  3.2785807067854472e-01  8.9177331615079014e-01  9.1383926250664355e-02  5.7549489029643697e-01  
q[294]: 3.6297142325794466e-04  2.6776125422817970e-01  9.5287926309510174e-01  4.2369154516853046e-02  9.8382719694532983e-01  
q[295]: 3.8237233057698550e-03  5.9923236287438053e-01  8.8238888509517188e-01  3.9430876427353428e-01  3.2334514925939456e-01  
q[296]: 1.4642301450963568e-03  3.9149081694498505e-01  9.8415810009167326e-01  2.6664165370187498e-01  5.0634008186838531e-01  
q[297]: 1.0605428288654795e-03  4.3722268886974719e-01  9.9345258097564559e-01  3.9907864004193627e-01  1.3546449496509849e-01  
q[298]: 3.5442021871798196e-03  4.4604845959833000e-01  7.2278434326182239e-01  4.7890672524046468e-01  7.6969471195669392e-01  
q[299]: 4.7126944042983785e-03  4.5889116172075939e-01  8.4840731736812602e-01  6.2159253837662387e-01  2.1950879463377290e-01  
q[300]: 1.2001489603918677e-03  3.5290560646866681e-01  9.6687666834195440e-01  4.0120988508091388e-01  9.6272498238132431e-01  
q[301]: 1.3161379523643970e-03  4.8411808821350111e-01  9.8012703246642974e-01  7.3522210915070951e-01  2.1402405977931704e-01  
q[302]: 3.5384611003134968e-03  3.3782180372107101e-01  8.1994885559211694e-01  6.1209674688659044e-01  4.8612167259750216e-01  
q[303]: 4.7194653490835708e-04  4.3699565317162264e-01  9.8750896854447490e-01  9.5015463790785148e-01  6.6655666230056768e-02  
q[304]: 1.4788645877514143e-03  5.8169622035532909e-01  9.4320603597624242e-01  7.4893757797300309e-01  8.3705658943383898e-01  
q[305]: 5.3534826014688087e-04  4.2051624256334952e-01  9.5901886583525697e-01  8.1312294907904836e-01  9.9758497206893004e-01  
q[306]: 9.0044603931808617e-04  3.2750209591804802e-01  8.8777757759863740e-01  9.8224255834712160e-01  2.4462429648214135e-01  
q[307]: 1.7901222991289990e-03  4.3205652750026435e-01  9.7670336725109275e-01  8.2776250873722168e-01  5.2839047544226803e-01  
q[308]: 6.3809870528666872e-04  6.0189402283854310e-01  9.5674600472250224e-03  2.7702405228370888e-02  5.8900298085296077e-01  
q[309]: 7.8913112842094585e-04  4.5541551790974982e-01  1.5077239980311425e-02  1.7333813763936184e-01  8.2256848032268493e-01  
q[310]: 4.0599097817605977e-03  5.0340005315200054e-01  1.7111747625024096e-01  3.7448721049302092e-01  3.9256372554798902e-01  
q[311]: 9.4866990215161260e-04  5.2357832957866535e-01  1.6250586855603190e-02  3.7532018950817664e-01  5.5548957317939178e-02  
q[312]: 1.8342479782617403e-03  5.5480295447361028e-01  2.1606187396090101e-02  7.2024556570531395e-01  2.1800398847285887e-01  
q[313]: 6.8158984282887572e-04  5.3699619407247068e-01  1.7892180869721303e-02  5.2014273929117072e-01  9.8226564565105334e-01  
q[314]: 1.5739355508184161e-03  6.5596628550547564e-01  1.7062276164761820e-02  6.5346601681817496e-01  5.1002157149924765e-01  
q[315]: 4.5865787752366275e-03  6.3650433604687506e-01  2.3939448924171991e-01  7.6608584760363163e-01  7.6757944488667817e-01  
q[316]: 3.2364080233106621e-04  4.5674983534923935e-01  1.2204190126280032e-02  9.6879082935530203e-01  6.0560969004291795e-02  
q[317]: 9.0851564447849459e-04  5.0116769440567488e-01  3.2947578657323527e-03  8.6960507203133519e-01  6.8938315806799433e-01  
q[318]: 4.5827125525088461e-04  6.4918144757626739e-01  1.4770065915184984e-02  9.2355728855998320e-01  9.4937779945439482e-01  
q[319]: 1.6191069766218981e-03  6.2834823371802162e-01  5.2430362605662875e-02  6.7349946693923121e-02  1.9301214058140040e-01  
q[320]: 4.8822922128082657e-03  5.1833028818555815e-01  3.5165887458142658e-01  1.8999639172759980e-01  4.5846723364323166e-01  
q[321]: 7.3179111672165456e-04  6.1231484253525292e-01  1.3544178241462632e-01  4.8209740571361868e-02  9.7689258722567984e-01  
q[322]: 1.3671688723616560e-03  5.5679106036508086e-01  1.6853554406715596e-01  1.6889498472927339e-01  1.3669130829021285e-02  
q[323]: 2.3310598004376471e-03  6.2121192576856055e-01  3.1358075749002595e-01  9.2340506821132581e-02  8.6252316736935386e-01  
q[324]: 2.8522241251621649e-03  5.0790156800631170e-01  1.2221014972285692e-01  3.2057157115377682e-01  9.1483219940564298e-01  
q[325]: 4.2268429060783094e-03  5.9289793960788517e-01  2.6279570197314839e-01  5.4221919862721213e-01  9.1658945848837958e-01  
q[326]: 2.1229755434652164e-03  4.2493778281503886e-01  1.1223466139831111e-01  5.2859625944982469e-01  2.1018761072851205e-01  
q[327]: 2.9361455900160371e-03  6.8347954091578833e-01  9.2468293733291101e-02  5.0776044814568466e-01  7.6271572700488000e-01  
q[328]: 3.6204517088410306e-04  5.9124026943914709e-01  2.1515486288859043e-01  9.9166793668392017e-01  1.2341375610965811e-02  
q[329]: 1.1683828623013843e-03  4.8727982408285186e-01  5.6081497508824858e-02  9.7656912697060982e-01  3.9695867639102028e-01  
q[330]: 2.8298439018525556e-03  5.2634874966728029e-01  1.0510069973743569e-01  8.1221190592670345e-01  4.4796645879847169e-01  
q[331]: 1.2800253532417925e-03  5.9076434466378624e-01  3.2429967257254599e-01  9.9808304302388062e-01  5.2978544658154181e-01  
q[332]: 1.2538112535869100e-03  5.7683355723044949e-01  2.1499171141365911e-01  3.4139059800173065e-03  3.2853023663366504e-01  
q[333]: 1.1831914420541675e-03  4.8987967765736434e-01  3.9492912932560736e-01  2.3001956814557873e-02  9.1923430102015025e-01  
q[334]: 4.1307129775048921e-03  5.4858110177880171e-01  3.1716208019003161e-01  2.7020292739073654e-01  1.7910206189005787e-01  
q[335]: 1.2595384821444348e-03  6.5043660369276191e-01  2.3481129972852838e-01  7.2650182611838632e-01  3.6699312374634210e-02  
q[336]: 4.3678172918543519e-03  6.6193156319390556e-01  4.3617054638482383e-01  7.6893723288987947e-01  1.4945130756279743e-01  
q[337]: 1.7222996026018036e-03  4.8770668014067609e-01  2.7910800572901806e-01  9.4947078714681055e-01  8.3522393781137738e-01  
q[338]: 1.1355934957348345e-03  6.1077104093235079e-01  4.7433545469420801e-01  3.8161033688530140e-03  6.0736235811484052e-01  
q[339]: 2.8502525032936881e-03  4.4309396747913565e-01  2.6714365693514142e-01  5.1415176168371945e-01  9.1601642190202379e-02  
q[340]: 5.3911594998859481e-03  6.6186465253350490e-01  3.8162800448185002e-01  4.4214533386811705e-01  3.9588592958304819e-01  
q[341]: 5.4674955176958456e-03  6.0381801419825998e-01  4.0880449884970155e-01  3.5727886099529077e-01  6.6883459058931527e-01  
q[342]: 1.1957944993020101e-03  5.7882632630162634e-01  5.3905261530767490e-01  9.9615579416584554e-01  2.7891556739974221e-01  
q[343]: 7.4834491222026511e-04  4.9471763593492502e-01  4.5025972593070795e-01  1.0767565686483269e-02  3.1966892935750613e-02  
q[344]: 2.7068148748766330e-03  4.9417926078928437e-01  7.0097748051290443e-01  5.2483532196884043e-02  4.3046871460450148e-01  
q[345]: 2.0876577196464424e-03  6.3903229133977513e-01  6.1620188308369883e-01  1.9132702933118520e-01  6.3927800984536487e-02  
q[346]: 5.2081168641574171e-03  5.2894118454396177e-01  6.1603318908037297e-01  2.0204541597584644e-01  6.9538211971528008e-01  
q[347]: 3.5415113350971586e-03  6.8412246956744294e-01  4.6918622234054830e-01  4.4363707838265098e-01  8.4433627649305321e-01  
q[348]: 5.1787562816847073e-03  6.1788027665029810e-01  6.1302125434364663e-01  5.2632382292160418e-01  3.6850942602845665e-01  
q[349]: 3.5651713304077934e-03  6.1483733438544441e-01  5.4474641874281393e-01  8.4208642274283618e-01  3.8703162985446454e-01  
q[350]: 1.9190379513430022e-03  6.9574263522130475e-01  6.7800481287416248e-01  9.3816532024620125e-01  1.1216661732144860e-01  
q[351]: 3.4382700177122000e-03  5.6961379392126210e-01  6.2687859800716439e-01  9.2232444986370044e-01  6.5668838367909321e-01  
q[352]: 3.1101712720191833e-03  5.0741460201182043e-01  4.5697808590597166e-01  8.3691179027765161e-01  8.8361871583920615e-01  
q[353]: 2.0688043016248597e-03  5.9237763367119955e-01  8.0926334685216295e-01  4.1832470138222366e-01  9.3202476168445103e-01  
q[354]: 3.4686654257942979e-03  5.7053275013212390e-01  7.3080924699272432e-01  1.9119126753817606e-01  2.2231842197057280e-01  
q[355]: 3.0753599269633118e-03  5.9789140455102163e-01  6.9092910561324561e-01  4.1530537129719619e-01  8.2585772753448874e-02  
q[356]: 2.1709525338342896e-03  5.4303918669622464e-01  8.5542891882000993e-01  2.9236993328085403e-01  5.4440532145845866e-01  
q[357]: 4.7563713250745755e-03  6.0991581986215271e-01  7.5515298728747338e-01  7.2244565498054336e-01  4.7172549999982172e-01  
q[358]: 4.7992577007249905e-03  4.4931173359752075e-01  6.4631205208890152e-01  8.1875263127730424e-01  2.1526679809674903e-01  
q[359]: 2.1976553723543368e-03  6.2675263427289962e-01  7.1958068536366915e-01  8.5699682796459231e-01  9.6161660799496596e-01  
q[360]: 1.1000086355878271e-03  5.6467380184903793e-01  8.0288053829977468e-01  9.7212870891849368e-01  1.0026830623930780e-01  
q[361]: 6.2503274707240055e-04  5.7556725207492465e-01  8.3133841369640704e-01  9.5463768264823345e-03  9.5033561555374280e-01  
q[362]: 2.0888328458560828e-03  5.6252718831506532e-01  8.9229016245565818e-01  1.2639385793820548e-01  7.1298874805953860e-01  
q[363]: 1.5871856337032865e-03  6.7799597133476830e-01  8.8117992923812050e-01  4.1262376481372798e-01  9.2679787994816701e-02  
q[364]: 1.1067935395390827e-03  5.6360751431430933e-01  8.2293801221853990e-01  2.0334637821761856e-01  9.9205133149674951e-01  
q[365]: 1.0484113614618452e-03  6.1790911537541715e-01  9.4641656187833101e-01  5.6575133882569639e-01  2.3897348476743845e-02  
q[366]: 5.0721213084715154e-03  5.6922952856718989e-01  6.1289690931106933e-01  5.9033213082326974e-01  6.3103396023544556e-01  
q[367]: 2.8334134461424740e-03  4.9069838174543712e-01  8.5953824858274641e-01  6.4301371251946182e-01  9.1032186259682535e-01  
q[368]: 2.0160478028109280e-03  6.3299207170702121e-01  9.3275564688808021e-01  8.9528039463553288e-01  2.4183682822271352e-01  
q[369]: 1.0025905411584328e-03  6.2719463055877522e-01  9.7499182225721659e-01  2.3345264653240400e-01  1.5088040199160574e-01  
q[370]: 6.4685446664847093e-04  5.3692449274395648e-01  9.8046737318209776e-01  2.8114689696825141e-02  3.7618575293315093e-01  
q[371]: 6.1338651965769388e-04  4.2006219030480080e-01  9.7581844455388522e-01  2.1040086845251875e-02  7.8899647423940333e-01  
q[372]: 4.1863386324957178e-04  7.4654871764905151e-01  9.8608552643420599e-01  1.7423609784576208e-01  1.9873125319660376e-02  
q[373]: 6.4983310951094810e-04  6.2762524303914324e-01  9.8875204779699932e-01  1.9691974742754825e-01  5.9631174730742953e-01  
q[374]: 1.6799108840410671e-03  5.7439859237717339e-01  9.7737570926823780e-01  3.7064898866931395e-01  8.1790524612729398e-01  
q[375]: 2.6469855174589660e-03  6.9522119228066648e-01  8.0676989208157879e-01  6.9372192111206976e-01  1.1574203491010406e-01  
q[376]: 2.6362757361154360e-03  5.7341210697795619e-01  9.4610453974793862e-01  4.9887626176308864e-01  6.5169140449372764e-01  
q[377]: 1.4509890579486406e-03  5.0581643503916918e-01  8.7070170586297313e-01  8.2128667709177416e-01  2.9550052469591380e-02  
q[378]: 8.5100821282071222e-04  5.7508494228624163e-01  9.4796830184220227e-01  9.9174506029823184e-01  4.3662473613309677e-01  
q[379]: 2.2150835830119027e-03  6.5299674857299106e-01  9.2324438166660472e-01  7.2610183547823348e-01  4.6248913106010547e-01  
q[380]: 1.1600372935045367e-03  7.0273636643674231e-01  8.9801668829347636e-01  9.4634857423951024e-01  7.5671741076198740e-01  
q[381]: 5.8454209545582994e-04  5.5333416961381876e-01  9.9244924490127573e-01  9.3715918498886308e-01  8.8407093778287271e-01  
q[382]: 5.2381845631760545e-04  7.5036616633312614e-01  1.3274968149935826e-01  9.5620467440634214e-03  4.0848637079243841e-02  
q[383]: 2.7689762200108639e-04  7.8639880267363182e-01  1.2682537121781426e-02  2.5858262655411867e-02  9.4002653420229576e-01  
q[384]: 6.1791362532825087e-04  7.8886254494961883e-01  1.6654751462272847e-02  1.5786134363242524e-01  4.1629389721686220e-02  
q[385]: 9.1903806025696213e-04  7.6517040672871917e-01  1.9481896822501177e-02  1.4477800425788892e-01  3.7869732360123282e-01  
q[386]: 1.9891281104453041e-03  6.2053115635743594e-01  7.4531007190121332e-02  3.0745684776795035e-01  1.5991542124509092e-01  
q[387]: 1.1152985951900216e-03  7.2115958077276732e-01  2.7161933296016891e-02  2.4466006834210013e-01  9.2313438643033596e-01  
q[388]: 1.0539694989875404e-03  8.5490446675458953e-01  4.8733800986414414e-03  3.8410357221789887e-01  7.3488459522000538e-01  
q[389]: 1.8051133537815508e-03  7.3597378556559112e-01  3.8330748325888710e-02  6.7843196663337124e-01  8.5151004591182966e-01  
q[390]: 4.2595778227906203e-04  7.7963531221817661e-01  1.0186522678064235e-02  8.2084323648807511e-01  2.5151990351955499e-02  
q[391]: 2.5598074856266217e-03  7.2207840700234482e-01  4.4836763134291219e-02  4.0486332723723012e-01  3.9514337523217125e-01  
q[392]: 1.7831343540936210e-03  6.1993010315205521e-01  9.7434910537688491e-02  9.3208848146770462e-01  7.5371776327777340e-01  
q[393]: 1.2287310799825469e-03  7.2619918302445186e-01  4.3415973581468537e-02  9.1437398710473627e-01  2.3004989234475343e-01  
q[394]: 4.8219174339002698e-04  7.3943668764713733e-01  1.0279553703293833e-02  9.7484050583074211e-01  5.0660112517635525e-01  
q[395]: 1.7808614344315473e-03  7.3150901576133809e-01  3.1068903244898238e-01  6.5702099262310160e-02  6.2031243053878149e-01  
q[396]: 1.1379289765060679e-03  7.7114627989815454e-01  1.7114787286423302e-01  2.1910466426916440e-02  7.9194284035990237e-01  
q[397]: 3.3521520528656365e-03  7.2852755412065684e-01  1.9220291611382756e-01  1.3764470280149155e-01  3.5301487041552926e-01  
q[398]: 1.9337912742263361e-03  6.8995360608392076e-01  9.0029815494839863e-02  5.5527273461999727e-01  5.8779340904019040e-02  
q[399]: 3.8929006990943700e-03  8.2033078888515021e-01  2.7151246370763821e-01  4.5890504573654023e-01  1.9244212808960579e-01  
q[400]: 1.7326073186076762e-03  7.9788101946432910e-01  1.5238591623760711e-01  8.4216945459596970e-01  9.3413471328729103e-01  
q[401]: 5.4687475438088007e-04  6.5118512159947006e-01  1.0552531544248824e-01  7.3870867358970338e-01  9.9846615590558696e-01  
q[402]: 9.8486630200881188e-04  6.7188401757565652e-01  1.1014684794658137e-01  9.1885444504974767e-01  5.5575687570663085e-02  
q[403]: 3.1918286524490369e-03  7.6831802382964687e-01  1.2960208004906779e-01  7.7602869657336004e-01  3.8906816371955971e-01  
q[404]: 2.6041575977508672e-03  6.8501498849476961e-01  3.6521004451942651e-01  1.0085274401556453e-01  1.0123441086678329e-01  
q[405]: 4.7601951458466421e-03  8.2099730598938170e-01  2.3959776624259690e-01  3.3197477399137315e-01  8.0856176877557684e-01  
q[406]: 7.7886264419274457e-04  6.9929375061375665e-01  1.9478313749765622e-01  2.4715575481685140e-01  9.9942401103533640e-01  
q[407]: 6.0494506698411960e-03  8.0707422467304468e-01  2.2917634267979622e-01  5.6426763969949001e-01  5.5314333497768631e-01  
q[408]: 6.6649775956773060e-04  7.3880845331844969e-01  1.5950795309925123e-01  9.9079340245360725e-01  1.8272257827501681e-01  
q[409]: 4.0584697773452987e-03  6.5616085191849449e-01  2.9579074116813631e-01  8.6534642633659498e-01  5.2867123345340039e-01  
q[410]: 4.3263814626568029e-04  7.6504269094609534e-01  9.9413441615103085e-02  9.9952432827808158e-01  8.6391502224664007e-01  
q[411]: 2.9595139220347068e-03  5.2955024497688719e-01  4.7930079101779249e-01  6.8562972428210911e-02  2.4825498928479456e-01  
q[412]: 2.2193771602322838e-03  7.2047483090328845e-01  4.1527329592953349e-01  2.2807490118614598e-01  9.5161778356181403e-01  
q[413]: 1.3315927801982050e-03  7.7090612048553731e-01  4.9374768930803392e-01  3.4807614615239557e-01  2.0259083853607307e-02  
q[414]: 3.6446253998018417e-03  8.2148489876833386e-01  4.0265677840178460e-01  7.0734016765977181e-01  3.3885238084487201e-01  
q[415]: 3.6233014385300267e-03  7.1103743783242690e-01  4.5331837589621726e-01  6.4764151171813711e-01  6.7057461125180684e-01  
q[416]: 2.7769822239791624e-03  8.0672078181381701e-01  3.9475752385722557e-01  6.6676178915115736e-01  9.5009264521579195e-01  
q[417]: 9.8926066871229588e-04  6.7664601283700332e-01  3.3292736195251693e-01  9.4918632260152580e-01  9.8090343214118314e-01  
q[418]: 8.2405950550414476e-04  8.4564848346262123e-01  4.3714890686222518e-01  9.8243970163861938e-01  6.1938642745028069e-02  
q[419]: 1.8750845145166306e-03  7.2380798500836729e-01  4.8888371628447186e-01  9.5528783158322184e-01  8.5268480508989819e-01  
q[420]: 6.9532988596828990e-04  7.5404547768377972e-01  5.9084811539655990e-01  3.6794097220218418e-02  9.8230732930497999e-01  
q[421]: 3.8102874400480777e-03  6.8758583441489451e-01  7.1140096334002523e-01  1.8427295512628142e-01  4.5365490661438523e-01  
q[422]: 3.0758267107069198e-03  6.7189141825771215e-01  4.8524377322641127e-01  5.6733780386045130e-01  1.1250907887536314e-01  
q[423]: 8.0808754104707138e-04  7.2101766775316078e-01  4.7225862059839763e-01  9.0187915036186606e-01  2.3840703181619165e-02  
q[424]: 2.8650524207543462e-03  7.4197984924005722e-01  6.6081436056414067e-01  7.5578073309893101e-01  8.7262112556340876e-01  
q[425]: 1.7422421213388085e-03  7.0728885272447461e-01  9.1423867080965227e-01  7.8952296566526081e-02  1.6863799862030041e-01  
q[426]: 1.5733740610427607e-03  6.2990338032826332e-01  8.4026977271030479e-01  2.3650190056483167e-02  6.3552265573514899e-01  
q[427]: 2.8313930320279122e-03  6.9170339846324258e-01  6.3399283143161045e-01  1.0264171044361332e-01  8.3062078813732354e-01  
q[428]: 6.8437748470967562e-04  6.6519937386113392e-01  7.7860859503850288e-01  6.6925601898423961e-02  2.1454856643900377e-03  
q[429]: 3.9287084923278039e-03  7.6315538100010627e-01  8.0209755086621926e-01  3.1191135796049235e-01  5.8062638791264509e-01  
q[430]: 3.0635338576905668e-03  6.8288622427475409e-01  7.2964322419398364e-01  3.0563856151433871e-01  8.4916384889795882e-01  
q[431]: 8.1724140892450972e-04  7.9746970313133492e-01  8.0269753041217906e-01  3.5952422029738862e-01  9.3721537560952656e-03  
q[432]: 3.1264288889441280e-03  7.9378435080257637e-01  7.5216952775286772e-01  4.5292538388477049e-01  2.1585034437043329e-01  
q[433]: 1.5600870595918030e-03  7.6697363774714167e-01  6.2329643863713236e-01  4.5095916937441943e-01  9.8467017992214045e-01  
q[434]: 1.3103520998251890e-03  7.9876833958454763e-01  7.1231695385585136e-01  7.6807627024599290e-01  1.5795295765131511e-02  
q[435]: 4.1456537482900046e-03  7.5846675380210327e-01  8.0238183708205124e-01  5.8553192853440916e-01  7.6575280080903729e-01  
q[436]: 8.8216923375538108e-04  8.7412217310384566e-01  7.8434031264107396e-01  9.9027577322287630e-01  2.3899526196842458e-01  
q[437]: 3.2865103196957934e-04  8.7914021978578472e-01  9.2762914220302439e-01  1.1528300393290366e-02  4.8383228664707803e-02  
q[438]: 1.2122005959475076e-03  7.6505578561452992e-01  8.8751527621349791e-01  8.1027553708612948e-02  8.9632080875462727e-01  
q[439]: 2.7126598057320922e-03  7.6603505889879053e-01  8.3032406932837832e-01  8.6745410836904757e-01  3.0929190153677028e-01  
q[440]: 1.7471269519218641e-03  7.7599699114466059e-01  8.0908668061349509e-01  9.6726186287506388e-01  5.7505082538157226e-01  
q[441]: 2.9346315202932879e-04  7.1024855108802409e-01  8.9582382135025085e-01  9.8546549673881534e-01  9.9554400134572041e-01  
q[442]: 1.1127297256955087e-03  7.2149528021487175e-01  9.7416315751189475e-01  9.5702566481887186e-02  5.0295866377198239e-01  
q[443]: 5.0740130570970114e-04  6.1947525954523153e-01  9.8673863369908399e-01  9.8692372961121044e-02  9.4587954619600700e-01  
q[444]: 1.5804225064595416e-03  8.1102991512216860e-01  8.4373983106739248e-01  1.0068348635152176e-01  3.9425794957454907e-01  
q[445]: 5.6160687699029048e-04  9.0889062982732616e-01  9.8123676033476837e-01  4.2170580670855523e-01  6.2277041458094207e-02  
q[446]: 1.4063415795836616e-03  7.0870573729137765e-01  9.9483425468605979e-01  5.6260289289504484e-01  3.6983935005155566e-01  
q[447]: 6.6321521473397505e-04  6.9319877836255794e-01  9.0997781147931944e-01  5.3510905646544837e-01  9.8854673390749404e-01  
q[448]: 8.8640843996125090e-04  7.5417663255051925e-01  9.8042155305108636e-01  7.8352943487715498e-01  7.8019745504010765e-02  
q[449]: 2.6094770362350281e-04  7.5494362194563536e-01  9.2391814196842958e-01  9.7723224400155362e-01  4.0967109744677399e-03  
q[450]: 8.4015475758883007e-04  7.2187208209258014e-01  9.7850886668924231e-01  6.5637032122168504e-01  9.4500698533059835e-01  
q[451]: 2.7746718467373989e-04  8.0854052038700963e-01  9.8167423452279856e-01  9.8078874720998555e-01  1.5204076279422490e-01  
q[452]: 7.7163502806707591e-04  7.3107420015544133e-01  9.8806811545441964e-01  9.0966867487230108e-01  6.2985000451157291e-01  
q[453]: 3.1057852777929097e-04  9.1081069300096695e-01  1.4514000109367037e-02  1.7312333067870715e-02  2.1017729974521995e-01  
q[454]: 1.1683881605595850e-03  8.5494732170646648e-01  8.9894709175020446e-02  2.3809965126561562e-02  5.0975991191143266e-01  
q[455]: 1.9726124663416861e-03  6.2341514544155108e-01  7.0913298639969230e-02  1.1390351034610853e-01  7.6357756834931845e-01  
q[456]: 4.3999573334934199e-03  6.6446330165438772e-01  1.6184920205140021e-01  2.4833512530734222e-01  5.9158864470176653e-01  
q[457]: 1.0872487128193034e-03  8.4217841007442107e-01  8.1091989069637452e-03  5.4185417157225435e-01  1.8813492005693214e-01  
q[458]: 1.5535866648226360e-03  9.2708400015395276e-01  6.2695856576130152e-02  5.8848613665178651e-01  3.7494016164304661e-01  
q[459]: 1.5988063301936855e-03  8.5078970412410426e-01  1.1228558783593771e-01  4.7761023994044555e-01  9.6475135717022198e-01  
q[460]: 1.8869535488581300e-03  8.5853639981399332e-01  4.1231084935677814e-02  8.0070310074727702e-01  6.2817923455165992e-01  
q[461]: 2.5654569996440648e-04  9.0783086154776438e-01  2.6566615947029620e-02  9.8890358134696787e-01  9.8076934285849363e-02  
q[462]: 4.0519237828410979e-04  9.0374072601195188e-01  1.6924478999396239e-02  9.4934749770621374e-01  8.1992621344242456e-01  
q[463]: 2.0470730623623482e-04  9.1511900792311140e-01  7.3256089793356988e-02  9.5856159026787136e-01  9.9469208989078539e-01  
q[464]: 1.3813093228757227e-03  9.1605523567184732e-01  1.3406883238857117e-01  1.0447520007700016e-01  1.1811425429449306e-01  
q[465]: 9.0642158989679528e-04  8.7463011022406811e-01  2.9207269126516111e-01  7.7318396890834237e-02  9.6673852710459374e-01  
q[466]: 2.4210404990484984e-03  7.7423251457829512e-01  2.0915477750132877e-01  3.0286441404059800e-01  7.6091073416439406e-02  
q[467]: 1.4845448247154691e-03  8.8651626726603783e-01  1.1783820458422624e-01  1.3015115018208112e-01  8.8383347058309436e-01  
q[468]: 7.1034486226810003e-04  9.4582144022688375e-01  8.6928511132317463e-02  6.5148337814518453e-01  8.8918532352377844e-02  
q[469]: 3.7225913973486393e-04  9.3695844221660107e-01  1.4320921913566448e-01  9.2812016586095381e-01  8.0090260227445951e-03  
q[470]: 1.3311726381048802e-03  9.0863185203011609e-01  1.6908681644636850e-01  9.6965544595162789e-01  3.7583086917080699e-01  
q[471]: 1.5217196580052004e-03  7.8401245895734895e-01  1.3780818857583688e-01  9.3158072835175854e-01  5.9568651844921161e-01  
q[472]: 1.3259224040979459e-03  8.4573230362853091e-01  3.2997666414715210e-01  9.8236190175041849e-01  6.9896318961140591e-01  
q[473]: 1.5865741952017923e-03  8.3362604528706474e-01  2.9935943275666338e-01  3.5078539904895484e-02  2.4523911579322102e-01  
q[474]: 5.2071475389132765e-04  8.8765420641213433e-01  4.2659035878690466e-01  4.4313750064177487e-03  8.9306643171199596e-01  
q[475]: 5.2996288899680444e-03  7.7511885869555974e-01  5.2874026040249467e-01  2.5906137779677368e-01  2.6904452302143173e-01  
q[476]: 1.0027499559377127e-03  8.2357244231375548e-01  3.1041724726524567e-01  6.7874702765599315e-01  1.0604191101436521e-02  
q[477]: 2.5068123364156642e-03  9.0452874512115178e-01  3.2916730918136827e-01  7.1267843795602792e-01  7.3710955670606515e-01  
q[478]: 1.5981194132508817e-03  8.7855410586935756e-01  2.7134371043814443e-01  8.6766395338266256e-01  9.3583955666004193e-02  
q[479]: 1.4606672543078379e-03  8.8447046636783455e-01  2.6437015173016226e-01  8.7389602292995561e-01  8.7471579645997144e-01  
q[480]: 2.8736126180274454e-03  7.5410120307033690e-01  5.2026637112777196e-01  6.5786948700723560e-02  4.7231380647382326e-01  
q[481]: 9.3742024383319561e-04  8.1829740807485130e-01  6.4574380649251084e-01  1.2972151550781906e-02  7.7789714920028497e-01  
q[482]: 6.5307848085513053e-04  8.7320435476613567e-01  3.5159061504142358e-01  9.7943699085262376e-02  4.6207966181060680e-03  
q[483]: 2.3853425050782960e-03  9.2583570940678017e-01  4.4793332340832903e-01  4.6795628637725839e-01  1.4988147191818380e-01  
q[484]: 2.1619202077660040e-03  9.1206314838997016e-01  5.0344874199935830e-01  4.9915027540025242e-01  7.7802792343102878e-01  
q[485]: 2.8852188571097978e-03  9.1512190742014188e-01  4.9257387850279127e-01  6.2677775190488383e-01  4.7911400915548652e-01  
q[486]: 7.4759847375610036e-04  9.5859279367625616e-01  5.3327390561608912e-01  9.7244279010660450e-01  3.2937134199759971e-01  
q[487]: 2.4387005716565774e-03  7.9736865545956415e-01  3.5236284646850841e-01  9.1858340230905444e-01  2.6532706581919469e-01  
q[488]: 1.2326594409844181e-03  8.0283180147943367e-01  5.9899249755024220e-01  2.9770158949596410e-02  9.3373934675535078e-02  
q[489]: 1.1251190100357862e-03  6.8842837811760005e-01  7.3653522328789667e-01  8.5610826584976932e-03  2.3652654966416317e-01  
q[490]: 2.1324847201567923e-03  8.3048497658858622e-01  4.1660278190988337e-01  2.4646875183420566e-01  5.0016836712782065e-01  
q[491]: 2.2389638660238720e-03  8.8007177873371123e-01  5.9388647760305990e-01  5.9030640720784966e-01  6.1145907906442101e-02  
q[492]: 2.2409385392582544e-03  7.7669838013714854e-01  5.7503629115667265e-01  9.5620524464570056e-01  4.3585151456194782e-01  
q[493]: 3.3653466115632501e-03  7.9879471365256693e-01  5.0054236626438986e-01  8.3324939307113288e-01  7.1969386129013335e-01  
q[494]: 1.7628432174067886e-03  8.7299542312667711e-01  7.4903452090596201e-01  1.7254959264882391e-01  9.4938125734916823e-01  
q[495]: 4.0601462066714956e-03  8.1604911726466178e-01  6.8434949838950976e-01  6.7492749884948200e-01  2.8354902897944173e-01  
q[496]: 8.5716406901961500e-04  8.6869100038242741e-01  6.3944901278338673e-01  9.7566027838540015e-01  9.3928607086931670e-01  
q[497]: 1.0276322945166026e-03  8.9826496428588887e-01  7.9470297871660234e-01  7.1926160364681724e-01  9.8711186205717416e-01  
q[498]: 3.4692131815789785e-04  9.6612283558366407e-01  6.9510210180961518e-01  9.6586916900437503e-01  2.5565331511918390e-02  
q[499]: 2.1482119035454861e-04  9.0974236318722213e-01  9.3300786555692272e-01  2.6420054303903078e-02  9.8426886821982029e-01  
q[500]: 2.1552137653953721e-03  8.8922583123042731e-01  7.6116873692158871e-01  8.9586711773133876e-02  6.4839479625051410e-01  
q[501]: 2.3769558951503059e-03  8.6685550326135663e-01  8.2148138026390505e-01  2.0306303632761205e-01  8.9374879861843309e-02  
q[502]: 3.4279799258609138e-04  7.8429683582746879e-01  9.8523919853012065e-01  2.5405795733476633e-01  9.8285830332778445e-01  
q[503]: 5.3695142766876816e-04  9.3230856488435865e-01  8.8636622085919325e-01  5.6017328412198508e-01  9.1943433034771260e-03  
q[504]: 1.6428735835708295e-03  8.7179796379045349e-01  9.0423547740300714e-01  4.1470182079189416e-01  9.2283055965127214e-01  
q[505]: 1.5093922153949387e-03  8.0377265035233858e-01  9.0141225110129730e-01  8.7190534196240543e-01  9.0950016816836199e-01  
q[506]: 1.0343648896047654e-03  8.9613304362795254e-01  8.7648188694910212e-01  8.8824062219817790e-01  6.0747483749493909e-02  
q[507]: 2.1379823774300144e-03  9.1419619169545197e-01  7.5973719354215263e-01  9.0599933223372997e-01  7.8343297363182796e-01  
q[508]: 5.1301318935845967e-04  9.2612810583764194e-01  9.9337536955704075e-01  7.6010631448472782e-02  2.2641902338220504e-01  
q[509]: 6.4140013945485639e-04  8.5542800980846501e-01  8.9725131977312544e-01  6.3595083239915053e-03  4.1034629503411285e-01  
q[510]: 4.5510006602155428e-04  8.2797752891439602e-01  9.7833795150353042e-01  1.8972731071750445e-02  7.7130570362812334e-01  
q[511]: 3.3022871732964161e-04  9.7999769253820346e-01  9.3178947862944228e-01  1.4595950975128194e-01  3.5019118498986306e-02  
q[512]: 2.1748594237090127e-03  8.1873201393564010e-01  9.4605566531795926e-01  3.0021898521447321e-01  2.9047656075216277e-01  
q[513]: 2.1965958648774535e-03  7.7240582753436349e-01  9.2505529707249290e-01  2.5457011914727395e-01  7.8768377816399848e-01  
q[514]: 1.5704365658560254e-03  8.4528285616473620e-01  9.4084347471546537e-01  5.7987711546508203e-01  1.5735231759121293e-01  
q[515]: 2.1270935272115817e-03  7.8397662714090954e-01  9.1547589655277639e-01  5.1711791836617094e-01  5.2165037564939998e-01  
q[516]: 2.2133582976537848e-03  8.8420463056270404e-01  9.0223853047565872e-01  7.7718640013959150e-01  5.2851698449628060e-01  
q[517]: 1.4259732532022496e-03  8.3374794830186105e-01  9.7655725037445418e-01  7.0854504546055708e-01  7.1619785513095424e-01  
q[518]: 7.0692994887141690e-04  8.8957981237710970e-01  9.8328728437818569e-01  9.2475900488240803e-01  3.8131363500229276e-01  
q[519]: 3.1344154387970210e-04  9.0648119547978689e-01  9.6126558929902273e-01  9.9678879992950564e-01  8.3453077761140437e-01  
q[520]: 2.4775047016014766e-04  9.2646294699616594e-01  9.8723484229805547e-01  8.8040701335956462e-01  9.7272912508482035e-01  
q[521]: 1.3106797654559768e-04  9.8208472615249998e-01  5.5588799487448298e-02  5.9428776170421381e-02  1.4138428096305783e-02  
q[522]: 4.6133570082266097e-04  9.6297021529844995e-01  2.6612645663435470e-02  5.7524789181494736e-02  7.7364652963816904e-01  
q[523]: 1.3997741228493905e-04  9.8247000504243454e-01  1.3219406836184025e-01  1.0266446439400174e-02  9.6559944580680912e-01  
q[524]: 5.9732769845399704e-04  9.7100144318595549e-01  2.6131079209187807e-02  3.0246244108484555e-01  1.3061047169150872e-01  
q[525]: 6.1231662267641803e-04  9.6718907905363849e-01  1.7887316363274473e-02  1.8689077158220579e-01  4.3911132583811874e-01  
q[526]: 1.3538767195196031e-03  9.7483419709448371e-01  1.3511445907286423e-01  2.6298698471392523e-01  6.8281652756888878e-01  
q[527]: 2.1650491724414722e-03  8.6304142689225227e-01  9.8499022903195510e-02  2.7034259215202938e-01  2.5853724274435036e-01  
q[528]: 1.2593416625903723e-03  9.3120552046576022e-01  2.5660202304975860e-01  1.7491586883447321e-01  2.9381583677082607e-01  
q[529]: 2.4464507792497652e-04  9.4714770027218853e-01  3.7130195964262834e-02  1.8849099920457987e-01  9.9344253232353696e-01  
q[530]: 1.3991257370395379e-03  8.4090273020857709e-01  5.0226792554656348e-02  1.7154703920658784e-01  6.3409751969661299e-01  
q[531]: 6.3864910062630680e-04  9.7628063360090622e-01  4.1377776978788854e-02  4.0722978498946671e-01  8.9238283463764922e-01  
q[532]: 3.5260768678908096e-04  9.1372969093446732e-01  7.5643543611425990e-03  7.1368555181618087e-01  9.6071015174331742e-01  
q[533]: 1.6441866731435655e-04  9.9013048811359405e-01  1.7083136123197323e-02  7.2218895375479963e-01  3.8978476633629695e-02  
q[534]: 3.5896276012500211e-04  9.9789514007079283e-01  7.7432269867579433e-03  6.1842286717423600e-01  5.7202814648918288e-01  
q[535]: 9.6508932142676197e-04  9.4638556088818127e-01  1.6088633081744716e-01  9.0414713888784781e-01  7.1477131251804715e-01  
q[536]: 4.2633737584685911e-04  9.8927111420345371e-01  9.2178801164735716e-02  8.8720305974256097e-01  1.6133946555080514e-01  
q[537]: 8.4820379588226088e-04  9.4163794070829898e-01  2.4314576268620734e-02  8.6948860146508722e-01  3.3278012404376373e-01  
q[538]: 2.4531127084342246e-04  9.9003348407271563e-01  5.9974105477755564e-02  9.8588839649162685e-01  5.8892539428778357e-01  
q[539]: 1.9635495793819198e-03  9.2720012331189017e-01  2.7446797693752883e-01  1.2509306250654337e-01  5.5896860381795177e-01  
q[540]: 6.6708521946741894e-04  9.6850227195609129e-01  2.5978886704983811e-01  2.4337715054272277e-02  6.8140244876828304e-01  
q[541]: 5.5344396832224057e-04  9.9550602516338893e-01  1.2779967104272857e-01  5.9560142284870714e-02  3.5668885551081247e-01  
q[542]: 6.7886431200716516e-04  8.9436029289630503e-01  7.9370966897378464e-02  4.1925172166439162e-01  8.3577467905920008e-03  
q[543]: 1.0393399439322603e-03  9.9369935350169902e-01  1.5490826184882711e-01  4.5580977185544502e-01  2.6027184993872160e-01  
q[544]: 1.3642328685154529e-03  9.5325591835349044e-01  2.8067636784146349e-01  5.5384409966405901e-01  8.9431665139035410e-01  
q[545]: 1.9760529196840553e-03  9.4066686947610800e-01  1.1300223752184531e-01  6.4388011166853054e-01  7.7364423139375715e-01  
q[546]: 3.7577771748282678e-04  9.9018467604948890e-01  6.0789238368783159e-02  8.5839764889084758e-01  8.8502828887396290e-01  
q[547]: 4.1016115546941174e-04  9.8672290134386587e-01  1.9596202094406986e-01  7.0864596946097136e-01  9.8577331381128441e-01  
q[548]: 1.8590023162697790e-03  8.4598343350944238e-01  1.1741013920391950e-01  7.5542185876073265e-01  1.3616616225372774e-01  
q[549]: 3.3232383953454142e-04  9.7359771990083710e-01  3.3296139268995079e-01  6.1399877345401990e-03  9.1914017012184004e-02  
q[550]: 3.2963645079505679e-03  9.3939102405980202e-01  3.3605446327079735e-01  3.3114791162317359e-01  4.1492379051519634e-01  
q[551]: 3.2018457635613774e-03  8.3409324440130950e-01  4.3536313923761971e-01  1.5631948414930086e-01  7.1570730446587116e-01  
q[552]: 6.2732026928027213e-04  9.7886821890914044e-01  2.3575513160239858e-01  2.6104701267659952e-01  4.2584536509121709e-02  
q[553]: 8.8761396568514273e-04  9.4161339985490666e-01  3.7822589610856017e-01  3.6351724202373792e-01  9.8658954222784112e-01  
q[554]: 2.1523341033123514e-03  9.2096087455379394e-01  1.0699836112932030e-01  4.2015871498929169e-01  5.3268243787810354e-01  
q[555]: 1.0109656284162988e-03  9.6591107243768060e-01  2.6876677633682461e-01  5.5701670210624621e-01  5.3813082548265195e-02  
q[556]: 1.3184762390078273e-03  9.8892073717545936e-01  2.1646521876830754e-01  7.8336478281296928e-01  5.2413717758992406e-01  
q[557]: 2.0001112145682817e-03  9.4768925670047266e-01  2.4249016264774020e-01  7.2182734718139641e-01  2.7105317137224993e-01  
q[558]: 2.1438516984925871e-03  9.4342497411138415e-01  3.9489361581776899e-01  8.9158821449761516e-01  4.9803810593903369e-01  
q[559]: 4.0213238777947837e-04  9.6811350744843438e-01  2.6949703080351939e-01  9.8314189049502121e-01  9.2250015599654889e-01  
q[560]: 1.0987902924784851e-03  9.8959726316008711e-01  4.4370930447923984e-01  1.6347629985968518e-01  1.8251829357661697e-01  
q[561]: 1.1931628886721426e-03  9.6975331313288327e-01  4.6308487396629777e-01  9.4933836157711074e-02  8.1477794516467206e-01  
q[562]: 1.2389762539578000e-03  9.3433376003817858e-01  4.7899582964460358e-01  2.7666741476434688e-02  3.7989745759665611e-01  
q[563]: 7.4226705171600118e-04  9.8946407226823130e-01  2.4182361634972427e-01  2.1739631794801337e-01  9.0722181477436414e-01  
q[564]: 1.1627678577380948e-03  8.9947880657012347e-01  4.5270729010366834e-01  2.4405989401802786e-01  6.4243538615417178e-02  
q[565]: 8.9532606970997108e-04  9.7170126458823480e-01  4.6216214265928834e-01  7.5682510275082326e-01  2.1196674852710148e-01  
q[566]: 1.8046438522524382e-03  9.9056576608372282e-01  3.8400324562819932e-01  4.6480963581236201e-01  6.7416706312268548e-01  
q[567]: 7.1173003381984909e-04  9.2652400167397331e-01  4.8304404035789977e-01  8.7626859864607864e-01  9.8855082412517947e-01  
q[568]: 4.1979657109345573e-04  9.9482793182369600e-01  3.1226133231307968e-01  9.7070864311503768e-01  1.5276996428612385e-01  
q[569]: 5.4746160521880027e-04  9.9503760755747850e-01  4.4105001353195367e-01  9.1811878723359497e-01  7.7728651397190662e-01  
q[570]: 3.3049660816003557e-04  9.8435658901033862e-01  5.8998270945269060e-01  8.2169503195016161e-02  9.8099681949670758e-01  
q[571]: 1.0634623665787576e-03  9.9977379652148168e-01  6.0067710176321720e-01  1.6544507603330622e-01  5.2248341820744060e-01  
q[572]: 1.4800360727459194e-03  9.0113876034251550e-01  6.0289573454215817e-01  1.4168798326678772e-01  1.8677399749956636e-01  
q[573]: 1.9506095056326994e-03  9.1866014542302421e-01  5.4521529916303135e-01  2.7704252938634960e-01  8.9287882222407067e-01  
q[574]: 4.5933278427506908e-03  8.0885182673526435e-01  6.0411891478674595e-01  4.3380354114562997e-01  5.7342664141708632e-01  
q[575]: 1.2800576912352292e-03  9.9403429929231901e-01  5.4614521629570445e-01  5.7711445352477797e-01  3.2412619735362991e-01  
q[576]: 6.1601936084596648e-04  9.8165593190077260e-01  4.5318077675394991e-01  7.9439383658464591e-01  2.5139518499644745e-02  
q[577]: 1.3896223961607900e-03  9.7492130399218069e-01  5.3943091560667389e-01  7.7394562597622174e-01  8.8606836250486487e-01  
q[578]: 2.4379359212118546e-03  9.2189797172076748e-01  6.1676356225833917e-01  8.6019666469149769e-01  1.6475186826141322e-01  
q[579]: 3.1166165093144769e-03  8.6665944469301481e-01  6.4870344811551028e-01  8.1672915193878459e-01  5.4627189154440770e-01  
q[580]: 1.3302316743115875e-03  9.0240560062555575e-01  7.1250825754334612e-01  9.3672953153008262e-02  2.9759810722010643e-01  
q[581]: 5.3684380675307034e-04  9.5861976456079978e-01  6.5720064714360138e-01  1.4685272575675709e-02  5.6593582250929764e-01  
q[582]: 5.0848952295135257e-04  9.5510365711388678e-01  6.5312488983942296e-01  6.3933319278304701e-02  2.7583972261499230e-02  
q[583]: 2.2588146577480371e-03  9.1670510392672799e-01  6.1607617841247153e-01  2.7750459305541769e-01  6.8638000636609531e-01  
q[584]: 1.4135908613267711e-03  9.8440818417573839e-01  8.0361531999766500e-01  2.9967319403272036e-01  7.9065124027614309e-01  
q[585]: 6.0882780081585855e-04  9.8264141731281796e-01  6.4330127955771377e-01  3.4720101347773735e-01  2.2085292958642765e-02  
q[586]: 1.5817433212947565e-03  9.6387176063002922e-01  7.3823349062186006e-01  3.7925906659730962e-01  1.7962746182214562e-01  
q[587]: 2.5487115788733030e-03  9.3831446204347491e-01  6.7778761215615080e-01  3.5141515145692087e-01  4.1207211697194546e-01  
q[588]: 7.7191897639844085e-04  9.8842171268998014e-01  6.7053301302459978e-01  5.0238906925529270e-01  9.5225502155446839e-01  
q[589]: 1.0150644803592010e-03  9.8582854383798402e-01  8.0798074923344210e-01  6.7713383171345565e-01  9.7610663089113398e-02  
q[590]: 2.1655847099666314e-03  9.7569420736341794e-01  7.0353552603709824e-01  6.9466928518425475e-01  6.2946290327824517e-01  
q[591]: 1.1546568766482312e-03  9.8916268836490939e-01  7.7630058102929023e-01  8.7812031182885486e-01  3.6773989709263677e-01  
q[592]: 6.3347910011094563e-04  9.6509846276018496e-01  6.0098383349567586e-01  9.8754750060151875e-01  6.5946139700854745e-01  
q[593]: 5.3633748789520342e-04  9.8443180132961283e-01  8.0608249242481078e-01  3.3977753313428845e-02  1.8979696639113214e-01  
q[594]: 5.8425709344945989e-04  9.6968004929071072e-01  8.0333942932799995e-01  3.2528456627942910e-02  8.6764589952550530e-01  
q[595]: 1.1420595218474669e-03  9.1996364456874835e-01  9.2157109314643315e-01  1.3886579004820396e-01  6.9110998378081534e-01  
q[596]: 2.7253169613769183e-04  9.7258166526855816e-01  8.9323194911084292e-01  2.8035504158055341e-01  9.9395821162550901e-01  
q[597]: 2.2783750551128531e-03  8.7793068970805066e-01  6.7267171001222970e-01  5.6214760085587612e-01  8.6879428013983495e-01  
q[598]: 1.2471000760482557e-03  9.2662328657885851e-01  9.2569675676107399e-01  7.6435203408766716e-01  2.2517326373909732e-01  
q[599]: 5.7771919241378768e-04  9.5752560523420327e-01  8.9867781760926968e-01  9.7221253267823504e-01  5.3086258212992465e-01  
q[600]: 2.8880496036973240e-04  9.9566723028346826e-01  8.2336823872594078e-01  9.4915162581116308e-01  9.5183945518855095e-01  
q[601]: 2.9719618973416263e-04  9.9127501980966104e-01  9.5188976987766272e-01  3.4292108544972562e-02  5.6412220158966031e-01  
q[602]: 4.0827977748983055e-04  9.7191906398559436e-01  9.7899406266680833e-01  1.4894482371351372e-01  8.8595723251798386e-01  
q[603]: 1.5104498169482570e-03  9.6506837453838834e-01  8.8051960376011185e-01  1.9330930571011842e-01  3.8703574769939753e-01  
q[604]: 1.0519378783023336e-03  9.0190974819302383e-01  9.8593858311678906e-01  2.9035838440769929e-01  5.4044509112277916e-01  
q[605]: 6.1475916866029004e-04  9.8506194302008754e-01  9.4753871723947802e-01  3.5252858929602515e-01  1.7614512872091456e-01  
q[606]: 2.7508353701504434e-03  9.2493931168291799e-01  8.3451252827757405e-01  5.4833458106828559e-01  3.8404922327558844e-01  
q[607]: 7.6257981772525968e-04  9.9089872530683032e-01  9.4422103604087093e-01  4.7797162649891717e-01  5.7263898820697023e-01  
q[608]: 1.7500624642237343e-03  9.2400387202923639e-01  8.4362416949607888e-01  4.9039166495872338e-01  6.8290501523507086e-01  
q[609]: 6.1498338762191486e-04  9.1323883009115181e-01  9.9309148117702928e-01  4.6482437062464310e-01  8.0708724003850374e-01  
q[610]: 4.7782299893551919e-04  9.7909299777015135e-01  9.9063784755934148e-01  6.7096704909024119e-01  3.3651922728257033e-01  
q[611]: 1.1228169639614392e-04  9.7716248787836124e-01  9.9913151812457912e-01  8.1975150048997236e-01  1.4052522522178409e-02  
q[612]: 1.1961869886503050e-03  9.6242393831019801e-01  8.9458532403960001e-01  7.1365529123899651e-01  8.5413770846376058e-01  
q[613]: 2.5462350728122684e-04  9.8036328088779101e-01  9.6890806735916268e-01  5.7391019743692917e-01  9.5401963626614483e-01  
q[614]: 2.7364274638576726e-04  9.8465388000967247e-01  9.4060644252523407e-01  9.6443647076463146e-01  1.4246947119171682e-01  
q[615]: 4.9156564677693346e-04  9.8562147124452781e-01  9.6329289461158984e-01  8.6955481837715709e-01  7.0172617304519480e-01  

