deg: 7
dim: 4
nodes: 81
efficiency: 0.814815

q[0]:  9.7543386304244258e-03  9.4817499762305996e-02  1.2673877988492668e-01  2.5298410979516878e-01  7.0009961529311951e-02  
q[1]:  9.0565173578109025e-03  1.3408593276026204e-01  3.6344862694429374e-02  9.1679222335539240e-02  7.0528533533634397e-01  
q[2]:  6.7830865522838929e-03  8.9851084387689364e-02  1.1669144637679862e-01  8.9931758306855258e-01  1.0365907020437701e-01  
q[3]:  1.1250625824411851e-02  3.7501380949070580e-02  1.3756224741298734e-01  5.4308584950012473e-01  4.2542132321958431e-01  
q[4]:  1.2143182980809896e-03  2.3165139792100695e-01  3.5244232433898631e-01  6.5817947990429604e-01  6.4854802103765952e-01  
q[5]:  1.0929438213944081e-02  3.8156511330088690e-02  2.1373245782171310e-01  4.0720688351655226e-01  9.3171700916406019e-01  
q[6]:  7.9574072334922252e-03  1.0265913452653751e-01  7.4939533545990880e-02  8.8370371038367013e-01  5.9466953195499783e-01  
q[7]:  1.5439284301505337e-02  6.9512079664311208e-02  4.0008970661965637e-01  6.1745023353857252e-02  3.3934237271372464e-01  
q[8]:  3.0179177874350848e-03  2.8866214781358740e-01  3.8732970517583920e-01  2.8406004779304433e-01  6.6083832885158145e-01  
q[9]:  2.1654132989009298e-02  2.4359444504610692e-01  3.8608026761006492e-01  4.5721283049162831e-01  1.0727980063957689e-01  
q[10]: 5.1766061612916188e-04  1.8412650640440578e-01  3.8985748721419422e-01  7.6572066483142509e-01  4.2602784164998814e-01  
q[11]: 1.1220599814588100e-02  7.1933112905504651e-02  4.4793030254906013e-01  9.4841745290258295e-01  8.1265244709398621e-01  
q[12]: 1.6768975691569054e-02  1.5883505022601321e-01  6.1404095336291153e-01  2.4148375766473559e-01  6.7461323075642154e-01  
q[13]: 1.0670197360613769e-02  1.1155325382781581e-01  6.1999296096501078e-01  7.8978791047916141e-01  3.2112768276760434e-02  
q[14]: 1.9018733712070749e-02  3.2093652978181710e-02  5.8331268863107766e-01  6.8325439223289075e-01  3.8698629175348814e-01  
q[15]: 8.2674734130994427e-03  9.7345400624296127e-02  5.6936243558326471e-01  4.5938674836048643e-01  7.4867471006410713e-01  
q[16]: 8.9668905290914858e-03  3.6252823689810754e-02  8.8386298362938076e-01  2.4036071876629500e-01  1.0313395119136753e-01  
q[17]: 9.5308651685063767e-03  4.9365664608091595e-02  7.9363880713346724e-01  1.0792617821770416e-01  8.5707932291646860e-01  
q[18]: 1.5833118094774688e-02  1.0858617615550545e-01  9.5383228375942397e-01  5.3170469836354928e-01  6.0893313144411199e-01  
q[19]: 8.2504005324448033e-03  1.0879630725930683e-01  9.0782902506108876e-01  9.6439155574259083e-01  2.8193489807361022e-01  
q[20]: 7.3822436379813424e-03  8.8855519811268865e-02  8.8900522674029547e-01  8.0888091090603464e-01  9.3728006156792165e-01  
q[21]: 8.7915148856199180e-03  4.4717129335030953e-01  6.4762512992551077e-02  5.5640264677946812e-02  1.5282766219056207e-01  
q[22]: 1.8508970475258166e-03  4.2255466167241662e-01  1.4625753679660469e-01  1.7051782970874296e-01  6.2614189051659164e-01  
q[23]: 1.8471555186294543e-02  3.3400357255451407e-01  3.2922370490981762e-02  4.8994580808126842e-01  3.7314781587162366e-01  
q[24]: 9.6051272724215556e-03  2.7029621349368044e-01  5.5177565620850161e-02  8.1550437126095554e-01  9.2950522993955043e-01  
q[25]: 9.8716877121605619e-03  3.3445628345169509e-01  3.3451570999098151e-01  3.3892482901873466e-02  9.6431098990598119e-01  
q[26]: 4.1929494502435159e-04  3.6258896896334186e-01  4.1284283376853087e-01  5.3119074307742831e-01  2.3673427778111314e-01  
q[27]: 2.8784938578716279e-02  3.3351709742896996e-01  3.0570686662515395e-01  2.5179090514690350e-01  6.5266066123328381e-01  
q[28]: 1.7823908201027201e-02  3.8008607335289579e-01  3.2854646486592798e-01  7.2946071243093313e-01  2.6327311765653827e-01  
q[29]: 2.4885755486514720e-02  3.2358663915396430e-01  2.7217043016318981e-01  6.9631262004134564e-01  7.1471767852280144e-01  
q[30]: 1.9269813851074933e-02  3.5285915717488081e-01  3.4156126295524941e-01  9.6329890718859146e-01  2.9435314631068049e-01  
q[31]: 1.4946480140711651e-04  3.9451540761320059e-01  4.1031107173424824e-01  6.6726298466042733e-01  6.6526694025899191e-01  
q[32]: 1.1092176854432281e-02  3.7076503143072609e-01  6.2144994505634299e-01  4.8278034549954940e-02  3.4955207197124125e-02  
q[33]: 5.8603113521517162e-04  4.0320860091847371e-01  6.1028450272263346e-01  3.3818274943009208e-01  6.3491475655030127e-01  
q[34]: 2.0456932079534199e-02  3.0860847836357602e-01  6.1968364043839874e-01  5.7686934187789618e-01  9.5747144037056120e-01  
q[35]: 2.6510742099350126e-02  3.6132298095572746e-01  7.5262220419399195e-01  8.7983906146798196e-01  6.1864684123640135e-01  
q[36]: 1.1824085680305532e-02  2.9481191681344104e-01  9.4451359650851363e-01  3.6776155038584162e-02  4.3499152287119053e-01  
q[37]: 1.3224598041899509e-02  4.2595915443599636e-01  9.3627211343404604e-01  2.3891467385054685e-01  9.3392865557983096e-01  
q[38]: 3.5013656577932657e-02  3.0716704794267807e-01  7.3617553746226660e-01  3.2966641695164645e-01  3.0537427799804517e-01  
q[39]: 1.8646885829051399e-02  3.8515401075497102e-01  9.3697017297274598e-01  6.7376783120902173e-01  1.0366141863943498e-01  
q[40]: 7.8195492044427460e-03  3.9756747925479852e-01  7.4533663589551513e-01  7.1265664670357520e-01  6.6648517566139631e-01  
q[41]: 1.5492379890738558e-03  4.2784125806767781e-01  7.4477845700128742e-01  6.4632960867245637e-01  6.9847294853188768e-01  
q[42]: 9.0581264353970358e-03  5.9703212804125971e-01  2.5488276058241205e-01  3.0056659583793061e-01  3.2734265338553170e-01  
q[43]: 1.3234379470943521e-02  5.7406527943948116e-01  6.3782102880858588e-02  7.6103038985171645e-01  6.6114390500695008e-02  
q[44]: 1.8644426494690343e-02  6.1487662231473328e-01  6.3027623180181500e-02  3.2622173713067448e-01  8.9634330434059406e-01  
q[45]: 1.1829061566480023e-02  7.0518663908076906e-01  5.5521687605867322e-02  9.6319519003565279e-01  5.6501176218701632e-01  
q[46]: 2.6794467900831787e-02  6.3818918565605764e-01  2.4707700491559625e-01  1.2058118872564197e-01  3.8125440772601610e-01  
q[47]: 1.2561409345035308e-04  6.0191648228217220e-01  3.8310344837258653e-01  3.3715350440583203e-01  7.2587541261131905e-01  
q[48]: 2.0457800065871765e-02  6.9145466473170514e-01  3.8027126459916671e-01  4.2307224642004049e-01  4.2535091355588230e-02  
q[49]: 3.5104655570525091e-02  6.9219575800803868e-01  2.6407961988091105e-01  6.7026194111032567e-01  6.9433248335686792e-01  
q[50]: 1.1085577923702624e-02  6.2920707836235668e-01  3.7856077303421454e-01  9.5177209309929245e-01  9.6508793604497911e-01  
q[51]: 1.9259335185067790e-02  6.4710464060032669e-01  6.5848436783936548e-01  3.6668495058202501e-02  7.0565888748139616e-01  
q[52]: 1.7768945517133445e-02  6.2140656400744054e-01  6.7168876493816154e-01  2.7060522242330820e-01  7.3730743869004345e-01  
q[53]: 9.8685964472517498e-03  6.6558459969808748e-01  6.6548431180942635e-01  9.6611045933954709e-01  3.5654869175696345e-02  
q[54]: 3.0970977042161774e-02  6.7061521519523637e-01  6.8670344893587731e-01  7.4477584785856132e-01  3.4642616622565447e-01  
q[55]: 9.6061594355773567e-03  7.2971572853752686e-01  9.4480846702029042e-01  1.8447317240863537e-01  7.0491510129325946e-02  
q[56]: 2.5279699645014010e-02  6.7619471890877914e-01  7.2727890426996167e-01  3.0406190446036530e-01  2.8592970007712154e-01  
q[57]: 1.8465050066184045e-02  6.6606113003760015e-01  9.6710685696487331e-01  5.1006375111207480e-01  6.2678613064326372e-01  
q[58]: 2.4146139906288389e-03  5.7928776483543087e-01  8.4069359566436463e-01  8.2424669045343124e-01  3.7297423247093997e-01  
q[59]: 8.8181287454368647e-03  5.5267423781797775e-01  9.3510494614813799e-01  9.4427998363402266e-01  8.4689991483616489e-01  
q[60]: 7.3866137148407597e-03  9.1114492781160505e-01  1.1099927456006653e-01  1.9114284957487673e-01  6.2805146218753174e-02  
q[61]: 8.2568657672447126e-03  8.9116555998514957e-01  9.2241988657054200e-02  3.5647841059711971e-02  7.1808570083755929e-01  
q[62]: 9.4746232865140587e-03  9.5082151021287609e-01  2.0606376387099382e-01  8.9233439238472445e-01  1.4267190017813539e-01  
q[63]: 1.5835221302624894e-02  8.9141941898620858e-01  4.6187527084269854e-02  4.6833090428432567e-01  3.9112284406634179e-01  
q[64]: 8.9858032356288087e-03  9.6361673314322738e-01  1.1622891801379368e-01  7.5959781936012127e-01  8.9676768682632624e-01  
q[65]: 1.0655043920128218e-02  8.8852713507968040e-01  3.8005104958775460e-01  2.1021032008837284e-01  9.6799983043746085e-01  
q[66]: 8.1431985500836027e-03  9.0332824141097745e-01  4.3030558076036141e-01  5.4174403874953891e-01  2.5065658338434710e-01  
q[67]: 1.9030304451451697e-02  9.6787633885614766e-01  4.1669536918536509e-01  3.1672176284472581e-01  6.1300139260754827e-01  
q[68]: 7.6258242354843226e-04  7.2592344422127730e-01  4.6399334040683099e-01  6.4527029465746666e-01  3.7259779730740800e-01  
q[69]: 1.6794727465058244e-02  8.4154259096910589e-01  3.8523271528531933e-01  7.5910217704438665e-01  3.2405782952367151e-01  
q[70]: 1.1214651643139142e-02  9.2804295859585029e-01  5.5200604026248545e-01  5.1513884110712553e-02  1.8731114099793908e-01  
q[71]: 4.6046780625910207e-04  8.0412422497291969e-01  6.0370107072673318e-01  2.1695528712410753e-01  5.7507616967479380e-01  
q[72]: 2.1806321898613902e-02  7.5614207907053055e-01  6.1379442517257055e-01  5.4268754529245056e-01  8.9229492578344005e-01  
q[73]: 1.5450132266550049e-02  9.3046252366868665e-01  5.9990836628307631e-01  9.3820951847378065e-01  6.6062802535774257e-01  
q[74]: 7.9728879024197202e-03  8.9733849996641546e-01  9.2494217143928259e-01  1.1643602635517836e-01  4.0531702885345428e-01  
q[75]: 6.7747465241525008e-03  9.1023762976312561e-01  8.8336451675257799e-01  1.0062396233929878e-01  8.9635827232180598e-01  
q[76]: 1.0683228913046343e-03  7.9526190463263879e-01  6.1394671913284049e-01  3.4614798548203984e-01  3.5498703309128538e-01  
q[77]: 1.1264319530102177e-02  9.6242750947631550e-01  8.6231460714331820e-01  4.5702496266637116e-01  5.7475529263054448e-01  
q[78]: 1.0936846186041018e-02  9.6181078654534724e-01  7.8623056379415635e-01  5.9272558424637689e-01  6.8329808795555697e-02  
q[79]: 9.0672210282115445e-03  8.6586014191833138e-01  9.6361881308739228e-01  9.0825796083122556e-01  2.9471044884226261e-01  
q[80]: 9.7414033914428912e-03  9.0520310658091274e-01  8.7333602362977769e-01  7.4710132128097051e-01  9.3013207366241435e-01  

