deg: 13
dim: 4
nodes: 534
efficiency: 0.891386

q[0]:   2.6982499706645490e-04  1.3011101179289872e-02  2.0432603833372375e-02  1.1689894030277040e-01  6.2943953076960019e-02  
q[1]:   7.7789367114657212e-04  3.8659156582579027e-02  1.5455549970790439e-01  5.0809392129141581e-02  2.2911326692877101e-01  
q[2]:   8.3530292048066392e-04  2.8636159393885904e-02  6.5664891276060788e-02  4.8522306451341243e-02  5.8874935347649426e-01  
q[3]:   3.2714872924710122e-04  1.8862681900917971e-02  4.8772262219331439e-02  7.7873359411026258e-02  9.3699158736369059e-01  
q[4]:   9.5039082956782780e-04  5.2852143233944646e-02  2.2116305955106599e-01  3.8184138375151538e-01  1.4264355049044379e-02  
q[5]:   1.3375784743466762e-03  2.3931253489995700e-02  8.1522802355805404e-02  4.1419003839700524e-01  1.4214049205159091e-01  
q[6]:   2.2926212954553116e-03  6.1987981514426339e-02  9.5700830734321729e-02  3.0131794518439436e-01  7.1231137962902524e-01  
q[7]:   2.1616122366963546e-03  1.6173339770035838e-01  1.0321584492132305e-01  6.2474143667598792e-01  1.9153513863712682e-01  
q[8]:   8.8174648619302810e-04  1.9923881931163394e-02  2.4982377618146801e-02  4.7613071378417959e-01  5.9434020990935443e-01  
q[9]:   5.7415036369265786e-04  2.6459787252904748e-02  4.7884427272800720e-02  3.9853533990550466e-01  9.5381074961125634e-01  
q[10]:  1.4563200646295915e-03  5.3255172744737275e-02  2.8590633891712493e-02  7.3194083197636273e-01  2.9270685516832889e-01  
q[11]:  2.9313500274074696e-03  1.1416778032937130e-01  9.4340306124619785e-02  7.8551812868335702e-01  6.4869639579215421e-01  
q[12]:  5.7258054241445119e-04  1.0273283446881215e-01  2.0748523434391798e-02  9.4230703164381535e-01  9.3802990594551383e-02  
q[13]:  6.4809640740815791e-04  1.5089557536976828e-02  6.9932184539503908e-02  9.3570979595763393e-01  5.1247422484495320e-01  
q[14]:  4.5572228847383709e-04  2.6957446975776185e-02  1.4832397941753964e-02  8.8817117265452084e-01  8.5484752478943027e-01  
q[15]:  9.3922781252251937e-04  1.4346017926437252e-01  2.5720229423456681e-01  1.4156009118432822e-01  1.4986550359449324e-01  
q[16]:  1.6170551846935183e-03  1.2869442439715287e-02  2.1766190560074411e-01  1.9646962720764147e-01  3.6708336993583773e-01  
q[17]:  2.3871102357008837e-03  1.2467047705877508e-01  3.0558722044505954e-01  8.2926836395889325e-02  6.5011560929270429e-01  
q[18]:  1.5628346900717436e-03  1.0738455890600168e-01  1.6709376245144850e-01  2.9771925176444425e-01  8.9007384029266701e-01  
q[19]:  3.3573889473326884e-04  1.4574680509484331e-01  1.6236585004043272e-01  3.9131625545527565e-01  6.4680435367332145e-01  
q[20]:  1.2203744836024692e-03  5.5011139856390501e-02  2.7441199167592217e-01  5.9344792955193604e-01  1.4298079512570400e-01  
q[21]:  1.7628468635326416e-03  1.1587069331010454e-02  1.9807900294571743e-01  6.3937606512724376e-01  4.5623103683050559e-01  
q[22]:  1.6217789566582643e-03  1.4956628419555897e-02  1.9161889850980335e-01  6.7808904403995851e-01  8.5134221663519327e-01  
q[23]:  5.4575206053386464e-04  9.3046277203983428e-03  1.1886387943815092e-01  8.2964318868078035e-01  4.2067860171603126e-02  
q[24]:  3.7516565947439860e-04  2.3284351763417307e-02  1.2666859197580382e-01  9.8137655349818498e-01  2.0720903177062458e-01  
q[25]:  1.1919040106383408e-03  6.5745502405615081e-02  2.5417695690946285e-01  8.4245378211507782e-01  6.1823071980227629e-01  
q[26]:  4.2505705195208272e-04  3.3448876392368224e-02  1.7248970169343730e-01  9.5427143234065570e-01  9.7324245712756419e-01  
q[27]:  5.0321976337520979e-04  2.9909059624704873e-02  3.7116750891795414e-01  2.1587080389109638e-02  1.1638366846754562e-01  
q[28]:  5.2990058081114541e-04  3.3754836513309308e-02  4.2609811685244636e-01  2.9611121625881399e-02  9.5750822686996129e-01  
q[29]:  8.5861808351671157e-04  2.3110880624626313e-02  3.9387748717068366e-01  1.6058578413963148e-01  4.5363832399273003e-02  
q[30]:  1.5680771701079266e-03  1.2010811977640775e-02  2.8958397429230259e-01  1.6492861031812464e-01  8.0580332122997866e-01  
q[31]:  2.6104611223570742e-03  9.4030378025057634e-02  1.9743993504164864e-01  4.0138354807831234e-01  4.0885852662474242e-01  
q[32]:  2.6465781377781237e-03  1.8260137912800825e-01  3.8934789724264812e-01  3.3426246615157235e-01  8.7982627412180792e-01  
q[33]:  1.3266389517001341e-03  4.6062130307818354e-02  3.2384973960495922e-01  4.9394680411134390e-01  9.6714250367003685e-01  
q[34]:  2.2173471992771149e-03  5.1927668465020040e-02  3.0710374990468331e-01  8.2853428626823422e-01  1.8278449815469150e-01  
q[35]:  1.1484546592070604e-03  9.6344228991213629e-02  3.9391420653458964e-01  9.8408668251848475e-01  4.9888503839979642e-01  
q[36]:  1.2870084256001895e-03  2.2631988624930353e-02  3.5539110761404830e-01  9.2581609955709998e-01  7.0575663237582842e-01  
q[37]:  8.6085123558555252e-04  2.3150843108044387e-02  5.7925630340145062e-01  3.4014412885131545e-02  6.8974769783532042e-01  
q[38]:  6.7989753512474860e-04  1.2644757541052426e-01  4.5994931580856246e-01  1.6324268737001135e-01  3.3473148210598691e-01  
q[39]:  1.1439754124498115e-03  4.8876389653371932e-02  5.4226461992041242e-01  2.8195366399780181e-01  9.6862904130218264e-01  
q[40]:  2.8198067807514520e-03  1.2711921866651438e-01  4.7460480148951700e-01  3.2622693428269067e-01  1.1737780063073748e-01  
q[41]:  2.6081436526105735e-03  5.0412423687934686e-02  4.6862575840963905e-01  2.7286664104938929e-01  5.3864128345791362e-01  
q[42]:  2.3531511041050123e-03  9.1231080502624812e-03  5.0898062507271191e-01  4.9992874166700224e-01  2.2083969249131172e-01  
q[43]:  1.7281886917971650e-03  1.8736303899679379e-02  4.4716536490607672e-01  4.3965389110496100e-01  7.1300736855730273e-01  
q[44]:  2.6225455416541482e-03  2.9573528319902998e-02  5.0858578240362196e-01  7.7482924920388130e-01  4.9302724741960252e-01  
q[45]:  4.7950040250515566e-03  9.2083294896562654e-02  5.3980487278104283e-01  6.6138334103437812e-01  8.0926756663026689e-01  
q[46]:  9.0597911567616592e-04  2.8983671895262353e-02  4.9643136664204823e-01  7.0845672661631542e-01  1.9593847346132478e-02  
q[47]:  6.5044867912942173e-04  2.0550130128758153e-02  4.1162721032056959e-01  9.7565158054757262e-01  2.6450321151015405e-01  
q[48]:  1.0278968496091521e-03  1.4215968250120203e-02  6.3332430749411261e-01  5.4565478204952146e-02  2.9409817793694587e-01  
q[49]:  1.7210462860183815e-03  4.6712966185758577e-02  6.2853807434540676e-01  1.7264324009220236e-01  5.0097233968005062e-01  
q[50]:  5.0984164856674667e-04  4.7520063632933783e-02  6.7094798756763319e-01  1.9063610820207819e-01  1.8472299818434304e-02  
q[51]:  2.0290537168112920e-03  7.9513940136637734e-02  6.6845837265148911e-01  1.4395248662866891e-01  8.7160699161851896e-01  
q[52]:  1.3676092375503439e-03  1.1308741419445083e-01  6.8893269336980711e-01  2.9985626962607576e-01  2.7772368163392380e-01  
q[53]:  7.7898580231547854e-04  9.1033027039994732e-02  6.9662713531370579e-01  5.2142422469997163e-01  1.7460343050701928e-02  
q[54]:  2.0786165303523256e-03  1.5069766815040972e-01  6.2755705599723277e-01  6.3876793840527979e-01  1.5334592132089164e-01  
q[55]:  9.5107465604184606e-04  2.1717540243407229e-02  5.5589249297026166e-01  8.1019183702408737e-01  9.7003660287708027e-01  
q[56]:  7.2637007841074095e-04  2.7528570493323804e-02  6.3602935313974107e-01  9.4826333335982393e-01  5.9579436049095255e-02  
q[57]:  7.5705853941069766e-04  2.0313832533675732e-02  6.6732386248330200e-01  9.8029438552556369e-01  8.3360444545502399e-01  
q[58]:  3.4635862177783452e-04  5.1488805884598768e-02  8.2047200248418994e-01  1.9687011946442758e-02  2.8820590451162208e-02  
q[59]:  4.3136356605558135e-04  2.0841533131262229e-02  8.6602105444607735e-01  1.0786844604648398e-02  7.9888000856866082e-01  
q[60]:  5.1481421816835138e-04  1.7455652376685057e-02  8.6907863343054048e-01  1.4991369044799949e-01  9.7381989039176209e-01  
q[61]:  1.2375854243536278e-03  1.6087365671175777e-02  7.9505301795947414e-01  3.1877998539049185e-01  9.1637004657250665e-02  
q[62]:  1.4297911822578921e-03  1.0270821813037763e-02  7.2779041757659191e-01  4.2640566507071742e-01  8.6011406932319168e-01  
q[63]:  1.6073248486702561e-03  8.0562666581068601e-02  7.4814774272894058e-01  7.0286089514617578e-01  8.8800095456711289e-02  
q[64]:  1.8262134141459972e-03  3.9857989960356902e-02  7.0773112327121090e-01  8.9689221687433307e-01  3.1913477834468340e-01  
q[65]:  1.4526030022917473e-03  9.9232966840862077e-03  8.1626522051048711e-01  8.0083290456967837e-01  6.4920460910588107e-01  
q[66]:  4.8582394794220685e-04  2.3038722391912285e-02  9.7063159779228492e-01  8.8878973790648297e-02  1.3489818071866200e-01  
q[67]:  6.4246581836688939e-04  1.9043770179976060e-02  9.1176740092979569e-01  8.9787029753897046e-02  5.0538811616719137e-01  
q[68]:  5.7385136072621464e-04  1.1281255777597660e-01  9.8086849660248465e-01  6.3545671837358153e-02  9.1853777000203662e-01  
q[69]:  1.4053441853824136e-03  3.2078137149681482e-02  8.7201497329457256e-01  2.3706839616065473e-01  3.4245316364586414e-01  
q[70]:  1.0829648821077259e-03  2.9872765580475590e-02  9.7070563886673522e-01  2.6135717878167231e-01  7.4351601045649762e-01  
q[71]:  1.4099113232642979e-03  2.4414065165627948e-02  7.4140514889376596e-01  3.3937911565999640e-01  5.5065400267589371e-01  
q[72]:  6.3971742448416455e-04  4.0974156530239808e-02  9.5497290437770432e-01  5.4401441092121638e-01  3.2219140068434515e-02  
q[73]:  2.3353715626382686e-03  7.5424435317600957e-02  8.2346461579558228e-01  5.7362480146035910e-01  3.5211547279907368e-01  
q[74]:  1.2244914544361763e-03  2.1751951158092118e-02  9.6724997888446906e-01  5.3901601176390934e-01  4.2127544820448615e-01  
q[75]:  2.3428820186714165e-03  5.4165361959318217e-02  7.2652039264461898e-01  5.7635568501062984e-01  6.3466150849001046e-01  
q[76]:  1.8087736100107165e-03  1.3049169304292144e-01  8.7483903266821350e-01  3.3214148561223572e-01  8.6265881694150626e-01  
q[77]:  9.7292632414552199e-04  3.8993143460849651e-02  9.4710742111569957e-01  6.2997070990069437e-01  8.5307538026802077e-01  
q[78]:  1.0876358406635386e-03  1.1613718280645724e-02  8.7523466967762253e-01  7.7094524452899682e-01  1.7269346124647778e-01  
q[79]:  5.7872706419955465e-04  2.9380273841497009e-02  8.8032080021015624e-01  6.5139490766991770e-01  9.7846465420784834e-01  
q[80]:  2.6995449445915297e-04  3.4214805650239821e-02  9.5859087082666350e-01  9.3865222574493345e-01  3.8982114312203234e-02  
q[81]:  7.1629922755585675e-04  3.1850602371749900e-02  9.4055652650390320e-01  9.6961295356321331e-01  4.4895426879014888e-01  
q[82]:  1.6220201594466840e-03  1.0341382388184954e-01  8.6739759721698806e-01  9.1273974979106887e-01  7.0502329072287073e-01  
q[83]:  3.9025898039664152e-04  2.6339728087641949e-02  9.7461536726660380e-01  9.1875575718123748e-01  8.9388903081922411e-01  
q[84]:  5.5962741980181792e-04  1.3916613508101122e-01  3.1135491598121508e-02  1.3988673879970121e-02  2.4251373775969345e-01  
q[85]:  3.7135699863272945e-03  2.1396041039317301e-01  1.0753702402942382e-01  1.5617175751811851e-01  5.3425679327605891e-01  
q[86]:  7.7750885104461238e-04  2.0610874513716820e-01  4.6113952064352239e-02  2.6273237936398269e-01  2.3531650182922925e-02  
q[87]:  1.4151474691243375e-03  8.8183504413701250e-02  1.4998032424325599e-02  2.1789078885481777e-01  3.5545126848999192e-01  
q[88]:  1.1858591098074217e-03  1.6216779073757431e-01  1.1066469871079940e-02  1.3386480154054511e-01  8.2464912203980367e-01  
q[89]:  6.7962169093615480e-04  1.1220407637750483e-01  1.8789302959889537e-02  5.9686382932019910e-01  2.9778667709104159e-02  
q[90]:  3.0083930390885564e-03  1.8167506332999916e-01  1.1450374502137842e-01  4.5910621436054166e-01  3.4607664137981403e-01  
q[91]:  1.0646200434131640e-03  1.1481544634861375e-01  1.6438650228179252e-02  6.2566143215304215e-01  8.1710917556853657e-01  
q[92]:  1.0393043580761926e-03  1.1595707781207031e-01  7.8434779760259726e-02  7.3742987749730138e-01  9.8176449023234913e-01  
q[93]:  2.0920079082020950e-03  2.8478679654439143e-01  1.0077445398920537e-01  8.4691891789777285e-01  1.3116742532394343e-01  
q[94]:  7.8561192100803424e-04  1.7851239784942352e-01  1.7168304372880170e-02  9.6156911186016458e-01  4.5466810617679709e-01  
q[95]:  9.4408747919875081e-04  1.1926060975008436e-01  1.2360179326223961e-01  9.9462498792349630e-01  7.6731953533008013e-01  
q[96]:  4.5132686851206489e-04  1.1263795298294541e-01  1.4060600684324437e-01  3.1409937050664194e-02  1.5905055401674383e-02  
q[97]:  1.0217497286890503e-03  1.2620481509721054e-01  1.5964650984256354e-01  9.0774846218256121e-03  8.4836823076200185e-01  
q[98]:  2.2386947134873220e-03  1.4740405118794203e-01  1.3717365694642653e-01  1.7525106023987852e-01  1.1916645482067088e-01  
q[99]:  1.0732208334390881e-03  1.2117888601556916e-01  1.9714548122647294e-01  1.4793686282491192e-01  9.8757065152576773e-01  
q[100]: 3.9148414854622039e-03  1.2768132042378408e-01  2.5579371520457916e-01  5.2530196441841848e-01  6.6055717819838855e-01  
q[101]: 2.0339395487909491e-03  1.3189620325099494e-01  2.6465822870409450e-01  6.5418473945404720e-01  7.4811210938076314e-02  
q[102]: 2.5294888519357102e-03  2.6997896136770427e-01  7.9214456932687874e-02  7.0155002219242790e-01  4.7426528274295704e-01  
q[103]: 1.3153829593548327e-03  1.8577635960106725e-01  1.1855315295167920e-01  5.4365046487693447e-01  8.4825257955391953e-01  
q[104]: 3.1891893236677162e-03  1.3825503255598623e-01  1.8334472239649394e-01  8.9418259645943554e-01  3.4274601799129495e-01  
q[105]: 5.7616268926288761e-04  1.7965630624729348e-01  2.4536224524756056e-01  8.5874576566855176e-01  7.6737395291401334e-01  
q[106]: 1.7958166649053693e-03  2.3973355742432798e-01  1.8102441608096237e-01  8.8298212034420576e-01  8.7680979094594924e-01  
q[107]: 1.5019896034855866e-03  8.7330403840473775e-02  3.3242500386775037e-01  2.2654894562331596e-02  4.7090328868020265e-01  
q[108]: 2.3701531970692336e-03  8.8592094961630147e-02  3.5763582224521495e-01  2.9089237527560863e-01  2.5201970112590283e-01  
q[109]: 3.2466545105120700e-03  1.6736876121137967e-01  4.5068719041865213e-01  3.0333589630164670e-01  7.2473328663288972e-01  
q[110]: 1.6724618659180940e-03  2.2519983034370566e-01  3.5927854068154602e-01  4.3457998085298444e-01  4.1224811553479221e-02  
q[111]: 3.5948613875238476e-03  1.1753141678541155e-01  3.7780400346463366e-01  5.3656263244259228e-01  4.8320934232828988e-01  
q[112]: 1.9595421761708304e-03  1.9630540798023660e-01  3.2572308873645855e-01  5.2220225789881947e-01  9.2159345861708175e-01  
q[113]: 1.9835904148382206e-03  1.5897036708786338e-01  3.7099503918111465e-01  7.1828849697112440e-01  3.4139707138672831e-01  
q[114]: 2.1650165906263058e-03  1.0595191450049665e-01  3.5314741148071177e-01  8.7794267792767133e-01  8.8933371868554223e-01  
q[115]: 6.6060903132877577e-04  1.1711023421249837e-01  2.7160516156270831e-01  9.7707375479256031e-01  1.9950681671772927e-02  
q[116]: 9.6167474730916662e-04  1.8092650020162460e-01  5.4736528402596107e-01  2.9151144636701667e-02  4.4875154464264613e-02  
q[117]: 2.2558796636317365e-03  1.7154206577368872e-01  5.2900607408282474e-01  8.5945101418722067e-02  8.4706948888353362e-01  
q[118]: 3.8063626936865711e-03  2.0271426118112765e-01  4.3795110213834543e-01  1.0833814797320057e-01  3.2746687119009271e-01  
q[119]: 1.6038023466135854e-03  1.4427699364909771e-01  5.9775853568523196e-01  8.5119831201513108e-01  3.5752946898030558e-01  
q[120]: 3.1407817849110732e-03  1.7885911165556934e-01  4.7403221131006940e-01  8.8937849880365927e-01  9.7107372996309990e-02  
q[121]: 4.4160194953809890e-03  2.0455837546793587e-01  5.5568303343358494e-01  8.6962921732097076e-01  6.8695531822486922e-01  
q[122]: 9.4684791297005796e-04  1.7758683284097498e-01  4.6917883740875843e-01  9.8129702447948208e-01  9.5793639987411272e-01  
q[123]: 1.8777273589292202e-03  1.0582421005205218e-01  6.2055008014165092e-01  1.2039140882450818e-01  1.5244602226899934e-01  
q[124]: 1.4177929654924557e-03  1.9872666522540414e-01  6.3574708038615357e-01  1.1212806936263912e-02  4.9024269319437758e-01  
q[125]: 7.8514259752824461e-04  1.7749860758298652e-01  7.4752546673612152e-01  2.1602684100802783e-02  9.7531596543937349e-01  
q[126]: 1.7700735131957557e-03  2.1389267644345281e-01  6.0243354332763654e-01  4.4108732140440959e-01  2.7822534071582781e-02  
q[127]: 2.1591255067077791e-03  1.0883861252030856e-01  7.1035798908096548e-01  4.6400529583012057e-01  3.1148670609447404e-01  
q[128]: 5.0760482874221465e-03  2.1634456433943366e-01  6.5239061046070168e-01  4.3834058295816192e-01  5.1056458510121794e-01  
q[129]: 2.3880120434435687e-03  1.8048272725211134e-01  6.8064870837143676e-01  5.4215553372521663e-01  9.7820397389485558e-01  
q[130]: 2.5744931393342431e-03  1.2113721418616469e-01  6.4202187526841448e-01  7.0016460390787361e-01  3.4738097424599079e-01  
q[131]: 2.3817457496555394e-04  1.7331830946572360e-01  6.4100256881471052e-01  7.0779145450675673e-01  7.1392865992968868e-01  
q[132]: 9.4379838390933849e-04  2.1587726734599527e-01  6.2262958216512809e-01  8.7923733395589887e-01  1.8742297115664650e-01  
q[133]: 2.2105289335107715e-03  1.4086453719825184e-01  6.7885537482433644e-01  9.6867409573412266e-01  5.4729090967102512e-01  
q[134]: 1.8129192228659844e-03  2.4410433540369969e-01  8.3561242054382845e-01  9.8068673947969878e-02  1.1543758731370382e-01  
q[135]: 1.0058866168941598e-03  1.2058232191332308e-01  7.7757821296150120e-01  1.2819002798201090e-01  1.8543299767134577e-01  
q[136]: 3.3284917529728879e-03  1.2226023901657028e-01  8.0172395634389237e-01  1.2107817254349841e-01  6.7027096155546007e-01  
q[137]: 1.3699995191384594e-03  1.3442541414502276e-01  8.7436534099288188e-01  4.1457903017238540e-01  1.4464128086360811e-01  
q[138]: 1.2459577072065852e-03  1.4272797465974174e-01  7.6672416423380108e-01  3.4398498707246095e-01  9.0743574809979044e-01  
q[139]: 1.8843577184387899e-03  2.0543719078374156e-01  9.1409650512903684e-01  6.4665173829389733e-01  1.4501031334850201e-01  
q[140]: 1.3380172488505707e-03  1.7278610726184357e-01  8.4053277370148272e-01  8.4992511552887118e-01  1.4792156083304527e-02  
q[141]: 2.5039445462641178e-03  1.2211297474573754e-01  7.7689242584370055e-01  8.1531557554154288e-01  8.8993269185587698e-01  
q[142]: 1.1821110666737588e-03  1.3272265231494931e-01  8.3595581000052033e-01  9.8694530350984788e-01  1.6781124048205462e-01  
q[143]: 5.4826335363797297e-04  1.0099381116629924e-01  8.5018492048825800e-01  9.5460240823410980e-01  9.8341619901575972e-01  
q[144]: 1.0514631400349401e-03  1.1627500334772149e-01  8.5721727212045662e-01  1.3154045019561012e-02  2.8858007497693128e-01  
q[145]: 7.6481419751587133e-04  1.2154777634920996e-01  9.8516343399243833e-01  4.2313847872277870e-02  5.0833297334290861e-01  
q[146]: 7.7332595379828281e-04  1.4474533052616567e-01  9.3977122099753330e-01  1.8509837169325913e-01  1.2918066509906557e-02  
q[147]: 1.8915832780914057e-03  1.8513449190545475e-01  9.1575418760991145e-01  1.9480998619322465e-01  3.5394474416377897e-01  
q[148]: 1.3376556228374894e-03  1.1548938412897347e-01  9.8489122082194569e-01  3.3372681886713379e-01  1.9538332976519718e-01  
q[149]: 1.9319411474668735e-03  1.7623599079661809e-01  9.1559055819763091e-01  3.0483060754444552e-01  5.3018679925466805e-01  
q[150]: 3.2931949769514687e-03  1.3766033993361085e-01  8.8537553497279142e-01  4.7372650218230694e-01  6.7967291470784708e-01  
q[151]: 7.1629786768673774e-04  1.2184744510962625e-01  9.7793758810468134e-01  4.1399163077465867e-01  9.7406299716852507e-01  
q[152]: 1.2560595210429082e-03  1.1033328916197926e-01  9.8224191133298155e-01  8.3423193454402478e-01  2.1943655947245391e-01  
q[153]: 1.3796219517771794e-03  1.1217931403319524e-01  9.8699062562256012e-01  7.7526400765391879e-01  6.4297365447654298e-01  
q[154]: 2.0386907820447967e-03  2.4248422610879755e-01  8.8153399023506518e-01  7.0383521492252377e-01  8.9472228410193022e-01  
q[155]: 2.4033445217761023e-03  2.3974193620193648e-01  8.8651684762234662e-01  8.7572672286585229e-01  3.8722173612994265e-01  
q[156]: 2.9060409637548046e-03  1.7533466277596615e-01  8.9239501175013081e-01  7.2323857139721015e-01  4.7605761479173225e-01  
q[157]: 8.6820181885467512e-04  2.2582431199881337e-01  9.5070302571107512e-01  9.8962594960528227e-01  7.8819321453138969e-01  
q[158]: 7.7099494720202330e-04  3.5670871077622068e-01  2.2274170343374276e-02  6.2568062570756658e-02  7.2889734508491483e-02  
q[159]: 7.9112715329728608e-04  3.1962628088061978e-01  2.3738885152997314e-02  2.0166739365461931e-02  6.0244206847554393e-01  
q[160]: 3.4706845109057116e-04  2.9823765493370147e-01  4.3763262264751482e-02  2.9135082436174874e-02  9.8933525639090514e-01  
q[161]: 2.3257137087709240e-03  2.9493708136512503e-01  2.8841823776168726e-02  3.6478915065052031e-01  1.7572820242594717e-01  
q[162]: 2.1369721943639273e-03  2.6245506581192218e-01  1.3432311527470481e-02  5.1779584198491824e-01  5.3742382748612005e-01  
q[163]: 9.9632228981636427e-04  2.6391414385341649e-01  2.4530646016867511e-02  3.7689672003607999e-01  9.6747253663526522e-01  
q[164]: 1.4988914423406201e-03  3.6871407470125234e-01  1.3984359417193389e-02  8.1369836393126460e-01  2.4829131550069741e-01  
q[165]: 1.5517353590037448e-03  3.1250556996467599e-01  2.3303937717372599e-02  8.6766355581816412e-01  6.8539994431986817e-01  
q[166]: 5.8213266174137173e-04  2.4868606985864672e-01  2.4528408543068113e-02  9.5306940033843879e-01  9.4600399578191674e-01  
q[167]: 2.6328878264492497e-03  3.0353042660223745e-01  1.3598157228088756e-01  6.1293636129885934e-02  3.3830742826264498e-01  
q[168]: 3.0538310469304130e-03  3.0018234884086598e-01  2.7382130276724786e-01  1.1766395433686966e-01  7.0370443500912738e-01  
q[169]: 2.0513486451885538e-03  3.1116505480632684e-01  1.6079443079536940e-01  2.1343910537447008e-01  9.0696295335977306e-01  
q[170]: 3.3532448574203123e-03  3.4340331371314214e-01  2.7439975538892081e-01  2.7958790334392380e-01  1.4245659868503976e-01  
q[171]: 2.6181782393936846e-03  3.1020068623332236e-01  9.6019889086527810e-02  3.8523949941000057e-01  7.4000402575621949e-01  
q[172]: 2.9863542781330336e-03  3.3192167841506032e-01  1.8843368912042646e-01  5.8916015475080552e-01  7.3234142057278295e-02  
q[173]: 2.5912263258636970e-03  3.1084041769241949e-01  1.1867366474752016e-01  5.7328936169801847e-01  8.7887930732270214e-01  
q[174]: 9.4107818791243467e-04  2.5168659933726178e-01  1.1220374915709211e-01  8.2516363803541670e-01  1.1735885145009121e-02  
q[175]: 1.9947105178575206e-03  3.9059844616447448e-01  1.2593598259693464e-01  8.6520786303378050e-01  8.7275709728844642e-01  
q[176]: 1.1326999294905779e-03  2.9004828478844691e-01  1.3978061951995616e-01  9.8934201756107709e-01  1.8912043583701693e-01  
q[177]: 1.7164791768827139e-03  3.0347995927397847e-01  3.2400409062680013e-01  2.0380894704807601e-02  1.6333450464529767e-01  
q[178]: 2.1562329613090438e-03  3.3382364495367167e-01  3.5626620861690761e-01  5.8700110192265204e-02  9.2908044193750738e-01  
q[179]: 1.5412055200133157e-03  3.2098649711750465e-01  3.1463148357771298e-01  1.2655764141465359e-01  1.7707805646087454e-02  
q[180]: 3.9150108190695006e-03  3.2095791652803313e-01  2.6957410762649037e-01  3.9442695227304980e-01  2.9346578767142456e-01  
q[181]: 5.3865115180243050e-03  3.3843332000369497e-01  2.5320082874106531e-01  3.0217428023380066e-01  5.4802078836671964e-01  
q[182]: 6.5913552090834774e-04  3.3850714815498856e-01  3.3833201865659851e-01  3.2695439162325157e-01  8.3100383254645183e-01  
q[183]: 5.7465997573669632e-03  3.0993154836915116e-01  2.9613751062794813e-01  7.2265388569618760e-01  6.9139225783372049e-01  
q[184]: 4.3991946046136234e-03  2.9172579666938864e-01  3.4430740895026574e-01  7.0477383316628284e-01  3.1115612008733318e-01  
q[185]: 2.1805508244902546e-03  2.6424327188408792e-01  3.2452798225972113e-01  7.3602124394057811e-01  9.7966644544111425e-01  
q[186]: 4.0076622113717946e-03  3.1430224076031948e-01  2.6546956739685940e-01  9.3979614648860899e-01  5.0887434175625035e-01  
q[187]: 1.8307356111488377e-03  3.5497821152922793e-01  3.7788991554488888e-01  9.7903876522092748e-01  7.7231098120844333e-01  
q[188]: 1.7954641052912613e-03  3.4204461693781318e-01  5.3906637601026053e-01  8.5311481458408694e-03  7.3185901906473938e-01  
q[189]: 1.9465930834334749e-03  3.0642959848192713e-01  5.1336866370311895e-01  2.0508921376679207e-01  9.8239871774574794e-01  
q[190]: 3.5050067028918690e-03  2.6539453801489910e-01  5.2807303057804589e-01  2.4200455302267479e-01  4.7307044170881984e-01  
q[191]: 5.7675750340172921e-03  3.0580821582778595e-01  4.9854828991181982e-01  5.3033630829410894e-01  2.2965258273007461e-01  
q[192]: 3.5494061199617005e-03  3.3316943911186603e-01  5.1847561731009262e-01  4.6912511087751413e-01  7.8888233785721196e-01  
q[193]: 3.8888511023115022e-03  2.6641213588025464e-01  4.4528076327915811e-01  7.2728782890066335e-01  5.0262988612182480e-01  
q[194]: 1.1487477237780797e-03  3.2154670383292533e-01  4.9795568738180784e-01  6.2379395439485164e-01  8.6738410216317829e-01  
q[195]: 1.9525493887389239e-03  3.5844152684859776e-01  4.3444971791683062e-01  7.5702323510025216e-01  8.3109093244790738e-03  
q[196]: 2.3087824844837176e-03  2.9761167551383766e-01  4.9277342923899614e-01  9.8058857815930045e-01  2.5598325357206597e-01  
q[197]: 1.4326131215319504e-03  3.8161181064170824e-01  6.5122897461496454e-01  2.1803887730776496e-02  2.0150964661216436e-01  
q[198]: 4.1166360051099748e-03  3.3346342397711204e-01  7.6101551621318075e-01  7.7404276479459203e-02  4.8868444738067651e-01  
q[199]: 1.4777372379282934e-03  3.0363800644038169e-01  6.3687482433937115e-01  1.9470647422585724e-01  2.1699763221695447e-02  
q[200]: 4.0349901604397947e-03  2.7273201666243019e-01  6.4461246391994664e-01  2.7557156519984893e-01  7.0740516529575415e-01  
q[201]: 1.4110031295258897e-03  3.6801092773999899e-01  7.0292020354194040e-01  2.1260529851342846e-01  7.9830643716646288e-01  
q[202]: 4.7611571544476363e-03  2.9812837033695977e-01  7.1134619372055330e-01  2.9801578714926635e-01  3.0109253489017568e-01  
q[203]: 3.3660365586003342e-03  3.4628829775276843e-01  6.9322031432506048e-01  7.0648558984021692e-01  1.2111924614427552e-01  
q[204]: 5.2637051538958037e-03  3.5102943706022627e-01  7.5846461553902222e-01  7.3129375490108572e-01  5.1422276788430621e-01  
q[205]: 1.8486827391647842e-03  3.7765243215069094e-01  7.1175386758135595e-01  8.3934880835701497e-01  1.3099509529484121e-01  
q[206]: 1.5499265417183617e-03  3.4529636326506574e-01  6.4213395542392715e-01  8.5913163393237235e-01  9.8180543175332069e-01  
q[207]: 9.5469164346979700e-04  3.8069462838575502e-01  6.7828537406824552e-01  9.8177338489673560e-01  2.0846616399389544e-02  
q[208]: 2.5626263264950655e-03  3.1402461425857409e-01  6.8440768307391753e-01  9.3958908747056324e-01  8.4865216590702441e-01  
q[209]: 1.3230037994271511e-03  2.8819478882534572e-01  8.8759202165485473e-01  2.2116493042076784e-02  7.7251880310264398e-01  
q[210]: 1.4298156330025127e-03  3.8959907212612938e-01  7.8103465980817388e-01  1.6201362761016741e-01  1.4823341425800213e-01  
q[211]: 1.2875182980512741e-03  3.0926688533121688e-01  8.7065752787859185e-01  2.1444427823117154e-01  9.8588041675206439e-01  
q[212]: 3.1138808093450717e-03  3.0253354882916422e-01  8.5065432197441404e-01  3.9291340374463612e-01  7.0029890027012834e-02  
q[213]: 3.0295908170004642e-03  3.6800382985101671e-01  7.7903565395335217e-01  3.9186065848053797e-01  9.0193492544352760e-01  
q[214]: 9.2476561424036812e-04  3.5054836297029746e-01  6.9807971409677771e-01  6.8429019222769116e-01  8.8809368881432138e-01  
q[215]: 2.6648810791489114e-03  3.3264375876396551e-01  7.8988339683358710e-01  8.9951723487958835e-01  2.7480782630264378e-01  
q[216]: 1.3433904094764624e-03  3.4523158068949733e-01  8.7439428552183240e-01  9.2599377644487213e-01  6.1121719864658453e-01  
q[217]: 6.0106405345554555e-04  2.9846957430801796e-01  9.7476335613875498e-01  2.4149711806198904e-02  8.7574424570914675e-02  
q[218]: 2.0695099951660565e-03  3.0792511943700662e-01  9.2481056378958448e-01  1.4573716890517366e-01  8.6608662616083076e-01  
q[219]: 1.8904784506416452e-03  3.5353338301806952e-01  9.6486511407927478e-01  1.3020475651379237e-01  2.9826294929639069e-01  
q[220]: 1.3944946476356188e-03  2.8553783970542507e-01  9.8340995806581100e-01  2.1268731337342542e-01  6.7106704788933647e-01  
q[221]: 9.2128709613650557e-04  3.3438260840759670e-01  8.4127489328975258e-01  3.0929874182677991e-01  4.8594584142634883e-01  
q[222]: 8.5597692306625098e-04  3.4344682761206008e-01  8.2101515186565055e-01  4.8377155853553055e-01  6.8249105552728817e-01  
q[223]: 8.4768029496532058e-04  2.9520337984453093e-01  9.8815054512009681e-01  6.5272611036652917e-01  3.8681425467431724e-02  
q[224]: 4.0998896939630084e-03  3.4318418961997010e-01  9.1080407980962952e-01  5.6826033741417337e-01  2.7405979087396887e-01  
q[225]: 1.8826551245386964e-03  3.0631042068133801e-01  9.9229412024968378e-01  4.6324366789435162e-01  4.8068359614547479e-01  
q[226]: 4.9169028470175697e-03  3.0556935097682397e-01  7.1439429145803601e-01  6.2532293666484950e-01  7.0001532382819720e-01  
q[227]: 2.3319104601626050e-03  3.0125304639968953e-01  9.6758996229181016e-01  5.8587632430111314e-01  8.1416510902364536e-01  
q[228]: 6.0381061984168306e-04  3.0415270029246161e-01  9.7421608938750792e-01  9.6698230746409053e-01  8.9658396365319373e-02  
q[229]: 9.4724411929493154e-04  3.2983409494655197e-01  9.8221418934732030e-01  9.5373208408038845e-01  4.2161544958111014e-01  
q[230]: 1.5855685951611251e-03  3.7884760430535680e-01  8.5644441388793646e-01  8.3648299641978829e-01  7.6373123697144596e-01  
q[231]: 8.3921790431390779e-04  2.6606469208877825e-01  9.7929349894791407e-01  8.4047028363674270e-01  9.6710273861163143e-01  
q[232]: 1.6946594928352505e-03  5.0863431505107781e-01  2.2923101982053232e-02  1.3071987076317518e-01  3.0701068450697599e-01  
q[233]: 2.0210570954464109e-03  4.9620847584476052e-01  1.1785104979616834e-01  3.6815450920828230e-01  1.5991834004289201e-02  
q[234]: 3.1096328176913436e-03  4.7829053781038111e-01  5.3542747216196236e-02  2.9159592731075490e-01  4.5923812610347686e-01  
q[235]: 2.2499625200523778e-03  4.7166082642099072e-01  2.6344190075269978e-02  2.4880095048029532e-01  7.3440411564923447e-01  
q[236]: 1.4645063465636818e-03  4.9905017207900354e-01  1.6292041177712747e-02  6.3926678451601615e-01  7.2546948367227373e-02  
q[237]: 4.9787269262214504e-03  4.9911866773954400e-01  1.1712269744096440e-01  5.4796951837962748e-01  2.9211516275456256e-01  
q[238]: 1.8043186057647227e-03  4.8715387807443189e-01  1.8396442585153685e-02  6.4541958806801025e-01  8.4997110043736801e-01  
q[239]: 8.9002446265230362e-04  5.1387936811189572e-01  1.3413379364111666e-01  8.0166961296614048e-01  7.1815682590340124e-01  
q[240]: 9.9103063512963677e-04  5.1264962653162105e-01  4.0742413518589884e-02  7.5804814787891406e-01  9.7493181039071808e-01  
q[241]: 4.5994576124051747e-04  4.8503681930323644e-01  3.1627856615752022e-02  9.6849953450203996e-01  2.3414273192283317e-02  
q[242]: 1.1182930177002974e-03  5.1967168179381351e-01  3.8172291163386121e-02  9.6477139886763985e-01  3.6652357921869227e-01  
q[243]: 1.3388468790305516e-03  4.7486932456249720e-01  9.1689510817203529e-02  9.8412739983013364e-01  6.8457165861096259e-01  
q[244]: 7.8587001798209914e-04  5.4494255174990336e-01  1.3914374360583875e-01  1.5249434656726842e-02  4.6678647406644014e-02  
q[245]: 2.1187692703645636e-03  4.4496629357402140e-01  1.2467358545184620e-01  4.4640959720942154e-02  7.8981294490072385e-01  
q[246]: 2.2938985646142169e-03  4.8811373193796620e-01  1.2940251596552005e-01  1.4992537965753630e-01  1.4229094408790172e-01  
q[247]: 1.9160970461709380e-03  5.1899896016994995e-01  8.0534686085144552e-02  1.5410838123594259e-01  9.3566011526286941e-01  
q[248]: 6.0192526656720688e-03  4.8348102106477481e-01  2.3555960171440429e-01  5.1989003672355050e-01  7.0198385327697954e-01  
q[249]: 5.0743219720212522e-03  4.9485834184023719e-01  1.2100636592513488e-01  7.0090718939633012e-01  5.0625314160326307e-01  
q[250]: 1.8591885827242856e-03  4.7240213001370085e-01  1.3996439225570989e-01  8.8338953123009012e-01  3.8895630191966463e-01  
q[251]: 1.0060190826615631e-03  4.8407924521885204e-01  2.0587276525846526e-01  9.6166158011810599e-01  9.8358105132264362e-01  
q[252]: 2.3739584124028656e-03  5.1681623770223750e-01  2.5761148273185674e-01  8.6882420584738791e-03  4.7037854095266574e-01  
q[253]: 2.6620735862269642e-03  4.4998990856664944e-01  2.9365514228755357e-01  2.4793983749308188e-01  2.9556723036839416e-01  
q[254]: 1.2125047145844312e-03  4.8528706965794716e-01  3.1480411075191167e-01  2.4834115572256737e-01  6.6242276417716528e-01  
q[255]: 3.2371942217440217e-03  4.7944889431076027e-01  3.7822704290402998e-01  3.0639719947739041e-01  8.6286819965933692e-01  
q[256]: 3.4047552449495240e-03  5.1997623971854801e-01  4.3764066995132639e-01  5.0219918676847641e-01  6.3393513526320389e-02  
q[257]: 6.1690032229117491e-03  4.7895302437443987e-01  4.5068816425990238e-01  5.0199274567271168e-01  4.9857661715119783e-01  
q[258]: 2.3926914425199492e-03  4.7361617816043811e-01  2.1072555296208120e-01  4.3885238159256262e-01  9.8863499744299610e-01  
q[259]: 4.7676295635262957e-03  4.8671487203402058e-01  2.9314372247595111e-01  7.8814078647447772e-01  2.3066373735702922e-01  
q[260]: 2.8768314413515723e-03  5.4541726067037177e-01  3.5598186906681767e-01  7.5478715972142485e-01  8.4945222522634856e-01  
q[261]: 3.1963891395194923e-03  4.8862167033946668e-01  2.9168716496943969e-01  9.3466801200981753e-01  8.2113572720128855e-02  
q[262]: 1.2619042366045609e-03  4.8453220016800275e-01  5.1804460212568160e-01  6.2997296926662227e-02  7.5405386648224632e-02  
q[263]: 2.5562124912608173e-04  5.2953594912636093e-01  4.9603994248686539e-01  1.7111900681801953e-01  8.7185111788918201e-01  
q[264]: 5.0547184312514379e-03  4.8060784590705347e-01  4.8758688535371225e-01  1.2161551886268283e-01  3.3868209079226991e-01  
q[265]: 5.9516061449824695e-03  5.0398676894678895e-01  4.6581818652324603e-01  1.2190118858480446e-01  6.1357768146903358e-01  
q[266]: 3.6449691548432698e-03  5.3030507176789743e-01  5.1406038002505705e-01  2.8076108835431718e-01  9.8724548006607682e-02  
q[267]: 3.6392828436483684e-03  4.6977337773636368e-01  4.8558630058956076e-01  7.2005968613070559e-01  9.0109730853280301e-01  
q[268]: 5.9524237990442111e-03  4.9606222315808901e-01  5.3440575681910629e-01  8.7807452045074119e-01  3.8648540679947435e-01  
q[269]: 2.8039801875121782e-04  4.6900617029436054e-01  5.1189687120862837e-01  8.2449307778989156e-01  1.3039557799449666e-01  
q[270]: 5.0461314304639376e-03  5.1907627539505974e-01  5.1201185304694985e-01  8.7855971994507942e-01  6.6139462902592605e-01  
q[271]: 1.2611205432097111e-03  5.1521240316684125e-01  4.8176637072222744e-01  9.3710738906654778e-01  9.2443174093921632e-01  
q[272]: 2.8953512019929259e-03  4.5527827519371294e-01  6.4441365359123948e-01  2.4404606782540500e-01  1.5021524323643540e-01  
q[273]: 3.1948699774890211e-03  5.1133105654376299e-01  7.0837592433061447e-01  6.5295083597256248e-02  9.1789183176162437e-01  
q[274]: 4.7982292278339334e-03  5.1276458543270287e-01  7.0702224412162762e-01  2.1187420465770337e-01  7.6980425870588232e-01  
q[275]: 2.3921762465580784e-03  5.2640263973005874e-01  7.8936081715464557e-01  5.6123462954476844e-01  1.1372059795834310e-02  
q[276]: 6.0195883119257814e-03  5.1698637750713794e-01  7.6443160323359505e-01  4.7996697072859368e-01  2.9804517154065213e-01  
q[277]: 6.5874890820634691e-03  5.1954065361861990e-01  5.4581637097743596e-01  4.9814817619215457e-01  5.0144924206421582e-01  
q[278]: 3.4052560260898375e-03  4.8042123814747595e-01  5.6188794166380318e-01  4.9796017041999552e-01  9.3663352265969635e-01  
q[279]: 3.2298232075259033e-03  5.2157582711133177e-01  6.2250486573723973e-01  6.9240924758402156e-01  1.3686927427935172e-01  
q[280]: 1.2248941236564412e-03  5.1541604856094958e-01  6.8551310359503215e-01  7.5019148482123288e-01  3.3836179843490832e-01  
q[281]: 2.6652269595388266e-03  5.4948387971562340e-01  7.0610195350549354e-01  7.5257040961618871e-01  7.0428063138940156e-01  
q[282]: 2.3700826297422808e-03  4.8331199756702292e-01  7.4231030433085077e-01  9.9135593132544630e-01  5.2954433249559396e-01  
q[283]: 1.0058173146619631e-03  5.1602414247787665e-01  7.9413437766636419e-01  3.8323150790794638e-02  1.6424421884988410e-02  
q[284]: 1.8579232673837914e-03  5.2758267118402369e-01  8.5992557829908467e-01  1.1670419292777309e-01  6.1120890562957930e-01  
q[285]: 1.9136225287340631e-03  4.8083713292486796e-01  9.1955589716513197e-01  8.4584931559261167e-01  6.4339798061642070e-02  
q[286]: 2.3008873160197223e-03  5.1163092690903167e-01  8.7054252821761680e-01  8.5006365556123986e-01  8.5749683754716155e-01  
q[287]: 2.1209923907668190e-03  5.5500985106694978e-01  8.7527825588659958e-01  9.5531611715350606e-01  2.1022066849562643e-01  
q[288]: 7.8572217039849521e-04  4.5487901931312641e-01  8.6087244457005374e-01  9.8474958619675423e-01  9.5330513532242378e-01  
q[289]: 1.3381685147635643e-03  5.2511778882913651e-01  9.0835157790899013e-01  1.5889079977461897e-02  3.1542614627424592e-01  
q[290]: 1.1194502243749508e-03  4.8030767874739294e-01  9.6174346543643274e-01  3.5198441698097771e-02  6.3344310062045783e-01  
q[291]: 4.5916893552391027e-04  5.1491253360014999e-01  9.6842194106354795e-01  3.1441225451387833e-02  9.7660618899645246e-01  
q[292]: 9.9122630660436581e-04  4.8722888172105672e-01  9.5917716110412021e-01  2.4199950948412238e-01  2.5047097598928245e-02  
q[293]: 8.8688893793799773e-04  4.8812876284876511e-01  8.6562683020363484e-01  1.9811892559274358e-01  2.8126850173773926e-01  
q[294]: 1.8008225314543012e-03  5.1249418992729601e-01  9.8167658314812656e-01  3.5444554982415249e-01  1.4995178882573940e-01  
q[295]: 5.1083100361170404e-03  5.0463099963514524e-01  8.7885123298731771e-01  2.9941535433025623e-01  4.9421367084665235e-01  
q[296]: 4.9364186767664863e-03  5.0126436046811540e-01  8.8309762681247128e-01  4.5217667297240011e-01  7.0823521081980767e-01  
q[297]: 1.4636901507165130e-03  5.0091738270935371e-01  9.8372121894335707e-01  3.6080609479791903e-01  9.2747883218494986e-01  
q[298]: 2.2511357218903570e-03  5.2852181080914229e-01  9.7365493579366336e-01  7.5121397944224166e-01  2.6565443430080216e-01  
q[299]: 3.1098279138861906e-03  5.2183507877262558e-01  9.4643527006891370e-01  7.0831853265199884e-01  5.4078106028559803e-01  
q[300]: 2.0188837923849662e-03  5.0386611971352724e-01  8.8221352340430914e-01  6.3196812231064103e-01  9.8404463261452346e-01  
q[301]: 1.6958704059037476e-03  4.9123078966299127e-01  9.7706947672989664e-01  8.6923783649778941e-01  6.9294150157193313e-01  
q[302]: 8.3871398755571986e-04  7.3386618411016702e-01  2.0699601854048177e-02  1.5949911556169188e-01  3.2876029021478008e-02  
q[303]: 1.5939622102357162e-03  6.2046005910589841e-01  1.4365511284858432e-01  1.6342091395393218e-01  2.3623540493951475e-01  
q[304]: 9.4818611455890691e-04  6.7025112655180030e-01  1.7817798953476922e-02  4.6283039578131666e-02  5.7837967222920594e-01  
q[305]: 6.0364568875110160e-04  6.9585927818007698e-01  2.5749578600345213e-02  3.3044156649149149e-02  9.1038644119409851e-01  
q[306]: 2.3323702259820918e-03  6.9863995924035927e-01  3.2393008572239430e-02  4.1416068791370425e-01  1.8589215941692022e-01  
q[307]: 1.8842181057881356e-03  6.9365869220509913e-01  7.7380254263785244e-03  5.3681249873777726e-01  5.1947262359127189e-01  
q[308]: 8.4678969569958195e-04  7.0466873909260919e-01  1.1819430598132660e-02  3.4726136225811510e-01  9.6134931967546566e-01  
q[309]: 8.6260813645570704e-04  6.6267919137011155e-01  1.8349481028621181e-01  5.0923549212470720e-01  3.1655855025772284e-01  
q[310]: 1.3953809093010098e-03  7.1455458493626345e-01  1.6582423712703350e-02  7.8725795946742405e-01  3.2921267718988173e-01  
q[311]: 1.8922151488078877e-03  6.4662744798257299e-01  3.5154035114362894e-02  8.6981801070631337e-01  7.0196178221048133e-01  
q[312]: 2.0717222753087075e-03  6.9220527015841316e-01  7.5185905984381352e-02  8.5427048240891768e-01  1.3397730197987340e-01  
q[313]: 6.0124907139189380e-04  7.0148788173640297e-01  2.5269047555322919e-02  9.7583909175799788e-01  9.1247551911430846e-01  
q[314]: 1.3428961933690882e-03  6.5494968940529064e-01  1.2545011993707575e-01  7.4330348637309376e-02  3.8873030018363181e-01  
q[315]: 2.6624798282263054e-03  6.6734787803737916e-01  2.0988861691420457e-01  1.0043458275888929e-01  7.2525194810034332e-01  
q[316]: 9.2122392787627829e-04  6.5041169414430855e-01  3.0043443113348800e-01  3.1548157529962390e-01  1.1275832303770761e-01  
q[317]: 4.0959603908592903e-03  6.5707268738573255e-01  8.9218021189718610e-02  4.3178692737326108e-01  7.2604838430668317e-01  
q[318]: 3.0269955944273027e-03  6.3266585746262571e-01  2.2075831806257828e-01  6.0820592308088794e-01  9.8213533648170606e-02  
q[319]: 9.5209714769000124e-04  6.6190521836651972e-01  1.5826504565471666e-01  6.8900328719937309e-01  5.0958741155260578e-01  
q[320]: 3.1138198881586528e-03  6.9753946761616115e-01  1.4909825686708481e-01  6.0725495023443143e-01  9.2997193156154523e-01  
q[321]: 1.2863533458165116e-03  6.9073724277038517e-01  1.2933124428971232e-01  7.8552672157853165e-01  1.4081229086524240e-02  
q[322]: 1.4451346414703285e-03  6.0869272132246610e-01  2.1999902802156307e-01  8.3796284030592427e-01  8.5244341911693899e-01  
q[323]: 1.3218025263394613e-03  7.1169104907710068e-01  1.1238633737648537e-01  9.7792802140241797e-01  2.2756549382633581e-01  
q[324]: 2.5613275777760492e-03  6.8585232767412552e-01  3.1552713487780365e-01  6.0411080436178433e-02  1.5120757869803594e-01  
q[325]: 9.5454349888468429e-04  6.1935796445420377e-01  3.2167840993420038e-01  1.8243255535389056e-02  9.7917063467252941e-01  
q[326]: 1.5528304488740552e-03  6.5472175005409738e-01  3.5788378546160510e-01  1.4108739367146458e-01  1.8217566301500655e-02  
q[327]: 1.8571718095593368e-03  6.2276910555285725e-01  2.8894059398152633e-01  1.6050098880223432e-01  8.6875722536352140e-01  
q[328]: 4.8748182282151676e-03  6.9434756552151466e-01  2.8641202442260549e-01  3.7364074182031287e-01  2.9983568573857339e-01  
q[329]: 5.2652698511294806e-03  6.4897321617525805e-01  2.4164868879968321e-01  2.6890442972983003e-01  4.8591341638802027e-01  
q[330]: 3.3525853612757137e-03  6.5370002349882306e-01  3.0629707260888367e-01  2.9357798453950307e-01  8.7920543768819426e-01  
q[331]: 4.7741067806156773e-03  7.0275037877368529e-01  2.8856410342823846e-01  7.0224443574777728e-01  6.9864049477911538e-01  
q[332]: 1.3930184072951659e-03  6.2682209748591822e-01  2.9525306007037072e-01  7.8813018487340603e-01  1.9998014928633076e-01  
q[333]: 4.0787010470559101e-03  7.2661405831254433e-01  3.5513810468893053e-01  7.2528123678603462e-01  2.9122957136683475e-01  
q[334]: 1.4762222746409950e-03  6.9638632150883528e-01  3.6339102999884454e-01  8.0510252725080744e-01  9.7840455306994045e-01  
q[335]: 4.1169527259079103e-03  6.6668520944178222e-01  2.3905839046576674e-01  9.2270251783409063e-01  5.1129509598742995e-01  
q[336]: 1.4331715060834729e-03  6.1854037901221848e-01  3.4892976573511547e-01  9.7813218586960371e-01  7.9846228424105525e-01  
q[337]: 2.3086995258319340e-03  7.0234989050668961e-01  5.0721081576971849e-01  1.9405927361839860e-02  7.4409093872992871e-01  
q[338]: 1.9526726890342092e-03  6.4164861884155522e-01  5.6560617894137188e-01  2.4300127033623697e-01  9.9168482681759640e-01  
q[339]: 1.1403541919930641e-03  6.8016333498746084e-01  5.0229254650759947e-01  3.7507163295002893e-01  1.3347414790022322e-01  
q[340]: 3.8773321198675354e-03  7.3324044739337313e-01  5.5487071788650022e-01  2.7240794747992997e-01  4.9727953593712571e-01  
q[341]: 3.5446728852500187e-03  6.6618435136990883e-01  4.8143854386892720e-01  5.3050693278233718e-01  2.1084979416302577e-01  
q[342]: 5.7649833338229888e-03  6.9433754880440446e-01  5.0133708524092802e-01  4.6953152002264070e-01  7.7031445797140874e-01  
q[343]: 3.5037158865739854e-03  7.3423662877972584e-01  4.7231746966162136e-01  7.5887297226507688e-01  5.2732878039138731e-01  
q[344]: 1.9467315011936297e-03  6.9361468516162383e-01  4.8657454861636829e-01  7.9489255450570973e-01  1.7614500916406178e-02  
q[345]: 1.7960828341574782e-03  6.5783146199218390e-01  4.6093645176350612e-01  9.9142864959602450e-01  2.6798231042905662e-01  
q[346]: 1.8364149768820503e-03  6.4493400926824296e-01  6.2189031331399036e-01  2.1077105119319824e-02  2.2776996470907793e-01  
q[347]: 4.0081066630978171e-03  6.8567490189152747e-01  7.3457027717451606e-01  6.0197037017038324e-02  4.9101723723998941e-01  
q[348]: 2.1776268778831939e-03  7.3586682229913802e-01  6.7550723556750392e-01  2.6408943448166272e-01  2.0270325585428278e-02  
q[349]: 4.4264093254850834e-03  7.0862937232947132e-01  6.5575785211470827e-01  2.9528015853926171e-01  6.8899379661158033e-01  
q[350]: 5.7427501772065737e-03  6.9042651075057837e-01  7.0388157873398627e-01  2.7728455566225546e-01  3.0885694369398359e-01  
q[351]: 6.4872936237772647e-04  6.6545844643006535e-01  6.6159160362375713e-01  6.7629544114935658e-01  1.7115279249365664e-01  
q[352]: 5.3754388015445241e-03  6.6178031006325666e-01  7.4698374431564774e-01  6.9765029352445418e-01  4.5210919576822495e-01  
q[353]: 1.5436418758062774e-03  6.7877352202198205e-01  6.8536504669193121e-01  8.7342826126431350e-01  9.8222142581848426e-01  
q[354]: 2.1563876359684459e-03  6.6619282272084734e-01  6.4378466803443202e-01  9.4123972631110209e-01  7.0899202152315113e-02  
q[355]: 1.7104018994697728e-03  6.9627603225650037e-01  6.7628547464094968e-01  9.7970883560501965e-01  8.3674477339358044e-01  
q[356]: 1.1334213690262788e-03  7.0998627260241831e-01  8.6021858626491710e-01  1.0683732440299101e-02  8.1084225950994726e-01  
q[357]: 1.9862970922579024e-03  6.0873874073585232e-01  8.7398285419084398e-01  1.3474029515267624e-01  1.2708814350818021e-01  
q[358]: 9.3950946046224509e-04  7.4821833849600794e-01  8.8780362338378904e-01  1.7474861159711469e-01  9.8831776183114306e-01  
q[359]: 2.5943814570026963e-03  6.8911821793749084e-01  8.8177729604675947e-01  4.2630420218920345e-01  1.2126285175518163e-01  
q[360]: 2.9818067472584401e-03  6.6824014153377287e-01  8.1171644446568547e-01  4.1099182215110375e-01  9.2679723348615373e-01  
q[361]: 3.3562569335465558e-03  6.5669153010315329e-01  7.2568505072688250e-01  7.2028471133050809e-01  8.5740369745213363e-01  
q[362]: 2.0512438408459965e-03  6.8866868137084936e-01  8.3937144713022993e-01  7.8653792018182078e-01  9.3028121214101839e-02  
q[363]: 3.0502515744327140e-03  6.9984302697672218e-01  7.2628566353893054e-01  8.8229262833381294e-01  2.9642314220811389e-01  
q[364]: 2.6324434493226038e-03  6.9638881181062195e-01  8.6407167986230027e-01  9.3866568590564670e-01  6.6160515495284389e-01  
q[365]: 5.8284178136708861e-04  7.5123984544259115e-01  9.7548166927274627e-01  4.7010413128717767e-02  5.4003070111970357e-02  
q[366]: 1.5548123639472936e-03  6.8739829533889907e-01  9.7660540853033462e-01  1.3245780745175872e-01  3.1447554681236944e-01  
q[367]: 1.4972987434346866e-03  6.3121110942557423e-01  9.8603851251261798e-01  1.8621391816174918e-01  7.5174333498955093e-01  
q[368]: 9.9484379831192137e-04  7.3608026133065840e-01  9.7553368443388044e-01  6.2304968218495227e-01  3.2501243095180106e-02  
q[369]: 2.6162719066542823e-03  6.9020094548820210e-01  9.0397758329086930e-01  6.1444103939972072e-01  2.5968057764600622e-01  
q[370]: 2.1381978890558919e-03  7.3758993235554271e-01  9.8655284452025616e-01  4.8210650822897738e-01  4.6249857013371953e-01  
q[371]: 3.9211616555343380e-03  6.7850568540734246e-01  7.3036552351640871e-01  6.0543530473890050e-01  7.0639981074914693e-01  
q[372]: 2.3256133800224526e-03  7.0505767473399172e-01  9.7117734422573387e-01  6.3520205032238575e-01  8.2421334226614484e-01  
q[373]: 3.4756415981809433e-04  7.0166877997134181e-01  9.5621461138050223e-01  9.7083078282239144e-01  1.0698816353742978e-02  
q[374]: 7.9069221031705366e-04  6.8044384712194994e-01  9.7626520227616342e-01  9.7985158095191760e-01  3.9750304188258062e-01  
q[375]: 7.7155669574061731e-04  6.4323261549503474e-01  9.7770002032650305e-01  9.3744419358115605e-01  9.2711446630363081e-01  
q[376]: 8.6819501533220240e-04  7.7402738433042018e-01  4.9312063564578512e-02  1.0360288234341368e-02  2.1178367954673546e-01  
q[377]: 2.4043501777368352e-03  7.6025418131290545e-01  1.1360039310264686e-01  1.2435522246180401e-01  6.1267177592974476e-01  
q[378]: 2.0354330026206438e-03  7.5768412127196627e-01  1.1823049716166260e-01  2.9598477321152583e-01  1.0524119775606859e-01  
q[379]: 1.3796331645938307e-03  8.8781387043806226e-01  1.2993269103098270e-02  2.2473642850098063e-01  3.5698093265371106e-01  
q[380]: 1.2572185100229603e-03  8.8967209330883479e-01  1.7790874844171731e-02  1.6577702751825585e-01  7.8049242066765512e-01  
q[381]: 7.1567491739408823e-04  8.7814694132256188e-01  2.2027022392287061e-02  5.8600033752797731e-01  2.5917085136822903e-02  
q[382]: 3.2847554581887117e-03  8.6243587587345683e-01  1.1459567290730742e-01  5.2626752526407972e-01  3.2000463747848945e-01  
q[383]: 1.3372158161728124e-03  8.8443519860676767e-01  1.5079652472802249e-02  6.6642179349181185e-01  8.0475569414604153e-01  
q[384]: 1.9042333208576369e-03  8.1518577128780589e-01  8.4390352847198757e-02  8.0476020884918409e-01  6.4504852826884540e-01  
q[385]: 7.7278332971373763e-04  8.5532841649124747e-01  6.0259369780574765e-02  8.1493734506594195e-01  9.8711401092706086e-01  
q[386]: 7.6478649612327326e-04  8.7846514047317170e-01  1.4857764738450260e-02  9.5773022641274552e-01  4.9177772635964967e-01  
q[387]: 1.0528382115594800e-03  8.8364356975118197e-01  1.4292305541629921e-01  9.8682026111900389e-01  7.1166858077849560e-01  
q[388]: 5.4852680247301688e-04  8.9896399322783338e-01  1.4986117322414885e-01  4.5408533508686691e-02  1.6573394871767861e-02  
q[389]: 1.1817736934654659e-03  8.6725157881472925e-01  1.6402244755613268e-01  1.3040764199851271e-02  8.3221246256821690e-01  
q[390]: 2.5047750759745425e-03  8.7791379413722181e-01  2.2313455209681141e-01  1.8470198189301032e-01  1.1016645946643176e-01  
q[391]: 1.3378519751776595e-03  8.2726534370465421e-01  1.5942333545607063e-01  1.5009832752420571e-01  9.8520715911987267e-01  
q[392]: 2.9086957926137804e-03  8.2475230551642575e-01  1.0766273490732964e-01  2.7700158823659388e-01  5.2390528278753334e-01  
q[393]: 1.8808853409385733e-03  7.9450649742541002e-01  8.5814971294387241e-02  3.5317491572583498e-01  8.5514220905948335e-01  
q[394]: 2.1338421291191342e-03  8.9104487763195872e-01  2.8933418689118301e-01  5.3309721098552143e-01  6.8691323651278180e-01  
q[395]: 1.2509655917976347e-03  8.5757977701030630e-01  2.3251806568215230e-01  6.5688778150922833e-01  9.2850207338346993e-02  
q[396]: 1.9272948468333222e-03  8.2395156859163332e-01  8.4613908017175013e-02  6.9434585148704853e-01  4.6906945209898482e-01  
q[397]: 1.3711192049948506e-03  8.6599787193773692e-01  1.2571298363135833e-01  5.8486466105144130e-01  8.5500260044257592e-01  
q[398]: 3.3280715081003740e-03  8.7763117938675927e-01  1.9831199070662400e-01  8.7893288123016089e-01  3.2950569097121518e-01  
q[399]: 1.0023814986935009e-03  8.7960126841110042e-01  2.2243819995575315e-01  8.7095446071897531e-01  8.1398889588156531e-01  
q[400]: 1.8213043624479947e-03  7.5616371936910298e-01  1.6445424852371535e-01  9.0175512202414543e-01  8.8443383527387509e-01  
q[401]: 2.2104220793990326e-03  8.5907608412292180e-01  3.2118437522300136e-01  3.1324701424753826e-02  4.5256487795655070e-01  
q[402]: 9.4117859455125792e-04  7.8461658461298556e-01  3.7753952540145280e-01  1.2089404459825942e-01  8.1226133793142352e-01  
q[403]: 2.2644605121524867e-04  8.3201958789594377e-01  3.4791562429749134e-01  3.0517820424608233e-01  2.9483160445243323e-01  
q[404]: 2.5841103093326651e-03  8.7877305907931924e-01  3.5893247843219495e-01  2.9852499028958129e-01  6.5263389624149304e-01  
q[405]: 2.3929944628196050e-03  8.1961326282646463e-01  3.1929430924203966e-01  4.5794180939562495e-01  2.1877616242875632e-02  
q[406]: 5.0916733567916801e-03  7.8351945029726111e-01  3.4837426761122359e-01  5.6218264424685271e-01  4.8880542490313761e-01  
q[407]: 1.7702556284436149e-03  7.8645736361118868e-01  3.9715194945668436e-01  5.5907582190947225e-01  9.7202789733452966e-01  
q[408]: 1.8895701615222972e-03  8.9419217329124923e-01  3.7902683627601191e-01  8.7931199352372813e-01  8.4719239171597871e-01  
q[409]: 7.8530073350633689e-04  8.2242642236641861e-01  2.5245503777228179e-01  9.7840783263521358e-01  2.4698158020282333e-02  
q[410]: 1.4166232307557876e-03  8.0146514764293086e-01  3.6462830981572347e-01  9.8883747519063714e-01  5.0963263450214424e-01  
q[411]: 9.4684097441858825e-04  8.2234062856351087e-01  5.3080755591820394e-01  1.8682376088141845e-02  4.2078923990371338e-02  
q[412]: 3.1428775090334765e-03  8.2112172141535000e-01  5.2587191650512966e-01  1.1068958394243486e-01  9.0286125987722210e-01  
q[413]: 4.4278452517098792e-03  7.9550451253788690e-01  4.4423960992634415e-01  1.3055073914689333e-01  3.1280802874076430e-01  
q[414]: 1.5824468978505131e-03  8.5514972605737871e-01  4.0217712006185274e-01  1.4805597770531190e-01  6.4199538128279443e-01  
q[415]: 2.2515402142037223e-03  8.2816679051481479e-01  4.7118460780859961e-01  9.1411997104189346e-01  1.5299486213749136e-01  
q[416]: 3.7780558422661334e-03  7.9688478243436711e-01  5.6310720052123886e-01  8.9204846519092329e-01  6.7340029694543091e-01  
q[417]: 9.6462271888013928e-04  8.1894090233731787e-01  4.5278958210236292e-01  9.7079302679264612e-01  9.5503657155078003e-01  
q[418]: 2.1580214643887674e-03  8.9412973481659574e-01  6.4682523931702562e-01  1.2195264592518507e-01  1.1039738621768090e-01  
q[419]: 6.6114340052701324e-04  8.8287720984527374e-01  7.2834211152888251e-01  2.2933391303624932e-02  9.8002115311073101e-01  
q[420]: 1.9598551345523657e-03  8.4179990557346773e-01  6.2835765157308743e-01  2.8116589726114927e-01  6.5800890695814573e-01  
q[421]: 1.9663319582108687e-03  8.0280002527912264e-01  6.7433258334898005e-01  4.7804981826124904e-01  7.8583472514219266e-02  
q[422]: 3.9009705313215173e-03  8.7233762226047662e-01  7.4476016130889178e-01  4.7484612807373539e-01  3.3883007581495012e-01  
q[423]: 3.6165184283216091e-03  8.8227511155022420e-01  6.2285341198005661e-01  4.6294622138648500e-01  5.1642366876504397e-01  
q[424]: 1.6768421198753677e-03  7.7473125136811161e-01  6.4049476496537794e-01  5.6530387460559506e-01  9.5881298561517936e-01  
q[425]: 3.2509390534376835e-03  8.3269773825035731e-01  5.4939873937212313e-01  6.9602757507993329e-01  2.7556385672821926e-01  
q[426]: 2.3829840768216839e-03  9.1086229942692143e-01  6.4209040280121410e-01  7.0948592186753823e-01  7.4812270134183401e-01  
q[427]: 1.5025374049945077e-03  9.1266629009860423e-01  6.6769979377614763e-01  9.7729718787055564e-01  5.2901211797233982e-01  
q[428]: 1.8143982052851223e-03  7.5999837805019810e-01  8.1890309959903029e-01  1.1731631949250784e-01  1.2345363362024482e-01  
q[429]: 5.6654994872686374e-04  8.2287020311843240e-01  7.5339058539328208e-01  1.4095091184809638e-01  2.3253655089456610e-01  
q[430]: 3.1912612220834327e-03  8.6167751649951785e-01  8.1667348340867585e-01  1.0585583728659247e-01  6.5727059414552469e-01  
q[431]: 1.3087293430079326e-03  8.1481872691098112e-01  8.8099120762649341e-01  4.5702221956605760e-01  1.5134423269135180e-01  
q[432]: 2.0371078402182325e-03  8.6811677471103088e-01  7.3564086713343857e-01  3.4564654135873674e-01  9.2508935081580612e-01  
q[433]: 1.0726621495364820e-03  8.7880206384723281e-01  8.0287388452176500e-01  8.5206302185252480e-01  1.2414849880251657e-02  
q[434]: 2.2505884226710370e-03  8.5254936971286910e-01  8.6237656959159248e-01  8.2495681295187095e-01  8.8053195110877069e-01  
q[435]: 1.0219732704919810e-03  8.7376017121532101e-01  8.4031406458733759e-01  9.9093122408783552e-01  1.5166685960367554e-01  
q[436]: 4.5088829144372124e-04  8.8733008998284757e-01  8.5935275172969106e-01  9.6860637218360945e-01  9.8416392841882039e-01  
q[437]: 9.4420077505655026e-04  8.8058297098837501e-01  8.7642315896771206e-01  5.3548472717236967e-03  2.3261377661656599e-01  
q[438]: 7.8534126429861289e-04  8.2139123774895095e-01  9.8289700483060305e-01  3.8463783537071937e-02  5.4530205774299101e-01  
q[439]: 2.0911451617493613e-03  7.1509940621889356e-01  8.9928275553403625e-01  1.5311921967234751e-01  8.6897110494098950e-01  
q[440]: 1.0392111110268554e-03  8.8407442911557566e-01  9.2158797263089376e-01  2.6259649530843093e-01  1.8248756428601780e-02  
q[441]: 1.0662642413871114e-03  8.8524530961673420e-01  9.8352703537719777e-01  3.7430628483020406e-01  1.8299987212308572e-01  
q[442]: 2.5243307856576813e-03  7.2971564270878786e-01  9.2090368582141136e-01  2.9832969816082860e-01  5.2602439308362425e-01  
q[443]: 3.0320511888661727e-03  8.1875727620740180e-01  8.8515324517418548e-01  5.4092616604189592e-01  6.5372367517223817e-01  
q[444]: 6.7886501421072912e-04  8.8777955353469784e-01  9.8124351041152524e-01  4.0306440928917669e-01  9.7026929228042391e-01  
q[445]: 1.1854551556862434e-03  8.3791126178317488e-01  9.8893377438370700e-01  8.6614796924924409e-01  1.7533762170339881e-01  
q[446]: 1.4154531048508876e-03  9.1182748114964873e-01  9.8499278315583261e-01  7.8209688550150946e-01  6.4454354689556159e-01  
q[447]: 7.8041979579227927e-04  7.9406557157483715e-01  9.5382682975184940e-01  7.3743634505115818e-01  9.7632346710798179e-01  
q[448]: 3.7115956760613252e-03  7.8604887623367226e-01  8.9248816834440925e-01  8.4384777234813169e-01  4.6572462562358308e-01  
q[449]: 5.5944936537402189e-04  8.6075286448436605e-01  9.6889747322898057e-01  9.8600264673638571e-01  7.5745277268777522e-01  
q[450]: 3.9056040610156446e-04  9.7361855590064572e-01  2.5394476578099626e-02  8.1214394425938835e-02  1.0610593537672836e-01  
q[451]: 1.6203529957173261e-03  8.9644981435031212e-01  1.3255504085639111e-01  8.7148490269199005e-02  2.9493988116103476e-01  
q[452]: 7.1635750870570282e-04  9.6813249248475430e-01  5.9450306008741668e-02  3.0375806112190609e-02  5.5099901448164701e-01  
q[453]: 2.7003407751044082e-04  9.6581264418349766e-01  4.1414410449389275e-02  6.1362546136487665e-02  9.6097601810859223e-01  
q[454]: 5.7914478949471946e-04  9.7062219319492316e-01  1.1967546452333974e-01  3.4856803881213988e-01  2.1562831380575138e-02  
q[455]: 9.7161571061042510e-04  9.6106199823504423e-01  5.2862772621204430e-02  3.7010426707228733e-01  1.4693158589242780e-01  
q[456]: 1.0856511509805063e-03  9.8844773849055967e-01  1.2474784825160687e-01  2.2907088436374978e-01  8.2719735662944149e-01  
q[457]: 1.7950179854097322e-03  8.6976106398840425e-01  1.2474579910803330e-01  6.6773642386074228e-01  1.3737263559751975e-01  
q[458]: 1.2250380614029419e-03  9.7822776227002017e-01  3.2745368442077302e-02  4.6108804195849090e-01  5.7873529602830487e-01  
q[459]: 6.3968186299196046e-04  9.5900840402412069e-01  4.4998452112508747e-02  4.5591589805964555e-01  9.6776707594170219e-01  
q[460]: 1.0815950302194481e-03  9.7016086840274462e-01  2.9265708092927580e-02  7.3880388845133738e-01  2.5654592720357899e-01  
q[461]: 1.3968471851500885e-03  9.6806789186561648e-01  1.2772533980771381e-01  7.6306638476129851e-01  6.5803514333234003e-01  
q[462]: 5.7350815259369367e-04  8.8716821838501947e-01  1.9115151742971521e-02  9.3649372675094222e-01  8.1460141904195274e-02  
q[463]: 6.4366203624361155e-04  9.8085179960273672e-01  8.8316215840623769e-02  9.1028256547261588e-01  4.9459318462485241e-01  
q[464]: 4.8552159034370810e-04  9.7696172091489897e-01  2.9380540933920514e-02  9.1121588248713936e-01  8.6515282302155661e-01  
q[465]: 1.4539478535528596e-03  9.9002410224942816e-01  1.8361894031910553e-01  1.9905953694196449e-01  3.5074742391637964e-01  
q[466]: 1.8282266213527586e-03  9.6008238253412725e-01  2.9225220681834846e-01  1.0304734008001414e-01  6.8084189892039071e-01  
q[467]: 1.6073302322733895e-03  9.1959850927413289e-01  2.5171630898221936e-01  2.9698717464150515e-01  9.1097335130790580e-01  
q[468]: 2.3264533493620636e-03  9.2465847905557785e-01  1.7654185534895100e-01  4.2619684735977065e-01  6.4781221706141312e-01  
q[469]: 1.4313737883693319e-03  9.8973650740865204e-01  2.7235624936876229e-01  5.7375576636080006e-01  1.3996599485064928e-01  
q[470]: 1.4067522934834991e-03  9.7551242026776996e-01  2.5796007002025501e-01  6.6129116915980979e-01  4.4997089663071871e-01  
q[471]: 1.2365599677194633e-03  9.8391275990139604e-01  2.0499334203129640e-01  6.8121961414382415e-01  9.0860560041967342e-01  
q[472]: 5.1507623086014453e-04  9.8253535805133618e-01  1.3091825553051145e-01  8.5013252324036159e-01  2.6197312990436487e-02  
q[473]: 4.3181100056781797e-04  9.7913218882297615e-01  1.3404111525827409e-01  9.8920225409533113e-01  2.0115214291640421e-01  
q[474]: 3.4700285071757268e-04  9.4847126305634899e-01  1.7973053015415605e-01  9.8028135310481035e-01  9.7115154846912777e-01  
q[475]: 7.5695833164432633e-04  9.7968769672018929e-01  3.3265570637927150e-01  1.9703479291586563e-02  1.6640206684926195e-01  
q[476]: 7.2618685974844494e-04  9.7246057712596656e-01  3.6394265274523308e-01  5.1741304290780492e-02  9.4044744408318470e-01  
q[477]: 9.4992510886460007e-04  9.7831192231657249e-01  4.4406197370964207e-01  1.8976196427434924e-01  2.9940578511240344e-02  
q[478]: 2.3402129105860453e-03  9.4607932379035475e-01  2.7352843918942454e-01  4.2403147193387536e-01  3.6544036047109313e-01  
q[479]: 2.0819708368955644e-03  8.4911620214109096e-01  3.7229454161938119e-01  3.6152723430507017e-01  8.4666501361898305e-01  
q[480]: 7.7844528138543102e-04  9.0886066874770788e-01  3.0336034151694602e-01  4.7821678950237678e-01  9.8263020764510489e-01  
q[481]: 1.3847823630145964e-03  8.8800253470465618e-01  3.0985445921309218e-01  6.9522380837243114e-01  7.2187636249471754e-01  
q[482]: 2.0331304172438907e-03  9.2037628337650179e-01  3.3193120478776700e-01  8.5618996861493002e-01  1.2836584968277906e-01  
q[483]: 5.0932863296082370e-04  9.5244386730780550e-01  3.2954410411405971e-01  8.0962823639174319e-01  9.8150086687641258e-01  
q[484]: 1.7140729068453526e-03  9.5323845034467503e-01  3.7072311026297339e-01  8.2720074837880364e-01  4.9850883845022165e-01  
q[485]: 1.0283951042198323e-03  9.8578432506967539e-01  3.6661560434508239e-01  9.4539922691987477e-01  7.0565272868000728e-01  
q[486]: 6.4949877302563285e-04  9.7948655000451401e-01  5.8821546719919082e-01  2.4375173405972179e-02  7.3569009497797855e-01  
q[487]: 9.0739359780796062e-04  9.7099026645078246e-01  5.0358468414931024e-01  2.9158215590162845e-01  9.8035974932794001e-01  
q[488]: 4.7977776654844363e-03  9.0788285177860129e-01  4.6028125774107997e-01  3.3838970714253125e-01  1.9066842019403077e-01  
q[489]: 2.6195537456580749e-03  9.7048281625886479e-01  4.9135737134067681e-01  2.2498766720962796e-01  5.0688385119367729e-01  
q[490]: 1.7292415335977320e-03  9.8121988979972119e-01  5.5287995406963764e-01  5.6013607991243097e-01  2.8715225530799471e-01  
q[491]: 2.3545571021182498e-03  9.9087095511542955e-01  4.9099556495316837e-01  5.0019543399138267e-01  7.7907419257613819e-01  
q[492]: 2.6053919473760867e-03  9.4984680153004442e-01  5.3113945184625688e-01  7.2725704647243161e-01  4.6126023199457306e-01  
q[493]: 2.8133313468149553e-03  8.7299021770277985e-01  5.2551860265906492e-01  6.7373288262000330e-01  8.8258130734250095e-01  
q[494]: 1.1408781103748851e-03  9.5118453487474119e-01  4.5774336498422924e-01  7.1801244484817828e-01  3.1278123474783953e-02  
q[495]: 8.6065486929499024e-04  9.7687491169268448e-01  4.2092643666707819e-01  9.6596569521652076e-01  3.1021585742772861e-01  
q[496]: 7.1623174830090606e-04  8.7296266899354269e-01  5.3481756505440481e-01  8.3728100238421277e-01  6.6070628514271379e-01  
q[497]: 1.2832481506119004e-03  9.7738003086481862e-01  6.4461510880501804e-01  7.4036132225316034e-02  2.9409590002295871e-01  
q[498]: 1.1495435205547458e-03  9.0368354870574041e-01  6.0609150459526018e-01  1.5910975088104778e-02  5.0135373386901028e-01  
q[499]: 2.2166069854237811e-03  9.4806592467973372e-01  6.9292517795340225e-01  1.7134351960491603e-01  8.1710823696023038e-01  
q[500]: 1.3303681247935262e-03  9.5386246226538218e-01  6.7615508983456007e-01  5.0597536966851309e-01  3.2917668689892488e-02  
q[501]: 2.6398145296248374e-03  8.1781816298517562e-01  6.1017258879097702e-01  6.6587974957213847e-01  1.2010874507250066e-01  
q[502]: 1.5683205336093308e-03  9.8797991984572908e-01  7.1048581683401180e-01  8.3502446555814080e-01  1.9408531862577580e-01  
q[503]: 8.5788756421453479e-04  9.7688885214551058e-01  6.0626411470847763e-01  8.3930145221418972e-01  9.5465892692925047e-01  
q[504]: 5.3004752902824804e-04  9.6620648234667694e-01  5.7388811192949885e-01  9.7039622657657587e-01  4.2480306346492379e-02  
q[505]: 5.0451529112506240e-04  9.7012499497748006e-01  6.2863091836353735e-01  9.7833854851380375e-01  8.8354797395841689e-01  
q[506]: 4.2473562661179195e-04  9.6654414436943781e-01  8.2763210705797063e-01  4.5694275543908154e-02  2.6748905090520352e-02  
q[507]: 3.7481589492821023e-04  9.7676305029175625e-01  8.7330895670541830e-01  1.8568237040780713e-02  7.9259769219601384e-01  
q[508]: 1.1879792432107170e-03  9.3451895158304332e-01  7.4531489283444541e-01  1.5714200229839045e-01  3.8131600211129901e-01  
q[509]: 5.4577870936112747e-04  9.9070286075203373e-01  8.8110625712354917e-01  1.7033131583438343e-01  9.5793422269538808e-01  
q[510]: 1.6200064770217190e-03  9.8507734708183858e-01  8.0835496962931008e-01  3.2183857462073223e-01  1.4863577750826348e-01  
q[511]: 1.2227665534834463e-03  9.4504065519873715e-01  7.2530772247850828e-01  4.0658197430999210e-01  8.5681850275754279e-01  
q[512]: 1.5615578606037572e-03  8.9238802526304917e-01  8.3285175740948747e-01  7.0238080605779618e-01  1.0974179383245136e-01  
q[513]: 2.3893250537599785e-03  8.7530992003967933e-01  6.9430624843949040e-01  9.1697528496095393e-01  3.4978452440239999e-01  
q[514]: 1.6182433464998675e-03  9.8712094549352147e-01  7.8231248606885473e-01  8.0374510567827717e-01  6.3332426556414867e-01  
q[515]: 9.2118023242386375e-04  8.5674185197258046e-01  7.4191719462432926e-01  8.5885576146079323e-01  8.5069192402105820e-01  
q[516]: 4.5610249933908224e-04  9.7302908819845824e-01  9.8514992553624481e-01  1.1183217325039611e-01  1.4524677291622992e-01  
q[517]: 6.4913051920480972e-04  9.8482657367821980e-01  9.3004649888207125e-01  6.4274086297037750e-02  4.8742089344209627e-01  
q[518]: 5.7312827066247779e-04  8.9728531523950927e-01  9.7920301291475265e-01  5.7688423413392573e-02  9.0618119839993372e-01  
q[519]: 2.9382757124968438e-03  8.8573180213542202e-01  9.0552597027123538e-01  2.1454305985502772e-01  3.5148975186662007e-01  
q[520]: 1.4548680434002502e-03  9.4678322373994839e-01  9.7142943788094072e-01  2.6800920159512909e-01  7.0730460590086042e-01  
q[521]: 1.7619371571276762e-03  9.8841636862486326e-01  8.0201925099355609e-01  3.6046326338667795e-01  5.4369105340527024e-01  
q[522]: 5.7410649941651922e-04  9.7356740943698139e-01  9.5211661039397921e-01  6.0155111628371061e-01  4.6199497293783198e-02  
q[523]: 3.2846142794636633e-04  8.5412368508780145e-01  8.3817921636622372e-01  6.1108568444817346e-01  3.5919790732363793e-01  
q[524]: 8.8134788083372116e-04  9.8009531484536083e-01  9.7501446891836441e-01  5.2391843104148328e-01  4.0576909367904440e-01  
q[525]: 2.5908315347131492e-03  9.0656238436253156e-01  8.0185403436062830e-01  5.9906686484206972e-01  5.9106469842773190e-01  
q[526]: 2.1586729403254802e-03  8.3826079624604455e-01  8.9698167488457936e-01  3.7507040682341208e-01  8.0838901961139387e-01  
q[527]: 1.3385977815405863e-03  9.7604069045113850e-01  9.1846189872341211e-01  5.8576063146888357e-01  8.5792673012188037e-01  
q[528]: 2.2958606304642067e-03  9.3800168674760653e-01  9.0423448435063325e-01  6.9863188393562636e-01  2.8760846811243523e-01  
q[529]: 9.5014894195427559e-04  9.4711909108035497e-01  7.7883298361204001e-01  6.1812220154890052e-01  9.8575496012502573e-01  
q[530]: 3.2712917896870585e-04  9.8111807949237295e-01  9.5119890806709873e-01  9.2218238495038740e-01  6.2992569517903260e-02  
q[531]: 8.3536950000116772e-04  9.7138740455906447e-01  9.3431915881461314e-01  9.5146513015494949e-01  4.1127135144332916e-01  
q[532]: 7.7658120599935227e-04  9.6119975043842842e-01  8.4552026592497664e-01  9.4937764012867887e-01  7.7096593608611785e-01  
q[533]: 2.7038061604818612e-04  9.8695885034145892e-01  9.7950072977242375e-01  8.8314464523049951e-01  9.3699346491906588e-01  

