deg: 24
dim: 3
nodes: 736
efficiency: 0.994565

q[0]:   1.0497492271550249e-05  5.1294660280513313e-02  1.3859448932359970e-02  2.3442228374032379e-03  
q[1]:   1.5090742386214351e-05  4.4739027272892654e-02  3.7728422881455607e-02  7.6214645996877748e-03  
q[2]:   3.0132151458759439e-06  1.4817614150566941e-02  8.9253154422745066e-03  6.3988751201649935e-03  
q[3]:   2.6246901177237416e-05  1.0559554289763837e-01  1.5572321777459193e-02  8.9537721644317881e-03  
q[4]:   3.6264470206213575e-05  9.6925381013286224e-02  5.8278577378469067e-02  5.3554946807518088e-03  
q[5]:   2.4068025623897261e-05  6.1217580940411215e-02  2.9106637455994604e-02  2.2931473470827236e-02  
q[6]:   8.9462920567375833e-05  1.4012860823910975e-01  1.1624198893750609e-01  3.2066738835211661e-02  
q[7]:   1.2263671738512380e-05  5.3987485238163532e-02  4.9728077194690190e-02  4.2392221982071765e-02  
q[8]:   2.2819707799666164e-05  1.0356326419961130e-01  9.6432881154295394e-02  6.1786752317746782e-03  
q[9]:   3.3576260452491936e-05  7.6865754959367441e-02  6.4268277445634930e-02  3.2709491641766640e-02  
q[10]:  3.3038455837840074e-05  1.8426634793057542e-01  1.4924581902752566e-02  7.8724595210759724e-03  
q[11]:  4.7245124583708915e-05  1.4189022908488844e-01  4.1945227748208948e-02  5.9017397829519693e-03  
q[12]:  6.6299884571705242e-05  1.4130139838008549e-01  5.2947248934752542e-02  4.5672480931152531e-02  
q[13]:  8.5972430941846237e-05  1.1801315913546945e-01  6.3271201675425159e-02  2.8615618252680046e-02  
q[14]:  9.1353461169036841e-05  2.0207255560950987e-01  1.1927151496282593e-01  1.1215173801759430e-01  
q[15]:  6.2869944673392663e-05  1.2938125182198826e-01  1.2077836238043164e-01  8.0225061423217794e-02  
q[16]:  7.4498967955713945e-05  1.9150134164368759e-01  9.7403365819579341e-02  6.4079228963075420e-03  
q[17]:  1.8218875230087363e-04  2.0364729105722187e-01  1.2284201218110880e-01  3.5489398978083654e-02  
q[18]:  6.1166624187682651e-05  1.6815631733434325e-01  1.2790392043470872e-01  7.5040161984015362e-03  
q[19]:  1.4511929101259540e-04  2.0711313538516732e-01  1.7159459099897656e-01  7.4847619260349788e-02  
q[20]:  4.9634490163553917e-05  1.1294307049715324e-01  8.0579027059458477e-02  7.3487073204721615e-02  
q[21]:  4.3103164211457526e-05  1.9253183638109830e-01  1.8347210165217706e-01  7.7447864687460463e-03  
q[22]:  2.4082459091404975e-05  1.2134080539057975e-01  1.1539079393508117e-01  1.0753401047101978e-01  
q[23]:  2.0578131456923829e-05  1.1264293194394955e-01  1.1102543732036517e-01  3.7181850109192248e-02  
q[24]:  5.5677464000061445e-05  2.1453515846371354e-01  2.0844476744815518e-01  1.4839959902661259e-01  
q[25]:  3.6824728358271569e-05  2.8463034590426733e-01  1.4327139527169066e-02  6.3982914866952375e-03  
q[26]:  6.0414980957601452e-05  2.2629002082070515e-01  4.3679391515850402e-02  5.9754858696567242e-03  
q[27]:  1.4466184370287119e-04  2.0199241419942851e-01  7.0720302544210495e-02  3.2903563798847249e-02  
q[28]:  7.3820087356792083e-05  2.1749749215421874e-01  4.7340472672210213e-02  3.9988818599161799e-02  
q[29]:  1.3315932432454220e-04  2.7107975810889606e-01  1.0171711853844499e-01  9.0768930710574194e-03  
q[30]:  2.0426260436945043e-04  2.2501023863184214e-01  1.2078108363795968e-01  8.3270417037391423e-02  
q[31]:  1.0271250354936478e-04  2.6007315852329455e-01  1.0148946599949495e-01  9.4348963113954201e-02  
q[32]:  2.7940261767912008e-04  2.9677398240540037e-01  1.3527541670316334e-01  4.6120421347455622e-02  
q[33]:  1.2344419694356612e-04  1.6000863132391238e-01  1.1542036335175475e-01  7.6105357374541160e-02  
q[34]:  2.7421622597705416e-04  2.7132986851242907e-01  1.8546273987795833e-01  9.3753126760835567e-02  
q[35]:  1.0957841880749658e-04  2.9141165746685294e-01  2.0561288656814031e-01  1.9854158988737716e-01  
q[36]:  1.2112919799702836e-04  2.9338137192823216e-01  1.7730481485391081e-01  6.3910361301218101e-03  
q[37]:  1.9672855664892269e-04  2.7455264847731436e-01  1.9280624096727317e-01  3.6588279796369097e-02  
q[38]:  2.8383182467847065e-04  3.0043373722898031e-01  2.0692840019218173e-01  1.6727099059608388e-01  
q[39]:  4.4245580846053121e-05  1.9330379899126035e-01  1.6232095312185216e-01  1.5780944353868245e-01  
q[40]:  6.0357029796523232e-05  2.4013866740486994e-01  1.8528346769316151e-01  8.0832904027674495e-03  
q[41]:  2.4051966492888462e-04  3.1059718848584145e-01  2.5987050317910004e-01  8.7162122771397926e-02  
q[42]:  1.8783327997299616e-04  2.5171417704429777e-01  2.1429111035788539e-01  1.4220522506670497e-01  
q[43]:  1.1608206499914103e-04  2.1020416111036308e-01  1.6990736029536296e-01  1.4255863973131050e-01  
q[44]:  1.4857580678221053e-04  2.3309061988210977e-01  2.0456147492459875e-01  3.9857531483391724e-02  
q[45]:  4.3339389841628583e-05  1.8953504095649390e-01  1.8593861743208856e-01  3.8672068134103420e-02  
q[46]:  9.7835949140569417e-05  2.0640751669030330e-01  1.9874106368713557e-01  9.3902749305231362e-02  
q[47]:  1.2548057685581851e-04  3.0816248197854285e-01  3.0003218336314619e-01  1.9555621443187113e-01  
q[48]:  5.1531160947884487e-05  2.0020321617394043e-01  1.9133468582212027e-01  1.6286983038501909e-01  
q[49]:  2.1224639467167778e-05  2.1163314327737703e-01  2.0659007222255488e-01  2.0026208718743752e-01  
q[50]:  3.9833820197606071e-05  3.9898855782527221e-01  1.4399854419884830e-02  7.8447068382247361e-03  
q[51]:  7.0247133637938531e-05  3.2371572708246643e-01  4.8646649401469240e-02  6.4705579250743904e-03  
q[52]:  1.5605602014289268e-04  2.9943221292002836e-01  6.9581570968816092e-02  3.1668532851778196e-02  
q[53]:  7.4864416494241676e-05  3.0770467438978683e-01  4.2021319082458514e-02  3.4710120489103616e-02  
q[54]:  1.1628999544156826e-04  3.6670738684668602e-01  1.0412764465943565e-01  7.0200131208672314e-03  
q[55]:  2.2283879303173313e-04  3.1510912852021311e-01  1.1289696696593146e-01  7.6380706632435999e-02  
q[56]:  1.2116769802138020e-04  3.5309196751850896e-01  9.5681753115002877e-02  8.9055649941923262e-02  
q[57]:  3.0070651457591912e-04  3.9062429018362943e-01  1.2718367211433551e-01  3.8533646738863780e-02  
q[58]:  3.4309008773365584e-04  3.5170479320911607e-01  1.9554065903677645e-01  1.0527237782473417e-01  
q[59]:  1.4293764011535416e-04  3.3612400586467506e-01  1.7630346270018218e-01  1.6854938748276399e-01  
q[60]:  1.4370782607117400e-04  3.8568101903039903e-01  1.7584651234075441e-01  6.6000243765898031e-03  
q[61]:  3.8321511851870815e-04  4.2823412476888079e-01  2.6978227981702274e-01  1.8728978903420407e-01  
q[62]:  2.1094136200320578e-04  3.3144175275735871e-01  1.6741954975051671e-01  1.2948698778809825e-01  
q[63]:  1.1903517732305521e-04  3.8079911740743710e-01  2.8468818037085108e-01  6.4067768692088467e-03  
q[64]:  2.7057197394898900e-04  3.4878209280137396e-01  1.9401870459078605e-01  3.4743022284512294e-02  
q[65]:  3.6575937008249021e-04  3.5979244315251452e-01  2.5094567161712233e-01  8.7401380102960516e-02  
q[66]:  2.4072741662172203e-04  3.5712916126204353e-01  2.7537584730193371e-01  3.4140554804037410e-02  
q[67]:  3.7461742465930327e-04  3.5786560128053363e-01  2.7155230146781878e-01  1.7124805314223257e-01  
q[68]:  6.6204331092020992e-05  2.8854759560189985e-01  2.4725576577458200e-01  5.9967017875476427e-03  
q[69]:  1.3234837560639577e-04  3.1886795759435804e-01  2.8887518323484740e-01  3.2560193521261133e-02  
q[70]:  5.2845437166012795e-04  4.3287455088862448e-01  3.4268106570712115e-01  1.6353813647661428e-01  
q[71]:  2.7969621366661659e-04  3.9693120528169779e-01  3.1428564507983642e-01  2.7512009404492999e-01  
q[72]:  3.9605457352890969e-05  2.9361282766380664e-01  2.8582281933085885e-01  7.0547772433082441e-03  
q[73]:  2.2661229700476627e-04  3.3840534947150336e-01  3.0027986602914775e-01  2.2476197755507901e-01  
q[74]:  1.5395220530360144e-04  3.0151964754639837e-01  2.6420252517897275e-01  2.3715650647267786e-01  
q[75]:  6.4680608197836980e-05  2.9526704901432882e-01  2.9052510947003823e-01  3.8808625017788582e-02  
q[76]:  2.2195262398056991e-04  3.7589910832984019e-01  3.4033100322100313e-01  7.9748213241082930e-02  
q[77]:  2.5577645062053290e-04  3.2114573287025300e-01  2.8715359123011941e-01  1.4144321781277822e-01  
q[78]:  4.7153250910530960e-05  2.9317408072167644e-01  2.5855903681729159e-01  2.5455392238582153e-01  
q[79]:  1.3560766335782279e-04  2.9331428667866460e-01  2.8452694557479369e-01  9.0774197356585498e-02  
q[80]:  5.7106663669447406e-05  3.1196054623726116e-01  3.0767157524977168e-01  1.5300313860278764e-01  
q[81]:  1.1214757606080185e-04  3.9999939315192695e-01  3.9325657681200138e-01  3.0549719541371467e-01  
q[82]:  8.8795632303283360e-05  3.0133147743184241e-01  2.9416902123818534e-01  2.4995663004576241e-01  
q[83]:  3.4759205698372063e-05  2.9806504451012633e-01  2.9066354706055053e-01  2.8024944191294970e-01  
q[84]:  2.0378181763765180e-04  4.1275017702881617e-01  7.5195880468012233e-02  3.9749034087676861e-02  
q[85]:  8.0603719020088112e-05  4.1067792889910343e-01  4.2495961530043778e-02  7.9659828637678801e-03  
q[86]:  7.4714102212224216e-05  4.1022556141694566e-01  4.7257954718149107e-02  4.0758538407400319e-02  
q[87]:  1.3161238667635790e-04  4.6225566625652670e-01  9.5772734899005812e-02  7.5063664121881001e-03  
q[88]:  2.5531093204889989e-04  4.9532360601011594e-01  1.2160070989883735e-01  3.7419584636913632e-02  
q[89]:  2.9134750858466284e-04  4.2770110030243602e-01  1.2822396572913464e-01  9.3220087560497475e-02  
q[90]:  3.3733963980471895e-04  4.4901382999723544e-01  1.9747930415650822e-01  3.4731336422178759e-02  
q[91]:  4.3339901580577618e-04  4.3351484083622638e-01  1.8361633801638275e-01  9.6258300343795747e-02  
q[92]:  1.3605754375225454e-04  4.7604160613707802e-01  1.0286282994215960e-01  9.6263882032334006e-02  
q[93]:  3.3684647131654473e-04  4.3430296267753632e-01  2.0463712925243724e-01  1.6463878551637820e-01  
q[94]:  1.6961248729624622e-04  4.2597005238025398e-01  1.7142500971478325e-01  1.6363812255481106e-01  
q[95]:  3.8749231733777565e-04  4.3736932335689016e-01  2.3811272347174114e-01  8.1515253622101450e-02  
q[96]:  5.1826354040732548e-04  5.2329941792511336e-01  2.6854434582794928e-01  1.7571071943847208e-01  
q[97]:  3.3178126839865596e-04  4.6810686959285752e-01  3.1236763740180629e-01  1.0093257944810825e-01  
q[98]:  1.5630060254966623e-04  4.3718461357759053e-01  2.6897139994945918e-01  2.6209268719832052e-01  
q[99]:  1.4947046966262863e-04  4.2848311021043606e-01  2.6366895022449521e-01  8.4955014310259293e-03  
q[100]: 3.7992224518779486e-04  4.4634243691656184e-01  2.8816032920545975e-01  4.0789219436788732e-02  
q[101]: 4.0389480473620711e-04  4.6026238623108828e-01  2.9111154470946016e-01  1.5386585746617504e-01  
q[102]: 2.9343749640937190e-04  4.1715758682967574e-01  2.6522974074519501e-01  2.2931922920364939e-01  
q[103]: 1.2200793901783602e-04  3.9119956645420156e-01  2.9880251566014510e-01  2.9129450628467907e-01  
q[104]: 1.2680575019100707e-04  4.9331902646409248e-01  4.0098363593248376e-01  6.7446686675154861e-03  
q[105]: 2.5882169764941313e-04  4.6318056175938976e-01  3.7566763013958360e-01  3.4711987887870867e-02  
q[106]: 4.1589226050855918e-04  4.3742631573974228e-01  3.4991520768958695e-01  8.6066687626700944e-02  
q[107]: 5.4716102140646026e-04  5.3406251262967308e-01  4.4271311215153841e-01  1.5852008895316530e-01  
q[108]: 4.8510815512576081e-04  5.1746163855446226e-01  4.3486587238805147e-01  2.7174610403366412e-01  
q[109]: 4.1437441973059475e-04  4.4919634334384106e-01  3.5544112336444439e-01  2.6259759893865331e-01  
q[110]: 3.0250027992615483e-04  5.0385010663109864e-01  4.2308215144712152e-01  3.8446917664214653e-01  
q[111]: 9.5271451553919910e-05  3.9661714997243702e-01  3.5676637121677873e-01  7.2215801153862934e-03  
q[112]: 3.5055347313963866e-04  4.1866106982890394e-01  3.8149359153036566e-01  2.2522174418100094e-01  
q[113]: 9.7273682972293305e-05  4.0696240367488279e-01  3.6513148832116432e-01  3.5768215838511663e-01  
q[114]: 1.6687864344230144e-04  4.2380041109393274e-01  3.8810693765921733e-01  3.8253022842366438e-02  
q[115]: 2.9339185184477782e-04  4.9225148613911773e-01  4.5658171397829483e-01  9.2056708551672389e-02  
q[116]: 3.6550493325856358e-04  4.3540126953764607e-01  3.9659320489016486e-01  1.5005520023417043e-01  
q[117]: 2.5451949699087020e-04  4.3566160602953025e-01  3.9817466142106511e-01  3.0696885782141226e-01  
q[118]: 1.8843443499979887e-04  4.1718694439239917e-01  3.8683649238971973e-01  3.4958733962604827e-01  
q[119]: 2.7091906222252850e-05  3.7032568819564954e-01  3.6260988114873266e-01  3.5715593028649967e-01  
q[120]: 4.5184179662397169e-05  4.0504341531734778e-01  3.9753640335567680e-01  8.1731123058827668e-03  
q[121]: 9.5740221448388599e-05  4.1271298641163673e-01  4.0583212213280095e-01  4.1729281202321514e-02  
q[122]: 1.4311745328282204e-04  4.0405234609344132e-01  3.9723099481985769e-01  9.9385651355985247e-02  
q[123]: 1.6998450931715424e-04  4.0585904772208431e-01  3.9803602553490081e-01  1.7769840546094479e-01  
q[124]: 1.5131016935148446e-04  4.3366113252833999e-01  4.2673277243978275e-01  2.6967035865517403e-01  
q[125]: 6.4913451001570379e-05  4.0884447174478217e-01  4.0368508480216353e-01  3.6946040785564666e-01  
q[126]: 4.2570190455399540e-05  5.1669446360729132e-01  1.4971419263901314e-02  7.6562875397640263e-03  
q[127]: 7.6101773440065583e-05  5.1896967965658092e-01  4.4361832528467884e-02  5.7988151662374601e-03  
q[128]: 9.1534195477019535e-05  5.1061136801045648e-01  4.7817599660319003e-02  3.9789931632231372e-02  
q[129]: 1.9025165825352412e-04  5.3057049225600994e-01  7.1858817972981423e-02  3.3589112404131760e-02  
q[130]: 3.2382242537877569e-04  5.4558535047315504e-01  1.2401487623222603e-01  8.7955565753394929e-02  
q[131]: 1.3368647384515107e-04  5.7420362637789535e-01  1.0362759151259936e-01  6.9083007657428442e-03  
q[132]: 3.9443134534507208e-04  5.2976912143914745e-01  1.7376065319229861e-01  8.6218735541593899e-02  
q[133]: 1.7689482902613659e-04  4.9872320137757203e-01  1.7401279416724688e-01  6.8056828803898855e-03  
q[134]: 4.0286122612134481e-04  5.3963654404646655e-01  2.0249430374022021e-01  1.6359174057733764e-01  
q[135]: 1.6904385169325364e-04  5.3854905416461174e-01  1.7738610017071779e-01  1.6980511081950891e-01  
q[136]: 1.6233379365463143e-04  5.1633395857986542e-01  2.6501757034843398e-01  6.6047843995711503e-03  
q[137]: 3.5012915420768630e-04  5.5057471818137538e-01  1.8631196535035266e-01  3.5978792321989923e-02  
q[138]: 5.1115561396482918e-04  5.4207336989338317e-01  2.4667895727066946e-01  8.5048759559906262e-02  
q[139]: 3.0793527533589749e-04  5.7773578780638202e-01  2.3755035359930499e-01  1.4401867667584614e-01  
q[140]: 3.9953253715568660e-04  5.4497432875370766e-01  2.8652452334983952e-01  3.5062718009880325e-02  
q[141]: 4.8438398689537734e-04  5.6361172379706437e-01  3.3208524294801534e-01  8.4832861516641309e-02  
q[142]: 5.2577995478971765e-04  5.6036388441174800e-01  3.1439881763130190e-01  1.4920150303538068e-01  
q[143]: 3.9318647074360172e-04  5.3713987743978542e-01  2.8842179825954961e-01  2.5523734018591943e-01  
q[144]: 1.4824528057040692e-04  5.2194464004903185e-01  2.5850271067484670e-01  2.5248986747705277e-01  
q[145]: 2.6877010717232390e-04  5.7615005084371584e-01  3.2980843752879818e-01  2.5356689916978770e-01  
q[146]: 1.5275334912039955e-04  5.2961627165785241e-01  3.6268845649542591e-01  6.5464810783881413e-03  
q[147]: 3.4646657549982556e-04  5.5199191382791313e-01  3.8377052154178071e-01  3.5094488972242419e-02  
q[148]: 4.5625383971597291e-04  5.4798315715712853e-01  3.9511712201175375e-01  8.8580343338220902e-02  
q[149]: 5.3455824591619081e-04  5.5405870121754153e-01  3.8924282520804698e-01  1.5914129674266633e-01  
q[150]: 5.3959030559216112e-04  5.3800072154452439e-01  3.8723927366618255e-01  2.2460256257065589e-01  
q[151]: 5.3371382363954578e-04  5.3973608991747835e-01  3.6649117013858812e-01  2.7453082803390155e-01  
q[152]: 3.5277767000546227e-04  5.1662953401434963e-01  3.5976808437837426e-01  3.2112891972620372e-01  
q[153]: 1.7845331103081579e-04  5.5707046418305728e-01  3.6948619621332407e-01  3.6203664332496782e-01  
q[154]: 1.2289236101825076e-04  5.9855524010739414e-01  5.0991242932536762e-01  7.3604810051928629e-03  
q[155]: 4.1738710198532261e-04  5.4820871382466052e-01  4.6331404901865436e-01  8.6096877028515623e-02  
q[156]: 4.2512523894943141e-04  5.5334501861482488e-01  4.5076548938246580e-01  3.5957714939457625e-01  
q[157]: 1.5247887609940472e-04  5.0280507515140316e-01  3.9598542740392406e-01  3.8838734801095470e-01  
q[158]: 1.5006143351504710e-04  5.5043250985869141e-01  4.4394635175375535e-01  3.6480895829683821e-02  
q[159]: 3.5571454330090072e-04  5.3408433863153992e-01  5.0157088621378298e-01  3.3639801258087576e-01  
q[160]: 9.2359886439041569e-05  5.1328527728190310e-01  4.7661133388340365e-01  7.2812608174790110e-03  
q[161]: 2.1583798567308512e-04  5.3145964880171026e-01  4.9070569898786104e-01  3.7602241481540212e-02  
q[162]: 3.6908272959264424e-04  5.5444168474336519e-01  5.1728366915357171e-01  1.6357885850282239e-01  
q[163]: 4.1295789090418315e-04  5.3059126452474015e-01  4.9364189324235203e-01  2.4271432630073075e-01  
q[164]: 1.5087640386553133e-04  5.5187496371404721e-01  5.4595892569691029e-01  3.8277998555026554e-01  
q[165]: 3.0820678216783332e-04  5.3379398005841738e-01  4.8793124606902899e-01  3.9739325280882803e-01  
q[166]: 2.0161763485804774e-04  5.4022831845112818e-01  5.0919499482454789e-01  4.7241389587997418e-01  
q[167]: 1.0260534700714085e-04  5.2171630141930769e-01  4.7545579364364732e-01  4.6859626166556245e-01  
q[168]: 3.7547637784527473e-05  5.1721612792715488e-01  5.1031106069645360e-01  7.3617617517136389e-03  
q[169]: 1.0365686917334613e-04  5.2966987132121668e-01  5.2177790063766927e-01  3.9448629935434305e-02  
q[170]: 1.5320917283060295e-04  5.2661228347511191e-01  5.1961094722869472e-01  9.7268587884609140e-02  
q[171]: 1.8577160582839168e-04  5.1272991464915785e-01  5.0559186658078115e-01  1.7699469766922188e-01  
q[172]: 4.6492350504366206e-04  5.7465790378195802e-01  4.8510330403622187e-01  2.4151434195842605e-01  
q[173]: 1.8416575923137392e-04  5.2995007422921470e-01  5.2309806492342659e-01  2.7463399592787552e-01  
q[174]: 1.5594589935051444e-04  5.0819903736064043e-01  4.9949405687381476e-01  4.1085081586263983e-01  
q[175]: 6.4977989481349515e-05  5.2719228185026623e-01  5.2245626659843614e-01  4.8329817924980023e-01  
q[176]: 4.9189503569203791e-05  4.7809787915416319e-01  4.6908427040581918e-01  4.6172768776489115e-01  
q[177]: 4.6523061585986604e-05  6.2875718929188529e-01  1.6416244493177665e-02  7.6858569119321700e-03  
q[178]: 1.8667172084365239e-04  6.4056717659906215e-01  7.1815350378457127e-02  3.8420876581208047e-02  
q[179]: 6.5430861814788115e-05  6.1179275515742704e-01  4.4876405020090854e-02  3.9482969812446554e-02  
q[180]: 1.0065596012602582e-04  6.3434047471677635e-01  5.1014860415636701e-02  7.6537236965701586e-03  
q[181]: 1.4440444220208863e-04  5.9744564248795640e-01  1.0143911993344595e-01  9.4248462788683832e-02  
q[182]: 3.0763742514159688e-04  6.1576818021603807e-01  1.2624565462120474e-01  3.6614949976642337e-02  
q[183]: 3.8688615868281127e-04  6.4308278645300698e-01  1.6974782789100923e-01  8.8345136382803724e-02  
q[184]: 2.7327054953093209e-04  6.6957195954027982e-01  1.2408948428711977e-01  8.8568076941653570e-02  
q[185]: 1.7114261647015988e-04  6.1759616363213155e-01  1.7851178176341884e-01  6.9207661540473982e-03  
q[186]: 3.4213306314807450e-04  6.7521340605986668e-01  1.9678461540641540e-01  3.5399698320509938e-02  
q[187]: 5.1381463858635689e-04  6.4742381643977875e-01  2.3562620905137230e-01  8.6327603982613493e-02  
q[188]: 4.4971300419713615e-04  6.5399399063889740e-01  2.4522265264047316e-01  1.6305109970288897e-01  
q[189]: 3.6167874815538339e-04  6.4916843521597156e-01  1.9435798863578085e-01  1.6212401601207463e-01  
q[190]: 1.2581016102020673e-04  6.4385912397603584e-01  1.7387778202895873e-01  1.6847017629165037e-01  
q[191]: 1.8882815433988963e-04  6.2324444815703528e-01  2.7051733378500892e-01  6.8858928012485174e-03  
q[192]: 3.5803636397541068e-04  6.3072398636195348e-01  2.6560614384268716e-01  3.5886611378007409e-02  
q[193]: 5.8542512217019831e-04  6.6207408355531394e-01  3.2482133909687638e-01  8.7573443514839269e-02  
q[194]: 4.4516075524741907e-04  6.4671750936419015e-01  2.9330069360351846e-01  2.5483155050090811e-01  
q[195]: 1.8361026963604311e-04  6.2952000460104107e-01  2.6461794032409192e-01  2.5692960861153097e-01  
q[196]: 3.2655643121950296e-04  6.9559676325707787e-01  3.5494061511860819e-01  3.7297750859252132e-02  
q[197]: 6.5256326976442043e-04  6.6004271858173380e-01  3.1635553803649358e-01  1.5776540885232229e-01  
q[198]: 5.6751708888753624e-04  6.5494118639959797e-01  3.3643668101217578e-01  2.4392612881913756e-01  
q[199]: 2.0076189961831068e-04  6.2906344196285002e-01  3.7208666841626503e-01  7.3718874368112110e-03  
q[200]: 3.8605568037741576e-04  6.4451400458583674e-01  3.9450847962304736e-01  3.8422556919274431e-02  
q[201]: 5.3692993436201496e-04  6.6590361546279531e-01  4.1762728476578753e-01  9.1718842339072237e-02  
q[202]: 7.0343939542132962e-04  6.5903165144879350e-01  4.0528396933238853e-01  1.5951239831019076e-01  
q[203]: 7.5521178885188788e-04  6.3779695850301099e-01  3.9895332428191665e-01  2.3912366507087746e-01  
q[204]: 5.3333292483019124e-04  6.5891459716106870e-01  4.2872833970568075e-01  3.3918082285225204e-01  
q[205]: 4.4987288432671329e-04  6.4975586660730744e-01  3.9783233152152742e-01  3.6116269771822584e-01  
q[206]: 1.7467624623716748e-04  6.3855310797927500e-01  3.5713265466934158e-01  3.5027806937851752e-01  
q[207]: 1.7260509046127551e-04  6.4130849126405098e-01  4.7788586369946279e-01  6.9067741929497838e-03  
q[208]: 3.3574700572137998e-04  6.6623364727565493e-01  4.9520738455699953e-01  3.5501723568197766e-02  
q[209]: 6.3563820350789695e-04  6.4765911893898487e-01  4.8278906649029391e-01  1.5880708227135004e-01  
q[210]: 7.1533688619662673e-04  6.5672105015710214e-01  4.9472755382091005e-01  2.4430091039915555e-01  
q[211]: 6.6372848923132845e-04  6.3722406960653133e-01  4.8517273502211244e-01  3.2245369567457521e-01  
q[212]: 4.7878403125177520e-04  6.4937677335030097e-01  4.9735715631446581e-01  4.0622112376331410e-01  
q[213]: 3.2388219507873924e-04  6.0902362879062089e-01  4.5166759988072858e-01  4.1313308516143854e-01  
q[214]: 1.6866784191295231e-04  6.6067305843212520e-01  4.7714651115151502e-01  4.7000122853378540e-01  
q[215]: 5.2960108260947719e-04  6.4883311595932369e-01  4.8972980760039569e-01  8.6011391977882101e-02  
q[216]: 1.3554834411452424e-04  6.1272052113252595e-01  5.0753769385564551e-01  5.0076535585034132e-01  
q[217]: 2.6459909868258030e-04  6.1487811874164899e-01  5.2195866255296386e-01  3.6773111983436586e-02  
q[218]: 3.9340449563133982e-04  6.6502799380881183e-01  5.7680196786824489e-01  8.6246776079549142e-02  
q[219]: 5.3552521753720127e-04  6.3849741739567767e-01  5.4903001170614008e-01  1.5318865281052210e-01  
q[220]: 5.5236440889887034e-04  6.6767926919042064e-01  5.7632752522036901e-01  2.3917105351327239e-01  
q[221]: 5.3625729362056151e-04  6.6629283119376737e-01  5.7743983542697475e-01  3.3144303117624563e-01  
q[222]: 5.1093998713617073e-04  6.2189748151046853e-01  5.4219696652128690e-01  3.8165050277484597e-01  
q[223]: 4.4042213815977203e-04  6.5567551380403866e-01  5.7479433809486957e-01  4.8835996305497015e-01  
q[224]: 2.8568286159642121e-04  6.1583551861381169e-01  5.3027491496350732e-01  4.9502671962207545e-01  
q[225]: 9.7406453556609136e-05  6.3372971509966991e-01  5.9280856282142513e-01  5.8569634760621492e-01  
q[226]: 7.6699954513672941e-05  6.3142785454440575e-01  5.9365148112894772e-01  6.0247654268348249e-03  
q[227]: 2.0005114304706849e-04  6.4558572066182063e-01  6.0771516334890119e-01  3.3852109292832826e-02  
q[228]: 3.2393739981720977e-04  6.1430394676441458e-01  5.7818851711978370e-01  8.9054904228673099e-02  
q[229]: 3.3598695978764674e-04  6.5845622518442082e-01  6.2192739327953095e-01  1.6304803730147768e-01  
q[230]: 4.1706067148592532e-04  6.4303294835342661e-01  6.0440789161497821e-01  2.5281440980578707e-01  
q[231]: 4.2312096415189897e-04  6.3910233966375707e-01  6.0261547848288710e-01  3.4814258863044234e-01  
q[232]: 3.3981615212285435e-04  6.4678650443278118e-01  6.1520697826574422e-01  4.5252312188722793e-01  
q[233]: 2.3607545377119754e-04  6.2182981726480879e-01  5.9181427530560449e-01  5.0188193004595139e-01  
q[234]: 2.0452283268381977e-04  6.6446708905300789e-01  6.2644916121209215e-01  5.8877843357821880e-01  
q[235]: 4.2649599367984692e-05  6.2625917859231695e-01  6.1882675104100104e-01  8.4564283222177163e-03  
q[236]: 8.2048069183837395e-05  6.3847448961434017e-01  6.3154361657717872e-01  4.2126609520080453e-02  
q[237]: 1.3180376937100148e-04  6.4855429916074814e-01  6.4174479014134578e-01  9.5547986086888345e-02  
q[238]: 1.7954962413258219e-04  6.2848306559898304e-01  6.2150010619857632e-01  1.7204101103872316e-01  
q[239]: 2.0968264338362829e-04  6.3250871921191854e-01  6.2496791316879041e-01  2.6673250997967385e-01  
q[240]: 1.9219640900260452e-04  6.4458536522585430e-01  6.3758969520181474e-01  3.7646521502815655e-01  
q[241]: 1.3682990141890749e-04  6.7073731017188543e-01  6.6453474979620641e-01  4.8472787898052710e-01  
q[242]: 1.1277891067852088e-04  6.2850619603503222e-01  6.2331648217211622e-01  5.2294348921017331e-01  
q[243]: 9.5014745216342081e-05  6.4124836320737644e-01  6.3407375036300329e-01  5.9216607926457088e-01  
q[244]: 4.8093967966225459e-05  5.9399975319904696e-01  5.8602058066206786e-01  5.7817036459509097e-01  
q[245]: 3.3094278644159306e-05  7.3001224368354634e-01  1.4282117518411099e-02  8.4419242778874838e-03  
q[246]: 5.2714842043958693e-05  7.3953186986022423e-01  3.9470160704269439e-02  3.8981209565916398e-03  
q[247]: 1.5323835925986999e-04  7.4804177024670415e-01  6.3063466610288124e-02  2.7959033039115271e-02  
q[248]: 7.9415898662500885e-05  7.0980491021389425e-01  4.9965425850292323e-02  4.2621139247369690e-02  
q[249]: 1.3558829479095645e-04  6.9022797542708469e-01  1.0529484845828858e-01  7.2809466136009460e-03  
q[250]: 2.7585616578766538e-04  7.2670241832431848e-01  1.2052061241195033e-01  3.8140828163630867e-02  
q[251]: 3.0216392708022871e-04  7.5100689786936792e-01  1.7386210914352254e-01  8.3271127412305995e-02  
q[252]: 2.7246942601258589e-04  7.7337471907061128e-01  1.1950433484520349e-01  8.2410888029678220e-02  
q[253]: 2.8125567887473746e-04  7.6798012937405224e-01  1.9002050940615417e-01  3.4930194652543760e-02  
q[254]: 4.0336623918554588e-04  7.4962903682996640e-01  2.3978606383341655e-01  8.5043796771585065e-02  
q[255]: 3.9782606732430715e-04  7.4297323796888759e-01  2.3196451624349876e-01  1.4070178509036566e-01  
q[256]: 3.4204863037574505e-04  7.5408768322416631e-01  1.9859330011592266e-01  1.5800191304618813e-01  
q[257]: 1.3120707434232542e-04  7.1709041344525115e-01  1.0540460775570556e-01  9.8601388216422656e-02  
q[258]: 1.4524558407134805e-04  7.2968889692033723e-01  1.7795118031188584e-01  6.4761212644965449e-03  
q[259]: 1.6521363475654441e-04  7.5079113901886652e-01  1.8021699652174503e-01  1.7203214073793041e-01  
q[260]: 1.7034245987123314e-04  7.2867478129019525e-01  2.6703399829906482e-01  6.6656862601120149e-03  
q[261]: 3.8348270639656287e-04  7.4757448427454154e-01  2.8659478450369924e-01  3.4838746317371619e-02  
q[262]: 4.8473683834053413e-04  7.5625646658149159e-01  3.1738357979780185e-01  8.5155572172681937e-02  
q[263]: 5.8413590036518134e-04  7.5576887811932325e-01  3.1605459323537438e-01  1.5517860731172647e-01  
q[264]: 5.5066669013039316e-04  7.5196696461876589e-01  3.1718502932538778e-01  2.2500885308130342e-01  
q[265]: 4.2204330205539967e-04  7.4881969634387568e-01  2.8880966862014146e-01  2.5080273102021033e-01  
q[266]: 1.6309518148013041e-04  7.2742256611662126e-01  2.6182020329212913e-01  2.5465532624234499e-01  
q[267]: 2.0194426738447311e-04  7.3219259118386171e-01  3.7159655559994437e-01  7.3825604706027684e-03  
q[268]: 3.1350351240570074e-04  7.7844653201731107e-01  4.0700898292535631e-01  3.7870500899586421e-02  
q[269]: 7.1935459727812058e-04  7.5603786912968440e-01  4.0664244188133308e-01  1.5787510670467678e-01  
q[270]: 7.4823033879822310e-04  7.4647082131103171e-01  4.0899056384654875e-01  2.4472145062358727e-01  
q[271]: 6.2364149950218167e-04  7.5452162975180259e-01  4.1545734242410198e-01  3.2634247891707352e-01  
q[272]: 4.2167258787220019e-04  7.4496186519466778e-01  3.9324929277198695e-01  3.5645420692386215e-01  
q[273]: 1.8124941986082802e-04  7.4120263704877298e-01  3.6051050096044229e-01  3.5339453745624727e-01  
q[274]: 1.7336873951070096e-04  7.3415524390333398e-01  4.7834100969692178e-01  6.6017159269150215e-03  
q[275]: 4.0159853065710547e-04  7.5307072712011525e-01  4.9017346224407404e-01  3.5169481600876087e-02  
q[276]: 5.9401894949687390e-04  7.6863506055537878e-01  4.1776768828636585e-01  8.8947023629209296e-02  
q[277]: 7.4969016441866164e-04  7.5845253568170545e-01  5.0891343680470569e-01  1.6110924446759575e-01  
q[278]: 8.0612094324830500e-04  7.4478466078316474e-01  4.9549887006781168e-01  2.4552299401235186e-01  
q[279]: 7.5845446167504540e-04  7.3904447583723898e-01  5.0005823529354321e-01  3.3908639042617711e-01  
q[280]: 5.3459178201698985e-04  7.5610394515478485e-01  5.1407094459181935e-01  4.2563261619510018e-01  
q[281]: 3.9517849687207912e-04  7.5577458296216016e-01  5.0751605141796596e-01  4.7011387234971752e-01  
q[282]: 1.8380921318860341e-04  7.3658570958811043e-01  4.6213544138487767e-01  4.5495871596304754e-01  
q[283]: 1.7657611599947038e-04  7.5654508533693665e-01  5.8838901561454882e-01  7.9062934451647124e-03  
q[284]: 5.1303329549769031e-04  7.5120011596335357e-01  5.0276166969714620e-01  8.6575837313359744e-02  
q[285]: 1.6499821676893315e-04  7.6149850518702289e-01  5.8844382347236379e-01  5.8146993410537839e-01  
q[286]: 3.1333881044623278e-04  7.5288239779557675e-01  5.8919155114313526e-01  4.1798891572673878e-02  
q[287]: 5.1798078853540399e-04  7.5547764121878647e-01  5.9572376315575470e-01  9.5431080489193451e-02  
q[288]: 5.5374794311062545e-04  7.3597782209893181e-01  5.7699615969942364e-01  1.6220069729153783e-01  
q[289]: 7.2728098951824075e-04  7.5852208989555159e-01  5.9635888692990113e-01  2.5018539033096926e-01  
q[290]: 7.2057941887275446e-04  7.5118003805143607e-01  5.8921406879724125e-01  3.4345646924372181e-01  
q[291]: 5.9781490361835408e-04  7.3519366813846165e-01  5.8769259165187071e-01  4.2766541939853536e-01  
q[292]: 4.8220993618902479e-04  7.2613517876242895e-01  6.4583142151073436e-01  4.8632543066249839e-01  
q[293]: 5.0117451804189471e-04  7.4830180882344255e-01  5.9664621777105442e-01  5.0936693850594450e-01  
q[294]: 3.1498048105887901e-04  7.0039976088537126e-01  5.3825447081634081e-01  5.0204964005558472e-01  
q[295]: 1.1849294416326639e-04  7.0628473938934644e-01  6.1287975390293525e-01  6.4780223259906641e-03  
q[296]: 2.6906535546284305e-04  7.1965156342790804e-01  6.2694431914827109e-01  3.5053561662342886e-02  
q[297]: 2.8537832494122234e-04  7.5195972014678791e-01  6.6613271646349270e-01  8.8005096988386350e-02  
q[298]: 4.9053917877276017e-04  7.4552443428816140e-01  6.5819320000307102e-01  1.5964529187799303e-01  
q[299]: 4.8749399186289507e-04  7.5975818499504943e-01  6.7082549388003887e-01  2.4211381091697420e-01  
q[300]: 5.2139113683521054e-04  7.6155228691745103e-01  6.7084332915448786e-01  3.3375275620754746e-01  
q[301]: 4.6098073387330777e-04  7.5606029928893448e-01  6.6680121421639638e-01  4.2021239926479775e-01  
q[302]: 2.8056997347895656e-04  7.5383914661947959e-01  7.1896689064136887e-01  5.5277309931549445e-01  
q[303]: 3.8134417442628005e-04  7.6783024664328747e-01  6.8497113180726243e-01  5.9612678297024735e-01  
q[304]: 2.8699455197049502e-04  7.3314770590749612e-01  6.3741697813848164e-01  6.0156009578513270e-01  
q[305]: 1.2222025136297021e-04  7.1315976434285322e-01  6.1858340107155874e-01  6.1181144980261459e-01  
q[306]: 8.5459382056436451e-05  7.4484951509557684e-01  7.0635572932804058e-01  7.0699973608058875e-03  
q[307]: 1.3320709318083551e-04  7.5481385485035923e-01  7.1382867497993108e-01  3.2965697835540327e-02  
q[308]: 2.5858987643452211e-04  7.2925436029925628e-01  6.9350292810047964e-01  7.7950833971995356e-02  
q[309]: 2.9878715090232569e-04  7.4724625295105007e-01  7.1112188917975894e-01  1.4527705911502248e-01  
q[310]: 3.8476613025666004e-04  7.4121743753502867e-01  7.0470244337865240e-01  2.4298609807408669e-01  
q[311]: 4.3715896358791214e-04  7.4296989212971187e-01  7.0530501468612061e-01  3.4711685112403146e-01  
q[312]: 4.0456128497679900e-04  7.4110732014887348e-01  7.0382379922359994e-01  4.5119040189938486e-01  
q[313]: 1.3934137549725069e-04  7.6164277806696989e-01  7.5450829335900593e-01  5.7188332523829200e-01  
q[314]: 2.6175637890860028e-04  7.2799595579920684e-01  6.9434272089882310e-01  6.0062574196084884e-01  
q[315]: 1.8826271637033875e-04  7.6990082121483328e-01  7.2747825190196358e-01  6.8718146965623816e-01  
q[316]: 9.3571993446544893e-05  7.4755516600162697e-01  7.0902293784103809e-01  7.0125804604040154e-01  
q[317]: 2.1931804511015319e-05  7.2671484909871797e-01  7.1980195754668830e-01  4.1204494797649847e-03  
q[318]: 7.8985933396557315e-05  7.3433336404540184e-01  7.2639578204127198e-01  3.0289018399730583e-02  
q[319]: 1.1091665390674207e-04  7.5537981904172580e-01  7.4850292618962277e-01  8.3667477640331750e-02  
q[320]: 1.5413568537181257e-04  7.4013331710761310e-01  7.3310253214162591e-01  1.5999308021040171e-01  
q[321]: 1.8575351984137563e-04  7.3832213746895459e-01  7.3143086364914922e-01  2.5254723379107702e-01  
q[322]: 1.8749906202529762e-04  7.3650426847808204e-01  7.2934914092818492e-01  3.5794202015370452e-01  
q[323]: 1.8481718911874873e-04  7.5718001495835618e-01  7.4990090615433880e-01  4.7021474287063542e-01  
q[324]: 1.2516714528294263e-04  7.4057725684118125e-01  7.3402475881598461e-01  6.3314997228578596e-01  
q[325]: 9.0657106105232791e-05  7.4596201848370791e-01  7.3806458281322351e-01  6.9705908727171317e-01  
q[326]: 4.3878739043654124e-05  7.0842525708716797e-01  7.0089477550542156e-01  6.9285547859342467e-01  
q[327]: 4.0463741867004204e-05  8.2357991161124366e-01  1.7028216959751718e-02  7.7331858487217839e-03  
q[328]: 8.2646748350660311e-05  8.4618302849643867e-01  5.1803318435752858e-02  8.1898618955597649e-03  
q[329]: 6.8114327753688493e-05  8.0033510517795392e-01  4.8264765511271741e-02  4.1818126065790828e-02  
q[330]: 1.1606047959945875e-04  7.8768650181066513e-01  9.3688340018378433e-02  7.8807266830627602e-03  
q[331]: 2.9729531375571433e-04  8.3666215512595388e-01  1.3572437524797332e-01  3.9498246495498934e-02  
q[332]: 3.3499432136968583e-04  8.3877536189497715e-01  1.8306079852515650e-01  9.6814057724864205e-02  
q[333]: 1.6838712825504703e-04  8.4046826573378530e-01  7.9864243772626672e-02  4.1817786197614372e-02  
q[334]: 1.2619980373908011e-04  8.2338495649915044e-01  1.0584523274232045e-01  9.8195640597962763e-02  
q[335]: 1.3018719265376556e-04  8.2471418759625181e-01  1.5806450334771191e-01  7.1576733408868550e-03  
q[336]: 3.0881546411809074e-04  8.3756834665278845e-01  2.3155035518943762e-01  4.2821027203710844e-02  
q[337]: 4.5402125145155287e-04  8.4122921709510146e-01  2.5473431504157179e-01  9.9989629568544736e-02  
q[338]: 5.2908544656707715e-04  8.3697880697714233e-01  2.7246016078911972e-01  1.7749020923181577e-01  
q[339]: 2.4708132630772153e-04  8.3767590191041363e-01  1.8811112653689224e-01  1.4965672058956503e-01  
q[340]: 1.3424636330793419e-04  8.4105375773605784e-01  1.8397875545253570e-01  1.7687749425830626e-01  
q[341]: 1.8077668897815150e-04  8.2723547307695311e-01  2.4865126912949784e-01  8.2117448554603189e-03  
q[342]: 3.5330279387105781e-04  8.3623030605829185e-01  3.2394644521292726e-01  4.0136898376316489e-02  
q[343]: 4.7260064643112667e-04  8.4105810565587558e-01  3.3839216239240888e-01  9.7560271387407430e-02  
q[344]: 6.2823110733046400e-04  8.4009672050871076e-01  3.5687986757722634e-01  1.8104792101527414e-01  
q[345]: 5.3465744144084570e-04  8.3918298991850981e-01  3.6979343538364651e-01  2.7756550094940458e-01  
q[346]: 3.4003743359844687e-04  8.4045129983454425e-01  2.7289389381736384e-01  2.3523995863144098e-01  
q[347]: 1.5893758987766920e-04  8.2237741002730624e-01  2.7842660970608568e-01  2.7145107680222541e-01  
q[348]: 1.6510690177088324e-04  8.2433933692688088e-01  3.5107131348175230e-01  6.5047270309110802e-03  
q[349]: 2.3441390672174144e-04  8.4075207838700028e-01  4.1550318178698903e-01  3.0406993384968547e-02  
q[350]: 4.7362976224462537e-04  8.5778747538955691e-01  4.2899316200935372e-01  8.3849200371886881e-02  
q[351]: 5.3194680328934492e-04  8.4369205141927661e-01  4.3056325233170351e-01  1.5663495618615692e-01  
q[352]: 3.7795024351024810e-04  8.3536819062798162e-01  3.7646402756020086e-01  3.3759223949204692e-01  
q[353]: 1.5144804482464404e-04  8.3191232838230544e-01  3.7540757870371422e-01  3.6705044112966451e-01  
q[354]: 7.2254835180897566e-04  8.3567364410276590e-01  4.9366271527300348e-01  2.4022122333924634e-01  
q[355]: 6.2289564088178052e-04  8.3491563588264628e-01  4.3729413229440917e-01  2.7491970945347577e-01  
q[356]: 5.3411450005408736e-04  8.4556303019677970e-01  4.7702941558606926e-01  3.9191811071152099e-01  
q[357]: 1.1031802379744886e-04  8.2955109090256252e-01  4.6166292459189501e-01  4.5667174671630284e-01  
q[358]: 1.6255914894336478e-04  8.2568191728949947e-01  4.7054279890647127e-01  6.3087736763531672e-03  
q[359]: 2.8789815211432556e-04  8.4645371734368857e-01  5.1958111896455239e-01  3.5415724468992986e-02  
q[360]: 4.0714996920094730e-04  8.4913282630221487e-01  5.1806869354691776e-01  8.2366106740627693e-02  
q[361]: 6.3935433615452779e-04  8.4544496201526798e-01  5.2386584221828691e-01  1.5569157471099507e-01  
q[362]: 6.6825005106957718e-04  8.3244915909893891e-01  5.2882146427199506e-01  3.7279268343619237e-01  
q[363]: 4.8362633849539282e-04  8.4220600132304846e-01  5.7710432644497778e-01  4.9400135791160499e-01  
q[364]: 3.6657763237908230e-04  8.3335028388161214e-01  4.8682326967646206e-01  4.5404626202748766e-01  
q[365]: 1.6778833854940703e-04  8.2834529085084962e-01  5.6094686851667286e-01  5.5329471868686542e-01  
q[366]: 1.7719348625312603e-04  8.3476348185122062e-01  5.8195646459229355e-01  8.1710049700146753e-03  
q[367]: 3.1954407915080641e-04  8.3546361910047184e-01  6.0426063580202827e-01  4.2936150799336034e-02  
q[368]: 4.1996725251114447e-04  8.3215706885720397e-01  5.8605508350801572e-01  9.7807587677262359e-02  
q[369]: 4.5670544386058079e-04  8.4691823350490325e-01  6.2034492447767764e-01  1.6655697563537225e-01  
q[370]: 7.4079620556217714e-04  8.3781453960006413e-01  5.9404939982716032e-01  2.4842671537355487e-01  
q[371]: 7.3397050844486577e-04  8.3282472642629435e-01  5.8194832136693486e-01  3.4013832414990475e-01  
q[372]: 5.9294995170537754e-04  8.2153567007777017e-01  6.2191919251362560e-01  4.7035304412861523e-01  
q[373]: 2.9213298881886356e-04  8.5429550917668917e-01  6.1203628842250390e-01  5.7450144526433433e-01  
q[374]: 1.1873532413844260e-04  8.5324825041183205e-01  6.8844127109879028e-01  6.9306633733489231e-03  
q[375]: 2.5353570267070281e-04  8.3331212127772669e-01  6.7942657740956935e-01  3.6797826977140374e-02  
q[376]: 4.4514905464343446e-04  8.5193094704781869e-01  6.8515386011570489e-01  9.6133860368386642e-02  
q[377]: 4.7408404552215624e-04  8.2217180278618163e-01  6.5942308229095248e-01  1.7409570872674357e-01  
q[378]: 5.8776534729824634e-04  8.4864720686730322e-01  6.9845297431840292e-01  2.6368410347069327e-01  
q[379]: 6.5671930215971332e-04  8.4168514812536332e-01  6.8028902283301007e-01  3.5290779525817251e-01  
q[380]: 5.7297583628214204e-04  8.4038593045269505e-01  6.7339657882137693e-01  4.4301303191897645e-01  
q[381]: 5.0002735588260019e-04  8.4462768485996409e-01  6.8249381769516515e-01  5.9188095702655630e-01  
q[382]: 2.9636552806307128e-04  8.0396027620815336e-01  6.3352060253468423e-01  5.9661882356009766e-01  
q[383]: 1.3393144704354701e-04  8.5773753389773211e-01  6.8303227471223371e-01  6.7625110344138439e-01  
q[384]: 1.2067038846666718e-04  8.1099392957467797e-01  7.1690079559748143e-01  7.3066958648792353e-03  
q[385]: 2.1288774038469478e-04  8.1370912730545153e-01  7.2705644358596944e-01  3.9687254264918176e-02  
q[386]: 3.2298416338987748e-04  8.2467490729959381e-01  7.2592827361424939e-01  9.3072434949137500e-02  
q[387]: 4.7560869016650709e-04  8.4068488675187525e-01  7.4162005928963048e-01  1.7113358126571812e-01  
q[388]: 4.6429435774598564e-04  8.4204835169335857e-01  7.6042454078118171e-01  2.7164776137917040e-01  
q[389]: 4.8931722940105779e-04  8.4205943567059260e-01  7.5554149474298304e-01  3.7560926305860304e-01  
q[390]: 3.1785413564946427e-04  8.8981332588824036e-01  7.9894015596063306e-01  4.6416849067311994e-01  
q[391]: 4.8141634580023309e-04  8.3329134538114136e-01  7.3981310747852602e-01  4.7828788629996932e-01  
q[392]: 5.7539825625062843e-04  8.2625224803377217e-01  7.1991055106298862e-01  5.5692412524851032e-01  
q[393]: 3.2160496693064955e-04  8.5430914326722174e-01  7.7197399261921351e-01  6.8935518585729072e-01  
q[394]: 2.2408018086142868e-04  8.3388995610179095e-01  7.2765258677845435e-01  6.9189999583727058e-01  
q[395]: 1.1858944853135935e-04  8.1471083397519672e-01  7.2017779507508628e-01  7.1317017974654617e-01  
q[396]: 7.8301137088541034e-05  8.4838129690218844e-01  8.0765038470266126e-01  7.2842442266875434e-03  
q[397]: 1.5566848243634792e-04  8.3026934122352114e-01  7.9919364805639370e-01  4.3540959412609541e-02  
q[398]: 2.8431908669454179e-04  8.3583180962626280e-01  7.9325856253733062e-01  9.9634870632407474e-02  
q[399]: 2.9703962510362118e-04  8.3227632226509551e-01  7.8910128570606886e-01  1.7655784242688935e-01  
q[400]: 2.5360140745280441e-04  8.2547944208603741e-01  7.9170755889926114e-01  2.4865246350467290e-01  
q[401]: 3.4701336945124094e-04  8.3287200119948401e-01  7.9746812845691262e-01  3.4715151089776014e-01  
q[402]: 3.9536657212402591e-04  8.3263701133227808e-01  7.9621443342530773e-01  4.5899030531569052e-01  
q[403]: 3.6541965927949744e-04  8.3567484349658228e-01  7.9350205579443656e-01  5.6186410941302956e-01  
q[404]: 2.8692000849877864e-04  8.3182341848147123e-01  7.8527725932476400e-01  6.3959834299774698e-01  
q[405]: 2.2304343823987202e-04  8.3274524377259984e-01  8.0692252466238301e-01  7.2182581360076425e-01  
q[406]: 1.3004392496055180e-04  8.4672845846101008e-01  7.9746363632310413e-01  7.6600775233443297e-01  
q[407]: 5.9304327451199694e-05  8.4532383042840487e-01  8.0916909381333124e-01  8.0329198048887118e-01  
q[408]: 4.0526172453782941e-05  8.2210268698714173e-01  8.1401001897486791e-01  8.7588623427782408e-03  
q[409]: 4.6508795891956780e-05  8.2567732832733587e-01  8.2090799624952626e-01  4.3748832980340213e-02  
q[410]: 1.2498610987516601e-04  8.3884797224007102e-01  8.3008231944620159e-01  1.0864925893901627e-01  
q[411]: 1.4191394792903851e-04  8.3079774702512965e-01  8.2292354535565471e-01  1.8453941234921420e-01  
q[412]: 1.3891166883432944e-04  8.3788283026695820e-01  8.3141558635257673e-01  2.7667888528911688e-01  
q[413]: 1.4492676775989199e-04  8.2390220160146199e-01  8.1680146261797004e-01  3.6625009923403390e-01  
q[414]: 1.4460912243008169e-04  8.4239414352480191e-01  8.3583615655544508e-01  4.6918409616546480e-01  
q[415]: 1.7272909304398944e-04  8.4487682509432549e-01  8.3678606866283667e-01  5.7868727181750057e-01  
q[416]: 1.5274988825115631e-04  8.4138346442520895e-01  8.3290479225046077e-01  6.7458194262628157e-01  
q[417]: 4.5190817982332970e-05  8.3367877505330301e-01  8.3209675401136340e-01  7.4959327238343165e-01  
q[418]: 6.9349478382301833e-05  8.3052349563237660e-01  8.2095379235860422e-01  7.9055826701689658e-01  
q[419]: 2.5730265672648742e-05  8.1224068475213096e-01  8.0579774524770242e-01  7.9985248578389712e-01  
q[420]: 1.7033764135296608e-05  9.0332574609060057e-01  1.1189849152315792e-02  5.8944581186298785e-03  
q[421]: 5.4182442650455594e-05  9.1779198724535882e-01  4.0556107873921332e-02  7.9408286196243957e-03  
q[422]: 1.0963047719808373e-04  9.1558735590383422e-01  7.7171225649782779e-02  4.1493154895397746e-02  
q[423]: 5.9543518847535725e-05  8.8072750074191786e-01  4.3569600694987963e-02  3.6290146409558639e-02  
q[424]: 9.6383031520508834e-05  8.8995341574791298e-01  1.0394560586327566e-01  6.7420448346610894e-03  
q[425]: 1.7781905460117857e-04  9.1732763089194636e-01  1.2034011005174963e-01  3.6102365966469388e-02  
q[426]: 2.6590831939025819e-04  9.1383212351944298e-01  1.8076036966311584e-01  9.1922143327129932e-02  
q[427]: 2.0692181887655957e-04  8.7968287276028112e-01  1.3247357923122396e-01  9.5192453543437236e-02  
q[428]: 8.5108204752455847e-05  9.0571241773319067e-01  9.6570282115681333e-02  8.9540927146184959e-02  
q[429]: 1.0842929443486813e-04  9.0410683165470818e-01  1.8672533188261251e-01  7.9923003655325321e-03  
q[430]: 2.1169214385186009e-04  8.9986293367932568e-01  1.9693662604153148e-01  3.4777689147621346e-02  
q[431]: 2.8408448771777685e-04  9.1151599808360650e-01  2.3637070744660260e-01  7.9017058518313893e-02  
q[432]: 3.7047917555979939e-04  9.1209505811908487e-01  2.5964881519516653e-01  1.6634211423864348e-01  
q[433]: 2.5815099284218120e-04  9.1134370420707433e-01  2.1577232232762919e-01  1.7912695476792717e-01  
q[434]: 9.9729029776859533e-05  9.1539371312506401e-01  1.7129794076933361e-01  1.6439617521196212e-01  
q[435]: 8.6170081504225661e-05  9.0579264564197870e-01  2.6658076835692235e-01  5.4993230153761235e-03  
q[436]: 2.7894491875449495e-04  9.0694313082770484e-01  3.0127789307973929e-01  3.4300950522163427e-02  
q[437]: 4.0711004355530029e-04  9.1301894212643742e-01  3.3710385421176131e-01  8.6020569571986949e-02  
q[438]: 4.8470513118731794e-04  9.1112663190752463e-01  3.2608897378784346e-01  1.5259307959766508e-01  
q[439]: 3.1716100542737740e-04  9.0928065279798886e-01  3.3168299461495659e-01  2.5963539765069732e-01  
q[440]: 1.2689029370269921e-04  9.0230838314378425e-01  2.6945301163561575e-01  2.6229637541971595e-01  
q[441]: 1.2891215662419131e-04  9.0335837389409734e-01  3.5738834089824589e-01  7.8342662022115334e-03  
q[442]: 3.0515149971419318e-04  9.0887918121380595e-01  4.2251678224263239e-01  3.7060534678458705e-02  
q[443]: 3.5154855942558710e-04  9.2611107844822427e-01  4.4068561641461984e-01  8.6874307170159329e-02  
q[444]: 5.1167464321628681e-04  9.1182562034704118e-01  4.3523987783261214e-01  1.5992056796081611e-01  
q[445]: 4.8783927637535126e-04  9.0960571691941217e-01  3.8941118594987367e-01  2.5082870366311028e-01  
q[446]: 3.9049715066110285e-04  9.1370678166250174e-01  4.4073627024749135e-01  3.5764078952856293e-01  
q[447]: 2.2971954897835645e-04  9.1040329432318623e-01  3.2496199101706691e-01  2.9362472866409861e-01  
q[448]: 1.2032822810306400e-04  9.0442635584472608e-01  3.8182194779025397e-01  3.7617827950555083e-01  
q[449]: 1.1777746205052609e-04  9.0124582755001925e-01  4.6115828828723726e-01  5.7342385605060522e-03  
q[450]: 5.1528810176373072e-04  9.1055561096025617e-01  4.6187545270389757e-01  2.4088412961699493e-01  
q[451]: 5.2225135793572939e-04  9.0639288229432224e-01  5.0594091214117021e-01  3.5409936478520360e-01  
q[452]: 3.8491901376097820e-04  9.1683115716761709e-01  5.5197683733123359e-01  4.6995284888288091e-01  
q[453]: 2.9981668601994805e-04  9.0819643886447909e-01  4.3766738520690668e-01  4.0437071830007165e-01  
q[454]: 1.1812785347523121e-04  9.0887252343102543e-01  5.8034679902556074e-01  6.2829953943200813e-03  
q[455]: 2.4383461193364385e-04  9.1043254834669551e-01  5.3297729029019236e-01  3.0611331241239780e-02  
q[456]: 3.7652809954954715e-04  9.1849289877137907e-01  5.5142273068232872e-01  7.7923747589133882e-02  
q[457]: 4.7572802812978141e-04  9.1652860955422744e-01  5.3355835945415198e-01  1.4216942839284430e-01  
q[458]: 6.4070553819394968e-04  9.1144300651341470e-01  5.6460567212148904e-01  2.3189331850773406e-01  
q[459]: 5.6187281691651516e-04  9.0566946378098989e-01  5.6139945439108518e-01  3.2203857884122561e-01  
q[460]: 2.9996781400150086e-04  9.2316361400986258e-01  5.9677826144652080e-01  4.4685344100902347e-01  
q[461]: 2.7805555768344720e-04  9.0728339148931259e-01  5.5693538091011252e-01  5.2079559374021900e-01  
q[462]: 1.4442694534471724e-04  9.0477082093949657e-01  5.0765746529695799e-01  5.0049154789505390e-01  
q[463]: 9.1631673607488261e-05  9.1240939792015763e-01  6.7826139187859069e-01  6.9807225732133838e-03  
q[464]: 2.9950079083182631e-04  9.0933171803634882e-01  6.5191668135499570e-01  3.6885557824022169e-02  
q[465]: 4.1256394674777486e-04  9.0919660155290993e-01  6.4987666523457122e-01  9.1351586099145135e-02  
q[466]: 5.0346909242326271e-04  9.1415486586556227e-01  6.3966557225202991e-01  1.6011552800023632e-01  
q[467]: 5.4481049214057586e-04  9.0987632723183587e-01  6.7001563603208325e-01  2.4916431171254425e-01  
q[468]: 6.0524732752449543e-04  9.0927218426783807e-01  6.6379387980608140e-01  3.4172550599489249e-01  
q[469]: 5.2446213485769701e-04  9.0811366311096420e-01  6.5193838291801454e-01  4.2883621410475142e-01  
q[470]: 3.7099547703522046e-04  8.9099757137751345e-01  6.2536738615454535e-01  4.7899252194109038e-01  
q[471]: 4.0450932943028627e-04  9.1599232928427921e-01  6.6419403231017782e-01  5.7467756475403409e-01  
q[472]: 2.2036082654833193e-04  9.1930264781454929e-01  6.7179111769290822e-01  6.3572144083963644e-01  
q[473]: 1.3419821037347494e-04  9.0726266351853369e-01  6.2599441821207846e-01  6.1920163539642170e-01  
q[474]: 6.5443584022624685e-05  9.2160247923015071e-01  7.5418295939187785e-01  8.3916128798898950e-03  
q[475]: 2.5908710745914761e-04  9.0682683245699069e-01  7.5041389242494783e-01  3.9177624734635902e-02  
q[476]: 3.2316635355510918e-04  9.2006622558057061e-01  7.5174984419563440e-01  9.3831219117628595e-02  
q[477]: 5.4701799777216048e-04  9.0840518189808928e-01  7.3982113466981492e-01  1.7416578605403066e-01  
q[478]: 4.5872734935380557e-04  9.1670858395496380e-01  7.6286878042440265e-01  2.7414139317886466e-01  
q[479]: 5.2170400654005485e-04  9.1439261368708091e-01  7.5884821615457065e-01  3.7689226960806804e-01  
q[480]: 5.3908038940713625e-04  9.1275218866212882e-01  7.4675963249835364e-01  4.7610275303398958e-01  
q[481]: 5.4661931780959291e-04  9.0415207204104520e-01  7.3025368717705741e-01  5.6423078920318204e-01  
q[482]: 3.2489407789689493e-04  9.1804736567031686e-01  7.5853655152921384e-01  6.7143563615801150e-01  
q[483]: 2.3409186275076465e-04  8.9741025712409139e-01  7.3794477759834343e-01  7.0212081196194254e-01  
q[484]: 9.6589584547282899e-05  9.2795611181213389e-01  7.4998871573414083e-01  7.4287725645847380e-01  
q[485]: 9.7253538378584944e-05  9.0435304141629413e-01  8.0748342782127025e-01  7.2718186305726976e-03  
q[486]: 1.5157057147298914e-04  8.8017095236888709e-01  8.0110043005869180e-01  3.5040700513993557e-02  
q[487]: 2.6256226960138076e-04  9.0042726632978487e-01  8.1001315430816156e-01  8.1022869770114150e-02  
q[488]: 3.3632703992847880e-04  9.0921983802428674e-01  8.1873770240090904e-01  1.4621785124011227e-01  
q[489]: 4.1323079077614378e-04  9.1114650055037127e-01  8.2452935969456376e-01  2.4176307630906230e-01  
q[490]: 4.5828301578536561e-04  9.1286661080180564e-01  8.2933397819242127e-01  3.6035594135914290e-01  
q[491]: 3.0754276808790622e-04  9.3518135609384123e-01  8.4692551269843774e-01  4.8906610698774511e-01  
q[492]: 4.4446490009217629e-04  9.0704590685590580e-01  8.1333163148433707e-01  5.7697485995622888e-01  
q[493]: 3.4570893847545671e-04  9.0362091175595127e-01  8.0889654496249008e-01  6.6094886476896419e-01  
q[494]: 1.8777599396756887e-04  9.2443292725363535e-01  8.3532930322948262e-01  7.5203130741486512e-01  
q[495]: 1.5461733046189414e-04  9.1550150680397180e-01  8.2493084089426227e-01  7.9059350442205090e-01  
q[496]: 8.9152353547161263e-05  9.0097048876721963e-01  8.0841943615177425e-01  8.0198959255218594e-01  
q[497]: 3.4059241280837670e-05  9.2816604394227031e-01  8.8927349445965354e-01  3.8191303437553818e-03  
q[498]: 1.0226195642526516e-04  9.0817160048451839e-01  8.7464578779402102e-01  3.0467079081615986e-02  
q[499]: 1.9097215798621691e-04  9.1406913457502337e-01  8.7924382377650245e-01  8.5269676915942949e-02  
q[500]: 2.6967440593501571e-04  9.0684649164794362e-01  8.7143525252937826e-01  1.7023695397340019e-01  
q[501]: 2.9832679806808104e-04  9.0326635751698414e-01  8.6830824243895255e-01  2.7562204931683781e-01  
q[502]: 2.6485537974274721e-04  9.0534988788636528e-01  8.7223332786469332e-01  3.8919661071896633e-01  
q[503]: 2.8103908387137297e-04  9.0842875331289241e-01  8.7044411011139655e-01  4.9163423142319662e-01  
q[504]: 2.8472305854948218e-04  9.0931625175674458e-01  8.7169764289314189e-01  5.9532293561794447e-01  
q[505]: 2.6185768676034493e-04  9.0460562560145419e-01  8.6677421802531096e-01  6.9230591770627070e-01  
q[506]: 1.8315707669379409e-04  9.1456898953593546e-01  8.7637662817277695e-01  7.7950663489741445e-01  
q[507]: 1.1340353364967332e-04  9.0342130692423317e-01  8.6559763486328734e-01  8.2312082763194738e-01  
q[508]: 5.4430472351338665e-05  9.1929332082298643e-01  8.8457006593601017e-01  8.7601457442220276e-01  
q[509]: 2.9012929880142280e-05  9.0355118122776601e-01  8.9645908722938017e-01  8.3005038590511591e-03  
q[510]: 5.2348668906104261e-05  8.8775697221310690e-01  8.8105837303081724e-01  4.6968866106879559e-02  
q[511]: 7.4847729768521935e-05  9.1099807507526087e-01  9.0496135331489580e-01  1.0550724038131556e-01  
q[512]: 9.4984467530765713e-05  9.0523358325950398e-01  8.9884510831533637e-01  1.8806842045615110e-01  
q[513]: 1.1045561348471493e-04  9.1322518435778521e-01  9.0633986336548988e-01  2.8105633469458924e-01  
q[514]: 1.2816879756129241e-04  9.0529460576209120e-01  8.9913211111666691e-01  3.8909743977229766e-01  
q[515]: 1.2785051465862365e-04  9.1200035079547492e-01  9.0451115896211487e-01  5.0891043895050569e-01  
q[516]: 1.0898364432977771e-04  9.1506038883784824e-01  9.0809399099935773e-01  6.1583405891684628e-01  
q[517]: 1.0496147597936687e-04  9.1376866122507006e-01  9.0688310544375728e-01  7.1248766439601641e-01  
q[518]: 9.2614743886755300e-05  9.1118423230561274e-01  9.0377082958429000e-01  7.9709885908976796e-01  
q[519]: 6.1273488071288687e-05  8.9891508424667976e-01  8.9095441481959914e-01  8.4651282494621627e-01  
q[520]: 2.5292078682365786e-05  9.0281706717464005e-01  8.9671044393825894e-01  8.8890138073430569e-01  
q[521]: 1.2468716222336042e-05  9.6572970360001442e-01  1.2881995751636316e-02  6.3648475125386468e-03  
q[522]: 2.3153548361165561e-05  9.7019375341832315e-01  3.9794574930475911e-02  6.6621604827640200e-03  
q[523]: 8.3942944367133772e-05  9.6822589371857748e-01  7.8517113684984721e-02  4.0318937993261521e-02  
q[524]: 3.8298812307872535e-05  9.4647271511332554e-01  3.9403260735051779e-02  3.2263360959640518e-02  
q[525]: 5.5725086201570078e-05  9.5207937342700710e-01  8.7135113227448033e-02  6.8781201626027071e-03  
q[526]: 5.0558000715858694e-05  9.7694636816954117e-01  1.0651030705377394e-01  2.6125598014613578e-02  
q[527]: 1.7920388255708881e-04  9.6713583063914921e-01  1.6709873586764451e-01  7.2551454718791084e-02  
q[528]: 1.5902045828997119e-04  9.4681248048485644e-01  1.3560963473630155e-01  9.9122127167545621e-02  
q[529]: 4.8813967424718712e-05  9.6366010204363095e-01  8.6006778977132672e-02  7.9272506322481034e-02  
q[530]: 4.1439879681448975e-05  9.5739150959083985e-01  1.6042318218801196e-01  2.5041747388661090e-03  
q[531]: 1.4568500609099953e-04  9.5912371085615999e-01  1.7229774409391024e-01  2.7232402680353505e-02  
q[532]: 2.4143509240029469e-04  9.6126254985763371e-01  2.6037234890120886e-01  8.4277843456047719e-02  
q[533]: 2.4118199266537403e-04  9.6428252239661083e-01  2.5877098224180906e-01  1.4861962139467610e-01  
q[534]: 1.5047427570389791e-04  9.6605416088335661e-01  2.0637722663682925e-01  1.5355544749312369e-01  
q[535]: 7.9786115490882291e-05  9.6817091739885031e-01  1.6480672347677983e-01  1.5600746637831156e-01  
q[536]: 8.5856768624046449e-05  9.6271626351351236e-01  2.6488886989104188e-01  7.3549379674097979e-03  
q[537]: 1.7327490875787888e-04  9.5802644012554561e-01  2.6492025753329629e-01  3.4827650482252163e-02  
q[538]: 2.4895700528285841e-04  9.6797652067676121e-01  3.5871844574786332e-01  8.3133530748835185e-02  
q[539]: 2.2900093454731248e-04  9.6345518002083419e-01  3.3943792149019930e-01  1.5656053077288629e-01  
q[540]: 2.9710184170780082e-04  9.6266148610150515e-01  3.3751158135227827e-01  2.4971428101953383e-01  
q[541]: 1.7056763137160487e-04  9.6168457778928795e-01  2.6694664901059934e-01  2.3358256993255527e-01  
q[542]: 7.1338380178970486e-05  9.5899590798903944e-01  2.6097877323870139e-01  2.5532099547255038e-01  
q[543]: 7.8953294821618441e-05  9.5964129896014738e-01  3.7212059121587487e-01  5.9837642422432349e-03  
q[544]: 2.1571867765325832e-04  9.6141619198965922e-01  3.8187852762915375e-01  3.5346014753547463e-02  
q[545]: 2.6831154526198349e-04  9.6970211649149629e-01  4.8017347539179150e-01  9.6309974276532193e-02  
q[546]: 3.1566473552957741e-04  9.6214424608694271e-01  4.1654036528394006e-01  1.5414783467747104e-01  
q[547]: 3.2828108123940684e-04  9.6272352695595886e-01  4.0042433769636476e-01  2.3778614024216471e-01  
q[548]: 2.8906140673124570e-04  9.6389575203060773e-01  4.5054662648896732e-01  3.6203382160309833e-01  
q[549]: 1.9847105758208974e-04  9.6253324086139003e-01  3.7799637464286390e-01  3.4203295734569339e-01  
q[550]: 8.6407465055280975e-05  9.6108202991259117e-01  3.6884650833599786e-01  3.6190674070212786e-01  
q[551]: 1.1034493535186442e-04  9.5848999456517647e-01  4.8248458193287347e-01  8.8139171154488841e-03  
q[552]: 2.2554315830883753e-04  9.6409351308335800e-01  5.0760313433522963e-01  4.2249247578148352e-02  
q[553]: 3.6186790618230496e-04  9.6455004668112232e-01  5.3121915431737798e-01  1.7387603438374605e-01  
q[554]: 4.1939348333724344e-04  9.6319692628369602e-01  5.0482995479048276e-01  2.5122407891013820e-01  
q[555]: 3.9080139610487305e-04  9.6100943403992600e-01  5.0193327415507105e-01  3.4106745340136663e-01  
q[556]: 2.7828225654349514e-04  9.6588695756792231e-01  5.6762265435703307e-01  4.7675352728885823e-01  
q[557]: 2.1183532362648835e-04  9.6288466939908524e-01  4.9843838505451421e-01  4.6100828786277792e-01  
q[558]: 9.3738307689840786e-05  9.5884759008202647e-01  4.8044697295033328e-01  4.7324512978632144e-01  
q[559]: 7.9391544255032575e-05  9.6312993863672791e-01  5.9138374867161414e-01  6.4925109594072064e-03  
q[560]: 2.1916991059600771e-04  9.6088083973255745e-01  6.2388788595880695e-01  3.7132432706538432e-02  
q[561]: 3.0448937917345134e-04  9.6657313673201506e-01  5.9703557675576113e-01  9.9320399335604742e-02  
q[562]: 3.4422051045414852e-04  9.6459488845217767e-01  6.3747710109760813e-01  1.7588238668485257e-01  
q[563]: 4.1002386257496499e-04  9.6302157361136775e-01  6.2047272318799895e-01  2.6711932700857016e-01  
q[564]: 4.4907123172685531e-04  9.6021812403610074e-01  6.0674577706836152e-01  3.5646250124563295e-01  
q[565]: 3.3558095922174217e-04  9.6605859495181678e-01  6.1553875603995056e-01  4.5157002236748844e-01  
q[566]: 2.5982620152412096e-04  9.6675135964825487e-01  6.7511296644412078e-01  5.8651738296749389e-01  
q[567]: 1.9583767161139259e-04  9.6098845164748070e-01  6.1100983101313355e-01  5.7609657472508147e-01  
q[568]: 8.1326927859287694e-05  9.6148832421136865e-01  5.9548451297949301e-01  5.8916398812416937e-01  
q[569]: 9.2520136347555928e-05  9.6466979321307844e-01  7.0293812472637407e-01  8.3578748645756623e-03  
q[570]: 1.9112844344351803e-04  9.6291695615493889e-01  7.4416202363787143e-01  4.1219171523533008e-02  
q[571]: 2.6673210561093785e-04  9.6354801054117500e-01  6.9759401141227817e-01  8.8631890910135208e-02  
q[572]: 3.2952605231731526e-04  9.6259855678289763e-01  7.3276187325820141e-01  1.5905294733598274e-01  
q[573]: 3.7442154476688405e-04  9.6205094032007388e-01  7.1717373089689851e-01  2.5547038343875894e-01  
q[574]: 4.1192460818696133e-04  9.6272030922977903e-01  7.1400444171919586e-01  3.5900857378383394e-01  
q[575]: 4.0684556572598567e-04  9.6270743217855070e-01  7.1281454428906466e-01  4.5930697062170078e-01  
q[576]: 3.8328390004060210e-04  9.5815221864823630e-01  7.1514316380597576e-01  5.5284042434173708e-01  
q[577]: 1.4690577088410369e-04  9.6522841498398793e-01  7.1982554740998250e-01  6.7818246939868898e-01  
q[578]: 8.5783158718719972e-05  9.6415973100980334e-01  7.0562971380367734e-01  6.9760728506729208e-01  
q[579]: 6.1875051359745558e-05  9.6152890221417964e-01  8.0129628073430936e-01  6.9307599186572959e-03  
q[580]: 1.3492284047920486e-04  9.6367803293610466e-01  8.2763723158343805e-01  3.8698379389456278e-02  
q[581]: 2.2362880018044420e-04  9.6496115784124026e-01  8.0483158707091007e-01  9.9688168399741692e-02  
q[582]: 2.0827596053252752e-04  9.6215330294240231e-01  8.1782183006188325e-01  1.7482396772426789e-01  
q[583]: 2.7693484114195541e-04  9.6564683422756925e-01  8.0128223088946449e-01  2.4707479384436487e-01  
q[584]: 3.3481811378624705e-04  9.6439586660446408e-01  8.0135504049019779e-01  3.5097123069371272e-01  
q[585]: 3.5147822341995648e-04  9.6486166846765775e-01  8.0457199867298546e-01  4.6226963626028100e-01  
q[586]: 3.2790631598031178e-04  9.6235056289055865e-01  8.0552729626623931e-01  5.6617505131018275e-01  
q[587]: 2.5959644700965944e-04  9.5987008567657661e-01  8.1224240961361294e-01  6.5335418884908636e-01  
q[588]: 2.2524807269809141e-04  9.6761108698901532e-01  7.8029881908814791e-01  6.8391845937687501e-01  
q[589]: 1.6561198119028963e-04  9.6071507230826458e-01  7.9816023504888911e-01  7.5987802658982162e-01  
q[590]: 3.7066161546588302e-05  9.7427112894617329e-01  8.0305729430387263e-01  7.9605034869199032e-01  
q[591]: 5.0040833052780514e-05  9.6741448071392566e-01  8.8174236302324982e-01  6.7991446335597160e-03  
q[592]: 1.2491286798851816e-04  9.4360838141899916e-01  8.6321123627491703e-01  3.5460341618262330e-02  
q[593]: 1.9749563898235675e-04  9.6104468810066823e-01  8.7365360420229154e-01  9.0716556756120378e-02  
q[594]: 2.2767543236308472e-04  9.6131272672235624e-01  8.7208961496069548e-01  1.7840483339781590e-01  
q[595]: 2.9571633125163779e-04  9.6321558573020771e-01  8.7073649171685052e-01  2.8927844954410292e-01  
q[596]: 2.8331268801150977e-04  9.6608851654982708e-01  8.7455175067971813e-01  4.0343200300135451e-01  
q[597]: 1.8624314446315829e-04  9.7190556575157394e-01  8.8365218532666634e-01  5.2112875771574230e-01  
q[598]: 2.6734136367903907e-04  9.6226625843687408e-01  8.7802018005595928e-01  6.1563605066777605e-01  
q[599]: 2.3232831453387192e-04  9.5929455879638925e-01  8.7953884905939717e-01  7.1535656053528873e-01  
q[600]: 1.6461965344371466e-04  9.6858591238571334e-01  8.6575560428345621e-01  7.7718733024491926e-01  
q[601]: 9.3988997860175791e-05  9.6435747423563400e-01  8.7594523408142744e-01  8.3888063037254701e-01  
q[602]: 5.4669433610172319e-05  9.6110528697127473e-01  8.5163920238713509e-01  8.4405838009868683e-01  
q[603]: 4.3623798653349243e-05  9.6532756971520695e-01  9.3025629059186055e-01  1.7017803569270847e-02  
q[604]: 9.4331132414657529e-05  9.6798729433781683e-01  9.3157766319884960e-01  5.6329978011258414e-02  
q[605]: 1.5750238216178750e-04  9.6273992179255619e-01  9.2352724184210599e-01  1.3443417530940163e-01  
q[606]: 2.1390552497704509e-04  9.6123745436621610e-01  9.2141532825954664e-01  2.3664206078839078e-01  
q[607]: 2.2697371663541141e-04  9.5896834527719865e-01  9.2100943782271072e-01  3.5261284636529944e-01  
q[608]: 2.0916740838303213e-04  9.6203039963425552e-01  9.2398429487126155e-01  4.7217882434957681e-01  
q[609]: 1.8764130594700401e-04  9.6388186003797249e-01  9.2989545854630662e-01  5.8840460768879732e-01  
q[610]: 1.5248979834523658e-04  9.5900767717690150e-01  9.2339990512356995e-01  6.8859615652594619e-01  
q[611]: 1.1120769091328338e-04  9.6275564935390878e-01  9.3323721612884669e-01  7.7493664396452899e-01  
q[612]: 1.1435637679531332e-04  9.6681267155581818e-01  9.2361647967537652e-01  8.3013228236416170e-01  
q[613]: 8.8449760983159048e-05  9.6027118828248426e-01  9.2408008130042174e-01  8.8575878039396017e-01  
q[614]: 3.5488108598089461e-05  9.6397430535963524e-01  9.1116286136228175e-01  9.0479083722124654e-01  
q[615]: 1.4384617420210947e-05  9.6588206235386831e-01  9.5864323393869966e-01  6.0050018045137371e-03  
q[616]: 4.1806455345129379e-05  9.4684752046112586e-01  9.4026215458785556e-01  3.8297706884432826e-02  
q[617]: 5.6191211500200584e-05  9.6458197843381732e-01  9.5688083636883192e-01  9.2270398328322067e-02  
q[618]: 7.8540159920558462e-05  9.5982856507791192e-01  9.5190399455614083e-01  1.7317698871777712e-01  
q[619]: 7.5681751128319979e-05  9.6389566715834263e-01  9.5604510955994515e-01  2.6456094250353696e-01  
q[620]: 8.2620776260113513e-05  9.6266490233979529e-01  9.5544283589003709e-01  3.6433093519476439e-01  
q[621]: 9.2377406227346385e-05  9.6126570043992854e-01  9.5375680274132146e-01  4.7180576140741548e-01  
q[622]: 7.1751485012456736e-05  9.6392548660009114e-01  9.5781004479034781e-01  5.8762158912755214e-01  
q[623]: 7.6210767810141574e-05  9.6561281490593753e-01  9.5852687155586158e-01  6.9910082609597557e-01  
q[624]: 5.1426631456224032e-05  9.6415056284114264e-01  9.5872975060719356e-01  7.9980143072507803e-01  
q[625]: 5.3961032997205012e-05  9.6339089021030311e-01  9.5512019088342992e-01  8.7212766378697970e-01  
q[626]: 3.0878808146322280e-05  9.5205166077740155e-01  9.4597402753026327e-01  9.1009370798292211e-01  
q[627]: 1.9568788707860188e-05  9.6634675039442808e-01  9.5714334074958973e-01  9.5013105469470738e-01  
q[628]: 1.9496820376110857e-06  9.9638013689878824e-01  7.1633418381211291e-03  2.3521682530902393e-03  
q[629]: 1.4343238667965101e-05  9.9395240152959019e-01  4.4553514921089762e-02  8.2362600746235179e-03  
q[630]: 2.0322624496534081e-05  9.9758425753346602e-01  8.4737797228808295e-02  4.0277298011217287e-02  
q[631]: 2.1417453710696158e-05  9.9052604180597703e-01  3.8471615212096189e-02  3.0304843166164042e-02  
q[632]: 2.3729766149413605e-05  9.9170195372678716e-01  1.0103509290768481e-01  5.4651015689103268e-03  
q[633]: 4.3850614634876444e-05  9.9485786623829797e-01  1.4135476104980307e-01  3.8183803652465320e-02  
q[634]: 8.5753460372691470e-05  9.9410816811860747e-01  1.9657261254730898e-01  1.0366302635149507e-01  
q[635]: 6.7439160529949349e-05  9.8955411184262887e-01  1.2546157220967669e-01  8.7688086331867240e-02  
q[636]: 2.1225841070156545e-05  9.9381245657084960e-01  9.3337514999789636e-02  8.5793402108501740e-02  
q[637]: 4.8968988309766493e-05  9.9181971814723879e-01  1.8764785551696725e-01  1.0192689422332667e-02  
q[638]: 9.9184841977719728e-05  9.9187386684172074e-01  2.2761770412603974e-01  5.3008501806609237e-02  
q[639]: 1.2805066423719701e-04  9.9262748460624584e-01  2.9212209428062169e-01  1.2026360815613707e-01  
q[640]: 1.2366172591993317e-04  9.9300899183390678e-01  2.8852664792576743e-01  1.9472508659518312e-01  
q[641]: 6.8373096127480424e-05  9.9334991946392359e-01  1.9974030888721539e-01  1.6375489027303466e-01  
q[642]: 1.8401869524513524e-05  9.9498394626541398e-01  1.6790386425480330e-01  1.6204289785910292e-01  
q[643]: 2.3352678303301571e-05  9.9343067424749698e-01  2.7933667444636456e-01  4.5575379622975901e-03  
q[644]: 8.8882594782700394e-05  9.9221858490480608e-01  3.0308238741260729e-01  3.2918383930491305e-02  
q[645]: 1.0183161720388534e-04  9.9431309434213366e-01  3.5680074463321948e-01  8.8654706729522290e-02  
q[646]: 1.2563141569507330e-04  9.9321897451802954e-01  3.7481973510359540e-01  2.0338753975945764e-01  
q[647]: 1.3984619483453872e-04  9.9292459327449323e-01  4.0401524039636511e-01  3.0577718017001254e-01  
q[648]: 8.9682599847790132e-05  9.9269796737861449e-01  3.0529384864938874e-01  2.6425942768891669e-01  
q[649]: 4.2107961302534816e-05  9.9197328090410175e-01  2.6206198797959190e-01  2.5414265339806114e-01  
q[650]: 4.9749066349769463e-05  9.9211825416398991e-01  3.8671477592205433e-01  9.0263317152788295e-03  
q[651]: 9.5089797670819368e-05  9.9285314581628215e-01  4.2371649753940249e-01  4.4252799799234258e-02  
q[652]: 1.0120979973209698e-04  9.9425514775646173e-01  4.7261102737791216e-01  9.8852117217188326e-02  
q[653]: 1.5475832601984392e-04  9.9248685937187442e-01  4.2763224544587275e-01  1.6333444263721686e-01  
q[654]: 9.8855477195326739e-05  9.9237562209057817e-01  4.4490740652652067e-01  2.7579136582131558e-01  
q[655]: 8.7326009927290242e-05  9.9277914662706257e-01  4.1174284786500820e-01  3.6982346373139147e-01  
q[656]: 4.5246715584299450e-05  9.9270341720830602e-01  3.7211146776181503e-01  3.6398925338399285e-01  
q[657]: 3.7426573509843230e-05  9.9197674717652828e-01  4.9726723392153577e-01  5.8433822174166847e-03  
q[658]: 7.9403123516210171e-05  9.9301296933988192e-01  5.2336540094396145e-01  3.3490059974178144e-02  
q[659]: 1.4500230963305678e-04  9.9329464171276372e-01  5.3455947676109472e-01  1.7086709006730150e-01  
q[660]: 1.7215699220960595e-04  9.9309886317594986e-01  5.1578220322110879e-01  2.5561172221670858e-01  
q[661]: 1.6071120024867375e-04  9.9255592091482314e-01  5.2994424948997676e-01  3.5479285482852685e-01  
q[662]: 1.4319372243502989e-04  9.9320138684892445e-01  5.2321836459324900e-01  4.2625915271321330e-01  
q[663]: 7.8773497776326573e-05  9.9318070482569809e-01  5.0992754167165866e-01  4.7137919743607493e-01  
q[664]: 4.6413860682693963e-05  9.9192752444151977e-01  4.9012672999370449e-01  4.8279087831404843e-01  
q[665]: 4.4640152042591638e-05  9.9303140590097150e-01  6.1732584232809151e-01  8.5727932862270824e-03  
q[666]: 9.4625569365504460e-05  9.9200166051440775e-01  6.3467568031223576e-01  4.2835115816203827e-02  
q[667]: 1.1948947868239684e-04  9.9398401215856624e-01  5.7683231495312193e-01  8.9035797284949009e-02  
q[668]: 1.6117316523941001e-04  9.9329898219721213e-01  6.3726445829446443e-01  1.6616096790387688e-01  
q[669]: 1.8721667353503724e-04  9.9293590917253682e-01  6.2369923479221867e-01  2.6077591012957735e-01  
q[670]: 2.0325300448208910e-04  9.9231080093828772e-01  6.2571878484553500e-01  3.5933298657995766e-01  
q[671]: 1.4835716781444008e-04  9.9344983077623561e-01  6.3321587321275830e-01  4.5989417171988406e-01  
q[672]: 1.1182349487053839e-04  9.9390852669372687e-01  6.3981764013421705e-01  5.4110707713884210e-01  
q[673]: 9.7579550656116959e-05  9.9247728942031610e-01  6.1614697191077361e-01  5.7254149534226073e-01  
q[674]: 4.7099858687797961e-05  9.9262772768618213e-01  6.0867338341901378e-01  6.0011859331439699e-01  
q[675]: 2.7851529186518669e-05  9.9358980118291795e-01  7.2608702526374935e-01  6.0247994371327648e-03  
q[676]: 8.2652120046146967e-05  9.9299845576324297e-01  7.3564642462775043e-01  3.6266957535271482e-02  
q[677]: 1.2853372142282324e-04  9.9337134532996518e-01  6.9959454066801430e-01  9.7885972193650486e-02  
q[678]: 1.5799509779335273e-04  9.9273063974737530e-01  7.4519372679004980e-01  1.7597092151155946e-01  
q[679]: 1.8873957954887067e-04  9.9277759212136563e-01  7.2646055551317756e-01  2.6550220160377508e-01  
q[680]: 1.9384372240244160e-04  9.9290921401487309e-01  7.2914589355855430e-01  3.7269540299839082e-01  
q[681]: 1.7783444043732705e-04  9.9283234863200021e-01  7.2743623972135796e-01  4.7645449996710632e-01  
q[682]: 1.6510191098620148e-04  9.9186342519809012e-01  7.3420910309455412e-01  5.7523955606114263e-01  
q[683]: 9.9116670909281748e-05  9.9406798661324636e-01  7.4075888653177513e-01  6.5778562166939036e-01  
q[684]: 7.9405686310694571e-05  9.9268178014730646e-01  7.2132867865146899e-01  6.9061338641251879e-01  
q[685]: 2.2142662832203074e-05  9.9354837859493073e-01  7.1832015388152359e-01  7.1411607588609549e-01  
q[686]: 3.8028088135905003e-05  9.9172092289426672e-01  8.2024737006944493e-01  8.3526914630855688e-03  
q[687]: 6.3492182780475076e-05  9.9355539415729088e-01  8.3627227010842531e-01  4.0212429756138306e-02  
q[688]: 1.1447976835638519e-04  9.9265768881514849e-01  7.9654057900232322e-01  9.0973801519183370e-02  
q[689]: 1.2946326677910528e-04  9.9297228922601655e-01  8.3594110878250794e-01  1.6279713045112740e-01  
q[690]: 1.2759933949314521e-04  9.9358700827677970e-01  8.2775450016705865e-01  2.5358573720120264e-01  
q[691]: 1.3638978728563843e-04  9.9273926954178882e-01  8.1794753038308732e-01  3.3668874607098082e-01  
q[692]: 1.3520240204238114e-04  9.9339238149393527e-01  8.2330288291442943e-01  4.2866197565474246e-01  
q[693]: 1.5318241272550796e-04  9.9298944007411138e-01  8.1863108963162456e-01  5.2355650318227132e-01  
q[694]: 1.4769365752084992e-04  9.9233710506176831e-01  8.2011592870769157e-01  6.2192368343997817e-01  
q[695]: 1.0162240025453433e-04  9.9364516385895729e-01  8.2866741630817187e-01  7.1245351830374926e-01  
q[696]: 8.3966160458065741e-05  9.9301208611469549e-01  8.2642657028619881e-01  7.7890134525211863e-01  
q[697]: 3.4028232161744866e-05  9.9377557469547895e-01  8.1705936798836110e-01  8.0710580853447322e-01  
q[698]: 1.5116106847077265e-05  9.9575515617404486e-01  9.0264611064159295e-01  6.1995464117307461e-03  
q[699]: 6.3495069573452306e-05  9.9035460473473047e-01  9.0898584374801594e-01  3.4496158607777890e-02  
q[700]: 8.8441127896848469e-05  9.9298144025751722e-01  8.8820287041671164e-01  8.9936833319506415e-02  
q[701]: 1.0455372432739621e-04  9.9235166681641329e-01  9.1031002672320627e-01  1.6390651879755233e-01  
q[702]: 1.3146886976677462e-04  9.9261645709009694e-01  9.0169432648972236e-01  2.5933274133823109e-01  
q[703]: 1.3567558661548224e-04  9.9357867091443941e-01  8.9783394975790409e-01  3.7394666228844581e-01  
q[704]: 1.2583274164161703e-04  9.9384487644118880e-01  8.9800642501613603e-01  4.9616766649053695e-01  
q[705]: 1.3290647950222413e-04  9.9335763107859021e-01  8.9560419795871449e-01  6.1568843536884899e-01  
q[706]: 1.2913018827892395e-04  9.9193331474363922e-01  8.9706288440345439e-01  7.2086856307590219e-01  
q[707]: 7.3057853801686309e-05  9.9399762307710615e-01  9.0089981049285373e-01  8.1142331569333348e-01  
q[708]: 5.3465104697007761e-05  9.9247936952974758e-01  9.0253948702167208e-01  8.7252928297458987e-01  
q[709]: 1.4733190871588460e-05  9.9381867336540564e-01  8.9879667574504107e-01  8.9491426413329067e-01  
q[710]: 1.3460298432563700e-05  9.9032995361913867e-01  9.5650907838448840e-01  4.4053609302680870e-03  
q[711]: 1.7911014861039918e-05  9.9645041653882183e-01  9.6461943592138100e-01  2.9442030628500572e-02  
q[712]: 5.3901263207232557e-05  9.9343219914400083e-01  9.5022790826502734e-01  8.5524472212453101e-02  
q[713]: 5.6809077983657547e-05  9.9255240725710148e-01  9.6158898405336857e-01  1.5646514166127545e-01  
q[714]: 7.3344103789355278e-05  9.9298156362691758e-01  9.5726456218667344e-01  2.4405908164366741e-01  
q[715]: 1.0294827972916552e-04  9.9190757579681532e-01  9.5255700911420182e-01  3.4906834969782619e-01  
q[716]: 1.0328721073537479e-04  9.9267326932102418e-01  9.5310419077834430e-01  4.6851367949454092e-01  
q[717]: 9.3339212725359946e-05  9.9341101750381067e-01  9.5290647837426579e-01  5.9295038119192367e-01  
q[718]: 9.9762112862408151e-05  9.9200229276555318e-01  9.5215431067990541e-01  7.0783517831152509e-01  
q[719]: 6.9889277730270999e-05  9.9320964542451307e-01  9.5311251250876716e-01  8.0939109691859490e-01  
q[720]: 3.8476013657817487e-05  9.9357082149724418e-01  9.5402919027887112e-01  8.8565417977226601e-01  
q[721]: 1.9284332522399393e-05  9.9249630038678038e-01  9.5773593962717352e-01  9.2148366481104549e-01  
q[722]: 1.8726239593876721e-05  9.9236804825104519e-01  9.5782838495484512e-01  9.4903947852843229e-01  
q[723]: 1.9259512671700357e-06  9.9788240141188911e-01  9.9404269209434337e-01  4.6536621101879866e-03  
q[724]: 1.8285389548880842e-05  9.8853778271863080e-01  9.8194791931149816e-01  3.1133470882165528e-02  
q[725]: 2.2139773364519674e-05  9.9366112355533498e-01  9.8561563682962861e-01  8.1453498238544655e-02  
q[726]: 2.4858198754998975e-05  9.9226365387283633e-01  9.8677795734146345e-01  1.5809503155279206e-01  
q[727]: 3.1257618639453740e-05  9.9277204839604949e-01  9.8618519167665508e-01  2.5201290909549412e-01  
q[728]: 3.6712265297582354e-05  9.9310404202405844e-01  9.8547771897733072e-01  3.5527073201374537e-01  
q[729]: 4.0319923734100853e-05  9.9259574808350004e-01  9.8512559052494242e-01  4.6322149947954250e-01  
q[730]: 4.2962384431571625e-05  9.9271759042613550e-01  9.8480563605934635e-01  5.7644828589490948e-01  
q[731]: 3.6932625455880235e-05  9.9354497615469817e-01  9.8594728962772282e-01  6.9235120247353554e-01  
q[732]: 3.4711665450829796e-05  9.9317285762503760e-01  9.8541348920293026e-01  8.0002360351923851e-01  
q[733]: 2.7436893646290661e-05  9.9305674121478738e-01  9.8522338166918766e-01  8.8918060917012642e-01  
q[734]: 1.8067716736296095e-05  9.9121316943153559e-01  9.8455267676729208e-01  9.5107205978624598e-01  
q[735]: 1.9877601675403357e-06  9.9678759212789236e-01  9.9239795679274390e-01  9.8927766515825866e-01  

