deg: 16
dim: 3
nodes: 245
efficiency: 0.991837

q[0]:   9.0816726296774763e-05  1.1282023574408351e-01  2.3891421910595362e-02  1.0742558000356140e-02  
q[1]:   1.7406559856641406e-05  2.2934648042183713e-02  1.0030681710185169e-02  3.7642099410578698e-03  
q[2]:   1.7916545812353676e-04  2.3362847097170167e-01  2.8548245817262376e-02  1.4691351389496865e-02  
q[3]:   1.0828210973788407e-04  1.2758370606307143e-01  6.5929812355504575e-02  6.2050682504638972e-02  
q[4]:   1.9495194174529832e-04  1.1583895583496970e-01  6.8677918471671137e-02  2.0340615738470055e-02  
q[5]:   7.3783183676287675e-05  9.9347906459760410e-02  9.0066254241372615e-02  9.6666646002348169e-03  
q[6]:   1.2431585840026971e-04  8.8667196553672820e-02  7.7750788211771615e-02  5.6563136846736042e-02  
q[7]:   7.9625865795811127e-05  1.7966721536025967e-01  1.6718739384520487e-01  1.6213354907432787e-01  
q[8]:   1.8521998724845763e-04  3.7567610061739443e-01  2.8049227690985824e-02  1.1397461629706711e-02  
q[9]:   3.3180257008632116e-04  2.2784022104834994e-01  8.4544204731614156e-02  1.3819615188135853e-02  
q[10]:  2.9507518476458975e-04  2.4030539573572529e-01  8.4635501973848101e-02  7.1816536356823099e-02  
q[11]:  6.1719078032243188e-04  3.6627659245336119e-01  1.9686545983844086e-01  1.4855190871998604e-02  
q[12]:  5.5021831671437998e-04  2.5098234544695935e-01  1.2894381973753025e-01  7.1325151358550054e-02  
q[13]:  5.1348815532403498e-04  3.5905042307531398e-01  1.8472430461350667e-01  1.7180090034841355e-01  
q[14]:  5.5093381088311833e-04  2.6847902713503086e-01  2.1263296736842449e-01  7.4113926248180903e-02  
q[15]:  4.1861878971165051e-04  2.0554833522061736e-01  1.5452523867210199e-01  1.0038339782198950e-01  
q[16]:  3.4295127983781810e-04  2.2014137988275934e-01  1.5522831561357534e-01  1.4150070028930640e-02  
q[17]:  3.2837271454151841e-04  2.4988118573074061e-01  1.8153750826541890e-01  1.6816782072928066e-01  
q[18]:  2.5820119815696762e-04  1.9242383905923705e-01  1.8287718344185649e-01  6.7417281139574542e-02  
q[19]:  2.6638001634277179e-04  2.2881136205937819e-01  2.1858687720728517e-01  1.6553735421575330e-01  
q[20]:  2.0447498960783083e-04  2.4116673287620377e-01  2.2766739329715893e-01  1.5315545768578605e-02  
q[21]:  5.8188522612645987e-04  3.4971577717809282e-01  3.3544087523970206e-01  1.7599216976464924e-01  
q[22]:  2.4678120462228001e-04  3.3700187966264666e-01  3.2047265538172448e-01  3.0581143287989210e-01  
q[23]:  5.4705635282684671e-04  3.6973645448536341e-01  9.6389885582341073e-02  1.6440200850846264e-02  
q[24]:  5.1332373399429253e-04  5.1758737737444993e-01  1.9091023808306623e-01  9.9175080230807216e-03  
q[25]:  4.6825278150721306e-04  3.8123020414334924e-01  8.4131095729829158e-02  6.9957798464159754e-02  
q[26]:  5.1958563224155439e-04  4.9733803182871977e-01  1.9086512137604153e-01  1.7984365008952230e-01  
q[27]:  9.1140947730196451e-04  3.9768846556857235e-01  1.5105601985486189e-01  8.1628633948725715e-02  
q[28]:  6.3773809051757965e-04  5.2317039896099848e-01  3.1366445241641050e-01  1.6186057722771357e-02  
q[29]:  1.0538160305538079e-03  3.7557083297256949e-01  2.2307772159186476e-01  7.6396040062874940e-02  
q[30]:  1.2943531199537547e-03  5.2711374287501156e-01  3.3141773855125545e-01  1.5345268407611415e-01  
q[31]:  1.1252391892932602e-03  4.0808471703913451e-01  2.4652563424633114e-01  1.7741369784747871e-01  
q[32]:  8.2738136838870298e-04  5.2806087296291115e-01  3.3558821871666950e-01  3.1922280512509171e-01  
q[33]:  4.0721402684984123e-04  3.7711849578100776e-01  3.0210400825322609e-01  1.0826248766298792e-02  
q[34]:  8.2765909166828409e-04  3.9114719963136640e-01  3.1527883492132952e-01  6.2229996003254379e-02  
q[35]:  1.0967506048302363e-03  3.9830893556404956e-01  3.2254235867733322e-01  1.6943689788605518e-01  
q[36]:  7.5580864224023046e-04  3.5215119472986750e-01  2.8444061488061079e-01  2.1684576956051271e-01  
q[37]:  4.7842839690653854e-04  4.0308206575640348e-01  3.1755933175200057e-01  3.0426403999759299e-01  
q[38]:  2.7474215636342006e-04  4.0615709763853580e-01  3.9157036731379735e-01  1.6983156476833811e-02  
q[39]:  5.3334665811943782e-04  3.5955052501175416e-01  3.4501433217510408e-01  8.2292150209959877e-02  
q[40]:  7.5007596958763902e-04  5.1764195137085822e-01  5.0307763722554133e-01  1.9739870439249541e-01  
q[41]:  6.1353887266345263e-04  5.1213596732868005e-01  4.9897700581006083e-01  3.1471192896258560e-01  
q[42]:  4.6560734154353856e-04  3.9081403441389595e-01  3.7566540385761316e-01  2.9913322446452956e-01  
q[43]:  2.3513517149308748e-04  5.1140775253991722e-01  3.4084610344088516e-02  2.0283540557945484e-02  
q[44]:  4.7837107811591126e-04  5.5310963284456827e-01  1.0083383702971856e-01  8.7976922874241206e-02  
q[45]:  4.5288639502771350e-04  5.3077111194291049e-01  8.9453691026975035e-02  1.2099221941996923e-02  
q[46]:  1.0242506312687285e-03  5.4336957071161995e-01  1.3900068632130497e-01  6.8515518463785383e-02  
q[47]:  1.3190370880706700e-03  5.2812318861138918e-01  2.3360606822332963e-01  6.1271231388090867e-02  
q[48]:  1.0637026098645089e-03  5.8735115913178937e-01  2.8778691042518861e-01  1.5507888199314276e-01  
q[49]:  1.2691356214191297e-03  5.5010893088217039e-01  2.3735384429719156e-01  1.7878048585724174e-01  
q[50]:  5.7679575631624245e-04  6.5319194341614073e-01  3.1106187093361914e-01  3.0025480822088718e-01  
q[51]:  5.0403280584692669e-04  5.4772890660563456e-01  4.1527967200851273e-01  1.3971521262609482e-02  
q[52]:  1.2619789504192769e-03  5.6665000695153733e-01  4.1603726505022409e-01  2.3284460480672203e-01  
q[53]:  1.4298668782139004e-03  5.5722483430331127e-01  3.7432833609481270e-01  2.9158282711456535e-01  
q[54]:  4.2476679107379895e-04  6.5165242166168713e-01  4.9702126394835561e-01  4.8706364034014427e-01  
q[55]:  1.4741993511400017e-03  5.3604323351621330e-01  3.6403500654845466e-01  7.7946080871522674e-02  
q[56]:  1.4627867198924625e-03  5.1997852743186213e-01  4.4630080993716453e-01  1.6148948317392409e-01  
q[57]:  4.6590930622401346e-04  5.5037036532653738e-01  4.8038270468886096e-01  4.6600408675840638e-01  
q[58]:  2.9744805439065080e-04  5.5505737440990888e-01  5.0098520499374655e-01  1.0065031294976051e-02  
q[59]:  9.7000023051264678e-04  5.3796265971608659e-01  4.6909491511786572e-01  6.2667634758308069e-02  
q[60]:  1.6332679961640782e-03  6.6852002336653971e-01  5.0400597059594809e-01  1.6730820679684996e-01  
q[61]:  1.3850200504835391e-03  5.5151492206856356e-01  4.8529977955982156e-01  3.1008252257963026e-01  
q[62]:  1.1311307064018449e-03  5.1214671372616483e-01  4.3414620937712567e-01  3.6197187076461734e-01  
q[63]:  2.0145432144387458e-04  5.7979997724504895e-01  5.6981865240334140e-01  1.8588695232582227e-02  
q[64]:  5.4594315326652373e-04  5.2979889388351054e-01  5.1654163111485918e-01  8.8269704132143689e-02  
q[65]:  4.6021307091351855e-04  5.4215336077986298e-01  5.2933346632505651e-01  4.4887727267802269e-01  
q[66]:  2.3676934237294814e-04  4.9730770880643477e-01  4.8316069326167305e-01  4.6737681869680220e-01  
q[67]:  5.0202276071319792e-04  7.0487512722469559e-01  8.2747182780474049e-02  6.7332085666404140e-02  
q[68]:  2.0198785211786224e-04  6.4522615941459394e-01  2.8731380093057892e-02  1.1524347521092092e-02  
q[69]:  1.0841951590686036e-03  6.9491809366049584e-01  1.6482531279175999e-01  9.0900441360276030e-02  
q[70]:  6.6531830611506551e-04  6.7062722219299520e-01  1.9650915008685330e-01  1.8137291113675097e-01  
q[71]:  5.8992825443859149e-04  6.8857069503597412e-01  1.0321364742917570e-01  1.8538065192992236e-02  
q[72]:  4.2420451723460109e-04  6.7983492688851688e-01  2.0120755379281333e-01  8.0616731885763265e-03  
q[73]:  1.1102385626613352e-03  6.7330846743566519e-01  2.3182323415289530e-01  4.8134553788720551e-02  
q[74]:  1.3777671468196368e-03  7.1512546222510032e-01  2.7374370649301449e-01  2.0191140754509332e-01  
q[75]:  5.8105247169136943e-04  6.6779780636647612e-01  3.4219771567778473e-01  9.8135848981862166e-03  
q[76]:  1.5454602065121182e-03  6.8561724300314997e-01  3.7816668124069136e-01  6.0391484223614483e-02  
q[77]:  1.3828809805739512e-03  6.9850174419761057e-01  2.9680468716143088e-01  1.3188174245074688e-01  
q[78]:  1.4884734050550918e-03  6.9335488623775499e-01  3.9436515005383238e-01  3.3195030574903833e-01  
q[79]:  5.6971608749074355e-04  7.2840070178963268e-01  4.6204712981361529e-01  4.4873846483192886e-01  
q[80]:  6.9981657089139408e-04  7.0434287660414796e-01  5.0166283647356091e-01  1.4525585760730713e-02  
q[81]:  1.7615260638593252e-03  7.0226103454700517e-01  4.1667553780774141e-01  1.5132979046320694e-01  
q[82]:  1.9789486206493543e-03  7.1085975213381891e-01  4.2665485615431076e-01  2.6818342434072978e-01  
q[83]:  1.4511137924206573e-03  6.8643018847274817e-01  5.2149061147267728e-01  7.2340731648679490e-02  
q[84]:  1.4299653467424167e-03  6.7394694777710351e-01  6.0453989089775129e-01  1.5802198620613209e-01  
q[85]:  1.6256372058377623e-03  7.1360105410241970e-01  5.4534785617308401e-01  2.8182214186324461e-01  
q[86]:  1.6878959708785046e-03  6.9827373569066042e-01  5.4267624480428411e-01  3.8998218693320891e-01  
q[87]:  1.2696147507663339e-03  6.8167391474386974e-01  5.2921888095391889e-01  4.6898867759306057e-01  
q[88]:  3.5516490782112377e-04  7.0441182973688132e-01  6.1029652381131827e-01  1.0176946768707291e-02  
q[89]:  8.2797260119554610e-04  6.9706420259266810e-01  6.2884810404969338e-01  5.6604971967157157e-02  
q[90]:  6.9326287648591850e-04  6.8098558426317268e-01  6.6785927846038429e-01  1.9835918156289661e-01  
q[91]:  1.6627869763117260e-03  6.8250810960717367e-01  6.1259269623232193e-01  2.9570277997457606e-01  
q[92]:  1.3664159135421542e-03  7.0946550949421250e-01  6.4457403139843539e-01  4.6111916959502786e-01  
q[93]:  9.1625896656557810e-04  6.6158486378381032e-01  6.0794812876623250e-01  5.2923436051124095e-01  
q[94]:  4.8588199691804992e-04  7.1921661068459930e-01  6.5155598394113023e-01  6.3583319270378102e-01  
q[95]:  2.3018460569551867e-04  7.2659950081581581e-01  7.0775403737502030e-01  1.3351028631551133e-02  
q[96]:  4.9639616986570816e-04  6.9349185805434821e-01  6.7929993842891745e-01  8.3534610271379581e-02  
q[97]:  7.4905198116702657e-04  6.7556115011416429e-01  6.6198439828178479e-01  3.3746899735348335e-01  
q[98]:  5.8971410227787234e-04  6.6722528848952600e-01  6.5548698463758648e-01  4.6771784394682170e-01  
q[99]:  2.8735752134074306e-04  7.0136231368261848e-01  6.9337488103818423e-01  6.1536101376218777e-01  
q[100]: 2.1326937918799769e-04  6.6099527500103494e-01  6.4785568960194606e-01  6.3262408891663280e-01  
q[101]: 1.2793097126579902e-04  7.9556739550082345e-01  2.2416134670198165e-02  1.3176675187414529e-02  
q[102]: 3.9280559815882844e-04  8.4959286973786718e-01  8.7728879046288122e-02  7.1965817334988719e-02  
q[103]: 3.3348289927466311e-04  8.0507371456519516e-01  7.3664119705472264e-02  1.4211240815004668e-02  
q[104]: 9.0228823119978599e-04  8.2760692494045873e-01  1.5682721809930794e-01  7.8792861480952936e-02  
q[105]: 5.2471099513145441e-04  8.0175682077965960e-01  1.8370958163742238e-01  1.7203484059926319e-01  
q[106]: 5.7071360994562594e-04  8.2298940394705056e-01  1.8454711348536559e-01  1.2942878425924989e-02  
q[107]: 1.1755165822693590e-03  8.0786406742784489e-01  2.4854582541690587e-01  7.4382492683277956e-02  
q[108]: 1.5902981190240499e-03  8.2683764763719436e-01  3.8362198054565327e-01  8.6136041635939575e-02  
q[109]: 1.9294754274711470e-03  8.2779500640974013e-01  3.6457578170511851e-01  1.9398315757051646e-01  
q[110]: 1.1501461214965408e-03  8.4203150231858381e-01  2.5121437558699644e-01  1.8594615187938654e-01  
q[111]: 1.4629371364985055e-03  8.3459069991078849e-01  4.0384184971753645e-01  3.2495684401381975e-01  
q[112]: 7.9112705994096081e-04  8.0473751973264473e-01  3.4116640547047622e-01  3.2621555006468045e-01  
q[113]: 8.2940134378162655e-04  8.0578298178711483e-01  3.3227182012341072e-01  1.7189879090274845e-02  
q[114]: 2.1389381582781093e-03  8.3302255705681238e-01  5.1130961139978981e-01  1.9572724524104185e-01  
q[115]: 1.9752331603127777e-03  8.3634008575113405e-01  5.2412382409787650e-01  3.3178103946488641e-01  
q[116]: 7.3210622983879052e-04  8.2203752928181317e-01  4.8829945934428676e-01  1.5249294763314292e-02  
q[117]: 1.6510644326563587e-03  8.2092502576751536e-01  5.3207423513048213e-01  8.0660717394564194e-02  
q[118]: 1.2014498886609448e-03  8.1716156002232543e-01  5.3668732025186860e-01  4.5085207187135151e-01  
q[119]: 7.1772903666521585e-04  8.4557411193724319e-01  5.1307577735570087e-01  4.9619930661755640e-01  
q[120]: 5.6634351648369140e-04  8.4232382285009233e-01  6.4709633860560212e-01  1.5165851140811766e-02  
q[121]: 1.1174539728165090e-03  8.2616124479435893e-01  6.7218108298788570e-01  7.1513940284610972e-02  
q[122]: 1.9213749722854832e-03  8.0847179054694229e-01  6.2694507368310781e-01  1.7701742216257188e-01  
q[123]: 2.0210147329830881e-03  8.3448085948573270e-01  6.4893873593262053e-01  3.2330621110112123e-01  
q[124]: 1.7847762024231183e-03  8.3268911037793780e-01  6.5937368793878415e-01  4.7347492587063628e-01  
q[125]: 8.7332647241902979e-04  8.1899162276938864e-01  6.1361615199051434e-01  5.3815087840155107e-01  
q[126]: 6.4337187834533440e-04  8.1438097023407419e-01  6.4578204747009915e-01  6.3107590712802675e-01  
q[127]: 3.5340636579999805e-04  8.2318687366633403e-01  7.3701934718899875e-01  1.4733396937694083e-02  
q[128]: 6.2066057761002197e-04  8.4489998913838027e-01  7.9312881332375440e-01  6.5029319662873578e-02  
q[129]: 1.0586717673132285e-03  8.0889823791521787e-01  7.3164133748702243e-01  1.4072667405265243e-01  
q[130]: 1.6150874701357427e-03  8.1780171972076587e-01  7.3834387297348869e-01  2.7114108070347159e-01  
q[131]: 1.5601111712649661e-03  8.2039459575328288e-01  7.4196065488817020e-01  4.3041189920057626e-01  
q[132]: 1.0725711479205480e-03  8.4997106458369065e-01  7.7763094794182741e-01  5.9465116925042061e-01  
q[133]: 1.1346427823271999e-03  8.0750349986937364e-01  7.1448215128225556e-01  6.3133015138495097e-01  
q[134]: 3.5700262348587901e-04  8.5669660626509880e-01  7.8873594359153276e-01  7.7330282955131513e-01  
q[135]: 1.2326212515028154e-04  8.5093785515286646e-01  8.3513679685511966e-01  1.0678694528159295e-02  
q[136]: 1.9729447452697976e-04  8.1983803097792995e-01  8.1333344826850595e-01  6.2249372332401472e-02  
q[137]: 6.4645852729779737e-04  8.2304751001959964e-01  8.0738674426015067e-01  1.7224192158781404e-01  
q[138]: 7.8385565303623725e-04  8.1665476373709911e-01  8.0090101827319904e-01  3.1883563656650560e-01  
q[139]: 7.4974719871782316e-04  8.1467718204597761e-01  7.9974139061998539e-01  4.7673388278198581e-01  
q[140]: 5.9956278582645598e-04  8.0994237297560412e-01  7.9558749243299942e-01  6.1748116300320832e-01  
q[141]: 4.8142094111795818e-04  8.1612700243747782e-01  7.9392779936781055e-01  7.2311765893050961e-01  
q[142]: 1.4528770550259278e-04  8.1590102682069143e-01  8.0427006231959774e-01  7.9194313217487078e-01  
q[143]: 1.4867484363547770e-04  9.1809159480457558e-01  3.1212294356883934e-02  1.3875152162354989e-02  
q[144]: 1.5714563598372882e-04  9.4332520047541724e-01  8.0113990797473639e-02  6.8987510330428589e-02  
q[145]: 3.5177325032932031e-04  9.0761629706749425e-01  1.0212509525813468e-01  1.7879694061363638e-02  
q[146]: 6.8556943273428354e-04  9.3672135095029330e-01  1.5960956549618602e-01  8.6895333858226051e-02  
q[147]: 4.3613725528353207e-04  9.2245764497782057e-01  1.8617468220134500e-01  1.7060079627883259e-01  
q[148]: 1.3990378872000468e-04  9.4789661013815762e-01  1.7603934174348393e-01  1.0642084562283995e-03  
q[149]: 6.6059886987691017e-04  9.1399650990274717e-01  2.3094515004653116e-01  4.5123301342553983e-02  
q[150]: 4.6957697693318846e-04  9.1370493733940827e-01  3.2136749215206195e-01  1.2898481145032380e-02  
q[151]: 6.9675257022296924e-04  9.3504582334620301e-01  3.5845129020431465e-01  7.4281311602715366e-02  
q[152]: 1.0981957284763484e-03  9.1546556412348512e-01  3.0048063472798020e-01  1.3531383977107878e-01  
q[153]: 8.6309063551172794e-04  9.3660308894834565e-01  3.0144178874485633e-01  2.1861131394447822e-01  
q[154]: 7.8564261028137483e-04  9.3238944711186778e-01  4.1769359120650451e-01  3.5179127628153573e-01  
q[155]: 4.9588747164735244e-04  9.0930771084028938e-01  3.1653236169318183e-01  3.0278807155796311e-01  
q[156]: 4.4813688330784665e-04  9.2377362042906086e-01  4.8353693121362951e-01  1.2357976725865513e-02  
q[157]: 9.2578235770273526e-04  9.2005170964551408e-01  4.6709768934493151e-01  6.6595984503585781e-02  
q[158]: 1.4079054111466329e-03  9.2855350726170682e-01  4.6132831451946921e-01  1.7685155432177019e-01  
q[159]: 1.5171391432636371e-03  9.3027835948807525e-01  4.6885208888024460e-01  2.9589171111011731e-01  
q[160]: 6.4894536170244247e-04  9.1234687445943763e-01  5.3215662087992655e-01  4.5135317413278647e-01  
q[161]: 4.8429176681959060e-04  9.3252185226826634e-01  4.8577695620809030e-01  4.7259071803949143e-01  
q[162]: 3.1355820327043881e-04  9.2986100985966680e-01  6.4697670124398377e-01  1.0060590772220381e-02  
q[163]: 9.3123183523787846e-04  9.2674647172780256e-01  6.2146946009012105e-01  6.1259441392535939e-02  
q[164]: 1.3829937795195471e-03  9.2805569284013478e-01  5.9989609865833227e-01  1.5841999504809709e-01  
q[165]: 1.7332744305332552e-03  9.3117501687300963e-01  6.2717579141206758e-01  3.0732842508522001e-01  
q[166]: 1.4201060245890792e-03  9.2835392600646682e-01  6.2789036173247825e-01  4.4894255062136856e-01  
q[167]: 8.3470164421566408e-04  9.3535143630932449e-01  6.2579416976518065e-01  5.5794680147296438e-01  
q[168]: 4.0427390255326181e-04  9.2420458153665919e-01  6.7103696348528130e-01  6.5955026059520849e-01  
q[169]: 3.7367305571551839e-04  9.3932042169989383e-01  7.7982474361526832e-01  1.9883077452312835e-02  
q[170]: 9.1483944288786221e-04  9.2378631986192428e-01  7.5079458677796751e-01  9.0231153641775835e-02  
q[171]: 1.2820241475741873e-03  9.1593671927663545e-01  7.1827956739197274e-01  1.8970662139439326e-01  
q[172]: 1.3375147323072831e-03  9.2748961901699623e-01  7.6191842807776244e-01  3.1657075373442056e-01  
q[173]: 1.4987230709685225e-03  9.3047486232356691e-01  7.6349732695370942e-01  4.7482844498229348e-01  
q[174]: 1.0404345781198376e-03  9.2750995791714375e-01  7.5076850107953486e-01  6.0761519539694542e-01  
q[175]: 7.7472778395185462e-04  9.0880504306085808e-01  7.3789923404291879e-01  6.7803679366128999e-01  
q[176]: 2.4755649432838499e-04  9.3737032795531405e-01  8.1574561666618728e-01  8.0611738160559543e-01  
q[177]: 2.0284104522394451e-04  9.1446297010775612e-01  8.3692811865752303e-01  1.0999740676036129e-02  
q[178]: 5.7629151494310307e-04  9.3835488423115165e-01  8.6535895559145382e-01  7.4759069927141500e-02  
q[179]: 1.0888219155723554e-03  9.1733011261873243e-01  8.3443068869690928e-01  1.8976054945844409e-01  
q[180]: 6.2773692014552851e-04  9.3198650030902463e-01  8.6640697164780178e-01  3.1540996847307307e-01  
q[181]: 8.5425446015918824e-04  9.1573085713093627e-01  8.4437621254013184e-01  4.0685669202237179e-01  
q[182]: 8.5648839171880082e-04  9.2779154599258851e-01  8.6357520821257150e-01  5.5182154025630714e-01  
q[183]: 7.3270473598310382e-04  9.3893624009507892e-01  8.6007812593224175e-01  6.8198825308259381e-01  
q[184]: 6.4934444833638369e-04  9.2598427242478032e-01  8.6002498849536269e-01  7.9029217886524394e-01  
q[185]: 1.3161557981673804e-04  9.3882178206222133e-01  9.2276606900853975e-01  1.8218200376571604e-02  
q[186]: 1.8726740103591489e-04  9.2331353233720892e-01  9.1257533800364365e-01  8.0138600009155903e-02  
q[187]: 3.5646907811916689e-04  9.2748359017045845e-01  9.1035482941328238e-01  1.6210415990062166e-01  
q[188]: 4.5218230963901720e-04  9.2247484233580068e-01  9.0919924358685988e-01  2.9154266847200105e-01  
q[189]: 4.9738353917070191e-04  9.2235949276818530e-01  9.0956464861984665e-01  4.6021211089119035e-01  
q[190]: 4.3718332227795232e-04  9.2056037385701883e-01  9.0818805321971763e-01  6.2881029398122779e-01  
q[191]: 3.8714485310006354e-04  9.1919977321477675e-01  9.0367562404946722e-01  7.5802081718373149e-01  
q[192]: 1.2463462570342737e-04  9.0760252455644819e-01  9.0275335202364548e-01  8.4309298574766012e-01  
q[193]: 1.4495027456857821e-04  9.3793705912164704e-01  9.1792378055992807e-01  9.0500968647214119e-01  
q[194]: 1.5599011931380594e-05  9.8676892720890130e-01  8.1905683111987530e-03  5.4823039978240369e-03  
q[195]: 1.1500403555404008e-04  9.8782868451026451e-01  7.9671561061519444e-02  6.1347476603787712e-02  
q[196]: 1.6011703448348008e-04  9.8174346052123396e-01  7.6704275352832849e-02  1.5600813800401698e-02  
q[197]: 1.8109639457882017e-04  9.9361817445750933e-01  1.8255938882389230e-01  9.5103677537678663e-02  
q[198]: 8.6436005638828743e-05  9.8728695902693697e-01  1.7826483236784649e-01  1.7285504019865394e-01  
q[199]: 3.7088522047566100e-05  9.9992207019624690e-01  1.8133777780898833e-01  6.7908543850560953e-03  
q[200]: 3.7992701470353826e-04  9.7931016627218714e-01  2.0326177774543555e-01  4.4087903336049679e-02  
q[201]: 2.6452807498735583e-04  9.8298946442648860e-01  3.2843756262586782e-01  1.5879491603164465e-02  
q[202]: 3.8754094518741582e-04  9.8847656021931485e-01  3.5609569199387625e-01  7.9258968845123165e-02  
q[203]: 6.7211458131844815e-04  9.8298134311172081e-01  3.2942204164311828e-01  1.5952642779064671e-01  
q[204]: 2.8157126067325435e-04  9.8351115584120785e-01  2.1696641398427821e-01  1.7157010881418025e-01  
q[205]: 3.5621431942028974e-04  9.9030356595556712e-01  3.5971969411486610e-01  2.7944690309752718e-01  
q[206]: 2.8295712749626254e-04  9.8167465057980174e-01  3.3484407175540343e-01  3.1976817922265305e-01  
q[207]: 2.4270392375093407e-04  9.8519052426276743e-01  4.8676895662547320e-01  1.5387489141335097e-02  
q[208]: 5.3404795476452087e-04  9.8432179700076239e-01  5.1169210441451141e-01  7.9158458984310065e-02  
q[209]: 6.9568395575002795e-04  9.8635489172712054e-01  5.0749604813751392e-01  1.8416846333077427e-01  
q[210]: 6.4877306993305984e-04  9.8704970720843332e-01  4.8795837925911967e-01  2.9769011564735975e-01  
q[211]: 5.7934937037851936e-04  9.8406148063552590e-01  5.1662703840623070e-01  4.3493419869422761e-01  
q[212]: 1.9445000051229310e-04  9.8934004640706386e-01  4.9709783584450029e-01  4.8076376957523559e-01  
q[213]: 2.5362451670202376e-04  9.8602491886646604e-01  6.5114902473232328e-01  1.7418156606585990e-02  
q[214]: 4.3898592616863601e-04  9.8644895083723760e-01  6.5708415070722159e-01  8.9255212499291081e-02  
q[215]: 7.1621080929154177e-04  9.8583367209792672e-01  6.7306811774694097e-01  2.0009464085943965e-01  
q[216]: 7.3000554393914832e-04  9.8666773099490257e-01  6.5060047591539028e-01  3.3203404421155908e-01  
q[217]: 7.0508577890124454e-04  9.8560346145427802e-01  6.4529840516630932e-01  4.6427803155176944e-01  
q[218]: 3.7737423195358897e-04  9.8904495151032901e-01  6.8147883664226883e-01  6.0667646379383133e-01  
q[219]: 2.4509934667559034e-04  9.8277117161654626e-01  6.4972502560663703e-01  6.3479110952919648e-01  
q[220]: 1.4724899915531889e-04  9.8856531883076659e-01  8.0459888176045857e-01  1.3511032630166552e-02  
q[221]: 4.0335633131117273e-04  9.8497487656447402e-01  7.7945421480878885e-01  7.7238993479904927e-02  
q[222]: 6.9621339357735289e-04  9.8333541527452684e-01  8.1071170654111024e-01  1.8656964684706617e-01  
q[223]: 7.3224490243975016e-04  9.8585918746743906e-01  7.9722118827055843e-01  3.3605734992853914e-01  
q[224]: 6.8157003582477202e-04  9.8696346317257111e-01  7.8938360610773495e-01  4.9121785262767897e-01  
q[225]: 5.9649638285297606e-04  9.8548731516415655e-01  7.9313389985840399e-01  6.3606168439178767e-01  
q[226]: 4.2080004444986868e-04  9.8134863350267310e-01  8.0871671054512395e-01  7.5842265395396202e-01  
q[227]: 7.0951250736406524e-05  9.9202409763878885e-01  7.9919822738227786e-01  7.9374470294127131e-01  
q[228]: 1.2046696690568058e-04  9.8406933085325021e-01  9.1881712872785715e-01  1.2494671156731080e-02  
q[229]: 2.1585338754010762e-04  9.9040589334670870e-01  8.9343286802080268e-01  7.0300719345098100e-02  
q[230]: 3.8444681253257474e-04  9.8454830458190312e-01  9.1561310307830857e-01  1.6693174631134289e-01  
q[231]: 5.0319640019580848e-04  9.8611937972932917e-01  9.0757434318050934e-01  3.1089683790479339e-01  
q[232]: 6.2019318522576659e-04  9.8464332242253771e-01  9.0215676824002200e-01  4.8136284903665727e-01  
q[233]: 4.7484146368362962e-04  9.8750363998983759e-01  9.0376371419741330e-01  6.5067127149506410e-01  
q[234]: 3.2925577965966190e-04  9.8831029430188588e-01  9.0669385703505867e-01  7.9866821159500989e-01  
q[235]: 1.5321673373315753e-04  9.8651773349737759e-01  9.2061091420820240e-01  9.0158658325473107e-01  
q[236]: 9.1599814839112036e-06  9.9197770323777124e-01  9.8897430775082706e-01  1.5031202695951270e-03  
q[237]: 1.2461264893608935e-04  9.8680947110354744e-01  9.6910266790571387e-01  5.7354536190198799e-02  
q[238]: 1.4045926307677608e-04  9.8582001851734935e-01  9.7269067595424319e-01  1.5498373648298783e-01  
q[239]: 2.0865918159081965e-04  9.8522647292208942e-01  9.7071451028242284e-01  2.8723370732797715e-01  
q[240]: 2.6771361366547276e-04  9.8498132474126987e-01  9.6892800048725425e-01  4.4720713673495810e-01  
q[241]: 2.7096489955838726e-04  9.8487595819590057e-01  9.6896403185283553e-01  6.2109462666863735e-01  
q[242]: 2.3741342939244780e-04  9.8442560270472135e-01  9.6799275849363453e-01  7.7988667651704069e-01  
q[243]: 1.5506418547232788e-04  9.8285902044742712e-01  9.6784287460918095e-01  8.9895539096896726e-01  
q[244]: 1.1667458874798794e-05  9.9524535961933247e-01  9.9122746193886591e-01  9.8463483873745095e-01  

