deg: 19
dim: 3
nodes: 388
efficiency: 0.992268

q[0]:   3.7074782827941072e-05  4.0200669744385790e-02  2.3119461807318335e-02  1.1854811582323193e-02  
q[1]:   3.0314544247881657e-05  7.1030696734774051e-02  6.4630513668924403e-02  1.0887228801836490e-02  
q[2]:   4.5422293548281934e-05  8.0045494729029387e-02  7.3739408304250811e-02  6.0542364422097858e-02  
q[3]:   7.4117838456946568e-05  1.0884547760573862e-01  2.2153541643167411e-02  1.1428317630566853e-02  
q[4]:   7.1774619877384361e-05  1.1526974455565822e-01  6.0694209666138685e-02  5.3341741849501061e-03  
q[5]:   9.9040563166928470e-05  1.1837900561034166e-01  6.5498258044796892e-02  5.6043024900278134e-02  
q[6]:   3.9129321921445526e-05  1.3743007597113588e-01  1.1776459013646200e-01  4.0604284549497893e-03  
q[7]:   2.1062995466799642e-04  1.4168143598209684e-01  9.5148467380679294e-02  4.2261448601137258e-02  
q[8]:   8.5682334990003263e-05  1.5712403448981510e-01  1.2680976221938475e-01  1.1623208656183037e-01  
q[9]:   8.0740271648889082e-05  1.2856641184870871e-01  1.2047640175709268e-01  4.1659200266879221e-02  
q[10]:  1.6169942401033518e-04  1.7241135541815544e-01  1.5986449222233062e-01  1.0298632122041604e-01  
q[11]:  5.6534554590451929e-05  1.8470254758942073e-01  1.7864210031971850e-01  1.6759565930710360e-01  
q[12]:  1.0918494002405686e-04  2.2127577654796859e-01  2.2892269793131970e-02  1.1295325437202264e-02  
q[13]:  2.1284580042104140e-04  2.1263131821193998e-01  7.0113144556475146e-02  1.1802797457211826e-02  
q[14]:  1.8561219324753927e-04  2.1289043385531092e-01  6.8288486429909132e-02  5.7935510093984406e-02  
q[15]:  2.0937607899064459e-04  2.3514558328844890e-01  1.4632016633387659e-01  1.1087526352126889e-02  
q[16]:  4.4173075312183837e-04  3.0140971743480982e-01  1.7526324539578625e-01  5.3170475465763728e-02  
q[17]:  3.3562085397646703e-04  2.2557199944396833e-01  1.1187804028347183e-01  6.0343275815887672e-02  
q[18]:  1.8777814623826563e-04  2.3800087810350579e-01  1.4222907535942111e-01  1.3306631447215281e-01  
q[19]:  4.9319029570398009e-04  2.6837311631440364e-01  2.1382661730412364e-01  8.8137350405902454e-02  
q[20]:  1.4406511420388143e-04  2.8571310629471608e-01  2.4085564477483826e-01  8.0436170503272956e-03  
q[21]:  1.8098307907940569e-04  2.0742865864648785e-01  1.6457060144783164e-01  2.8328624520468498e-02  
q[22]:  4.0462734202471526e-04  2.4610615949746875e-01  1.8698245259014162e-01  1.3849851636048849e-01  
q[23]:  1.4770422918042539e-04  2.7108134436528580e-01  2.3103488096410468e-01  2.2264327309147194e-01  
q[24]:  5.2471512317042223e-05  1.9114521077092389e-01  1.8375375980984957e-01  1.0474202061571260e-02  
q[25]:  1.7898053728794658e-04  2.3491186118696197e-01  2.2533796627892730e-01  5.6209984493665453e-02  
q[26]:  2.0752163556133528e-04  2.6756678680096352e-01  2.5778307784879401e-01  1.3535149606274255e-01  
q[27]:  2.0534491788272395e-04  2.7801250793251603e-01  2.6754351999687148e-01  2.1395309426309309e-01  
q[28]:  1.3525821114850897e-04  3.5927938946446303e-01  2.3871312431926753e-02  1.1847266581631906e-02  
q[29]:  2.7230402788912581e-04  3.3943024653427889e-01  7.3371943595897118e-02  1.1307638621573111e-02  
q[30]:  2.3430586855210556e-04  3.3945905291888950e-01  7.0745637351894389e-02  6.1137344230744337e-02  
q[31]:  4.7392487028710288e-04  3.3558815083032484e-01  1.1077027226321084e-01  5.9201411685998954e-02  
q[32]:  2.8066681575147548e-04  3.4324072814309919e-01  1.5473630605330546e-01  8.8292215313128843e-03  
q[33]:  5.3638893583298018e-04  3.9691997009377855e-01  1.7688828780438129e-01  5.0237646565714091e-02  
q[34]:  4.1246805026477415e-04  4.1818221238906500e-01  1.9200837209188579e-01  1.2900359807003939e-01  
q[35]:  3.5616652325773629e-04  3.5113622946178386e-01  1.5689787002170646e-01  1.4487314645854102e-01  
q[36]:  2.9364088199189148e-04  3.7870899285562504e-01  2.6063304604433629e-01  1.0468896772514957e-02  
q[37]:  5.6280643459617643e-04  3.9529089917370286e-01  2.7169667709659678e-01  5.2200020825055121e-02  
q[38]:  9.2625671409328350e-04  4.0708452863618738e-01  2.7052569906605467e-01  1.3022650743015979e-01  
q[39]:  5.6754590568811557e-04  3.3775970508082137e-01  1.9882875909189540e-01  1.4068696574443237e-01  
q[40]:  4.7059578220294931e-04  3.4777852748749427e-01  2.9697398989966439e-01  5.3357849796267592e-02  
q[41]:  3.3649548626328064e-04  3.7031660476501099e-01  2.5828138474059231e-01  2.4638260086949088e-01  
q[42]:  6.8742502922416191e-04  4.1836514703554206e-01  3.5795018513085503e-01  1.3443075699876467e-01  
q[43]:  6.6228749888440244e-04  3.6665699586435280e-01  3.1259141879114133e-01  1.9243563004135691e-01  
q[44]:  4.0703495572792250e-04  3.6107137606182987e-01  3.1238080938107310e-01  2.6508318428847299e-01  
q[45]:  1.0266651074277508e-04  3.1426677600827690e-01  3.0490601123463473e-01  1.2953166048387204e-02  
q[46]:  2.2422440110347108e-04  3.6707699073280120e-01  3.5721337616237026e-01  6.2865100517907613e-02  
q[47]:  3.4391525557193653e-04  3.7156534630623200e-01  3.5921008605675747e-01  1.4097707310608457e-01  
q[48]:  3.2237796814619168e-04  3.9555033088792046e-01  3.8551801790083673e-01  2.5303011845472001e-01  
q[49]:  2.5581044376299296e-04  4.2843911407016055e-01  4.1850757297499214e-01  3.5927354897574187e-01  
q[50]:  8.9471013272825856e-05  3.3032692014055037e-01  3.2276788057953193e-01  3.1168794792744642e-01  
q[51]:  1.3887012086787352e-04  5.0714811119356684e-01  2.3881171962587728e-02  1.1740383334292512e-02  
q[52]:  2.1950574317007899e-04  4.8720347875621195e-01  7.0439568712278341e-02  6.2713541516748184e-02  
q[53]:  2.4585394644692434e-04  4.8234974371993711e-01  7.2973824545828916e-02  8.7657402505055340e-03  
q[54]:  4.7998617020945456e-04  4.6803678574300817e-01  9.9106264515099254e-02  5.2934414914961217e-02  
q[55]:  2.6520928317615557e-04  4.7667910912314937e-01  1.5680135818457924e-01  1.4993081570240877e-01  
q[56]:  3.4758605652435561e-04  4.7850594438581984e-01  1.6343322892779341e-01  9.2409797191885280e-03  
q[57]:  6.0502327051266934e-04  5.0600323448420137e-01  1.6344226708603724e-01  4.7495727888322264e-02  
q[58]:  5.8716691838966333e-04  4.9497340517185812e-01  1.7196855095587152e-01  1.3110792419249223e-01  
q[59]:  3.8793115209456334e-04  4.9917581059169186e-01  2.7942021726390598e-01  1.0152893568155531e-02  
q[60]:  7.2516396366888809e-04  5.0268327192459616e-01  2.7627817163700163e-01  2.2991732113841740e-01  
q[61]:  8.8463819443829010e-04  5.0445298589088727e-01  2.3982162456291273e-01  1.1934886750434684e-01  
q[62]:  7.0519801161852979e-04  5.0007778361173527e-01  2.7089462070582471e-01  4.9315575722617293e-02  
q[63]:  9.5275931388343440e-04  5.4618450766816784e-01  3.3746308073483861e-01  1.2239731640361456e-01  
q[64]:  1.0169824711034790e-03  5.5410937488458545e-01  3.3963934212269431e-01  2.2217240161291904e-01  
q[65]:  6.4166186800237654e-04  4.2620404646513860e-01  3.0738460201117707e-01  2.4639542370915959e-01  
q[66]:  3.4469587907018725e-04  4.9117757298808312e-01  2.7534648632157710e-01  2.6677297478902695e-01  
q[67]:  1.8303854111034493e-04  5.2349837006477395e-01  3.9537560679679529e-01  4.4991349603961386e-03  
q[68]:  7.0574692044476570e-04  5.2825774033669637e-01  3.9905288615449869e-01  4.0706469654403263e-02  
q[69]:  7.7164085087051649e-04  5.0864188464569138e-01  3.8487507001369942e-01  1.0463674379651808e-01  
q[70]:  8.3702852052386530e-04  5.4639513239693083e-01  4.2153552597808214e-01  2.0121232811422785e-01  
q[71]:  7.6206373908049266e-04  5.0308579458310387e-01  3.8150789580763561e-01  2.4765196038992368e-01  
q[72]:  2.6812601238904946e-04  5.1067369165463994e-01  3.9149057291377898e-01  3.8327832759233665e-01  
q[73]:  6.7853189184929798e-04  5.4670907692984660e-01  4.0688885910279526e-01  3.6182681281833268e-01  
q[74]:  2.0554275416042000e-04  4.2349747935710036e-01  3.7699016343473885e-01  3.6774978861046925e-01  
q[75]:  2.7317112619400913e-04  4.3044301458153650e-01  3.7618667963704616e-01  1.2753782654466944e-02  
q[76]:  5.7633865186185987e-04  4.9377924701224007e-01  4.4367352012485345e-01  6.4395742049858970e-02  
q[77]:  6.5341487914941522e-04  5.3262633507798285e-01  4.8695744914362549e-01  1.4736602176405866e-01  
q[78]:  7.6557682253373916e-04  5.1934912663777755e-01  4.6767225864779288e-01  2.4713760646998639e-01  
q[79]:  7.0681293100826345e-04  5.0114876208886494e-01  4.5078887479759872e-01  3.2795541356016056e-01  
q[80]:  5.1887577272350792e-04  5.0644944387319335e-01  4.4930729858818230e-01  3.9847826174004725e-01  
q[81]:  1.3204499341428510e-04  4.9476970170109030e-01  4.8468781448916914e-01  4.7212380457103725e-01  
q[82]:  1.0746247348378309e-04  4.5184618063600740e-01  4.4080066326523348e-01  1.0104806068341653e-02  
q[83]:  2.0905107272055297e-04  4.9706469596956182e-01  4.8791800362758331e-01  5.4747257419805580e-02  
q[84]:  2.8883264273312290e-04  4.9817823068176931e-01  4.8991038293692446e-01  1.4186801235261362e-01  
q[85]:  3.8786681186000631e-04  5.0538936383820809e-01  4.9545287680143368e-01  2.5130034185213795e-01  
q[86]:  3.6660988732364755e-04  5.5023309284801825e-01  5.4071094641088668e-01  3.9268075904320121e-01  
q[87]:  2.9802388211739434e-04  5.8045421943542830e-01  5.6823402018287039e-01  5.0239839508265238e-01  
q[88]:  1.0186309229238753e-04  6.5264907163561592e-01  2.0701819695702822e-02  1.0283656339174387e-02  
q[89]:  2.4207225452772680e-04  6.3352656873230440e-01  6.7749232505978640e-02  5.7642281082296652e-02  
q[90]:  1.8711454897448791e-04  6.2928493578922784e-01  6.6423089777491118e-02  7.6587470788535760e-03  
q[91]:  4.1494047538158358e-04  6.0892133654856073e-01  9.4428023424308311e-02  4.2403105794423704e-02  
q[92]:  3.6191753468887446e-04  6.2125313166860630e-01  1.5538975332780638e-01  1.4535356117185697e-01  
q[93]:  3.5676122320357594e-04  6.1893448603923706e-01  1.5454651883372544e-01  9.7507353030059363e-03  
q[94]:  5.4613997170517169e-04  6.1942135332125026e-01  1.5610472901863495e-01  1.0983244456489001e-01  
q[95]:  5.8295804363081691e-04  6.4534070744308902e-01  1.7058679751895481e-01  4.8484270439790117e-02  
q[96]:  9.1088101666786034e-04  6.1806776737826530e-01  2.2782258605585048e-01  1.1761783738761161e-01  
q[97]:  4.5742429698464630e-04  6.2643393402189329e-01  2.7241965294596832e-01  1.0665681482582665e-02  
q[98]:  8.7550618958618916e-04  6.2145603818299500e-01  2.6705748285230962e-01  5.4669274765949905e-02  
q[99]:  1.1374830156990446e-03  6.6175684445242200e-01  3.4553391940559558e-01  1.3099876482731218e-01  
q[100]: 1.0639447695694286e-03  6.6529867255802688e-01  3.5273496919234720e-01  2.1850914396198956e-01  
q[101]: 9.1380844607847332e-04  6.3355088641476975e-01  2.7137540535979876e-01  2.1416754982595407e-01  
q[102]: 4.7810921815673465e-04  6.1613388074326669e-01  2.6898427939664626e-01  2.5748873691758606e-01  
q[103]: 4.6571916989705494e-04  6.4562224652787537e-01  4.0600865739229525e-01  1.1434703994633663e-02  
q[104]: 8.9741541361989857e-04  6.2805459111566986e-01  3.9106324330469677e-01  5.8857596603582932e-02  
q[105]: 1.1378122422193988e-03  6.8228857541052379e-01  4.6703152731637360e-01  1.3761082293588631e-01  
q[106]: 1.3180153469198952e-03  6.6237211138946728e-01  4.5590662174176566e-01  2.2996528690025231e-01  
q[107]: 1.0870247967810210e-03  6.8929077431642882e-01  4.7632951229712656e-01  3.4358019483513269e-01  
q[108]: 9.5796466522122636e-04  6.4607617132348150e-01  3.9545175301743651e-01  3.3890712525235828e-01  
q[109]: 8.0565360533486560e-04  6.4166494990609291e-01  5.3597704971531190e-01  2.2702291728022095e-01  
q[110]: 9.0639819793328065e-04  6.0620392683621727e-01  4.8014633386375954e-01  3.6380780533752233e-01  
q[111]: 4.3861220614198348e-04  6.3833378458202561e-01  4.0633110496069058e-01  3.9574107150693971e-01  
q[112]: 3.2773105684555230e-04  6.4822212628586162e-01  5.1404820524157369e-01  1.2725062618085059e-02  
q[113]: 7.8001178192441611e-04  6.7870862905856622e-01  5.2387571187292969e-01  6.0750001476994650e-02  
q[114]: 9.4539391089680936e-04  6.2666173493554633e-01  5.0769339716436179e-01  1.3019799237029397e-01  
q[115]: 1.0078339331950079e-03  6.6156524302273234e-01  5.4804862141128807e-01  3.3392771920847986e-01  
q[116]: 8.1053530921932704e-04  6.8879506547121472e-01  5.4615229704273494e-01  4.8809710188829125e-01  
q[117]: 3.1512064920983829e-04  6.5278426526820710e-01  5.1913718198743009e-01  5.0825108769285554e-01  
q[118]: 2.8446638639219654e-04  5.7884573830260444e-01  5.2515799427926402e-01  1.2332315153148364e-02  
q[119]: 6.3534151617981242e-04  6.3627645468682159e-01  5.6856894615773723e-01  6.0551369999449725e-02  
q[120]: 7.4554279110881634e-04  6.4598619624057896e-01  6.0194651476286265e-01  2.5155417121186940e-01  
q[121]: 7.3299846310648166e-04  6.4632657372798485e-01  5.9984251342631245e-01  3.6926822821420913e-01  
q[122]: 7.6555043612525162e-04  6.5059759797018279e-01  5.9580754084414433e-01  4.6311968738830711e-01  
q[123]: 4.8110559615404633e-04  6.4196257459466322e-01  5.7894542223217260e-01  5.2052061563367868e-01  
q[124]: 2.7702752582130181e-04  5.9200577971353230e-01  5.3765324349632471e-01  5.2614450681432157e-01  
q[125]: 1.0576238257883017e-04  6.0133109621551684e-01  5.9172410269195286e-01  1.1057818261195802e-02  
q[126]: 2.6566376615393724e-04  6.2393292905880526e-01  6.0938298930814583e-01  5.9572019094066883e-02  
q[127]: 7.0268110612965338e-04  6.6592776058737746e-01  6.1312314026707337e-01  1.4291821953838052e-01  
q[128]: 3.4082915643626852e-04  6.2915391966019807e-01  6.1877000912781588e-01  1.3781100442952290e-01  
q[129]: 3.4302907853041721e-04  6.3668618893894491e-01  6.2856383639460067e-01  2.5515187881139489e-01  
q[130]: 3.6299603365275092e-04  6.4990194045993299e-01  6.4069549564181005e-01  3.8265241859783844e-01  
q[131]: 3.7766040706803617e-04  6.9710689889797661e-01  6.8628717145571683e-01  5.4712687580606045e-01  
q[132]: 1.5366789911127880e-04  6.6246001998158344e-01  6.5185109699219967e-01  6.1877771422600458e-01  
q[133]: 5.8591280712170307e-05  6.4653825907917972e-01  6.3586890488634729e-01  6.3124713057355908e-01  
q[134]: 7.1731656524357904e-05  7.8287049654236152e-01  2.0087476033444573e-02  7.1702625425129635e-03  
q[135]: 1.6738587228308345e-04  7.6576091075295050e-01  5.5021157155318572e-02  4.5964223265985434e-02  
q[136]: 2.2211918157219167e-04  7.5198525811963679e-01  6.8718833378633812e-02  1.3690788284573841e-02  
q[137]: 4.3587422303427399e-04  7.4798522432733405e-01  1.0857128361584865e-01  5.8208803420000010e-02  
q[138]: 3.6685227954039314e-04  7.5432599140372991e-01  1.3851323435881099e-01  1.2702353273653730e-01  
q[139]: 2.3723207021972848e-04  7.5250762053846998e-01  1.3757773455191560e-01  7.6655514205258811e-03  
q[140]: 6.2386979274018511e-04  7.6255618013436710e-01  1.7925448925871451e-01  4.7042942315070502e-02  
q[141]: 6.7344101351019382e-04  7.4342843956765492e-01  1.8986087602463925e-01  1.1973806467181995e-01  
q[142]: 3.6073471236591331e-04  7.4582475393548886e-01  2.5445683030094995e-01  2.4554927222746323e-01  
q[143]: 4.0821359621274377e-04  7.5105543691723908e-01  2.4865349712848703e-01  1.0738700849602399e-02  
q[144]: 8.1718499949685007e-04  7.5375166235044144e-01  2.9417931202030340e-01  5.3881475554892921e-02  
q[145]: 1.0678013216338690e-03  7.5129765840861984e-01  2.7935605486719189e-01  1.2006838087937759e-01  
q[146]: 6.8718504304696117e-04  7.5157785987605508e-01  2.5320834238293072e-01  2.0660126554690295e-01  
q[147]: 1.1969013158355502e-03  7.8075975515791907e-01  4.1915140483146096e-01  1.2707025768524760e-01  
q[148]: 1.2071619788099738e-03  7.8234310593007139e-01  4.3621001151227701e-01  2.2136576037134620e-01  
q[149]: 9.3857629441462408e-04  7.6938502323524760e-01  3.3057305700319584e-01  2.1385978013732987e-01  
q[150]: 8.6491788882226480e-04  7.6058655186742807e-01  3.8129124693391075e-01  3.3047705137648764e-01  
q[151]: 4.2231962157710055e-04  7.6140176864184927e-01  3.8501015187569171e-01  9.9358984175264477e-03  
q[152]: 8.3092455141497057e-04  7.3833580920898134e-01  4.0387188697988474e-01  5.3429800123181423e-02  
q[153]: 1.0100396202068682e-03  7.7681793466722060e-01  4.4711899458870263e-01  3.2588179585862642e-01  
q[154]: 4.0501079889321279e-04  7.4711725840555565e-01  3.8734583081153595e-01  3.7750156041381894e-01  
q[155]: 2.6255540242745533e-04  7.7370662064710738e-01  5.2841502804447638e-01  6.2762462790701508e-03  
q[156]: 7.1110097811446821e-04  7.7845696748084980e-01  5.3508864580232030e-01  4.0780363669376520e-02  
q[157]: 1.0835743099642972e-03  7.8887002233969827e-01  5.4361385380334049e-01  1.1277651529220611e-01  
q[158]: 1.1995830762637808e-03  7.8773011284760941e-01  5.5000166495901603e-01  2.1961174321915908e-01  
q[159]: 1.1936520108180831e-03  7.8208489866447206e-01  5.4840147093869385e-01  3.2173713446681995e-01  
q[160]: 9.6143130299605989e-04  8.0436683996674818e-01  5.7210220233150011e-01  4.4984293822911620e-01  
q[161]: 8.2614768071105258e-04  7.6922659595486254e-01  5.2032721031626306e-01  4.7088467999703437e-01  
q[162]: 3.5237604408271014e-04  7.7743175561421285e-01  5.3786124674826841e-01  5.2858886700258567e-01  
q[163]: 2.7584382715754716e-04  7.4622035366390360e-01  6.1520066819708907e-01  1.1261954922245587e-02  
q[164]: 6.8656490080224787e-04  7.8751543430654802e-01  6.5592172234986912e-01  6.0646408121221629e-02  
q[165]: 1.1226934114309166e-03  7.6628185679986738e-01  6.3554059135638896e-01  1.4405777301134623e-01  
q[166]: 1.2294858707553899e-03  7.5307329131049294e-01  6.2054765701430215e-01  2.4951605674788724e-01  
q[167]: 1.0739771448507989e-03  7.7281426715457924e-01  6.3752506789194807e-01  3.7897383696068720e-01  
q[168]: 1.1363130752773119e-03  7.5869677312230344e-01  6.3010020568371494e-01  4.8679297595200088e-01  
q[169]: 7.4245684208138277e-04  8.1222913339861891e-01  6.7923561298102653e-01  6.1768178740426616e-01  
q[170]: 2.9748394517712778e-04  7.6266952631784202e-01  6.3093470476252489e-01  6.1842628845038161e-01  
q[171]: 2.0575770542765416e-04  7.1789555516799508e-01  6.6460222655676549e-01  9.7267187761459865e-03  
q[172]: 4.6843017425988857e-04  7.5708160197247520e-01  7.0228360296506631e-01  5.2146937405574738e-02  
q[173]: 6.3409316603581743e-04  7.7963734502465276e-01  7.2733692940298955e-01  1.2991661694363618e-01  
q[174]: 8.3650355199412787e-04  7.6888006542546239e-01  7.1280151352259924e-01  2.4309205431424777e-01  
q[175]: 9.0788101343387514e-04  7.6402094941418452e-01  7.0706839726233439e-01  3.6699383396620200e-01  
q[176]: 8.3128730241304317e-04  7.7918316767355367e-01  7.2538122670733141e-01  4.9805129150830019e-01  
q[177]: 6.6030850494465225e-04  7.8604660119769765e-01  7.3083699046459916e-01  6.0680503218992932e-01  
q[178]: 4.1479715696881707e-04  7.4271367268887789e-01  6.8909281391820965e-01  6.3785851200372046e-01  
q[179]: 2.0339806550690058e-04  7.3840124012287522e-01  6.8237165497603058e-01  6.7307468769775824e-01  
q[180]: 8.3268701097950830e-05  7.4289174839379168e-01  7.3226537460628849e-01  9.2327493265885602e-03  
q[181]: 1.4679439052145640e-04  7.2222948203830661e-01  7.1277138151123398e-01  4.8369262969675288e-02  
q[182]: 2.7857106351740989e-04  7.5768938844551947e-01  7.4825065728444451e-01  1.2370089765948691e-01  
q[183]: 3.9846572407187584e-04  7.5487616076730724e-01  7.4421504961324014e-01  2.3295056661151953e-01  
q[184]: 4.6707492426134947e-04  7.7086439033089071e-01  7.5979287492127034e-01  3.7422841836457765e-01  
q[185]: 3.3684559787649799e-04  7.6095052117267581e-01  7.5086810252770153e-01  5.0582192699136219e-01  
q[186]: 2.3665465304469928e-04  7.6333988562934663e-01  7.5307121516208220e-01  6.7978711965795091e-01  
q[187]: 1.2181156801389863e-04  7.8945880866357598e-01  7.7841153515683292e-01  7.6482491304094324e-01  
q[188]: 9.0438084845973174e-05  8.7792169260522213e-01  2.6758052833652804e-02  1.1803342965599222e-02  
q[189]: 1.0386895203804722e-04  8.6834057521029240e-01  5.9483242004886291e-02  5.1127152590015108e-02  
q[190]: 2.2558969278651365e-04  8.5923016518684303e-01  8.6590865780947823e-02  1.0443898233510419e-02  
q[191]: 3.7132712593462863e-04  8.6577650189202859e-01  1.0721549066626815e-01  5.5147449661771000e-02  
q[192]: 1.9610159359462846e-04  8.6802987105648688e-01  1.2638635798005654e-01  1.1686695175458124e-01  
q[193]: 2.8882464931397604e-04  8.6213499552845640e-01  1.9666351758577977e-01  9.0658265188480643e-03  
q[194]: 5.4636485945145925e-04  8.6461162132249614e-01  1.8925999494362222e-01  4.9845091827605902e-02  
q[195]: 7.9964206305310347e-04  8.5751810363835690e-01  2.3821102728938179e-01  1.2317408453225835e-01  
q[196]: 2.1939136712574375e-04  8.4370099960411649e-01  1.4894300228250590e-01  1.0278305584054659e-01  
q[197]: 2.4494716831925721e-04  8.5749757814846406e-01  2.3036543201002677e-01  2.2286336136916796e-01  
q[198]: 6.9431669345695402e-04  8.6242352746735096e-01  3.0628093349958213e-01  4.7796315666742847e-02  
q[199]: 9.9754425659040382e-04  8.6102631082955383e-01  3.4389600673002257e-01  1.2087368066650471e-01  
q[200]: 9.1858247133741629e-04  8.6800822465580629e-01  3.5233883274981082e-01  2.3063626760648173e-01  
q[201]: 5.6582954195865277e-04  8.6103154493527811e-01  2.2477321571092856e-01  1.7918483289181272e-01  
q[202]: 3.2730819049841517e-04  8.6241166661106350e-01  3.3545810942756604e-01  8.8492788465849431e-03  
q[203]: 8.1362811146096811e-04  8.5305009677892485e-01  4.4289681789945290e-01  5.0352380842941059e-02  
q[204]: 8.3881891801176889e-04  8.8012186760548561e-01  4.7292094551378172e-01  1.1726939758622754e-01  
q[205]: 8.9094461227166746e-04  8.7551654129563916e-01  4.3359094126225478e-01  2.1775755387151619e-01  
q[206]: 7.0435152896251830e-04  8.6220482920632968e-01  3.4667445394876401e-01  2.9589209088460006e-01  
q[207]: 3.4552541652856344e-04  8.5628827534330487e-01  3.5815664150668713e-01  3.4697152902771899e-01  
q[208]: 3.5891259562829259e-04  8.7029918089617009e-01  4.9324244624328278e-01  1.0572667649632989e-02  
q[209]: 7.0098773305629180e-04  8.7774862251278696e-01  6.0032044143913343e-01  5.7191508947164009e-02  
q[210]: 1.0610469239104587e-03  8.8320402856564506e-01  5.4238831767713647e-01  2.1635510727588547e-01  
q[211]: 1.0731580667186504e-03  8.7656072393973572e-01  5.3697805451790426e-01  3.3454651369894151e-01  
q[212]: 9.1204626415690448e-04  8.7472135384066718e-01  4.7785822381407889e-01  3.6675098645256776e-01  
q[213]: 7.4331084794703568e-04  8.6596405353577843e-01  5.0006253227625808e-01  4.5399655189477123e-01  
q[214]: 2.4626266034597280e-04  8.5963131334635301e-01  4.8353271336340686e-01  4.7618800947346318e-01  
q[215]: 2.8890941219196048e-04  8.8033163088843402e-01  6.3071285394012022e-01  1.1176338423858203e-02  
q[216]: 4.8461618876131783e-04  9.5247882103736614e-01  7.1142610483526780e-01  5.7057243829732887e-02  
q[217]: 7.9912419190317479e-04  8.8138934631372212e-01  5.9249429752877680e-01  1.3182226548239825e-01  
q[218]: 8.5558366443928813e-04  8.6578153206676123e-01  6.4963897619756650e-01  2.1802323676843988e-01  
q[219]: 1.1105168517429381e-03  8.8645839230028978e-01  6.4931692388788020e-01  3.3048429878786445e-01  
q[220]: 9.2695972738058565e-04  8.6892590345176468e-01  6.5443671202113185e-01  4.4052554934867294e-01  
q[221]: 7.5861384728303930e-04  8.9061462457436003e-01  6.1888648514319922e-01  4.9951973087378720e-01  
q[222]: 6.3941638244967031e-04  8.7645231918400102e-01  6.4891163006361452e-01  5.9278709972835719e-01  
q[223]: 3.0638513040593166e-04  8.8417209762359184e-01  6.2390666637185543e-01  6.1155641964866492e-01  
q[224]: 2.7098194921047931e-04  8.4715439948945892e-01  7.0242269606800323e-01  1.1765401304016487e-02  
q[225]: 4.9514145201858407e-04  8.8082988919275274e-01  7.2004020820407144e-01  5.3806790232339738e-02  
q[226]: 8.6267662459275018e-04  8.7450513360926807e-01  7.0914709541545806e-01  1.2713750214739133e-01  
q[227]: 9.1949925276411471e-04  8.6659131724522798e-01  7.3996476087293817e-01  2.3528213219769409e-01  
q[228]: 1.1146430866943115e-03  8.5991348233533771e-01  7.2745910702301009e-01  3.5366169766663458e-01  
q[229]: 8.4317730517005467e-04  8.6196605618914779e-01  7.4206272370605797e-01  4.9736342497429098e-01  
q[230]: 9.3791148678252730e-04  8.8004207060235418e-01  7.4125033699473242e-01  6.0102836487269096e-01  
q[231]: 4.7251429748766861e-04  9.2068528929651450e-01  7.9169065467887223e-01  7.3663754748693677e-01  
q[232]: 2.7924413344128986e-04  8.6466251303011876e-01  7.1740656441940720e-01  7.0624706352942657e-01  
q[233]: 2.0432536325466443e-04  8.4331166601453811e-01  7.8189438027195457e-01  1.0758549837354038e-02  
q[234]: 4.3303091080582659e-04  8.7561214708260593e-01  8.1199106381915287e-01  5.5850359321792171e-02  
q[235]: 5.9045307872000437e-04  8.7575204133315410e-01  8.0184490774488892e-01  1.3130169952562529e-01  
q[236]: 5.5967697334458803e-04  8.6851651528770935e-01  8.1249158772225061e-01  2.2683263871270704e-01  
q[237]: 6.5301390019406754e-04  8.6632400756861461e-01  8.1182372940452430e-01  3.4455968109888363e-01  
q[238]: 7.1580607069545062e-04  8.7579465573565307e-01  8.2154888708186014e-01  4.6810867239368081e-01  
q[239]: 6.4756420664709938e-04  8.8831425688785814e-01  8.3389078003467787e-01  6.0974859788275537e-01  
q[240]: 5.1127480342999445e-04  8.8345540835869807e-01  8.2544232967850784e-01  7.1264674866791200e-01  
q[241]: 3.8002767972414796e-04  8.5560737914271912e-01  7.9619415356597867e-01  7.5808564269705558e-01  
q[242]: 9.3399660779011997e-05  8.5899226347683932e-01  7.9809210644795092e-01  7.9469911939316495e-01  
q[243]: 8.9281209756086958e-05  8.5774245741392330e-01  8.4578444424011445e-01  1.1555735387482426e-02  
q[244]: 1.6658844641971672e-04  8.2699950569281988e-01  8.1503482928962345e-01  5.3182244680145416e-02  
q[245]: 1.9286555997117584e-04  8.7558943614045148e-01  8.6138956172819303e-01  9.6599590924186768e-02  
q[246]: 3.0709118088373481e-04  8.6413664871110862e-01  8.5200581477146209e-01  1.7742370198565471e-01  
q[247]: 3.2317459249880389e-04  8.6221132966220204e-01  8.5123414424306287e-01  2.9369129547901079e-01  
q[248]: 2.8042455197208781e-04  8.7793414892982935e-01  8.6806502029062715e-01  4.2026604838851955e-01  
q[249]: 3.5990997747173349e-04  8.6137848837359443e-01  8.5022361338633889e-01  5.4309712213573635e-01  
q[250]: 3.6008941271942777e-04  8.4409865730303668e-01  8.3336832889544099e-01  6.6752749133368483e-01  
q[251]: 2.1364590000682221e-04  8.6880211789147921e-01  8.5681168769725302e-01  7.9177399296742190e-01  
q[252]: 7.8742228622701892e-05  8.9498302282884212e-01  8.8300958253974204e-01  8.7142996445060406e-01  
q[253]: 2.2656358500030966e-05  9.4815719313852698e-01  1.3606773734826862e-02  1.2510769403025781e-02  
q[254]: 1.3448668514908331e-04  9.4651517200083246e-01  7.6387186117281250e-02  6.4032263301114042e-02  
q[255]: 7.6047669210358094e-05  9.4440815112529453e-01  4.9027169333618309e-02  6.6465781524259783e-03  
q[256]: 1.7554857199026617e-04  9.4516517369827990e-01  8.8611128345013335e-02  3.8998535804420045e-02  
q[257]: 1.8365036372503871e-04  9.4353415048865019e-01  1.6485437342459330e-01  1.5381936816797009e-01  
q[258]: 2.1320640454597394e-04  9.4009270226192365e-01  1.4304870800963937e-01  1.1407088570381450e-02  
q[259]: 3.9380465467973088e-04  9.4341582220803000e-01  1.7951462589387365e-01  6.3176731562525804e-02  
q[260]: 6.9065508327678410e-04  9.4151511217805472e-01  3.0726511662156919e-01  1.7084440799361481e-01  
q[261]: 4.5507011525447292e-04  9.3870299623695841e-01  1.8366788958635930e-01  1.2561175934525484e-01  
q[262]: 2.5016706200267944e-04  9.4000797768680200e-01  2.7728793916263261e-01  2.6500329205900336e-01  
q[263]: 1.2827429670475603e-04  9.4377736326881867e-01  2.7935003033175793e-01  4.2493689910990569e-03  
q[264]: 3.6662173806382222e-04  9.4387479484142656e-01  2.7095854061438740e-01  3.2093362968521139e-02  
q[265]: 5.8121325099276522e-04  9.4005203391964287e-01  2.9950446789479812e-01  9.4037977926840599e-02  
q[266]: 8.0738750419014223e-04  9.4642219289136975e-01  4.4446049777300467e-01  3.0865625259625684e-01  
q[267]: 5.5773749300742914e-04  9.4333791803939937e-01  3.0866638570010102e-01  2.4886685823699831e-01  
q[268]: 2.0918723555550663e-04  9.4111743570246331e-01  4.3195777974950428e-01  8.6271629455684264e-03  
q[269]: 5.0960903084274151e-04  9.3993612833401330e-01  4.1077858301910219e-01  4.4315396035633538e-02  
q[270]: 7.1091348661850859e-04  9.4479981103306221e-01  4.3555567757004315e-01  1.1571069857163553e-01  
q[271]: 8.1122160534085155e-04  9.4676505596298077e-01  4.4640172445374793e-01  2.0865386359011184e-01  
q[272]: 5.9457497625871694e-04  9.4204580292817452e-01  4.4884285745194974e-01  3.9541280622266783e-01  
q[273]: 2.2911875022734983e-04  9.3914545707807329e-01  4.0448791230352960e-01  3.9493576875601849e-01  
q[274]: 2.3376622109945864e-04  9.5011977926516944e-01  5.7983336359488857e-01  1.1338596394126668e-02  
q[275]: 5.8323503925545737e-04  9.4202196118507031e-01  5.5777412072577104e-01  5.6606114098233247e-02  
q[276]: 6.8043061118119668e-04  9.5403242001424027e-01  5.8453098959344763e-01  1.3599884229204764e-01  
q[277]: 8.0031961173437037e-04  9.5251833112742690e-01  5.8967960944881914e-01  2.3627527467557347e-01  
q[278]: 8.8110515223773715e-04  9.4841862269553279e-01  5.8154033404330829e-01  3.4626312940292026e-01  
q[279]: 7.2718642581058796e-04  9.5152695949315502e-01  5.8722079016361028e-01  4.5992991375112785e-01  
q[280]: 4.7891167324789683e-04  9.4645748475103397e-01  6.0012468294407650e-01  5.4692223329853629e-01  
q[281]: 2.5208260122077541e-04  9.4346150567070231e-01  5.4792721437057612e-01  5.3704748728923102e-01  
q[282]: 1.8728750675478688e-04  9.4855743903338474e-01  7.0979678499657439e-01  1.0652934380257023e-02  
q[283]: 1.6208612332539664e-04  9.9227162242159772e-01  7.6078629353765470e-01  6.0308181988691888e-02  
q[284]: 6.7024356550237187e-04  9.4578758292940612e-01  7.0594169631473769e-01  1.3743487526278805e-01  
q[285]: 8.7558607191714241e-04  9.4217325511979655e-01  7.1202905680881656e-01  2.4411646600931414e-01  
q[286]: 8.1995722802894356e-04  9.5632697349144169e-01  7.1700289649199789e-01  3.7225221899315225e-01  
q[287]: 8.5513493762643528e-04  9.4402483096398171e-01  7.0369579054529352e-01  4.9094136915922781e-01  
q[288]: 5.9246088095705530e-04  9.4959283891202617e-01  7.3362295396981192e-01  6.2374759898066512e-01  
q[289]: 3.4416638629360374e-04  9.5588267490029866e-01  7.1963049751426644e-01  6.8372520402121817e-01  
q[290]: 8.9346940800297646e-05  9.4905007313087331e-01  6.9182383484777576e-01  6.8899091616272057e-01  
q[291]: 1.2139075769449685e-04  9.3177801243796587e-01  8.0391586873565979e-01  5.2684964280932502e-03  
q[292]: 3.2398581949268280e-04  9.4269054205435654e-01  8.1702094563949079e-01  4.0140280382608008e-02  
q[293]: 5.4985101213080555e-04  9.4998262602535632e-01  8.2366657530902354e-01  1.1906893291086336e-01  
q[294]: 7.0660258765803982e-04  9.4593562831632538e-01  8.2235899574196192e-01  2.2521134310745497e-01  
q[295]: 8.2219678810743096e-04  9.4283103571989924e-01  8.1316864941821076e-01  3.5719190619407426e-01  
q[296]: 8.3852460281833680e-04  9.3511658431675937e-01  7.9962110995005597e-01  4.8682353153037400e-01  
q[297]: 6.3746501367231061e-04  9.5443485845570231e-01  8.2645893424781702e-01  6.2699499351980315e-01  
q[298]: 3.0672995635389137e-04  9.5789148851749617e-01  8.4967909977590850e-01  7.4522893831302006e-01  
q[299]: 1.6277566594722915e-04  9.4631722044532152e-01  8.0604342098391446e-01  7.9597157834687338e-01  
q[300]: 1.3349998770524485e-04  9.3632505112494102e-01  8.8897778550032591e-01  1.2233802691734233e-02  
q[301]: 2.1977598042746441e-04  9.5604962770299873e-01  9.0716263737622438e-01  6.2544502665698276e-02  
q[302]: 3.0199777527240007e-04  9.4415058367445348e-01  9.0149396307456942e-01  1.3473772441283852e-01  
q[303]: 3.8565340930034895e-04  9.4407808173063879e-01  8.9938476446467341e-01  2.3125070449523277e-01  
q[304]: 5.0079355346120138e-04  9.4169586549585038e-01  8.8817168175355310e-01  3.4847586258677410e-01  
q[305]: 5.0749121980309662e-04  9.5110210313140275e-01  8.9502936779014031e-01  4.9343824173785822e-01  
q[306]: 3.9614693120448852e-04  9.5524505392679537e-01  9.0168075066769671e-01  6.2262897510210480e-01  
q[307]: 3.2209958837874851e-04  9.5172531414787920e-01  9.0299162726727966e-01  7.4731186871994959e-01  
q[308]: 2.4429069201279232e-04  9.4953943371817173e-01  9.0554455976552672e-01  8.4791779639640941e-01  
q[309]: 1.3741011743138607e-04  9.4027388966684156e-01  8.7944477421982847e-01  8.6589571268830190e-01  
q[310]: 2.2851613489928555e-05  9.4355152815208898e-01  9.3668823410096680e-01  5.3230132179894812e-03  
q[311]: 1.1374373632420819e-04  9.3099613070207843e-01  9.2152551148666595e-01  4.6162322576359396e-02  
q[312]: 1.1720031514359964e-04  9.4688863016559854e-01  9.4112244893905772e-01  1.3775335577227671e-01  
q[313]: 1.7800175063956868e-04  9.4181882374503922e-01  9.3435268132315452e-01  2.6277250313195855e-01  
q[314]: 2.3115956469026307e-04  9.4799134456123046e-01  9.3682039082948476e-01  3.9851441528381554e-01  
q[315]: 2.3806231140427973e-04  9.4464872806399114e-01  9.3424715557826399e-01  5.4434564989703471e-01  
q[316]: 2.4133100982019355e-04  9.3546434822679514e-01  9.2563208607480818e-01  6.7957349337496187e-01  
q[317]: 1.8026580685005008e-04  9.3605189888407869e-01  9.2643608038162240e-01  7.9933201578437929e-01  
q[318]: 6.1971623266902573e-05  9.4966248905402506e-01  9.4371481892238651e-01  9.0295139823918580e-01  
q[319]: 2.5534693504709927e-05  9.6444849868717841e-01  9.4925836147016751e-01  9.4500377830602822e-01  
q[320]: 3.4749153186535209e-05  9.8913090464212094e-01  2.9139889608868489e-02  1.1715963897427526e-02  
q[321]: 3.5918661785298773e-05  9.9049302026643149e-01  6.3386398496856150e-02  5.3454670193354488e-02  
q[322]: 7.7680886536583282e-05  9.8929462525964662e-01  9.6548084438024026e-02  1.2387091328057268e-02  
q[323]: 1.4642497258212023e-04  9.8914160160050690e-01  1.2377203346136351e-01  6.5258411312266146e-02  
q[324]: 6.5303937183161284e-05  9.8914691163478019e-01  1.3379763967952493e-01  1.2328767457245646e-01  
q[325]: 8.5433618326721334e-05  9.8741743041520003e-01  1.9649520616025049e-01  9.5046707610632435e-03  
q[326]: 2.0496524215643644e-04  9.8906574205719322e-01  2.1187661266972363e-01  5.4957048469811441e-02  
q[327]: 2.5888900105179466e-04  9.8841162528091298e-01  2.5882051749234386e-01  1.3504318335164608e-01  
q[328]: 1.8189134107759940e-04  9.8809351484822139e-01  2.1006520683732341e-01  1.5961572709988589e-01  
q[329]: 8.1300140063031442e-05  9.8882142759636504e-01  2.3987347859138747e-01  2.3112407157878026e-01  
q[330]: 6.4007747786495837e-05  9.9195036627606159e-01  2.9471143760790447e-01  1.3357109955879095e-02  
q[331]: 2.7380423727960384e-04  9.8832876312024265e-01  3.4373301247251614e-01  6.2906577497213373e-02  
q[332]: 3.3824417199061779e-04  9.8898010245649515e-01  3.7191117377917132e-01  1.4496408318627874e-01  
q[333]: 3.3432771796143806e-04  9.8911982415756883e-01  3.7732522618331321e-01  2.5038180028610613e-01  
q[334]: 1.9020379283010512e-04  9.8945549526273779e-01  3.2116009540435553e-01  2.7079616191093647e-01  
q[335]: 1.2263212848197085e-04  9.8721422434513062e-01  3.9225231720882653e-01  1.2036557553480055e-02  
q[336]: 2.9678508412849967e-04  9.8887159500955812e-01  4.8662089710296552e-01  6.3422248972812012e-02  
q[337]: 3.6397445158591502e-04  9.9007055614478923e-01  5.0799696019833640e-01  1.5179212820097313e-01  
q[338]: 3.8954041733320880e-04  9.8976119116643546e-01  4.9522168433041924e-01  2.6178264239038807e-01  
q[339]: 3.2379091007830738e-04  9.9032428658411142e-01  5.2303203263348963e-01  3.8814928573502705e-01  
q[340]: 2.5436421331633907e-04  9.8851298363937146e-01  4.5451642287219746e-01  3.9700705778989365e-01  
q[341]: 1.1457621700839011e-04  9.8794470297705772e-01  3.7259241218809219e-01  3.6195523046018313e-01  
q[342]: 1.2114125225409112e-04  9.8997158341198166e-01  5.3282574318715115e-01  1.2244650711751369e-02  
q[343]: 2.6612852380507909e-04  9.8880858781557113e-01  6.3047732105511856e-01  6.0941008675656411e-02  
q[344]: 2.8815478929428845e-04  9.9201709973156149e-01  6.4665196565598582e-01  1.4695731749362262e-01  
q[345]: 3.5537445023619548e-04  9.9108743768835317e-01  6.2400870956437171e-01  2.6530897921685132e-01  
q[346]: 3.7733528046273969e-04  9.8985041467955182e-01  6.3105006519710916e-01  3.9029588053846387e-01  
q[347]: 2.4087252693717420e-04  9.9123509953889366e-01  6.5878339919206819e-01  5.1600505263266827e-01  
q[348]: 2.5644635186112348e-04  9.8970707188704599e-01  6.0175906408522084e-01  5.4306512578874899e-01  
q[349]: 1.2326288051083879e-04  9.8901026942712789e-01  5.1639628224569400e-01  5.0479940081373986e-01  
q[350]: 1.0273739354404534e-04  9.9079301021448496e-01  6.8472115661941935e-01  1.1447246752900724e-02  
q[351]: 2.9535919001449408e-04  9.8785789752583841e-01  7.5925286265073944e-01  1.4292365528058459e-01  
q[352]: 4.1520408442700143e-04  9.8862540237317886e-01  7.3903691223291124e-01  2.5714468119947914e-01  
q[353]: 3.0095402061841077e-04  9.9276080813551382e-01  7.4947714677576838e-01  3.9609722016032467e-01  
q[354]: 3.7144628578470416e-04  9.8834353959805554e-01  7.5456265773800069e-01  5.2439602698383692e-01  
q[355]: 2.5057779890615394e-04  9.8789793395266656e-01  7.4137952284071462e-01  6.2544664652712811e-01  
q[356]: 1.3708812366611942e-04  9.9335823323886951e-01  7.4494783407140697e-01  6.9641255848241912e-01  
q[357]: 1.0720303703086622e-04  9.8914818654126546e-01  6.6417345964803287e-01  6.5371783803555006e-01  
q[358]: 1.0739401506131997e-04  9.8817978227237513e-01  8.1552329320934569e-01  1.2164392851120110e-02  
q[359]: 1.8458171255876488e-04  9.8849216714665089e-01  8.6084166334611600e-01  6.3907821772371184e-02  
q[360]: 1.5626754147547185e-04  9.9247853187358470e-01  8.4855962683929342e-01  1.4689859418729861e-01  
q[361]: 2.9603571447417659e-04  9.8931935655992131e-01  8.4436902182899631e-01  2.4918382693257929e-01  
q[362]: 3.5414847823137311e-04  9.8938751314332674e-01  8.4756717104563661e-01  3.7542271432830560e-01  
q[363]: 4.1936507626184818e-04  9.8690409905863341e-01  8.5371221586746293e-01  5.1614233795123776e-01  
q[364]: 1.8476268195607808e-04  9.9371304859714715e-01  8.4979533282966058e-01  6.3998969957551233e-01  
q[365]: 1.7813324526828401e-04  9.9181735211749655e-01  8.4655354336850153e-01  7.3033194097095111e-01  
q[366]: 1.9135180133144665e-04  9.8589510470147679e-01  8.5342034232325115e-01  8.0820459020040603e-01  
q[367]: 6.2151720473214436e-05  9.9144698532682440e-01  8.0856521630752420e-01  8.0102878392697130e-01  
q[368]: 7.8984013685888145e-05  9.8720967429589135e-01  9.1176044043210558e-01  1.1734709879694803e-02  
q[369]: 8.3224530043188473e-05  9.9331812043409040e-01  9.4106280551223220e-01  6.2019826766054865e-02  
q[370]: 2.1753868493114007e-04  9.8895238431623755e-01  9.2314534292043393e-01  1.5648740461215041e-01  
q[371]: 2.5323311208941241e-04  9.8893863744688859e-01  9.2685788684585513e-01  2.8105555941263560e-01  
q[372]: 2.5599508410523516e-04  9.8887781165443256e-01  9.2948080289749235e-01  4.1723962749004234e-01  
q[373]: 1.6656539741368399e-04  9.9305740931419528e-01  9.3715978537969169e-01  5.5785403350933516e-01  
q[374]: 1.9816079361920796e-04  9.9093192680689479e-01  9.2926242283385607e-01  6.8715005605358115e-01  
q[375]: 1.4698136524330979e-04  9.9129270419404836e-01  9.3283428458213757e-01  8.0298703814218342e-01  
q[376]: 8.3461065683989707e-05  9.9156376677121416e-01  9.3707721765730756e-01  8.8483178957846331e-01  
q[377]: 5.5639745019212698e-05  9.8897696965502591e-01  9.1594422768511530e-01  9.0713764447853806e-01  
q[378]: 3.4480242309709720e-05  9.8864447526011956e-01  9.7319615442227025e-01  1.2351387183074776e-02  
q[379]: 4.7443299531937413e-05  9.8562730676971977e-01  9.7744424510804317e-01  5.6643433327013742e-02  
q[380]: 7.3987172649768378e-05  9.9036757102412287e-01  9.7686774757062145e-01  1.2850720148341394e-01  
q[381]: 1.1027473946332058e-04  9.8877866367655154e-01  9.7623581115018532e-01  2.3285262939466522e-01  
q[382]: 1.1186270312598220e-04  9.8982166996533938e-01  9.7804330272912354e-01  3.6544625051119939e-01  
q[383]: 1.1309249383372702e-04  9.8953126854683082e-01  9.7860360257886581e-01  5.1389690928004617e-01  
q[384]: 1.2288962002188902e-04  9.8816558400750110e-01  9.7675667474891603e-01  6.6114077920018832e-01  
q[385]: 1.0830118993459563e-04  9.8772700468281205e-01  9.7625838209041338e-01  7.8891464512779086e-01  
q[386]: 6.8980232542221868e-05  9.8824046077251804e-01  9.7793761902774501e-01  8.9321723759404315e-01  
q[387]: 2.9640697741130194e-05  9.9192697596783008e-01  9.7879079625430765e-01  9.6097785128435598e-01  

