deg: 9
dim: 3
nodes: 57
efficiency: 0.964912

q[0]:  1.0769830598607514e-03  2.2947403644183240e-01  5.6857358250109465e-02  2.6580872431988159e-02  
q[1]:  9.5924846047959304e-04  1.2043695274031797e-01  8.6187497367936239e-02  3.5861770169766695e-02  
q[2]:  1.2217180120580324e-03  2.2883200765295389e-01  1.9114903146911766e-01  1.6135218780088370e-01  
q[3]:  2.1078876756492641e-03  5.7422213826575252e-01  1.4880916833536065e-01  1.1768358351377464e-01  
q[4]:  3.3653392085932843e-03  3.9839298916568971e-01  1.8594677052064862e-01  3.6468619223123250e-02  
q[5]:  1.5697707192429066e-03  3.6546730352736390e-01  1.5560283824677432e-01  1.4491685164562257e-01  
q[6]:  2.2082971462640726e-03  3.0810978961551988e-01  2.6347210141915511e-01  3.3555286149383926e-02  
q[7]:  4.4799519557642232e-03  4.2246214043347230e-01  2.7539655174420252e-01  1.6795565433448639e-01  
q[8]:  2.6708092277742679e-03  3.8144556951209024e-01  3.5617881356833797e-01  1.7589256760779728e-01  
q[9]:  2.0855709684525462e-03  4.2683474050141151e-01  3.8514984993358042e-01  3.4847683494471787e-01  
q[10]: 1.5605954134704069e-03  4.8773555513736361e-01  5.9017926159297435e-02  2.2979636126489029e-02  
q[11]: 4.4616220885392351e-03  6.6634936047871030e-01  2.2675889157825330e-01  3.5456494643393136e-02  
q[12]: 1.7991256017050917e-03  7.6797190710092300e-01  2.2518918364636431e-01  2.1917071482294470e-01  
q[13]: 2.7136233103623899e-03  5.9347601823930529e-01  3.9974776990854494e-01  1.7244568927968527e-02  
q[14]: 6.1140603184412180e-03  6.5070836593286152e-01  2.9202444144190931e-01  1.8303172994730652e-01  
q[15]: 3.7921509886455471e-03  6.0291934827922733e-01  3.8974566382475556e-01  3.6334734762809806e-01  
q[16]: 6.8917313610596959e-03  6.1400970503014018e-01  4.4117278584983999e-01  1.3352279378669113e-01  
q[17]: 7.4589423375508931e-03  6.5300107182390532e-01  5.3766758768354517e-01  3.6880643862666951e-01  
q[18]: 2.5380351578507617e-03  5.5907668166520386e-01  5.2424138165911915e-01  4.3036950086463542e-02  
q[19]: 4.0837758681795122e-03  6.1928246368287565e-01  5.8262798085450629e-01  2.0440457183599980e-01  
q[20]: 1.5740639954278514e-03  6.0680715736328084e-01  6.0438414231895732e-01  4.3452483604221542e-01  
q[21]: 1.9017357090360338e-03  6.4781389083042762e-01  6.0485129695388429e-01  5.7315550861753428e-01  
q[22]: 2.3762118082751383e-03  7.6945271497854473e-01  7.8135835985554195e-02  3.7163159087535834e-02  
q[23]: 2.9661319544795279e-03  8.7589539847456921e-01  2.5203469827775959e-01  3.4677736343079996e-02  
q[24]: 5.6065708193620842e-03  8.7932127473592259e-01  2.7550631545548820e-01  1.6967190527137738e-01  
q[25]: 4.1501268351928893e-03  8.3772620959966382e-01  4.8510397736359800e-01  3.5685402109154253e-02  
q[26]: 6.4039331837904548e-03  8.1041874869088681e-01  4.6262300878096785e-01  1.6338763280448956e-01  
q[27]: 4.0174631146226106e-03  8.3622131458111981e-01  4.7814773966743640e-01  4.3792106686131427e-01  
q[28]: 3.9768095105535998e-03  8.0418719521622894e-01  6.7565971112587286e-01  4.7900394646742117e-02  
q[29]: 6.7562015627351578e-03  8.4203058950824972e-01  6.8812492194050123e-01  2.2063657867675215e-01  
q[30]: 4.7463141864461152e-03  8.1735186067725274e-01  4.9000303730923295e-01  3.3402311589342198e-01  
q[31]: 6.0992627860344730e-03  8.6778673847459398e-01  6.8435132846073909e-01  4.4406231778336835e-01  
q[32]: 3.7234061460861699e-03  8.2506885428287813e-01  6.8144755857606276e-01  6.3800516814673214e-01  
q[33]: 5.3472543170619206e-04  7.9379552741556270e-01  7.7466425331777544e-01  5.5092963540774231e-03  
q[34]: 2.6013133618280463e-03  8.1913436522124661e-01  7.9686462821858772e-01  1.4448319002391202e-01  
q[35]: 4.1045141856648516e-03  8.2133867637626723e-01  7.8704101213563382e-01  3.9750035698112168e-01  
q[36]: 3.3121426373761962e-03  8.4050257587071697e-01  8.0267197182720529e-01  6.3994865691864977e-01  
q[37]: 5.5153187478108369e-04  8.3903211146388734e-01  8.3175433008247357e-01  8.0583793407207838e-01  
q[38]: 9.6403229003019786e-04  9.5497771502424600e-01  7.9268884311598259e-02  2.2942532276513369e-02  
q[39]: 7.9195057784977577e-04  9.4727599988220124e-01  1.2727029160701453e-01  1.2164228729952227e-01  
q[40]: 1.2381624075606782e-03  9.7617411808713750e-01  2.8710479316458570e-01  3.6994068317954133e-02  
q[41]: 1.2038764588328016e-03  9.9691911555936397e-01  2.7177657338845213e-01  1.5400966992245793e-01  
q[42]: 1.8658244262917576e-03  9.6259390674909873e-01  3.7637719511473428e-01  3.4721406499444601e-01  
q[43]: 1.8353889811288397e-03  9.7184651250497545e-01  5.2958234956794237e-01  3.7212834285623504e-02  
q[44]: 5.0239017345999242e-03  9.5937387560402398e-01  5.1627181621619356e-01  1.9152552482039156e-01  
q[45]: 3.8263968017426967e-03  9.6871217834819878e-01  5.6361058595620850e-01  4.0919112211380815e-01  
q[46]: 1.4339070341017482e-03  9.6781200356389208e-01  6.5383248457899645e-01  6.3061517480092744e-01  
q[47]: 1.5193070434748955e-03  9.5973491257111898e-01  7.6683039976011391e-01  2.6166549948051770e-02  
q[48]: 3.5139675845383433e-03  9.6624323207584462e-01  7.5086174942735684e-01  1.5745511645391871e-01  
q[49]: 3.6214133026255375e-03  9.7555148149576765e-01  7.8568033651801972e-01  4.0287906877311386e-01  
q[50]: 2.9883928636008209e-03  9.6781132963960559e-01  8.0122796356777304e-01  6.7084849034955962e-01  
q[51]: 6.5790623224283487e-04  9.5796906636768642e-01  8.6869186346902694e-01  8.5992903954928790e-01  
q[52]: 9.9798192872691612e-04  9.5955311646912078e-01  9.2159088406971423e-01  4.1088524186503252e-02  
q[53]: 1.6860160073235890e-03  9.6693257034926428e-01  9.1950452570459862e-01  1.8087064212550605e-01  
q[54]: 2.1123551912959476e-03  9.6073348785301482e-01  9.2457060943995939e-01  3.7659309410415914e-01  
q[55]: 1.9824370410733740e-03  9.6785198773284331e-01  9.3054838678431251e-01  6.3311221872072976e-01  
q[56]: 8.4175077628377906e-04  9.7077041948982046e-01  9.4494620445787958e-01  8.6224316170570947e-01  

