deg: 10
dim: 3
nodes: 74
efficiency: 0.972973

q[0]:  1.2297817672841031e-03  1.9566213130221430e-01  1.6554810560038200e-01  3.6892688997233976e-02  
q[1]:  1.0024901326112579e-04  3.1256189418513818e-02  2.5246532600312458e-02  1.5062675906789297e-02  
q[2]:  1.0980465372745466e-03  1.9576426081509674e-01  6.1272123668456198e-02  2.2897050043717577e-02  
q[3]:  2.3951805604615416e-03  3.8687818596277956e-01  2.4579705881427519e-01  2.9607284629197751e-02  
q[4]:  4.5131052857424973e-03  4.1406873481993040e-01  2.8562224534240377e-01  1.5806170213120302e-01  
q[5]:  1.1213983054518335e-03  1.9490159991061387e-01  1.4830912738854626e-01  1.2560042586085218e-01  
q[6]:  1.1388122959278201e-03  3.1488187375659199e-01  3.0226810168385843e-01  1.9119109237559809e-01  
q[7]:  7.6026673959306941e-04  4.1895967760721270e-01  3.7830430096143612e-02  1.6439481053790308e-02  
q[8]:  2.1297105344179361e-03  3.7753859276157192e-01  1.4371747896351977e-01  1.1919719782278501e-01  
q[9]:  2.5147794333601806e-03  4.5931781846937497e-01  1.5725082389574127e-01  3.3248699557852986e-02  
q[10]: 2.3216048250882856e-03  4.6956003480069830e-01  3.3645522804208988e-01  3.1026914817452605e-01  
q[11]: 1.3183264778317343e-03  4.0408908606208438e-01  3.7768259373671464e-01  3.0960392453761001e-02  
q[12]: 3.4071017366304498e-03  5.6173565332381803e-01  5.2222594365414277e-01  3.8602181464495872e-01  
q[13]: 3.0020663306373771e-03  4.7716894180829178e-01  4.4393759568431734e-01  1.5961727669032716e-01  
q[14]: 9.1203420603349337e-04  3.8773035684106738e-01  3.6256049855473410e-01  3.3948574646614632e-01  
q[15]: 4.6992911676300064e-04  6.8189539157182499e-01  3.2067957824642786e-02  3.1671646989269886e-02  
q[16]: 2.1054998234225752e-03  6.8386324895321038e-01  1.1891154420085528e-01  2.2183070596274845e-02  
q[17]: 2.6932564217620795e-03  6.0994291118405397e-01  1.5247136187439236e-01  1.1672018922997607e-01  
q[18]: 3.5485395441754160e-03  6.7687200445925522e-01  3.1692294835243212e-01  2.9029234339778508e-02  
q[19]: 5.8534576792785868e-03  6.4171156027918652e-01  3.1177464390578835e-01  1.5535681616401678e-01  
q[20]: 3.0082375640747647e-03  6.5102005324680945e-01  3.2027511665525943e-01  2.9413598322807039e-01  
q[21]: 5.2356349077073072e-03  6.6360184529399957e-01  4.7335004762878879e-01  3.4518957648834603e-01  
q[22]: 2.7421162547132836e-03  6.1011545276912704e-01  4.6213610657982901e-01  2.8856934405939495e-02  
q[23]: 5.5580296163884324e-03  6.3640440771434859e-01  4.7200882940020839e-01  1.4208206800899331e-01  
q[24]: 4.9813116327339256e-03  7.2195807077482377e-01  6.2285671096138895e-01  3.2529204293223130e-01  
q[25]: 2.6425945410096618e-03  7.1018986070888834e-01  5.7471757043383087e-01  5.4736623253099326e-01  
q[26]: 1.2783769528491131e-03  6.4547379407396577e-01  6.1502852715031431e-01  2.9066966349554711e-02  
q[27]: 2.7673351092156271e-03  6.8885809492570260e-01  6.5780796535610242e-01  1.4594296008949600e-01  
q[28]: 1.4807902556708006e-03  6.9257837045169512e-01  6.8666533643575622e-01  3.6152266778775649e-01  
q[29]: 2.6857036877939574e-03  7.9198635049377664e-01  7.5948226778273731e-01  6.1681460556668488e-01  
q[30]: 1.0790835432407425e-03  6.2881257359056064e-01  6.0633303693584273e-01  5.7696037468467043e-01  
q[31]: 1.2907992041690773e-03  8.7599956324475303e-01  7.2671591212581238e-02  3.0578714434349112e-02  
q[32]: 1.4448574565942992e-03  8.8157557345357940e-01  2.3474887578911047e-01  1.4829133827238567e-02  
q[33]: 1.9427050044330957e-03  8.2764171077903859e-01  1.7895898072022995e-01  1.4969329242299048e-01  
q[34]: 2.7471010828485983e-03  8.6998978525555337e-01  4.4990130149134644e-01  3.4071205024814796e-02  
q[35]: 4.6604387044428342e-03  8.3170950150656997e-01  2.7334302948330996e-01  1.0862146350256170e-01  
q[36]: 6.0028987533269750e-03  8.3673901686005747e-01  5.1963177293645302e-01  1.5705486084479883e-01  
q[37]: 6.3267994986836145e-03  8.5035099608224962e-01  4.8212362574540196e-01  3.1564290514672810e-01  
q[38]: 2.4593757921041104e-03  8.4250168185684116e-01  3.1916908196326599e-01  2.7817731104924837e-01  
q[39]: 1.4302421073197360e-03  9.6832491335089688e-01  6.5002301119826178e-01  3.0997174434129034e-02  
q[40]: 2.7337178789415078e-03  8.4784092861017168e-01  5.1403827045556894e-01  4.8548620504098422e-01  
q[41]: 2.4503270360198863e-03  8.2505914452661566e-01  6.2468591043767274e-01  2.5718454154793850e-02  
q[42]: 4.3174856134858015e-03  8.3929857493738846e-01  7.0599301484168131e-01  1.3410813905183167e-01  
q[43]: 5.1481242043720241e-03  8.8229250236410739e-01  7.0752584126660445e-01  3.4660264250054013e-01  
q[44]: 4.6095572920107335e-03  8.4914382110781572e-01  6.8576314812363048e-01  5.3897986899693817e-01  
q[45]: 1.9566818952826363e-03  9.1569148895163743e-01  7.6490093264579750e-01  7.3226930684728708e-01  
q[46]: 1.1913104440565202e-03  8.4025776165237454e-01  7.9723426736785807e-01  2.6211042063915082e-02  
q[47]: 1.1311905306274736e-03  8.8926672851360622e-01  8.7484281596047986e-01  1.2756830044005316e-01  
q[48]: 2.7090538391161107e-03  8.6014398038441109e-01  8.2439387299529765e-01  3.0224268940573917e-01  
q[49]: 2.6062276527986914e-03  8.9032718757848917e-01  8.5610034465021156e-01  5.3721527072250408e-01  
q[50]: 1.3645992350514815e-03  9.5890696792713670e-01  9.2804215471712725e-01  8.0795014238190199e-01  
q[51]: 9.4072636020759142e-04  8.5042991334498663e-01  8.2078433144706120e-01  7.9461841991589499e-01  
q[52]: 1.0024577434645490e-04  9.8658584741103872e-01  1.9545985128046797e-02  6.1341749685796699e-04  
q[53]: 1.1173866934017854e-03  9.7601180835211732e-01  1.8539608261477156e-01  3.9651383995251512e-02  
q[54]: 9.9466178553690916e-04  9.6918566255878513e-01  1.4768618517641630e-01  1.2093741694440266e-01  
q[55]: 9.7241784371745966e-04  9.8133438586341326e-01  4.0990616227399168e-01  2.8133016051354928e-02  
q[56]: 1.9458207145914592e-03  9.6132520249828723e-01  3.1686799896830925e-01  1.7362480587790444e-01  
q[57]: 2.8211155428248232e-03  9.6496584012132613e-01  4.5317044575526017e-01  1.4065486947168532e-01  
q[58]: 1.7782468635902714e-03  9.7316531958380958e-01  3.9148215048688767e-01  3.0672237092080146e-01  
q[59]: 6.4603304121548812e-04  9.6275360725671988e-01  3.5795726235257286e-01  3.5542184411205729e-01  
q[60]: 2.8958413957373801e-03  9.7025302253333379e-01  6.8740692408705406e-01  1.6133409124982601e-01  
q[61]: 3.2403977390216693e-03  9.7418130269178460e-01  6.1983437741114056e-01  3.4395660048123822e-01  
q[62]: 2.4928608037150485e-03  9.6742718185716015e-01  6.0667508591816577e-01  5.1595455914522803e-01  
q[63]: 5.0280387907665459e-04  9.7661085915199886e-01  6.2790643850304284e-01  6.1975101475983407e-01  
q[64]: 1.3025473189097992e-03  9.6529189563231566e-01  8.4227343900092033e-01  3.7123069588564851e-02  
q[65]: 2.0298801123176998e-03  9.6438742514465381e-01  8.5506286975924051e-01  1.8799335003277537e-01  
q[66]: 2.2085387795011424e-03  9.7866677143312364e-01  8.4027979408032938e-01  3.9585087388141471e-01  
q[67]: 2.7576079504533896e-03  9.6898905883828534e-01  8.0776379314522617e-01  6.0764390654061495e-01  
q[68]: 4.7012682658254982e-04  9.9922600487557500e-01  8.4994339194421065e-01  8.0148951541475222e-01  
q[69]: 2.2463860317068155e-04  9.7035880580748246e-01  9.5554083077637686e-01  1.9983790260435421e-02  
q[70]: 4.6984891814681750e-04  9.8794122896560777e-01  9.6092289392293972e-01  1.4090037850166603e-01  
q[71]: 1.0477102001502654e-03  9.7190642761413659e-01  9.5058285352809857e-01  3.6440034029800283e-01  
q[72]: 9.0684671089013159e-04  9.8281531782672304e-01  9.5241454299539974e-01  6.2335700200083866e-01  
q[73]: 1.8450888408068730e-04  9.8012703686457636e-01  9.5242522795980555e-01  9.4414382454991841e-01  

