deg: 17
dim: 3
nodes: 288
efficiency: 0.989583

q[0]:   4.3518099376025081e-05  6.6502699232402179e-02  1.8785752465634079e-02  3.1283602758684676e-03  
q[1]:   9.2690361508530720e-05  1.0293961391194222e-01  8.7828242714144314e-02  1.0739697511759429e-02  
q[2]:   5.1009628838061388e-05  4.7018153741344583e-02  3.8710019602652870e-02  2.3144815731884982e-02  
q[3]:   1.7981710157342133e-04  1.6657853430749697e-01  3.2341601424856668e-02  1.7096944833039307e-02  
q[4]:   1.2756773457100898e-04  1.1633859196681479e-01  6.2674930841860044e-02  5.4350444956122013e-02  
q[5]:   2.3064532041356482e-04  1.7644980355265785e-01  9.3198840209131162e-02  1.0826720165520781e-02  
q[6]:   3.0418495946747036e-04  1.6236357345915906e-01  1.0327072140845078e-01  5.0693749213247846e-02  
q[7]:   1.6730096229652857e-04  2.0284892260193341e-01  1.8810089155861115e-01  1.6418265273777492e-02  
q[8]:   2.1152192528758358e-04  1.5616631405428916e-01  1.4446588004767502e-01  6.8034188542297216e-02  
q[9]:   1.2808496589046002e-04  1.3774571750764841e-01  1.2643643547567532e-01  1.1132438700611362e-01  
q[10]:  1.1827949165912315e-04  2.8171588846011675e-01  2.1925622214370014e-02  9.9796329090078746e-03  
q[11]:  3.7882776262910433e-04  2.4784917007690668e-01  1.0295731144607805e-01  8.8646372666450951e-02  
q[12]:  3.7394437816978110e-04  2.8078800850264951e-01  8.4775630367880092e-02  1.4355630894592946e-02  
q[13]:  8.2466014239757806e-04  3.0292664153291665e-01  1.4934258011992110e-01  7.2034002730805430e-02  
q[14]:  4.5691892181434144e-04  3.8060261569420656e-01  2.0852805484232467e-01  1.9757208192904419e-01  
q[15]:  4.6933759459809896e-04  3.4751779394969218e-01  1.8629235024077165e-01  1.4642277356632915e-02  
q[16]:  8.1620702720619834e-04  3.6342024952119434e-01  2.9801519533166648e-01  1.5163703744029974e-01  
q[17]:  2.6358661508241990e-04  2.7366095927009099e-01  2.0439084129991508e-01  1.0643568130242670e-02  
q[18]:  6.4618849149395980e-04  2.7742472630489290e-01  2.0960618981163284e-01  6.0952071740870375e-02  
q[19]:  5.4973587821593192e-04  2.5895765024084844e-01  1.9393188383848550e-01  1.3815062104516532e-01  
q[20]:  2.4906287146596448e-04  2.4035996193650414e-01  1.7709568567380468e-01  1.6768600602009809e-01  
q[21]:  2.3826528378179573e-04  2.8363197776061716e-01  2.6925743136143443e-01  1.4444182926610105e-01  
q[22]:  1.4114365096284105e-04  3.2355064251815552e-01  3.1170119941975533e-01  1.2190383093312827e-02  
q[23]:  2.9694656213879778e-04  2.7425814298639334e-01  2.6186806867443946e-01  7.5549608736547147e-02  
q[24]:  2.7135892720421659e-04  2.6266277861990239e-01  2.4975469584183407e-01  1.8660773958704890e-01  
q[25]:  1.6355386064344771e-04  2.7589932989601884e-01  2.6338419019127118e-01  2.5058259083273499e-01  
q[26]:  1.7774338074248508e-04  4.4017394169173119e-01  2.6142535784327188e-02  1.3894710038963495e-02  
q[27]:  2.4050628317967364e-04  4.1126002600601785e-01  7.0843169469889819e-02  7.6081719525307396e-03  
q[28]:  3.3473223884144350e-04  3.3368043384183022e-01  7.0872448425952236e-02  5.6953755632412444e-02  
q[29]:  4.5644258621881057e-04  4.5784603499615678e-01  1.7240744263906105e-01  1.1459146504977053e-02  
q[30]:  6.5331430271296049e-04  4.2833404479421339e-01  1.1362046290223263e-01  5.1706371391024207e-02  
q[31]:  4.6819738388686447e-04  4.4805326566954634e-01  1.5109746840292024e-01  1.3760501086982027e-01  
q[32]:  8.6376681237394207e-04  4.6553571905229491e-01  2.0170608399611031e-01  6.4058011155743916e-02  
q[33]:  8.9933906597913381e-04  4.3197329131604717e-01  2.0096945341967296e-01  1.3866161076710540e-01  
q[34]:  8.6221587274288257e-04  3.9220781132265575e-01  2.6784650268547483e-01  2.0919716031631533e-01  
q[35]:  5.5512291508580446e-04  4.7699129185586475e-01  3.1792101406893930e-01  1.3290662239528446e-02  
q[36]:  1.0867638819229688e-03  4.2644815646745859e-01  2.7244873255226243e-01  7.1170066006676275e-02  
q[37]:  1.1683760027973308e-03  4.5837740626997048e-01  3.0488392673378090e-01  1.6230760350506895e-01  
q[38]:  1.0112623179509958e-03  5.3594527527134739e-01  4.0688387758072236e-01  3.3775190292258672e-01  
q[39]:  5.9504807377224345e-04  5.2973197860377352e-01  3.5716050410945438e-01  3.4414362229790912e-01  
q[40]:  7.7903076744229905e-04  4.0989400557068850e-01  3.4865178742457081e-01  5.8962491209551007e-02  
q[41]:  1.0057946932353430e-03  4.7817758112420600e-01  4.2071467898044379e-01  2.6920840500599019e-01  
q[42]:  6.3590489189717500e-04  3.9744944040924490e-01  3.5462302425772124e-01  2.9060312192867860e-01  
q[43]:  2.9773657702521233e-04  4.0564924988672196e-01  3.4062773476034058e-01  1.0764975368107490e-02  
q[44]:  1.1498605289714929e-03  4.9433044810247895e-01  4.2096343047417289e-01  1.5110008638806777e-01  
q[45]:  2.0348219445179573e-04  4.1447630628908672e-01  4.0919437850618440e-01  3.4282141635729885e-01  
q[46]:  4.1809322103026887e-04  3.9332810145554642e-01  3.1970149137829690e-01  3.0685617252172509e-01  
q[47]:  2.7366560134141024e-04  3.9297040351507090e-01  3.8243973124435116e-01  6.3700445723739688e-02  
q[48]:  5.1256462327569155e-04  4.2121307368586819e-01  4.0526763363353052e-01  1.5437399453162404e-01  
q[49]:  3.2952903916629944e-04  4.0555417126141152e-01  3.9752057293048071e-01  2.3999096976488449e-01  
q[50]:  2.0419095490007046e-04  4.4029676544702601e-01  4.2530565586984037e-01  4.1306683923892978e-01  
q[51]:  1.6523468729033025e-04  6.0481070067169374e-01  2.5018701070167407e-02  1.3769674578211539e-02  
q[52]:  2.5961580754838010e-04  5.7359811191314225e-01  6.8535543148368627e-02  9.7767397973536375e-03  
q[53]:  6.4575707870638381e-04  5.6504542101962441e-01  1.0735266077969201e-01  5.6832471365724176e-02  
q[54]:  2.6673942985983999e-04  5.0066349542294108e-01  7.7127197428202440e-02  6.9538886273049799e-02  
q[55]:  5.3100416169215453e-04  6.1984360102985303e-01  1.7380269657370126e-01  1.6033646167648433e-01  
q[56]:  5.1239277254786332e-04  5.7989236830316027e-01  1.4896488106269315e-01  1.4772294620305052e-02  
q[57]:  9.5039040868018405e-04  6.0287815885836571e-01  2.2215561962169617e-01  6.6891437539282880e-02  
q[58]:  1.1169120500351582e-03  5.8006715220537919e-01  2.0343228696101334e-01  1.3884443692197126e-01  
q[59]:  6.2212949865334953e-04  5.8001198473769722e-01  2.9184608747770291e-01  1.3878276664134782e-02  
q[60]:  1.2166652465454399e-03  5.9122055980107535e-01  3.2593201841875014e-01  6.8682243053277858e-02  
q[61]:  1.5339231348680694e-03  5.8427219743227887e-01  3.0692136643731394e-01  1.5869327438614522e-01  
q[62]:  1.2883938424156035e-03  5.6805240017258007e-01  3.1941428771082703e-01  2.5838654073884615e-01  
q[63]:  5.3107057650003111e-04  5.7005938920022670e-01  2.6501245333121504e-01  2.5402697405173386e-01  
q[64]:  5.1375527095560438e-04  6.3870996856776763e-01  4.5787518638600139e-01  1.0709806530839123e-02  
q[65]:  1.5979015670093502e-03  5.9377020567901229e-01  4.2458163604557769e-01  1.6415972719244876e-01  
q[66]:  1.4557292079864605e-03  5.8417581047468270e-01  4.3133414302085898e-01  2.7953412295262375e-01  
q[67]:  1.1927621969873500e-03  5.6468723349092564e-01  4.1763542914247376e-01  6.6452220579208937e-02  
q[68]:  9.7224456746969139e-04  6.7738065369276901e-01  5.2187290044076606e-01  4.7080838581125972e-01  
q[69]:  5.2152218518268479e-04  5.6612290688459421e-01  4.9085908966833086e-01  1.5939231983279619e-02  
q[70]:  8.9012999966941054e-04  5.8089331113777420e-01  5.2110730238718028e-01  8.0588394557783105e-02  
q[71]:  1.0154996190004332e-03  6.2983115196961936e-01  5.6955099239365925e-01  1.8439045717469940e-01  
q[72]:  1.3036356348074248e-03  6.1768945545939935e-01  5.3842414725392651e-01  2.8305183239632858e-01  
q[73]:  9.5699614394996826e-04  6.3424361127955464e-01  5.7036829234416619e-01  4.1512383784932350e-01  
q[74]:  7.1869328731576456e-04  5.6021238866532053e-01  5.0267315005081536e-01  4.3548644615026560e-01  
q[75]:  4.4106144565076778e-04  5.5856167782051058e-01  4.8559775375339065e-01  4.7253850526069868e-01  
q[76]:  1.8695040808751286e-04  4.8173307436971335e-01  4.6727874987520279e-01  1.2533728230839647e-02  
q[77]:  3.3594051360422790e-04  5.3230277539767357e-01  5.1886400229228469e-01  6.5072208305794757e-02  
q[78]:  4.6747099407701048e-04  5.5180074622034492e-01  5.4103242614862024e-01  1.5888104747036186e-01  
q[79]:  7.1291555244286202e-04  5.7026879661151475e-01  5.5474731919730569e-01  2.8465698754028479e-01  
q[80]:  5.1152021813652610e-04  5.5204582562168558e-01  5.3904200721691931e-01  3.8938823233615649e-01  
q[81]:  3.2774276597062916e-04  5.6839664597192630e-01  5.5545029604987817e-01  4.9674117307297377e-01  
q[82]:  1.5517032474662607e-04  7.5594451924667916e-01  2.6256279909923803e-02  1.4812365696773529e-02  
q[83]:  3.9112335071524233e-04  6.7152331509478169e-01  8.5277746069543373e-02  7.3002380269433925e-02  
q[84]:  2.0851177398700105e-04  7.2172179050311280e-01  7.0869739432208492e-02  7.4032685490452339e-03  
q[85]:  5.4625720388655518e-04  7.2531074646458649e-01  1.0671536637437032e-01  4.6293850649395639e-02  
q[86]:  4.6809130466068889e-04  7.3781437203032540e-01  1.6246737915664367e-01  1.2979085059988731e-02  
q[87]:  7.9286169318976173e-04  6.8977556800681250e-01  1.8718847930680441e-01  6.8843190872126855e-02  
q[88]:  1.6599807204237696e-03  7.2976568043154044e-01  3.1522583888389943e-01  1.5744970638594294e-01  
q[89]:  1.0802757293215356e-03  7.3822280950759889e-01  2.0099556914404867e-01  1.4033929362900222e-01  
q[90]:  3.7772434046363999e-04  7.6869734802249901e-01  1.8149879628257853e-01  1.7186781666446377e-01  
q[91]:  5.1212094127977561e-04  6.8680734923353803e-01  2.5345046200017790e-01  1.1423816798095052e-02  
q[92]:  1.3628053347612952e-03  7.3705443021390760e-01  3.2688703776765565e-01  6.3722090141796986e-02  
q[93]:  1.3950948623701860e-03  7.1243743867984644e-01  3.2300772183347226e-01  2.5466281341356001e-01  
q[94]:  5.6034134949648861e-04  7.3026515303703998e-01  2.9106020984050268e-01  2.7758319400228387e-01  
q[95]:  1.7151632435155738e-03  7.1430356139940354e-01  4.2824358370767490e-01  1.5181642633440059e-01  
q[96]:  1.8232694099425809e-03  7.0488805323592874e-01  4.3839102206765901e-01  2.7780640720553951e-01  
q[97]:  6.9265567481909256e-04  7.0476538940250821e-01  4.0919603756639411e-01  3.9483795100286029e-01  
q[98]:  4.4631787927386661e-04  7.2113433003541438e-01  4.1237574285348416e-01  1.1103565984281923e-02  
q[99]:  1.2212766664385878e-03  7.1700622847288464e-01  4.5708831765900687e-01  5.8326825394444233e-02  
q[100]: 1.6502554944544830e-03  7.0599419060485424e-01  5.5822568906841730e-01  1.4948712554588642e-01  
q[101]: 1.6043307384688095e-03  7.1960125219334947e-01  5.7149421971699133e-01  4.2366735561628494e-01  
q[102]: 1.1845853196183046e-03  7.1311577349684374e-01  4.5689423830008558e-01  3.8495083691116355e-01  
q[103]: 3.8688300597804567e-04  7.6987454938580357e-01  6.1252617167239232e-01  1.0970668145886313e-02  
q[104]: 1.0095349736760682e-03  7.1319394362751742e-01  5.7199741896671863e-01  5.7499315234627514e-02  
q[105]: 2.0066357994067341e-03  7.3355611457632131e-01  5.6797292536592359e-01  2.8278619495970497e-01  
q[106]: 9.0752875430497027e-04  7.2214529605081046e-01  6.4989668759461772e-01  5.7667216093802764e-01  
q[107]: 3.5086666433666036e-04  6.7779106618118901e-01  5.0733479350242994e-01  4.9985731396168109e-01  
q[108]: 1.7909146417301083e-04  7.0791464356230704e-01  6.3760940895809415e-01  3.9208787789700413e-03  
q[109]: 6.2099735503177577e-04  7.2033380703257721e-01  6.6416428262017435e-01  4.5113486485167019e-02  
q[110]: 9.8970609293993084e-04  7.4323231574115911e-01  6.8345187011608455e-01  1.3127890800430558e-01  
q[111]: 8.6732005083458685e-04  7.3864063027339455e-01  6.8589317967374874e-01  2.7594829742845889e-01  
q[112]: 1.1174172438625776e-03  7.4247086255509143e-01  6.8536901303964570e-01  3.9512806032483710e-01  
q[113]: 6.6597797238791357e-04  7.3967898378432950e-01  6.8970275375740009e-01  5.1548431443115328e-01  
q[114]: 3.6447609674977342e-04  7.1544022662703810e-01  7.0120761584255797e-01  6.3579125471755304e-01  
q[115]: 4.0370305530598022e-04  7.1089931257558103e-01  6.4501702823737461e-01  6.3079445617681107e-01  
q[116]: 1.9110221022423465e-04  6.3868606552617657e-01  6.2520064759664695e-01  1.4003585094488628e-02  
q[117]: 3.1333648217030135e-04  6.7715809627166323e-01  6.6777783185132689e-01  7.5482991799686136e-02  
q[118]: 4.8691743377078092e-04  7.0127579059463119e-01  6.8883738044468479e-01  1.7440327276350090e-01  
q[119]: 4.3740649652765780e-04  7.0174639421142770e-01  6.9242297544357989e-01  2.9560873118658143e-01  
q[120]: 4.7741274370745947e-04  7.0585402035638434e-01  6.9543833638594243e-01  4.3395006720498963e-01  
q[121]: 3.3144055042281091e-04  6.8813243518855438e-01  6.7884030443975341e-01  5.3257319735733655e-01  
q[122]: 1.6598815281231900e-04  6.1463266214618717e-01  6.0190047118879553e-01  5.9081548289770969e-01  
q[123]: 7.0635034747402347e-05  8.7963867554128328e-01  2.1790311869164594e-02  1.7598240069075597e-02  
q[124]: 3.8849906169825707e-04  8.1910542721921042e-01  9.1136920857882373e-02  7.6785506817635255e-02  
q[125]: 2.4986726552630702e-04  8.5278147702446805e-01  6.1117192245218686e-02  1.2703587416978857e-02  
q[126]: 7.4998904986816771e-04  8.4696879606948883e-01  1.4831361449746730e-01  6.8600444000155469e-02  
q[127]: 2.5379712086770245e-04  9.0260835467279876e-01  1.4886293591765634e-01  1.3638002230554641e-01  
q[128]: 4.0547582409318332e-04  8.6085141960977640e-01  1.5156856098461641e-01  1.2963256109303330e-02  
q[129]: 1.0591755359643216e-03  8.1279470654666430e-01  2.4471096684123206e-01  6.4351813324308421e-02  
q[130]: 1.2418242754533636e-03  8.5261968383937470e-01  2.9100665372574952e-01  1.5454967422137225e-01  
q[131]: 7.0244360300239679e-04  8.5696087592794012e-01  2.2432101689172121e-01  1.7522405930895221e-01  
q[132]: 5.3795485061183335e-04  8.4025909238979912e-01  2.8508953152005778e-01  1.2426105981827527e-02  
q[133]: 9.3331289694456197e-04  9.0628040934297416e-01  3.3758725738608980e-01  6.4036056220388077e-02  
q[134]: 1.6595359446770041e-03  8.4994088062983564e-01  4.1689725674010086e-01  1.4692158799151328e-01  
q[135]: 1.0404430320333359e-03  8.4446469608820196e-01  3.4501786266606255e-01  2.8803751121743892e-01  
q[136]: 1.5730281608571095e-03  8.3450223294397619e-01  4.1807485304456343e-01  2.7243190856436200e-01  
q[137]: 2.7180514652666067e-04  8.6602511375397084e-01  2.5395969027263798e-01  2.4656209286833081e-01  
q[138]: 4.2931953149508622e-04  7.9921049422832080e-01  3.8507932298476821e-01  1.3632858969021548e-02  
q[139]: 1.1716735739914818e-03  8.5410632655642282e-01  4.4735235710962573e-01  6.2960052875141725e-02  
q[140]: 1.4770366456457965e-03  8.1620508859823293e-01  5.1185483406754151e-01  2.4491658879987552e-01  
q[141]: 1.5261839386238264e-03  8.3140774389671679e-01  5.6091941214844043e-01  3.8397430188292736e-01  
q[142]: 1.3706764943570075e-03  8.3288495433072163e-01  4.9789776764254090e-01  4.2621783162475585e-01  
q[143]: 5.2023996183691147e-04  8.4024985998738344e-01  3.9281687571477925e-01  3.8039615387472292e-01  
q[144]: 4.9138756781494017e-04  8.2869447468875423e-01  5.5454997764731151e-01  1.2296319894937851e-02  
q[145]: 9.4924809670070612e-04  8.4796964267791586e-01  5.9066689698456443e-01  5.9948996926224303e-02  
q[146]: 1.2682304649431144e-03  8.0708745424362016e-01  5.3558498651006736e-01  1.2913918595921853e-01  
q[147]: 1.4568480469853585e-03  8.4656026875155777e-01  6.3568648525188542e-01  2.2682595313310772e-01  
q[148]: 1.4046715739370898e-03  8.8761130230615426e-01  6.5364557036639259e-01  3.4942307298886999e-01  
q[149]: 1.1318775898623450e-03  8.2539165083593169e-01  6.4269716689590928e-01  5.7584200614790348e-01  
q[150]: 6.2586968970877472e-04  8.3428937568878325e-01  5.4184088942957986e-01  5.2776930580789472e-01  
q[151]: 6.0604082707970623e-04  8.4107211125303394e-01  7.0336611542971228e-01  4.6174442898679918e-02  
q[152]: 1.3222983047934910e-03  8.3851465383072243e-01  6.8806790007366281e-01  1.2764722012190938e-01  
q[153]: 1.1579661729812969e-03  8.0153921201006528e-01  6.9730305976717122e-01  2.5653778013634632e-01  
q[154]: 9.3026556811057562e-04  8.7688060296619219e-01  7.5048724882197859e-01  3.7057320394616799e-01  
q[155]: 1.3491492572820269e-03  8.1652851867902743e-01  6.8430295873640179e-01  4.2648904932148074e-01  
q[156]: 9.9546530097974141e-04  8.4801917093286960e-01  6.5922081429743151e-01  5.1304151995396452e-01  
q[157]: 6.8228574293721232e-04  8.5091910822322570e-01  7.7778063326212654e-01  7.1884886941665038e-01  
q[158]: 4.6145554234170257e-04  8.0001217795316715e-01  6.4224551221889137e-01  6.2822463755747260e-01  
q[159]: 3.4710022508775581e-04  8.4648568243050337e-01  7.8057816037177252e-01  1.4735224407424275e-02  
q[160]: 6.9606691005043959e-04  8.5933383661195473e-01  7.9842871513722002e-01  8.5699406935439315e-02  
q[161]: 9.3418448453772484e-04  8.5802686150261898e-01  7.9624934703052608e-01  2.0745148188793353e-01  
q[162]: 9.0832517136991248e-04  8.7074743144252265e-01  8.1376864275220573e-01  3.8278351832867841e-01  
q[163]: 9.1140942411420444e-04  8.6262074229873698e-01  8.0829698201337907e-01  5.2755882060113235e-01  
q[164]: 1.0714476472673115e-03  8.3852647520796164e-01  7.5246122848859931e-01  6.0019571760359247e-01  
q[165]: 3.3051971065005788e-04  8.4999831627056044e-01  8.3597446690262200e-01  7.6208965233897441e-01  
q[166]: 2.4513750288224375e-04  8.4929805037540584e-01  7.8050567828885764e-01  7.7073119043148297e-01  
q[167]: 1.2541403378018141e-04  7.8540273348055278e-01  7.7333710186912674e-01  1.0883020195798395e-02  
q[168]: 2.7862331693274988e-04  8.1339827839705514e-01  8.0123683098700360e-01  5.9834359886438121e-02  
q[169]: 4.0074418949016864e-04  8.2828810269948416e-01  8.1704995187388785e-01  1.5416145804607206e-01  
q[170]: 5.6916343195026508e-04  8.2991184254398975e-01  8.1570796704267712e-01  2.8678205944183693e-01  
q[171]: 4.7438002873264939e-04  8.2500563810246841e-01  8.1306193052564346e-01  4.2927354042789478e-01  
q[172]: 3.2483516882410312e-04  8.3936762223363537e-01  8.3035104840445417e-01  5.6892901893612979e-01  
q[173]: 4.5365812474497592e-04  8.1746934011581529e-01  8.0112842235744885e-01  6.4356356769949530e-01  
q[174]: 1.7505339543065645e-04  7.7850428403814120e-01  7.6563335212235262e-01  7.5131474045481916e-01  
q[175]: 4.6553344907709774e-05  9.4387883254559257e-01  2.4054966045808493e-02  1.5444031390109275e-03  
q[176]: 6.0145544703698834e-05  9.4303760807204251e-01  6.2159631708167094e-02  6.1055102660877873e-02  
q[177]: 2.4839817550052691e-04  9.5014780850748026e-01  1.1063056704714126e-01  1.4209500611870859e-02  
q[178]: 3.3577984287408295e-04  9.2930061086242488e-01  8.7774756034423210e-02  5.1724627443335891e-02  
q[179]: 2.3966294231935134e-04  9.5377237472677334e-01  1.9429339725616748e-01  1.7788251275282757e-01  
q[180]: 2.7057647224785705e-04  9.3663965317201836e-01  2.3895819829794887e-01  1.0148592845282852e-02  
q[181]: 7.1327909203444423e-04  9.3257594567629820e-01  2.2013107540367310e-01  6.2808254598455029e-02  
q[182]: 9.8886215774757810e-04  9.3551288209411632e-01  3.5285674087879976e-01  1.6486184970294135e-01  
q[183]: 6.2010421207047144e-04  9.3838643485008244e-01  2.0506720080400992e-01  1.2753539079970541e-01  
q[184]: 4.1698686785296955e-04  9.3830958390943364e-01  3.3004537544020351e-01  3.1431266391181389e-01  
q[185]: 3.5381408540987664e-04  9.4247402461106455e-01  3.7634404583285497e-01  1.4175483466031332e-02  
q[186]: 4.9257088502934973e-04  9.8160888918020750e-01  3.5578376718078109e-01  6.2537093465853691e-02  
q[187]: 9.4732650029342948e-04  9.5315159036137620e-01  4.6407493754943702e-01  1.4539478809168813e-01  
q[188]: 8.2676513643225626e-04  9.3999792254730563e-01  3.2982157542872531e-01  2.5187940185054541e-01  
q[189]: 1.0969688180409221e-03  9.2889447761406041e-01  4.5757574622152658e-01  2.9616264015394411e-01  
q[190]: 3.8689922092928659e-04  9.3008222517769557e-01  4.8575971949703795e-01  4.7347350106081770e-01  
q[191]: 4.1561369808359929e-04  9.0024304538462518e-01  4.7468608133008594e-01  1.1026000935663034e-02  
q[192]: 7.4162848212638345e-04  9.5131291875457402e-01  5.0368469172218555e-01  6.5372358062446331e-02  
q[193]: 1.3844035838640593e-03  9.1344218678772782e-01  5.8636254826537748e-01  1.5613057592619847e-01  
q[194]: 1.3671292130714989e-03  9.1933217282997814e-01  5.4011119797866436e-01  2.5983847640425511e-01  
q[195]: 1.2413512445208607e-03  9.2707552846649877e-01  5.9641002930650744e-01  4.3330325927635194e-01  
q[196]: 9.4715914785014612e-04  9.3181321323652400e-01  4.7919867951410139e-01  4.1140950440752749e-01  
q[197]: 3.5434688007968297e-04  9.3844065744804717e-01  6.3720605755360593e-01  1.2472789881071580e-02  
q[198]: 6.1974820498301021e-04  9.3299385208405994e-01  6.1783032640460200e-01  6.0666997424992486e-02  
q[199]: 9.6278501132151108e-04  9.3576883440431291e-01  7.1989755351971874e-01  1.3396016450796347e-01  
q[200]: 1.1390653065513413e-03  9.5532280960616733e-01  6.9568304539071724e-01  2.7416344857840719e-01  
q[201]: 9.9655983254444522e-04  9.6345177528297676e-01  6.8557971448542954e-01  4.1046146241256093e-01  
q[202]: 6.4604212580073603e-04  9.3344745629488735e-01  7.1072900780961479e-01  5.7159840184677069e-01  
q[203]: 8.7969923265581178e-04  9.2620773610824736e-01  6.3275785875713220e-01  5.7028693388890939e-01  
q[204]: 3.1133941915110688e-04  9.3659285115316149e-01  6.3848081411435909e-01  6.2680454194934720e-01  
q[205]: 2.3610392247059664e-04  8.9815771798163213e-01  7.2815333046523256e-01  5.9991111192491493e-03  
q[206]: 6.2446775419326217e-04  9.3168459669885617e-01  7.5833969223033904e-01  4.9263527147454460e-02  
q[207]: 7.5586912363118325e-04  9.3891549183194978e-01  8.3689785635450276e-01  1.3967384749296052e-01  
q[208]: 1.1518354083813365e-03  9.1898696515323164e-01  7.7196059012481144e-01  2.4935804266577738e-01  
q[209]: 9.4181378756220274e-04  9.5255858893838641e-01  8.1410573189743451e-01  4.0892929283373469e-01  
q[210]: 1.1698904432898163e-03  9.2243708459732832e-01  7.6327800650127231e-01  5.1664182760097621e-01  
q[211]: 6.6973661610859804e-04  9.3777583419474242e-01  8.0313841051607815e-01  6.7001231700319508e-01  
q[212]: 6.1531712579108912e-04  9.2672934671897078e-01  7.7019969741402350e-01  7.1843316293743642e-01  
q[213]: 2.6663202060912253e-04  9.0681951550403450e-01  7.3142049406277110e-01  7.2232905734491604e-01  
q[214]: 1.0769939758185512e-04  9.4897533091696162e-01  8.6771760136696752e-01  4.3855718526996743e-03  
q[215]: 3.9134150639159719e-04  9.4419477141947039e-01  8.7414188159427741e-01  4.5371504262013453e-02  
q[216]: 3.6754041812177664e-04  9.3840876079707825e-01  9.0436372720441816e-01  1.6559345853207466e-01  
q[217]: 7.3123707685170223e-04  9.3877351459410541e-01  8.8397204496959669e-01  2.9794127636492046e-01  
q[218]: 5.5977353691806140e-04  9.5115239911250293e-01  8.9902705232325530e-01  4.5763689803220059e-01  
q[219]: 7.2200747527661363e-04  9.4299284516198623e-01  8.7196777510259604e-01  5.8474974944800195e-01  
q[220]: 5.8023809043143096e-04  9.2620971861781554e-01  8.6940601015121011e-01  7.1411246871557843e-01  
q[221]: 3.5577748237647442e-04  9.4443233277505945e-01  8.9282193134651777e-01  8.2920372638780759e-01  
q[222]: 1.9961209907077808e-04  9.4899164578220196e-01  8.7032072142005346e-01  8.5826021583954182e-01  
q[223]: 1.3736857886835331e-04  9.1043637303954905e-01  8.9630614743858472e-01  1.4941905911372724e-02  
q[224]: 2.4848301462383185e-04  9.2476710883971514e-01  9.1251838827673659e-01  8.1087281392038649e-02  
q[225]: 2.0737384126795637e-04  9.2441709276412198e-01  9.1687163069511823e-01  2.0971576374966255e-01  
q[226]: 2.6637272898101370e-04  9.2712974900466771e-01  9.1882014931376987e-01  3.4553260115146184e-01  
q[227]: 3.0193696816513199e-04  9.2370873888703031e-01  9.1367332912049315e-01  4.8460063583515373e-01  
q[228]: 3.2413462106449102e-04  9.3704156597352317e-01  9.2413177835053806e-01  6.2495936552901576e-01  
q[229]: 2.8526964287906216e-04  9.2190227542152792e-01  9.0988744706116242e-01  7.3653687279025037e-01  
q[230]: 1.2213867770188668e-04  9.4599400655452759e-01  9.3958981463113145e-01  8.6391866243168192e-01  
q[231]: 1.3959604285247051e-04  9.0476932788157161e-01  8.9055476555758706e-01  8.7584729558378793e-01  
q[232]: 6.7834429655452589e-05  9.8610312494224772e-01  3.5551332244675209e-02  2.0728552191557746e-02  
q[233]: 5.0016578247870326e-05  9.9512390761499359e-01  9.0454199627208839e-02  1.0755276626672684e-02  
q[234]: 2.2051289161802466e-04  9.8520152416419393e-01  1.3469358849841714e-01  6.5993209264255018e-02  
q[235]: 1.2057121651086376e-04  9.8855303334995126e-01  1.1944571844850030e-01  1.0497341087489349e-01  
q[236]: 1.6170492054504038e-04  9.8720023088817987e-01  2.1233501787006645e-01  1.4515644161169917e-02  
q[237]: 2.2303900231450500e-04  9.9000329221469341e-01  2.2811854969418563e-01  7.0458612776130150e-02  
q[238]: 3.9499049703229511e-04  9.8475422266678359e-01  3.2327633666149569e-01  1.4491445944422573e-01  
q[239]: 3.1267186558010438e-04  9.8945801084851537e-01  2.5130656637660254e-01  1.7878433846075864e-01  
q[240]: 1.3774175598232945e-04  9.8936436242768488e-01  2.5889376228630312e-01  2.4629246740449190e-01  
q[241]: 1.1944643583801171e-04  9.9168669309066271e-01  3.6613547333521596e-01  1.1057591279188874e-02  
q[242]: 2.5773499951934107e-04  9.9645934716811058e-01  4.6075337068469474e-01  1.5514269829757998e-01  
q[243]: 3.6997743757819461e-04  9.8833879980993655e-01  3.9857606139144203e-01  3.3632477273016226e-01  
q[244]: 4.6134185528388998e-04  9.8788982781781631e-01  4.1799561045840999e-01  2.5692444473576548e-01  
q[245]: 1.4976163554726558e-04  9.8692983377719867e-01  4.1962690039928607e-01  4.0925558183572203e-01  
q[246]: 2.3165021880724887e-04  9.8195078561097338e-01  5.2935074833249707e-01  1.2607797040347099e-02  
q[247]: 2.2180625273976519e-04  9.9542779026075467e-01  5.2019498584339152e-01  6.4563628153569461e-02  
q[248]: 6.5621758099338021e-04  9.8467166944943885e-01  6.1535205039381535e-01  1.6037232454368072e-01  
q[249]: 7.4241528107672273e-04  9.8260054309670497e-01  5.5500714632000925e-01  2.7173041464374897e-01  
q[250]: 5.6599629884299032e-04  9.8509953407311013e-01  5.4793900863665035e-01  3.9078793901502590e-01  
q[251]: 3.8342466291492558e-04  9.8662305418554941e-01  5.6288800863789046e-01  4.9211809463593070e-01  
q[252]: 1.8507745386473479e-04  9.8595038187290274e-01  5.6178948378027982e-01  5.4341460835149646e-01  
q[253]: 1.2782842367715737e-04  9.9126064267006331e-01  6.8151002620769263e-01  1.4860156696702358e-02  
q[254]: 4.3385863687757934e-04  9.8626003315178679e-01  6.8598263761699996e-01  7.3252023334115068e-02  
q[255]: 4.4683264454492007e-04  9.8757532626480249e-01  7.5934658290974444e-01  1.7927563295623342e-01  
q[256]: 2.9398310449736670e-04  9.9536534134251720e-01  6.9111252989557370e-01  2.9723104445684401e-01  
q[257]: 2.4172306163886163e-04  9.9704140627675175e-01  6.8299794992018625e-01  4.3728345269384616e-01  
q[258]: 5.4652632517941527e-04  9.8487113733538589e-01  6.9780536920485958e-01  5.6148719612776310e-01  
q[259]: 3.3305510390880719e-04  9.8661712098896237e-01  7.1384238344232875e-01  6.6657569948754569e-01  
q[260]: 5.1393561976633889e-05  9.9011623303470286e-01  6.6256798830307706e-01  6.6033508515655648e-01  
q[261]: 1.7356174661788208e-04  9.8160898290050447e-01  7.9791196061615843e-01  1.2168388593360512e-02  
q[262]: 2.8920120436362281e-04  9.8770878049965372e-01  8.2437819589882000e-01  6.8165609626722551e-02  
q[263]: 2.4360248700449014e-04  9.8925650605628945e-01  8.5049748653687673e-01  1.4864929294215060e-01  
q[264]: 2.0014125944207956e-04  9.9389689398951431e-01  8.1057584610942757e-01  3.0410652971413299e-01  
q[265]: 3.8370081563126083e-04  9.9101618314790219e-01  8.1392322214417800e-01  4.2732457429863691e-01  
q[266]: 5.6862331234544701e-04  9.8559152950584528e-01  8.1432742802664482e-01  5.6591464445506290e-01  
q[267]: 3.0348726194848934e-04  9.8920742443531329e-01  8.2409939450239078e-01  6.9267651717841527e-01  
q[268]: 2.3975139604808397e-04  9.8507319781580815e-01  8.4213597532461648e-01  7.8240915268349231e-01  
q[269]: 1.4980796945500074e-04  9.8297861143221621e-01  7.9839977368724946e-01  7.8804941248748328e-01  
q[270]: 8.0643027648626356e-05  9.9455748802410027e-01  9.1423493938360390e-01  1.9349377788812839e-02  
q[271]: 2.2465123195564932e-04  9.8739422889778872e-01  9.3032754248568705e-01  9.3178956775790245e-02  
q[272]: 2.9188430385238695e-04  9.8899354536089645e-01  9.2602883439444406e-01  2.1828318457277321e-01  
q[273]: 4.7763653698101942e-04  9.7877661418400619e-01  8.4974638098465494e-01  2.7341890203174907e-01  
q[274]: 3.0810844279220554e-04  9.9151853098102494e-01  9.2180340546881334e-01  3.8893540429741019e-01  
q[275]: 3.2883720602860163e-04  9.9109622021259269e-01  9.1652309123913223e-01  5.5526597552470314e-01  
q[276]: 3.7740740969868211e-04  9.8621006659071708e-01  9.1384756364251452e-01  7.0932451363898097e-01  
q[277]: 1.9414110687675766e-04  9.8807391698205227e-01  9.2537469164891217e-01  8.3235497034431616e-01  
q[278]: 6.8291528552905681e-05  9.9516841768845932e-01  9.1861651537419908e-01  9.0113314170200054e-01  
q[279]: 6.4262851233127648e-05  9.8224861164612831e-01  9.6569837576382411e-01  1.3484610351687127e-02  
q[280]: 7.9756984744407139e-05  9.8557863829196946e-01  9.7523697730176018e-01  6.8007230454661019e-02  
q[281]: 1.2939752576129678e-04  9.8633677565850830e-01  9.7578398585496995e-01  1.7567863713700188e-01  
q[282]: 2.0692605337754388e-04  9.8574048240984891e-01  9.7166937973711387e-01  3.2312368168341227e-01  
q[283]: 1.9625426128790411e-04  9.8626751957865755e-01  9.7379446251601531e-01  4.9226044850728556e-01  
q[284]: 1.8366066265065544e-04  9.8793379665785652e-01  9.7289005690431862e-01  6.5587724902225164e-01  
q[285]: 1.6473462890022374e-04  9.8506878093057260e-01  9.7179697913974450e-01  7.9743567866312226e-01  
q[286]: 6.0227402388051513e-05  9.9244245136654463e-01  9.7891450694454696e-01  9.1152687059927107e-01  
q[287]: 6.3963414966880462e-05  9.8068393506788365e-01  9.6529599212091699e-01  9.5216027992399566e-01  

