deg: 11
dim: 3
nodes: 94
efficiency: 0.968085

q[0]:  1.8739460955620617e-04  1.1462381231066167e-01  3.2418137180302460e-02  1.4500487773019240e-02  
q[1]:  2.6727675507205338e-04  1.1723919095953657e-01  9.3850125763967812e-02  8.4836795383968169e-02  
q[2]:  3.8990696503381493e-04  1.0471404517088892e-01  7.8220934557508670e-02  2.0734223442388778e-02  
q[3]:  7.8705385322816956e-04  2.5674070660804721e-01  5.6003058303368755e-02  2.3962146044538054e-02  
q[4]:  7.1507938674998574e-04  3.0750458999649644e-01  1.6352092318898390e-01  5.7265007778348562e-03  
q[5]:  1.9553423921066884e-03  3.0288555181057791e-01  1.9127922691206217e-01  7.2593600731904406e-02  
q[6]:  1.3193389645649405e-03  2.8028327719779045e-01  1.4496818814804302e-01  1.2309957506001858e-01  
q[7]:  9.2566033384845921e-04  2.6110292016943931e-01  2.3647882640144938e-01  3.0726885715443526e-02  
q[8]:  1.2223629616184828e-03  2.5684353850663988e-01  2.3454928707255870e-01  1.4229092379444272e-01  
q[9]:  8.9826798353781652e-04  3.1877530561613743e-01  2.8609734961654143e-01  2.6543847912816793e-01  
q[10]: 6.4373857806755165e-04  4.3169354418912659e-01  4.3166657419325377e-02  2.6689502377233092e-02  
q[11]: 2.0411985815663677e-03  4.8325924299394213e-01  1.4096811474433874e-01  2.8744277312553711e-02  
q[12]: 1.9375567586711001e-03  4.8542827049527754e-01  1.5682371568682948e-01  1.3182695635733027e-01  
q[13]: 3.7836908366566955e-03  5.0136562673633611e-01  2.6711716040930505e-01  1.3877574156129946e-01  
q[14]: 2.3226609001916285e-03  4.9090801367887676e-01  3.2692291560590864e-01  2.9977225689915754e-01  
q[15]: 2.4017498877160538e-03  5.2945975392185463e-01  3.0862265108151732e-01  3.2333149935312847e-02  
q[16]: 3.0586523413599245e-03  4.6939667125830592e-01  3.7941467877163865e-01  2.5732190578848918e-01  
q[17]: 1.0563052013558888e-03  4.6555931439627635e-01  3.8645679966345459e-01  1.7288071772364483e-02  
q[18]: 3.6056416919877793e-03  4.9668498733521338e-01  4.0511969501869860e-01  1.1868505671139815e-01  
q[19]: 7.2652099075781772e-04  4.7623998262137901e-01  4.6244814870357420e-01  3.5132998982493245e-02  
q[20]: 1.2374232809777240e-03  4.3875774133479062e-01  4.2793820499132906e-01  1.6329184406840347e-01  
q[21]: 1.4777659592606599e-03  5.1351958500387740e-01  4.9275502530616633e-01  3.3971195355082717e-01  
q[22]: 6.6086664997955626e-04  4.9788920968530997e-01  4.8771213432752247e-01  4.3966004124373936e-01  
q[23]: 1.1508823537528562e-03  6.4840039335270461e-01  5.8703975484310313e-02  2.3840753103802338e-02  
q[24]: 3.9812289790186056e-03  7.0370513442034810e-01  2.3073128444217397e-01  1.2598291812263454e-01  
q[25]: 1.1900669311014232e-03  6.9950828705591661e-01  1.3829893594911599e-01  1.2390744433202584e-01  
q[26]: 1.9787907137966960e-03  6.9463851613472727e-01  2.0506504303023723e-01  2.2676225189342758e-02  
q[27]: 4.8108291625275331e-03  6.9746802768991667e-01  4.0518080001004925e-01  1.3099008857992178e-01  
q[28]: 2.0614263177945683e-03  6.7321466206685321e-01  3.0800968953719782e-01  2.8423010118413572e-01  
q[29]: 1.7867975749296908e-03  7.1570085050177912e-01  3.8788747203911106e-01  1.9197367378011074e-02  
q[30]: 4.7759621690425282e-03  6.9713165437054325e-01  4.2293531178561222e-01  2.9990376261827001e-01  
q[31]: 1.7685862957212304e-03  7.3222222889052446e-01  5.0722684276273744e-01  4.8940419442926053e-01  
q[32]: 2.0960627941107300e-03  6.8359852674518107e-01  5.5020353764396746e-01  2.8617975087485387e-02  
q[33]: 4.0548682085903712e-03  7.3570682355743544e-01  5.8833689136813516e-01  1.3448281168002374e-01  
q[34]: 4.9226266895827306e-03  6.8353524212876293e-01  5.5179800833329717e-01  2.9043823400666546e-01  
q[35]: 9.9776483033216885e-04  5.7753466009399546e-01  5.1783958396848173e-01  5.0344549277735939e-01  
q[36]: 9.4644185830230468e-04  6.9243070509362725e-01  6.6587121341472622e-01  2.6296221959084706e-02  
q[37]: 2.3663132135816182e-03  6.6464228129357972e-01  6.3605236932016884e-01  1.4412294449688437e-01  
q[38]: 2.6505359364968066e-03  6.8836785686756385e-01  6.6140443310872699e-01  3.2997390767813795e-01  
q[39]: 1.9922509444329816e-03  7.2777671857172788e-01  7.0265037143838460e-01  5.4272288251156819e-01  
q[40]: 3.4566639116076379e-03  6.8373067557605705e-01  5.7215120456987612e-01  4.7762485133996413e-01  
q[41]: 7.5266378167398724e-04  7.3927972650318963e-01  7.2407222796423998e-01  6.9048298924603257e-01  
q[42]: 6.9071189011057552e-04  8.4587385400665149e-01  4.9724361269899160e-02  2.8608055807011899e-02  
q[43]: 1.3626169849827638e-03  8.4138357745028336e-01  1.4442503389218805e-01  2.4517478282257869e-02  
q[44]: 2.1657955744615741e-03  8.9176800469875861e-01  2.4449289855057552e-01  1.0328123111444551e-01  
q[45]: 1.7126848925093582e-03  8.7308058501489072e-01  1.8048661840644398e-01  1.4938489892776191e-01  
q[46]: 1.5413174128301084e-03  8.9002365384239890e-01  3.4660075680213681e-01  1.7946660784915299e-02  
q[47]: 2.9948651524029442e-03  8.3796025851162437e-01  3.8678558060545931e-01  9.3335349144191226e-02  
q[48]: 4.1313212541306526e-03  8.6915301987463101e-01  4.0188698431113157e-01  2.4743755897733757e-01  
q[49]: 2.4077275160326000e-03  8.5010155658905018e-01  3.5635946436395577e-01  3.2650921280650341e-01  
q[50]: 2.1121442533014014e-03  8.5671300102994763e-01  5.7173834605792107e-01  2.9321879543155151e-02  
q[51]: 3.1462667610082486e-03  8.9263511694851194e-01  5.9101234593548746e-01  1.3400076341781958e-01  
q[52]: 5.0508929411250941e-03  8.6846928242587074e-01  5.8736370577546659e-01  2.8898622820077957e-01  
q[53]: 3.5039076540475020e-03  8.6070233728640544e-01  5.7397431710172842e-01  4.6498794132579957e-01  
q[54]: 1.4978853824964117e-03  9.0666878808562201e-01  5.9239402041968803e-01  5.7232342892126919e-01  
q[55]: 1.3153348829248312e-03  8.6589517930487836e-01  7.5397060955653938e-01  2.2924088097681188e-02  
q[56]: 2.4826973908529727e-03  8.9311819290525174e-01  7.5437725602758277e-01  1.3110856183446487e-01  
q[57]: 3.8799876036019541e-03  8.6566232409666066e-01  7.5978960794678452e-01  3.0345524034363142e-01  
q[58]: 4.1218494573861302e-03  8.5713306359942565e-01  7.2650309030699900e-01  4.9130757955479626e-01  
q[59]: 1.9643165431696770e-03  8.8014105914374441e-01  7.4578646534253346e-01  6.5777223237529003e-01  
q[60]: 1.1669625867460510e-03  8.2129922885569373e-01  7.2187370523531857e-01  7.0182493139601576e-01  
q[61]: 3.6955779958426502e-04  8.7182930121881830e-01  8.5773728318695697e-01  2.2676066008517525e-02  
q[62]: 1.6793076633919962e-03  8.4935369586746035e-01  8.1813458510166437e-01  1.1922712095911535e-01  
q[63]: 1.4573188525378916e-03  8.5604546653792257e-01  8.3919591342303890e-01  2.9195415655107609e-01  
q[64]: 1.9146287466851775e-03  8.7441292413427574e-01  8.5100666921744783e-01  5.1926157804980955e-01  
q[65]: 1.4366863808716172e-03  8.9186359243712454e-01  8.6316625087158783e-01  7.2935044277902938e-01  
q[66]: 4.8553161195589854e-04  9.1787225197264932e-01  8.9484037530571392e-01  8.7031512929432586e-01  
q[67]: 5.3745601149473004e-04  9.6965038917683444e-01  6.6002957062040651e-02  3.2851439431366806e-02  
q[68]: 6.0644196813238328e-04  9.6615065255615873e-01  1.7880530526311014e-01  1.3343201739984652e-02  
q[69]: 1.1600866686986584e-03  9.8135362790550984e-01  2.5011120752743016e-01  1.0800931903438601e-01  
q[70]: 6.8843752473065711e-04  9.7484769009499828e-01  1.8982205849176964e-01  1.6729028012923686e-01  
q[71]: 7.2209908500082433e-04  9.8641384318907099e-01  3.8856231450985484e-01  3.4076486014602961e-02  
q[72]: 1.9352062443154553e-03  9.5856249716617536e-01  4.3557815744535344e-01  1.2009783164894951e-01  
q[73]: 1.9893978128275071e-03  9.7959069643451735e-01  5.2889196172618347e-01  2.5222265306367703e-01  
q[74]: 1.7449681364729934e-03  9.7344594811170326e-01  3.8820306769099305e-01  2.8948710287313789e-01  
q[75]: 7.3551118651069393e-04  9.6940189646250619e-01  4.0116793544187207e-01  3.8803016528211587e-01  
q[76]: 9.2451127382196037e-04  9.6719025107271051e-01  5.8396843802884446e-01  1.9419384564247768e-02  
q[77]: 1.5205543665060008e-03  9.8169529588720150e-01  6.5332569230068371e-01  1.1802401131738047e-01  
q[78]: 2.3422950406651911e-03  9.7388586958986834e-01  7.4731853199204379e-01  2.9916640945018025e-01  
q[79]: 2.2573018620728100e-03  9.7228676063723507e-01  6.9842004837607796e-01  4.6198301709869177e-01  
q[80]: 1.7207361628829613e-03  9.6712456573404226e-01  5.7961012309236049e-01  4.6917071835277457e-01  
q[81]: 5.6329722681278441e-04  9.9235204956105805e-01  6.4827483693004373e-01  6.1433245131889280e-01  
q[82]: 9.2477671517896692e-04  9.7420263100677562e-01  7.9642790442835798e-01  3.0381514030335014e-02  
q[83]: 1.3350750816305804e-03  9.7847440864197466e-01  8.5380137252602095e-01  1.5561045966544904e-01  
q[84]: 1.2059072206202330e-03  9.7419159624872664e-01  8.8912940205558055e-01  3.5436819925567742e-01  
q[85]: 1.9589881676293978e-03  9.7200488597263535e-01  8.6854056425278492e-01  5.4592109426186708e-01  
q[86]: 1.5899860561768182e-03  9.7561876813342985e-01  8.1904514800305717e-01  6.9714567209590328e-01  
q[87]: 7.1094213362683854e-04  9.6461350492430220e-01  8.1413347369909705e-01  7.9656164197251289e-01  
q[88]: 4.7326005865725091e-04  9.7420637684583145e-01  9.3719795240153103e-01  3.0955401792920292e-02  
q[89]: 7.2229555348806947e-04  9.6940537482938238e-01  9.4721630107306909e-01  1.5091925044634852e-01  
q[90]: 7.6784064910756598e-04  9.7095728324883790e-01  9.4870767663892130e-01  3.3490689691638620e-01  
q[91]: 5.3208376211624276e-04  9.7694025369054138e-01  9.6463271754428037e-01  5.6180562460854822e-01  
q[92]: 7.4788233376728134e-04  9.7796426378558887e-01  9.4941960587445062e-01  7.6245049650896113e-01  
q[93]: 2.9479264431227318e-04  9.8983294542131994e-01  9.5486019591616100e-01  9.1175877238491632e-01  

