deg: 12
dim: 3
nodes: 118
efficiency: 0.966102

q[0]:   3.2353926732496015e-04  1.5063407186780017e-01  3.5615587433903320e-02  1.7600587334176885e-02  
q[1]:   3.9876168554537505e-04  1.7052406332839404e-01  1.3009824162614816e-01  7.8817811230242289e-03  
q[2]:   1.9425919200891838e-04  6.6389398045744646e-02  5.0248817877992444e-02  2.7071681763800041e-02  
q[3]:   8.5495317842230014e-04  2.0004167722821156e-01  1.2041515765163589e-01  8.6307908566365818e-02  
q[4]:   1.0420778012778620e-03  2.9839550709223511e-01  1.2283864383706818e-01  1.9071840572391856e-02  
q[5]:   2.6082687713657835e-04  3.1830572414816466e-01  3.1757398353686167e-01  2.3270823586540357e-02  
q[6]:   2.0966506824834094e-03  3.4334839694476327e-01  2.3729682601236415e-01  9.2327175975272860e-02  
q[7]:   6.7538978193698617e-04  2.1129825612640080e-01  1.9564817996016956e-01  7.6153040873269795e-02  
q[8]:   3.5823388814413046e-04  1.9172031462370925e-01  1.7652055606135439e-01  1.5857329710687781e-01  
q[9]:   3.0659094773004015e-04  3.3549013900680841e-01  2.7912053175859364e-02  6.5215847172255155e-03  
q[10]:  1.0520089661069177e-03  3.4245454437406947e-01  9.5956653910078862e-02  7.7181597536673169e-02  
q[11]:  1.7421038965102376e-03  4.4308918925494278e-01  1.9338308581170466e-01  1.0673182763558239e-01  
q[12]:  1.0231963822800050e-03  3.3968632805877408e-01  2.2187988284808821e-01  2.0552887894388358e-01  
q[13]:  1.4056186280763693e-03  3.8278624593165145e-01  3.0892361741422847e-01  2.5633516439486644e-02  
q[14]:  2.1189706393189667e-03  4.5078482921027341e-01  3.2112844949009151e-01  2.3292837565828972e-01  
q[15]:  1.3445434465414953e-03  4.0938872954062777e-01  3.8513659442544629e-01  1.2902719996061932e-01  
q[16]:  7.0209750611726609e-04  4.0302343087893344e-01  3.7596773091705588e-01  3.5807631059986839e-01  
q[17]:  1.4503992156849222e-03  3.5676056090438629e-01  3.3052090984011101e-01  2.3251480413862577e-01  
q[18]:  1.7110906542169358e-03  5.1117551797337912e-01  1.3826505444457110e-01  2.8180795875928602e-02  
q[19]:  2.1175463586060764e-03  6.3136425162647014e-01  2.2558675155031743e-01  1.3441446883781202e-01  
q[20]:  5.4893929084448611e-04  5.3816175075948303e-01  4.3232231058802875e-02  1.9297244195215162e-02  
q[21]:  1.0760837055358130e-03  5.6298573786795514e-01  1.1220133837034281e-01  9.6059884484925695e-02  
q[22]:  1.0571157422581926e-03  4.8659925226746781e-01  2.5971240232954668e-01  1.0671072297398807e-02  
q[23]:  3.3829714508044869e-03  5.6236916815039451e-01  3.3176455159182544e-01  8.6197475423060582e-02  
q[24]:  1.7443819480998364e-03  5.6159821113365926e-01  4.3410668675221298e-01  4.0940214241958539e-01  
q[25]:  1.8005461495419865e-03  5.4176749399758994e-01  2.5907718923338396e-01  2.3893243251779661e-01  
q[26]:  1.7339671620570471e-03  6.0618714872652779e-01  4.8283117950226795e-01  2.9219407120688483e-02  
q[27]:  2.5320214828514400e-03  5.7151251013475779e-01  4.6987478829812940e-01  1.3102639934416377e-01  
q[28]:  2.7317696923266359e-03  5.5990858557310375e-01  4.5252074545780147e-01  2.3812582805515797e-01  
q[29]:  2.5245623396620361e-03  6.1948039981046876e-01  5.3380242992320692e-01  4.1311853081180511e-01  
q[30]:  6.1766906288258970e-04  6.3198245494662786e-01  6.0745957709538834e-01  5.9094307239751265e-01  
q[31]:  6.0668368658082930e-04  5.4547450669063380e-01  5.1970617704357158e-01  1.5959900576667588e-02  
q[32]:  1.1578749684470458e-03  5.5937357663728404e-01  5.3992955821512345e-01  9.8711192581140209e-02  
q[33]:  1.4850388899401226e-03  5.4874424785154852e-01  5.3180657784830465e-01  2.8876763841622460e-01  
q[34]:  1.0331096818111613e-03  5.5787536943967286e-01  5.4236437690989747e-01  4.4915472193284189e-01  
q[35]:  2.2526234879782984e-03  5.9289061597654091e-01  3.3617415198673273e-01  2.0856079607625180e-01  
q[36]:  4.4217577780631382e-04  7.2560226088274138e-01  3.7116008657015441e-02  1.7861630229244356e-02  
q[37]:  1.0446183908180318e-03  7.1123773036696347e-01  1.2507216219246306e-01  1.9083715524809718e-02  
q[38]:  1.8765062328191763e-03  7.5689655317605509e-01  1.5806859271778004e-01  9.2703695232684818e-02  
q[39]:  4.1346999633940065e-04  7.7319884584423659e-01  1.1307587563191104e-01  1.1296244338691765e-01  
q[40]:  1.7610638713340693e-03  6.9654425256220820e-01  2.6178575806018173e-01  2.2652748266612746e-02  
q[41]:  3.0938003671467694e-03  7.4019376023837946e-01  3.1764461641325759e-01  1.1893810719993288e-01  
q[42]:  2.7292882833430008e-03  8.1869015747482943e-01  3.7442288484514535e-01  2.5857459557772972e-01  
q[43]:  2.0011240969098612e-03  7.4419222018127940e-01  2.7435964635031179e-01  2.4877106366533899e-01  
q[44]:  1.7785526531791402e-03  7.3587078166355413e-01  4.5504677708227081e-01  4.3368686137699486e-01  
q[45]:  1.2183414330901880e-03  7.0316212902243858e-01  4.2811244611274807e-01  1.4468578592316005e-02  
q[46]:  3.2728898229922266e-03  7.7379689474418567e-01  4.8149542490206382e-01  8.5080394968421277e-02  
q[47]:  4.3112272133588054e-03  7.4882363165485932e-01  5.0370173539082230e-01  2.2730863442342511e-01  
q[48]:  1.4725262991975266e-03  7.5317660761168925e-01  6.3822220113120398e-01  6.1238086100436151e-01  
q[49]:  1.3783786051383201e-03  7.8002532729506890e-01  6.5716414005439572e-01  2.4799645440224321e-02  
q[50]:  3.4550691074524535e-03  7.5373238549645827e-01  6.3097715593350845e-01  1.3874021142230730e-01  
q[51]:  3.7552243624766274e-03  7.4942917888745053e-01  6.4381943752226944e-01  3.3794469495804907e-01  
q[52]:  3.3732733750082636e-03  8.0317641864346756e-01  6.6974853838183390e-01  5.3337488973342928e-01  
q[53]:  3.7176847129711193e-04  7.4832809794501876e-01  7.2465394498095903e-01  1.0705320305590500e-02  
q[54]:  1.2800951314277202e-03  7.4104087348053138e-01  7.1584325885088151e-01  8.4052241793666216e-02  
q[55]:  2.1129128542818855e-03  7.1121424179974746e-01  6.8743732272836966e-01  2.4674517506124349e-01  
q[56]:  1.8105376830467870e-03  7.4176167558967254e-01  7.2039909733360274e-01  4.7574835855257741e-01  
q[57]:  3.7255117549110312e-03  7.1179033838177652e-01  4.5971540165139735e-01  3.4749475791348272e-01  
q[58]:  1.3478958777855441e-03  7.7241294410487749e-01  7.4803157346530702e-01  6.5537630606417607e-01  
q[59]:  7.0523861901538860e-04  8.8667243388285377e-01  5.8261463496939128e-02  3.0007184334402252e-02  
q[60]:  7.4903296182954077e-04  8.7419526983418050e-01  1.5266735958486896e-01  1.0106141510664531e-02  
q[61]:  2.0169942647475891e-03  8.9607535819518458e-01  2.1450794872297091e-01  1.1185708214524506e-01  
q[62]:  4.4070237676695011e-04  9.7645586706230070e-01  1.0754799134024441e-01  8.6704002981585135e-02  
q[63]:  2.1328174465361075e-03  8.6746093218058862e-01  2.9934655305685492e-01  5.6835057345171518e-02  
q[64]:  1.6588619106747882e-03  9.0829873787031457e-01  3.4592351406958105e-01  2.8046511546604758e-01  
q[65]:  8.4536852740630883e-04  9.0145532387083427e-01  1.9268817588702758e-01  1.7645510035096901e-01  
q[66]:  9.2371126207905368e-04  8.6872614671927306e-01  3.8557441902414191e-01  8.5484985418416114e-03  
q[67]:  2.5362166720820367e-03  9.1420881948878951e-01  5.1356181080794805e-01  9.4644289297247136e-02  
q[68]:  3.3401475152992468e-03  8.9387473349942037e-01  4.4340608029410988e-01  2.0335326153174010e-01  
q[69]:  1.2920299441970709e-03  8.7920530372376082e-01  6.2718858388560994e-01  6.0242825329394989e-01  
q[70]:  8.9318406072669938e-04  8.9052778748975336e-01  4.1309119954390766e-01  4.0472852590475339e-01  
q[71]:  1.3250244944799233e-03  8.7581834353971688e-01  5.9677114173444912e-01  2.0134332539532732e-02  
q[72]:  2.1197981902635046e-03  9.0450456687138858e-01  7.2071016285626133e-01  9.6567327132522071e-02  
q[73]:  3.6749394437320744e-03  8.8717920059213062e-01  6.1722343876167363e-01  3.8798257155234456e-01  
q[74]:  8.6560560880042194e-04  8.9672364514291725e-01  7.9489852896273094e-01  7.6964203567255240e-01  
q[75]:  5.1913349117205915e-04  9.1403678164858215e-01  8.1713828027012025e-01  1.1029049262269067e-02  
q[76]:  1.2891946051249018e-03  8.9520540041457031e-01  8.2988315707653770e-01  9.6207604136505115e-02  
q[77]:  3.5177757393626058e-03  8.9657754641451692e-01  6.5718763620739595e-01  2.3138220331344206e-01  
q[78]:  2.7629971073467358e-03  8.8464815522905449e-01  7.9827388865134152e-01  2.7144243539793445e-01  
q[79]:  2.8917381106984348e-03  8.9934862520547842e-01  7.8635980183519993e-01  4.6526413060568866e-01  
q[80]:  2.1007494961312397e-03  9.3289296422824808e-01  7.9065955331686999e-01  6.6854945069852023e-01  
q[81]:  3.3117703601061554e-04  8.3904407207064580e-01  8.2092460165626990e-01  8.0844952318879915e-01  
q[82]:  3.8694069149422799e-04  8.9722738999921026e-01  8.8431380605430121e-01  3.3009547538755880e-02  
q[83]:  9.8484221895011269e-04  8.7183538676846550e-01  8.5796053883016743e-01  1.9352060581968092e-01  
q[84]:  1.3360798085057864e-03  8.7412093318815165e-01  8.5867299945885489e-01  4.1559416782422193e-01  
q[85]:  1.5297762622700994e-03  8.9481125936248829e-01  8.6475085814607688e-01  6.2874528599446111e-01  
q[86]:  2.6599532610006556e-03  8.8973242714171552e-01  5.5189979416528634e-01  4.6349706440802502e-01  
q[87]:  8.3946427133611639e-04  9.1973116269311983e-01  8.9302813495915778e-01  7.9916049521158872e-01  
q[88]:  7.0125936091815699e-05  9.8074869698854628e-01  2.0566520038467810e-02  4.7657560477719140e-04  
q[89]:  6.5020363029168150e-04  9.7654851808979970e-01  1.4775645396312609e-01  3.0774436737311450e-02  
q[90]:  6.6368950879273068e-04  9.8624192602220129e-01  2.5685817866161609e-01  1.6405567920178851e-01  
q[91]:  8.6241164624915347e-04  9.7376425395045785e-01  3.1617219247634754e-01  2.4968712243281548e-02  
q[92]:  1.3917190157553964e-03  9.7332151507889075e-01  3.4711465461646457e-01  1.3375068819646449e-01  
q[93]:  1.7399958700646215e-03  9.7576221857966217e-01  4.6673677864484769e-01  3.3122861513106988e-01  
q[94]:  5.5186746633183290e-04  9.8208782885695400e-01  3.0299294661071180e-01  2.8199108272536710e-01  
q[95]:  7.9449840773982501e-04  9.7653729919456733e-01  5.3147849280327752e-01  2.3673757759199235e-02  
q[96]:  9.8099973882951469e-04  9.8735289784977820e-01  5.0629468124984889e-01  1.2826006461533856e-01  
q[97]:  1.6940364934759206e-03  9.7803955694444389e-01  5.9348960451499477e-01  3.0082247003398727e-01  
q[98]:  6.0097770675047871e-04  9.7154383846550396e-01  7.1069176501901843e-01  6.9374453563536365e-01  
q[99]:  8.3082885867114291e-04  9.7990840563889736e-01  5.2314976517171619e-01  4.9338954811337415e-01  
q[100]: 5.2725466625333517e-04  9.7419369193770766e-01  7.3282220557264832e-01  1.7060927426375862e-02  
q[101]: 1.0364995746359217e-03  9.8285409986108452e-01  7.0933747280646187e-01  1.0323281677743594e-01  
q[102]: 1.5272724371249219e-03  9.7889584831696541e-01  7.5833412519222887e-01  4.7484188918084752e-01  
q[103]: 3.1711895168686882e-04  9.7678680875193036e-01  8.9512777377143504e-01  8.7839909879388889e-01  
q[104]: 4.9229157791738773e-04  9.8479823142393952e-01  8.7686700865255518e-01  4.5564976743817320e-02  
q[105]: 1.2150276178084876e-03  9.7828445054575619e-01  8.6978658562692612e-01  1.8321577276214226e-01  
q[106]: 1.2785887454483996e-03  9.7976974591206301e-01  7.1103136166831205e-01  2.3698013487009814e-01  
q[107]: 1.4840717276652692e-03  9.7932794355090458e-01  8.5005862402924737e-01  3.7042405996867611e-01  
q[108]: 1.0466211495455608e-03  9.8330089467149295e-01  8.9611531200589867e-01  6.4762381327864316e-01  
q[109]: 3.9696657931253930e-04  9.9449026538105223e-01  8.2950612240820620e-01  7.5764240798935667e-01  
q[110]: 1.2661938312610529e-04  9.7039846893786696e-01  9.6349505217714781e-01  9.4078708249717014e-01  
q[111]: 1.2472446901282952e-04  9.8380956770156636e-01  9.5964887572387292e-01  1.4451755185483162e-02  
q[112]: 4.4974886757719620e-04  9.7673163206305658e-01  9.5797654656055053e-01  1.1761646791684303e-01  
q[113]: 7.6926039871005707e-04  9.7458227390246155e-01  9.5255150076252271e-01  3.0409257683005708e-01  
q[114]: 9.0259845838297178e-04  9.7646334999364215e-01  9.4718338990934348e-01  5.1252208395912013e-01  
q[115]: 2.3180048374733564e-04  9.7568572876223725e-01  9.7559815287136986e-01  7.2075064409169753e-01  
q[116]: 1.4059298709029010e-03  9.7944701775277521e-01  6.7624386512383461e-01  5.4740360688967271e-01  
q[117]: 3.4295263247214648e-04  9.9089151390364916e-01  9.5444453978833044e-01  8.4035176303690595e-01  

