deg: 18
dim: 3
nodes: 337
efficiency: 0.988131

q[0]:   3.5256695754070021e-05  7.3413370247119678e-02  1.5862470108941564e-02  3.5917499430742419e-03  
q[1]:   4.6525924251730908e-05  7.8882451878610760e-02  6.4218988146860667e-02  5.8267005617474582e-03  
q[2]:   2.8354475694058373e-05  3.5661546981051090e-02  2.7028139460260222e-02  1.6956887920040197e-02  
q[3]:   1.1695353581658766e-04  1.7295338646674580e-01  2.6758521031656865e-02  1.6415568541487336e-02  
q[4]:   1.7122752076859993e-04  1.5012159363571126e-01  8.0750965762497115e-02  1.2507779001047633e-02  
q[5]:   1.5025253725471589e-04  1.1236482227849624e-01  5.7641141691964638e-02  4.3865591973405949e-02  
q[6]:   3.5565789931566751e-04  2.1014818561433346e-01  1.2091860255960821e-01  6.1821257170326424e-02  
q[7]:   1.0391273757152227e-04  1.6848100464531982e-01  1.5925488849219446e-01  1.5452528071814950e-02  
q[8]:   1.4780003541310725e-04  1.1659291528060094e-01  1.0311378191147354e-01  4.7512771186042073e-02  
q[9]:   6.8034101312822992e-05  1.0997646468284507e-01  9.8896246471701088e-02  8.9635021837123463e-02  
q[10]:  8.3585529547035677e-05  2.8812140272157533e-01  1.8600370788817391e-02  8.4837041365286945e-03  
q[11]:  1.8072643606673668e-04  2.1747573880262472e-01  6.2972170983853368e-02  1.1185619295793292e-02  
q[12]:  2.6245358600605900e-04  2.2851796081325149e-01  9.2431434275244223e-02  8.1014141131682982e-02  
q[13]:  3.5626649120496553e-04  3.3859510539787846e-01  2.0857387022588220e-01  1.9684888135836900e-01  
q[14]:  3.7930558216348162e-04  3.0439413026454148e-01  1.4800051394311986e-01  1.2492690369612045e-02  
q[15]:  2.9737287889469472e-04  2.1823160848690876e-01  1.7061285490752709e-01  5.8799564803992142e-02  
q[16]:  3.8239628689054638e-04  2.3142628243013813e-01  1.8613968909608855e-01  1.3603872199468900e-01  
q[17]:  1.6950797106151589e-04  2.0385400467448328e-01  1.4744943373898686e-01  1.3864620177177814e-01  
q[18]:  2.1162462817437693e-04  2.2604237242551536e-01  1.6956531793462343e-01  1.0670281860402940e-02  
q[19]:  2.7200648431463753e-04  3.0962085346387647e-01  2.9892580482572978e-01  1.8428679029400402e-01  
q[20]:  2.4842843445590184e-04  2.3768515871186380e-01  2.2698397277278176e-01  7.7915096607417592e-02  
q[21]:  1.0124030206774151e-04  2.2683292444090847e-01  2.1811963355108993e-01  2.0517915952710269e-01  
q[22]:  1.5806230069302473e-04  2.9288878932161533e-01  2.7853871731987084e-01  1.2458101752279042e-02  
q[23]:  1.2548245840481498e-04  1.9047132751520593e-01  1.8328999173576407e-01  1.2651186573562972e-01  
q[24]:  1.6681338858832935e-04  4.3571819077954321e-01  2.6546810152480210e-02  1.3970771968084519e-02  
q[25]:  2.7928107066537051e-04  3.4678447886031111e-01  7.0143265978362998e-02  1.1259372752668360e-02  
q[26]:  2.7003184422226485e-04  3.2586126019495998e-01  6.5055086492104910e-02  5.2781304455846396e-02  
q[27]:  3.4958171644068338e-04  3.8493396567636495e-01  1.4822275160709250e-01  1.3728988123513708e-01  
q[28]:  4.7654957562140156e-04  4.4384223925672600e-01  1.5963675651891227e-01  1.3103553884601622e-02  
q[29]:  6.0370284417964276e-04  3.1568904665854325e-01  1.2155906675843550e-01  6.0230808336725755e-02  
q[30]:  7.0157483847346769e-04  3.3428682638509155e-01  2.0962767030272642e-01  6.3258531884952368e-02  
q[31]:  7.5385662560151928e-04  4.2450061461292998e-01  2.7661199833181416e-01  1.4920774119202349e-01  
q[32]:  6.8242201602627256e-04  3.3582452898785298e-01  2.0503215473653777e-01  1.4785459557704808e-01  
q[33]:  4.5952816003587307e-04  4.5269694536714844e-01  2.6786902266245144e-01  1.2729476690920626e-02  
q[34]:  2.7848165618418698e-04  3.5599823412491127e-01  2.6346251221269856e-01  1.1655038780951293e-02  
q[35]:  5.4468763592162132e-04  3.3534823933502411e-01  2.7942704312806194e-01  5.7332800373367430e-02  
q[36]:  7.7825634259829322e-04  3.4302441723371924e-01  2.8383442404610210e-01  1.4723245687816816e-01  
q[37]:  6.7097891372087611e-04  3.7899113591003514e-01  3.1301380963006520e-01  2.5494593365638080e-01  
q[38]:  2.1376425392052699e-04  3.2198996312979655e-01  2.7521003267223226e-01  2.6507573219761743e-01  
q[39]:  9.4562406207669952e-05  4.3919738972709493e-01  4.3067471170762250e-01  9.5012842231322892e-03  
q[40]:  2.4835451224645261e-04  3.4792923807540144e-01  3.3803583294560119e-01  6.3176634872391654e-02  
q[41]:  3.6977460962772310e-04  3.8948808968205895e-01  3.7692219811927546e-01  1.5625040920268979e-01  
q[42]:  2.6384891377017282e-04  3.3553775036644162e-01  3.2236931313606276e-01  2.6697211491564893e-01  
q[43]:  9.0376442346764256e-05  3.7788198361556891e-01  3.7020585846932341e-01  3.5971854692447369e-01  
q[44]:  2.9889881742190037e-04  5.0128068714246488e-01  7.4396323857875979e-02  1.0682927392165368e-02  
q[45]:  7.0896821750824420e-04  4.6132277095528573e-01  1.2267787555129003e-01  5.8566950513128178e-02  
q[46]:  3.4479075227017734e-04  4.7652005670986775e-01  8.3606410666787215e-02  7.1137853984702043e-02  
q[47]:  3.8381835183124059e-04  5.8539568783200147e-01  1.6105746075278285e-01  1.0384441208048451e-02  
q[48]:  9.9424675224793176e-04  4.5674102789567117e-01  2.1388066597172506e-01  6.8049887873848539e-02  
q[49]:  9.4659393149526701e-04  4.6000062458010116e-01  2.0198126323064705e-01  1.4521847349209815e-01  
q[50]:  3.7692925435313444e-04  5.3144920311179267e-01  1.7415498499699994e-01  1.6401957272131418e-01  
q[51]:  8.6722116568914995e-04  5.2457913646593046e-01  3.1329110464245080e-01  1.6887857549513227e-01  
q[52]:  4.8511977506430571e-04  5.0522678639240914e-01  2.7616091130902598e-01  2.6468426591136429e-01  
q[53]:  4.8648043715662109e-04  5.8144692860324321e-01  2.7952973648904977e-01  1.1511396212992728e-02  
q[54]:  1.0008681089204760e-03  5.9410516705858374e-01  2.8705413613208991e-01  6.0113662182205138e-02  
q[55]:  4.2182038156577295e-04  5.4488038606605826e-01  4.0762632869226051e-01  1.1062240713460509e-02  
q[56]:  1.0313353584963838e-03  4.7825563092643097e-01  3.2403115535732929e-01  6.4407132669755729e-02  
q[57]:  1.0031956349598420e-03  4.9422516780544951e-01  3.7983045886478656e-01  1.5267863029813586e-01  
q[58]:  1.0109569611899052e-03  5.1539380303834337e-01  4.0740347777316627e-01  2.7189836363452258e-01  
q[59]:  1.0393363641000943e-03  4.9522398070887458e-01  3.2837995600902348e-01  2.6862250246123937e-01  
q[60]:  3.8225045533160526e-04  4.6117883517532871e-01  3.4602951522556652e-01  3.3433131161329971e-01  
q[61]:  2.0768887178821134e-04  4.1402355209283714e-01  3.5996409041863564e-01  9.7089238033776122e-03  
q[62]:  6.5371277306705078e-04  4.7903151817241196e-01  4.0974781718500658e-01  5.3364171506144309e-02  
q[63]:  6.8693596032416108e-04  4.5453029264595446e-01  4.0196270838411685e-01  1.2918119352831603e-01  
q[64]:  8.4789398692038218e-04  5.4953076098818043e-01  5.0514869875324331e-01  2.4134746306639809e-01  
q[65]:  6.6935718447313456e-04  4.6291710694983829e-01  4.1595012072813414e-01  2.6448486009556738e-01  
q[66]:  6.7572272898374416e-04  5.1842306357753154e-01  4.5482284934758543e-01  3.9582232386797933e-01  
q[67]:  2.2997376489036227e-04  4.6825119736462439e-01  4.2508448818012912e-01  4.1357581915022296e-01  
q[68]:  3.1165130659792980e-04  4.7764813028009151e-01  4.6231651039937399e-01  5.0420943470567740e-02  
q[69]:  3.3191645678466356e-04  5.0265153370044169e-01  4.9351952211274625e-01  1.3249665831200441e-01  
q[70]:  1.9667471230763820e-04  4.7285466276510962e-01  4.6750008563469325e-01  2.5226214176751438e-01  
q[71]:  3.3945331299059148e-04  4.6015470968409267e-01  4.4877608079131792e-01  3.2305026469821552e-01  
q[72]:  2.6424804765108422e-04  4.7606137150517663e-01  4.6451470979565285e-01  4.1138873525758179e-01  
q[73]:  1.2725794159931800e-04  5.8277801275885233e-01  2.2493130337862891e-02  1.1335566932809720e-02  
q[74]:  1.8569872165732890e-04  6.5154448756578209e-01  6.6330425021801837e-02  6.2696990541041631e-03  
q[75]:  1.9272125559823209e-04  6.0945315835982805e-01  6.7920705185062213e-02  6.0882108193644716e-02  
q[76]:  5.7310994566427153e-04  6.1430651205136610e-01  9.7938465803429270e-02  4.8714948461712378e-02  
q[77]:  9.1088466780493195e-04  6.0454343815274947e-01  1.8660867613403223e-01  5.6555840184461983e-02  
q[78]:  8.7667558363026601e-04  6.0418428266863689e-01  1.8360363113139772e-01  1.3048939266097936e-01  
q[79]:  3.7381963529693979e-04  7.1276261019164577e-01  1.4057864942584294e-01  1.4373192109602523e-02  
q[80]:  3.3839817336454164e-04  6.5957990693407675e-01  1.5057099574826222e-01  1.3927084057714581e-01  
q[81]:  4.0585911645861012e-04  7.0085379576211626e-01  2.5497678113870437e-01  1.1183097366613638e-02  
q[82]:  1.2325468174667188e-03  6.0203134071980791e-01  2.7227133500682477e-01  1.4239364933518753e-01  
q[83]:  1.1251500620989788e-03  6.1218661879015501e-01  3.0499890432245647e-01  2.4806649557331367e-01  
q[84]:  4.2150820415035614e-04  6.5245386533410465e-01  2.6536085807279386e-01  2.5426581992178215e-01  
q[85]:  1.4688940293865736e-03  6.1807144009164949e-01  3.9161230905275413e-01  1.4452373342550204e-01  
q[86]:  1.4732096466467820e-03  6.3466642431704279e-01  4.1201199230273833e-01  2.7299807211226584e-01  
q[87]:  8.8894678516125095e-04  6.7160753320870592e-01  4.4412087183480697e-01  3.8651254969313736e-01  
q[88]:  4.5227156272232882e-04  6.4642000541407652e-01  3.8396118174146876e-01  3.7327459976255056e-01  
q[89]:  9.4452815897192832e-04  6.2782394526376317e-01  4.0499257113630416e-01  5.8760392612087022e-02  
q[90]:  1.2389620047492196e-03  6.2395608765436195e-01  4.9748299122476630e-01  1.4113314692790527e-01  
q[91]:  1.4739099144156348e-03  6.3205320362338513e-01  5.0397338472099373e-01  2.5982266494390932e-01  
q[92]:  1.2221187089408142e-03  6.5850748180528351e-01  5.3240808379944315e-01  3.9633587069818838e-01  
q[93]:  6.8259696777777420e-04  6.0695795766130367e-01  4.6868366477422696e-01  4.1391963387562902e-01  
q[94]:  3.9699821290827361e-04  6.0725869685711298e-01  4.6364578269370271e-01  4.5313982116031004e-01  
q[95]:  4.1355253984209071e-04  6.9298937415748796e-01  5.6496911419228069e-01  1.1907543096746553e-02  
q[96]:  7.5013630651477438e-04  6.1483950443688229e-01  4.8845620667300388e-01  5.7781902669346727e-02  
q[97]:  2.5510566881092623e-04  5.5804349264292008e-01  5.0479138346100438e-01  9.8237983062365204e-03  
q[98]:  6.0339843732388132e-04  6.3858063342227600e-01  5.8521829404534964e-01  5.3205970654472919e-02  
q[99]:  7.9869044228429655e-04  5.9170049904058797e-01  5.4182563895658165e-01  1.2927203644145138e-01  
q[100]: 9.7950174414522203e-04  6.7469296877156348e-01  6.1619836648335458e-01  2.4381603941563232e-01  
q[101]: 9.1956717226024203e-04  6.5879921018044740e-01  6.0218644164111990e-01  3.7825948927431569e-01  
q[102]: 6.6139657811036890e-04  5.9091988076845947e-01  5.4687953771667019e-01  4.1697949331465251e-01  
q[103]: 7.1082770324582716e-04  6.8131478772190357e-01  6.0767541495544752e-01  5.4982892729829513e-01  
q[104]: 2.8634139109682432e-04  6.1080434832676922e-01  5.5429607031502448e-01  5.4325245263636912e-01  
q[105]: 1.4750451958612181e-04  6.0559809683793120e-01  5.9564484988894451e-01  1.4300725599875951e-02  
q[106]: 2.5808216170223946e-04  6.1561159652617947e-01  6.0729978833960985e-01  7.6737194801996311e-02  
q[107]: 4.5429599404006853e-04  6.7722076585146762e-01  6.6430909038492547e-01  1.7018523099798682e-01  
q[108]: 3.4809454100588226e-04  5.9529344392481254e-01  5.8682512629224204e-01  2.3736851598156819e-01  
q[109]: 4.1250361605231636e-04  6.0780743314608665e-01  5.9728614181230433e-01  3.6096584292135614e-01  
q[110]: 2.6126580708736580e-04  6.0968776599265340e-01  6.0359426616189871e-01  4.7293874746965214e-01  
q[111]: 3.2232944931612478e-04  6.2179503994648999e-01  6.0719652713055361e-01  5.5693447127073581e-01  
q[112]: 8.2386034598501900e-05  5.4998189492185767e-01  5.4293213440196797e-01  5.3419124218677738e-01  
q[113]: 1.7872789509212883e-04  7.3099199124427860e-01  2.8595931416712846e-02  1.4957213508250411e-02  
q[114]: 5.5262307515820651e-04  7.4834796554432048e-01  1.1708075771173360e-01  5.4750786442209286e-02  
q[115]: 2.9574206294777805e-04  7.5281349844151124e-01  8.6201269460894944e-02  7.4990519474921608e-02  
q[116]: 8.8493036655899185e-04  7.4567808340482900e-01  2.1647772532715157e-01  6.4807546375989802e-02  
q[117]: 1.3731304943106143e-03  7.2916903537088307e-01  3.5113682751672948e-01  1.4014118739858913e-01  
q[118]: 9.0496560259056879e-04  7.2963463498154113e-01  2.4581778558881592e-01  1.3676367257167929e-01  
q[119]: 6.0269920039235619e-04  7.4907216032872281e-01  1.8216917333732360e-01  1.3238070496222834e-01  
q[120]: 3.0910329410132448e-04  7.9121806494085889e-01  2.1115454279878376e-01  1.1626931523892764e-02  
q[121]: 3.6767641742715843e-04  7.6303818697216197e-01  2.1429100378152835e-01  2.0341848681173311e-01  
q[122]: 4.4289020358651303e-04  7.5133771930973337e-01  3.8053634769744127e-01  1.0750433306083761e-02  
q[123]: 1.0898451960827766e-03  7.3325782318740129e-01  3.2587058747841158e-01  5.6906430072344805e-02  
q[124]: 1.4554630404671010e-03  7.3988193848482031e-01  3.8743635502312362e-01  2.4677716122300197e-01  
q[125]: 1.0404714300797059e-03  7.4368957227557175e-01  3.0348098760744308e-01  2.4441331933920069e-01  
q[126]: 4.9108705311121472e-04  7.6709277534098208e-01  3.5651407851432393e-01  3.4401541670306668e-01  
q[127]: 4.1516973071421213e-04  6.5051862266550708e-01  4.1085989624994124e-01  1.1128593183730237e-02  
q[128]: 9.5654780007090848e-04  7.5527245423065303e-01  4.6654317186788219e-01  5.5969051284244314e-02  
q[129]: 1.5477585692774587e-03  7.7492664939684408e-01  5.3850812394569036e-01  3.9043881426050575e-01  
q[130]: 1.0834788690090287e-03  7.7276640979507571e-01  4.4777314735859708e-01  3.8433793601349903e-01  
q[131]: 4.1847049328796771e-04  7.6774728354188171e-01  5.3219602832051038e-01  1.1708752967415654e-02  
q[132]: 1.2949951184950080e-03  7.5058393686230707e-01  4.7070147776671967e-01  1.3265435609150783e-01  
q[133]: 1.6736141476538496e-03  7.4241008719655488e-01  5.0189339661704435e-01  2.4643226310509397e-01  
q[134]: 5.0502006980494699e-04  7.7362536271096105e-01  5.0281624317078610e-01  4.9032257935804552e-01  
q[135]: 9.7363875365493163e-04  7.4941009716443108e-01  5.9072733333941529e-01  6.3304213456650965e-02  
q[136]: 1.1595360292251369e-03  7.5033075645468139e-01  5.7681407944432306e-01  1.4411292653466182e-01  
q[137]: 1.2858186239280052e-03  7.5858212196315311e-01  6.2070155979203734e-01  2.4646289158920531e-01  
q[138]: 1.3741612199101177e-03  7.7098475110399423e-01  6.2643610142018147e-01  3.7317111641740341e-01  
q[139]: 9.6729980790583319e-04  7.7739915317507524e-01  6.5979692318799266e-01  5.0754309226151062e-01  
q[140]: 1.0158704173931076e-03  7.6800745302835527e-01  6.0113986856306179e-01  5.3497792923196619e-01  
q[141]: 4.3887104486939864e-04  7.4425669386753657e-01  5.9373694085479445e-01  5.8096409613407995e-01  
q[142]: 1.9229086303887102e-04  7.1552005285022746e-01  6.6266208115224212e-01  8.0350521480118293e-03  
q[143]: 5.3707507452495557e-04  7.7559390439516984e-01  7.0773446742708845e-01  4.8669151196319510e-02  
q[144]: 1.1130799944487877e-03  7.4393900963502158e-01  6.7280056561560375e-01  1.3403772339212866e-01  
q[145]: 8.4537126071991347e-04  7.8694516769082534e-01  7.2875012517976823e-01  2.5832465383957670e-01  
q[146]: 6.7930406994865281e-04  7.8731403300570790e-01  7.3289888785641910e-01  5.4586927160263610e-01  
q[147]: 4.9997676640329614e-04  7.1057523564234282e-01  6.6896699787360014e-01  5.4363180005660305e-01  
q[148]: 6.7446313356766413e-04  8.1192042418865229e-01  7.4678643115466958e-01  6.7541003443021430e-01  
q[149]: 2.6788588645015361e-04  7.5294291653800638e-01  6.8774001879433921e-01  6.7560269375006066e-01  
q[150]: 1.3354080212851175e-04  7.4955772910670271e-01  7.3856235968893680e-01  1.5107337683509145e-02  
q[151]: 3.3100081614533119e-04  7.4679084520224848e-01  7.3282914695425372e-01  7.0876049686363546e-02  
q[152]: 3.7197613273126087e-04  7.9350389035817759e-01  7.7908209412931184e-01  1.5641106281910536e-01  
q[153]: 2.5605519577035602e-04  7.6932865295266306e-01  7.5981252217858697e-01  2.5786711986625449e-01  
q[154]: 5.3811024513440969e-04  7.2739449391687194e-01  7.1447944278737185e-01  3.4015331022803280e-01  
q[155]: 1.0248445124846780e-03  7.6761520108665404e-01  7.0490913748303352e-01  3.9340401413340836e-01  
q[156]: 4.8271934657092956e-04  7.4235725896241156e-01  7.3106956404416445e-01  4.8661614715669338e-01  
q[157]: 2.8963074826754713e-04  7.5229448976680746e-01  7.4358045577683307e-01  6.1730652403955644e-01  
q[158]: 2.4345849739817473e-04  7.5599232009710748e-01  7.4320350295858895e-01  6.9690206475124439e-01  
q[159]: 1.0182481892634138e-04  7.0899634899672270e-01  6.9624266469977591e-01  6.8839443391846211e-01  
q[160]: 8.1219665622149815e-05  8.5427807285094903e-01  2.0521671169093255e-02  8.4357574021571031e-03  
q[161]: 2.7431227385022529e-04  8.0533253512142133e-01  7.8900857709356259e-02  1.1073053887678158e-02  
q[162]: 4.8041347223044183e-04  8.6439401667099347e-01  1.2479894966389414e-01  6.2373114035974876e-02  
q[163]: 2.1725248696445837e-04  8.6359406012360396e-01  6.4531539434223614e-02  5.1733853814627050e-02  
q[164]: 3.8754737767438853e-04  8.6659677100679067e-01  1.6982289398059067e-01  1.4392565924889533e-02  
q[165]: 7.8234590267872565e-04  8.5724416717672824e-01  2.1535688431976460e-01  7.3343108130060258e-02  
q[166]: 1.3289287874721990e-03  8.4624555851285266e-01  3.2228989845521805e-01  1.7358946371911191e-01  
q[167]: 7.3999682960002532e-04  8.5759236351082768e-01  2.1397722621663498e-01  1.5330555210881910e-01  
q[168]: 3.1710761815155757e-04  8.5071376083520989e-01  1.5692181418366488e-01  1.4610640909072858e-01  
q[169]: 4.7524005561940430e-04  8.5040103387848776e-01  3.2549785494187916e-01  1.2594541307439274e-02  
q[170]: 9.4120497481425390e-04  8.5127300689226226e-01  3.2044906099898340e-01  6.4993554208887042e-02  
q[171]: 8.6885090113671115e-04  8.5826563694807489e-01  3.3276117201028949e-01  2.7192109138668591e-01  
q[172]: 3.9816749958056273e-04  8.6138459669245859e-01  2.9731308080735169e-01  2.8545906954368072e-01  
q[173]: 9.8206809846128492e-04  8.5820707944840013e-01  4.5744272651297163e-01  6.0525940522185330e-02  
q[174]: 1.1380601260883487e-03  8.4685267352848848e-01  4.1162733349911124e-01  1.4920051718597835e-01  
q[175]: 1.3397461633771967e-03  8.4748138595972733e-01  5.0561863109317451e-01  2.6332373013518773e-01  
q[176]: 3.7795865867709417e-04  8.6824324818954057e-01  4.5091123285555718e-01  4.4024755251206887e-01  
q[177]: 4.0758826526498686e-04  8.5993259349253359e-01  4.8097023067550609e-01  1.1100120162533580e-02  
q[178]: 8.3341516339490048e-04  8.5911428356140862e-01  5.0604075326306264e-01  1.4441214343510317e-01  
q[179]: 1.2774119264111676e-03  8.5778066002244768e-01  4.5068789360408662e-01  3.1126400687624745e-01  
q[180]: 8.2005808003730158e-04  8.7748396666338413e-01  4.7072116624722538e-01  4.1295964396604634e-01  
q[181]: 3.6590421929976136e-04  8.7949965946517172e-01  6.0398529718165772e-01  5.9203593065261317e-01  
q[182]: 3.2810399944767604e-04  8.7086396776901953e-01  6.2112219505856459e-01  1.2313421543872011e-02  
q[183]: 8.2414091070752340e-04  8.5879378076453550e-01  6.0801036607456160e-01  5.9330664627360634e-02  
q[184]: 9.8446794768176872e-04  8.6552996215952527e-01  6.1196527180238325e-01  1.3274836270101109e-01  
q[185]: 1.2997008985061744e-03  8.5655104922106495e-01  6.0912682946489738e-01  2.3505018118981780e-01  
q[186]: 1.3248177390132007e-03  8.6945744454228835e-01  6.3939563225981300e-01  3.7380711530673483e-01  
q[187]: 1.1312993737545381e-03  8.8132397074823177e-01  5.9601262466238669e-01  4.4723142015756551e-01  
q[188]: 8.8061626535731942e-04  8.5990176642210114e-01  6.0008172276158833e-01  5.3801230018413182e-01  
q[189]: 3.8997168669704701e-04  8.3352095896017486e-01  6.9952377494360740e-01  1.2749594870115542e-02  
q[190]: 7.4849769278529873e-04  8.6227190533687204e-01  7.2735357711047766e-01  7.3710252681389310e-02  
q[191]: 1.1761051905358371e-03  8.5629446960344413e-01  7.1628371528544121e-01  1.7044566712217873e-01  
q[192]: 1.3103622113691705e-03  8.6673497721359816e-01  7.2647746998783691e-01  3.1257639652771357e-01  
q[193]: 1.1341287949553124e-03  8.7750854852177906e-01  7.5252082808909326e-01  4.7495051836508279e-01  
q[194]: 1.1320661396543067e-03  8.7662819698720307e-01  7.1409045631544399e-01  5.6341590065515901e-01  
q[195]: 5.7592090641965174e-04  8.7089892994671902e-01  7.3370670186528375e-01  6.7644274516025460e-01  
q[196]: 3.4008769680008962e-04  8.6436640717910174e-01  7.1142117703155516e-01  7.0013078860259592e-01  
q[197]: 1.3351907571753570e-04  8.4686507842090897e-01  7.9474603271637045e-01  6.2420361816521693e-03  
q[198]: 3.1767474391356383e-04  8.7029905413621356e-01  8.3052417424157354e-01  4.3688441026879542e-02  
q[199]: 6.5801744008063122e-04  8.6724130345256722e-01  8.1285861584654950e-01  1.2137380832140522e-01  
q[200]: 7.4112368624349421e-04  8.7206472312591110e-01  8.1253982182023987e-01  2.3576891291898314e-01  
q[201]: 8.7428950182713247e-04  8.6640374527907482e-01  8.0898295488342531e-01  3.9122321456040887e-01  
q[202]: 6.7166060381890788e-04  8.6373648980819173e-01  8.1512285895281344e-01  5.4113232687109358e-01  
q[203]: 7.2468924829768562e-04  8.8822401151340968e-01  8.1926526040035674e-01  6.6868041016368418e-01  
q[204]: 2.2537313856549140e-04  8.5116471388462300e-01  7.9354406918166698e-01  7.7805632173474437e-01  
q[205]: 6.3760510546417357e-05  8.6106953893068439e-01  8.5419059563618682e-01  1.2125947402990113e-02  
q[206]: 1.4836561100648843e-04  8.6229241884797014e-01  8.5696221041918552e-01  7.4050577496168307e-02  
q[207]: 2.2727568323127571e-04  8.7906690745565463e-01  8.6971758075838002e-01  1.8546379863005491e-01  
q[208]: 3.9611066822387437e-04  8.5998380259649121e-01  8.4817758970791879e-01  3.1076296544679283e-01  
q[209]: 4.4040009584061639e-04  8.4635669068355990e-01  8.3583117478028079e-01  4.5381026556341286e-01  
q[210]: 3.1651614649220625e-04  8.5952395409173477e-01  8.5047467366311835e-01  6.1450607406803726e-01  
q[211]: 3.6586134319064505e-04  8.6300401832702223e-01  8.4743497714413030e-01  7.2342784881284272e-01  
q[212]: 1.7427804938671373e-04  8.6517869808277248e-01  8.5341650184156603e-01  8.1094659041140160e-01  
q[213]: 5.2017108485585173e-05  8.4536014394997827e-01  8.3549424499774971e-01  8.3120715707698145e-01  
q[214]: 6.8738841945218071e-05  9.4824774374436138e-01  2.4917810594484252e-02  1.2209635496451703e-02  
q[215]: 1.8948029539541563e-04  9.1345136532158888e-01  7.3866357996944187e-02  1.1964410425007069e-02  
q[216]: 2.6686512369278814e-04  9.4871973751746286e-01  1.0895306364370448e-01  5.8136386073181216e-02  
q[217]: 6.2408048661855256e-05  9.4713630687555361e-01  6.2067956632041746e-02  5.7600669246374865e-02  
q[218]: 1.4271958779847070e-04  9.4994960575619769e-01  1.4804468325192532e-01  7.8971529226700542e-03  
q[219]: 4.3275385594498115e-04  9.4517442571851151e-01  1.8828176698919705e-01  5.2782560096485145e-02  
q[220]: 6.6550570412521499e-04  9.3655706688088136e-01  2.8725250027341576e-01  1.4132348187808236e-01  
q[221]: 4.4037426557982673e-04  9.4132894227823671e-01  2.1127000819919176e-01  1.4062170888846001e-01  
q[222]: 2.3672927659575469e-04  9.3456375961790450e-01  1.4007288045983232e-01  1.2430058997694010e-01  
q[223]: 3.0880610324737778e-04  9.3238745720605642e-01  2.7469161721510571e-01  1.1529124137968765e-02  
q[224]: 5.1257639901380165e-04  9.3632135208092748e-01  2.9964521666899224e-01  6.0113245539092031e-02  
q[225]: 9.8340577655750159e-04  9.3732739817638633e-01  4.0218730536669783e-01  2.6337636928906705e-01  
q[226]: 5.2018397287689310e-04  9.4037434323807056e-01  3.0327761682604615e-01  2.4992701929936800e-01  
q[227]: 2.3650035883212767e-04  9.3636785006265688e-01  2.4292952767929940e-01  2.3288684414761937e-01  
q[228]: 3.2026575776676391e-04  9.3864588625948253e-01  4.3323237965149214e-01  1.1200643151245023e-02  
q[229]: 6.2884155886092107e-04  9.4203695088085448e-01  4.2221548821352917e-01  5.9718469571791437e-02  
q[230]: 9.2127307446474710e-04  9.3511011084882523e-01  3.9770984496080042e-01  1.4660829982145560e-01  
q[231]: 1.2578946143033847e-03  9.3458052142817072e-01  5.2399984369830255e-01  2.6001041168323591e-01  
q[232]: 5.7417634515270885e-04  9.4874755823978962e-01  4.4458657589574146e-01  3.8297644798621439e-01  
q[233]: 3.0285764529810658e-04  9.4213326418579812e-01  3.9746605183882217e-01  3.8586744259449046e-01  
q[234]: 6.3494446078624588e-04  9.3779802629841691e-01  5.6971573711572498e-01  5.1189919109733126e-02  
q[235]: 1.0194435114878498e-03  9.4038451948485069e-01  5.3683951975193211e-01  1.3937259034136229e-01  
q[236]: 9.5627188744023238e-04  9.4607126885034309e-01  5.5868032692693337e-01  4.0148008034393479e-01  
q[237]: 5.6562121300132251e-04  9.4616596122026309e-01  5.8579659872520562e-01  5.1306164206293015e-01  
q[238]: 3.3769781567722794e-04  9.4719730190967433e-01  5.6308694851908403e-01  5.4909547927836766e-01  
q[239]: 2.1288685983865437e-04  9.4535042341220055e-01  5.9839761422935511e-01  7.7204681232386279e-03  
q[240]: 4.9710368777333160e-04  9.4376849178046951e-01  7.1451120466855866e-01  4.2092730508843872e-02  
q[241]: 8.5162849924853455e-04  9.4452775635672159e-01  6.7959161483245101e-01  1.2662944517694111e-01  
q[242]: 1.1776058903120602e-03  9.4051774658485887e-01  6.6083206176526121e-01  2.5156726505616500e-01  
q[243]: 1.0851644918334453e-03  9.4485772468694307e-01  6.7273288350860216e-01  3.9531419930066430e-01  
q[244]: 8.2599897783117843e-04  9.5241021161100947e-01  7.1920814763687624e-01  5.5756487552375378e-01  
q[245]: 5.2797650856389552e-04  9.4024614572491805e-01  6.9070496711699603e-01  6.2737989440431430e-01  
q[246]: 2.4656649885795552e-04  9.5233743860797060e-01  7.2223705704809327e-01  7.1007745211441819e-01  
q[247]: 1.2486637739551678e-04  9.3832194835843430e-01  7.4690082066042018e-01  3.0842761317908273e-03  
q[248]: 3.1417075910130786e-04  9.2292253008391734e-01  7.9960546275887479e-01  3.1554251896532451e-02  
q[249]: 6.5477100967560001e-04  9.4221793600418413e-01  7.9568962434738322e-01  1.1293380708028751e-01  
q[250]: 9.5906293260939639e-04  9.3865575369104748e-01  7.7723345135993305e-01  2.2940949870242849e-01  
q[251]: 9.9566665929723560e-04  9.4691047130570527e-01  7.8856439281330559e-01  3.8112731534452315e-01  
q[252]: 7.7575635323910122e-04  9.4922407056227254e-01  8.0141632823808062e-01  5.3471091996953624e-01  
q[253]: 5.4967119729911384e-04  9.5872443544280594e-01  8.4453439930584817e-01  6.8937307388090030e-01  
q[254]: 4.5292934155294643e-04  9.3895032553642999e-01  7.9269273581405642e-01  7.1835268198585500e-01  
q[255]: 2.1987370607651769e-04  9.5183170731901212e-01  8.2899561143529832e-01  8.1273038934265573e-01  
q[256]: 1.3631903620781369e-04  9.3815451664776794e-01  8.6189250011985263e-01  9.3305973817777235e-03  
q[257]: 3.4916854613199424e-04  9.4816411813712365e-01  8.8546497774765542e-01  6.9297773581537755e-02  
q[258]: 5.5942271280069169e-04  9.4805149081798734e-01  8.8023679136659361e-01  1.7869072159484836e-01  
q[259]: 7.2031848818047885e-04  9.4124827763457297e-01  8.7179053547637642e-01  3.1763302346625494e-01  
q[260]: 6.9349072155103935e-04  9.4448564368253318e-01  8.7968575726910614e-01  4.7600539763651234e-01  
q[261]: 5.5629493649326806e-04  9.4166511256859520e-01  8.8485120675517004e-01  6.2417106084314466e-01  
q[262]: 2.8699258611197370e-04  9.5702511888497099e-01  9.2025111792451197e-01  7.8901458343004272e-01  
q[263]: 4.1055683289783568e-04  9.2766012591970837e-01  8.7294842531301298e-01  8.1669996172799197e-01  
q[264]: 7.6942921582255722e-05  9.2146708676210898e-01  8.5693392794246759e-01  8.5306984803869534e-01  
q[265]: 6.7296400463297168e-05  9.4088815836813611e-01  9.2399414219109899e-01  1.0009982765417667e-02  
q[266]: 1.0462768218370534e-04  9.4858090716138044e-01  9.3736328400588076e-01  4.7365945500052506e-02  
q[267]: 2.2821200616067238e-04  9.4048390186655617e-01  9.2654193710282295e-01  1.2754594935217259e-01  
q[268]: 3.0683895280948260e-04  9.4384923604152704e-01  9.3011278240549844e-01  2.6038606207069825e-01  
q[269]: 3.5720418132509688e-04  9.3795819251884838e-01  9.2498835525411971e-01  4.0987542164641894e-01  
q[270]: 3.2899302675403630e-04  9.3669023937091556e-01  9.2501183852347768e-01  5.6679153791277959e-01  
q[271]: 2.3330163483883595e-04  9.4317997967823264e-01  9.3262993188924481e-01  7.2351725660095378e-01  
q[272]: 9.5835292257418617e-05  9.3983935254792061e-01  9.3643603861051794e-01  8.4973970380314079e-01  
q[273]: 9.6148286754511685e-05  9.4682809068791862e-01  9.3316027610830843e-01  9.1815697881030445e-01  
q[274]: 9.1552953278232567e-06  9.9435533904470264e-01  1.3092006658514763e-02  7.8007215265855547e-03  
q[275]: 8.3316156393926550e-05  9.8533880126179041e-01  6.7792828490378473e-02  1.1248804046405037e-02  
q[276]: 7.9082619935305564e-05  9.9043323148989015e-01  7.3216369385738875e-02  5.5360572302282668e-02  
q[277]: 8.6379151690835993e-05  9.9076123147271167e-01  1.6857440504955823e-01  1.2753299490972413e-02  
q[278]: 1.6530505090320741e-04  9.9080176940345710e-01  1.5714096514028758e-01  5.9192461034132914e-02  
q[279]: 3.5106571297176850e-04  9.8805033235292894e-01  2.8642095063284834e-01  1.3921119150051761e-01  
q[280]: 2.0562111061882512e-04  9.8835221684308450e-01  1.8437825722157034e-01  1.3599898240997746e-01  
q[281]: 5.7082004309203988e-05  9.8669517189423417e-01  1.4793960614523594e-01  1.4413465976462494e-01  
q[282]: 1.2976914551777633e-04  9.8633696783019920e-01  2.8490522478711089e-01  1.2109128686581632e-02  
q[283]: 2.8355448932342855e-04  9.8773245400672083e-01  2.8609663783678202e-01  6.1385667792866479e-02  
q[284]: 3.3653452006276058e-04  9.8840756814536690e-01  3.3413344082793206e-01  2.4813811835755220e-01  
q[285]: 1.4918936378595425e-04  9.8782345443630382e-01  2.6196721430557568e-01  2.4213856469981676e-01  
q[286]: 6.2282366654672116e-05  9.8740297790055565e-01  3.4299705545619735e-01  3.3863009080132733e-01  
q[287]: 1.1156351573635079e-04  9.8768594039828006e-01  4.1043104160295901e-01  1.0236585688565017e-02  
q[288]: 2.7029165998624657e-04  9.8929349096326702e-01  4.3033039478104207e-01  5.6037234583031122e-02  
q[289]: 4.4375022804052410e-04  9.8745427604531821e-01  4.2415782506015370e-01  1.3861813853247984e-01  
q[290]: 5.0299563399091695e-04  9.8727548193200299e-01  4.4388952099481244e-01  2.4599111029324711e-01  
q[291]: 2.0925762803360480e-04  9.9015211842834183e-01  4.1936092399780517e-01  3.8017097867146443e-01  
q[292]: 1.0781003873881788e-04  9.8929951604754995e-01  5.0952592528082530e-01  5.0053828690753321e-01  
q[293]: 1.4622004772050069e-04  9.8925734520492459e-01  5.5817358112038329e-01  1.3566783665602872e-02  
q[294]: 2.8557111107452608e-04  9.8656426947981091e-01  5.8340349124682933e-01  6.2709403382824741e-02  
q[295]: 3.2586036593049958e-04  9.8962850385857715e-01  5.6739550755669277e-01  1.2819246524891212e-01  
q[296]: 5.2976214536668855e-04  9.8739352547026138e-01  5.7983518780749221e-01  2.3083724369809497e-01  
q[297]: 5.0889139018745714e-04  9.8853420357950905e-01  6.0456376346097662e-01  3.5672697195506192e-01  
q[298]: 3.8834171747508759e-04  9.8965463405675136e-01  5.0215428306260423e-01  3.8196473333814857e-01  
q[299]: 2.8719347078602912e-04  9.8948557130156412e-01  5.9009167250757666e-01  5.3427185934202714e-01  
q[300]: 3.5513380137828046e-04  9.9030943312518949e-01  6.5983617122403815e-01  5.0657920392113931e-01  
q[301]: 1.5148023509961196e-04  9.8891635694712898e-01  7.1365958226246651e-01  1.4232810285339908e-02  
q[302]: 2.9779817517237758e-04  9.8992980599751612e-01  7.1905600301121431e-01  7.6163992488858578e-02  
q[303]: 4.8617303797129869e-04  9.8866421316703190e-01  7.1065493677738201e-01  1.8376289995425799e-01  
q[304]: 5.2843751656092227e-04  9.8912366766992366e-01  7.3023549109133756e-01  3.2520093030824671e-01  
q[305]: 4.5085374665402287e-04  9.8997984709561149e-01  7.5360986248856587e-01  4.7818707294290408e-01  
q[306]: 1.8996411965543222e-04  9.8842157986643353e-01  7.3178146890173823e-01  6.1672458205505842e-01  
q[307]: 2.1320435512425283e-04  9.8913165174632345e-01  7.3901442456976829e-01  6.8533582468539211e-01  
q[308]: 1.0690607548675013e-04  9.9039592140653065e-01  6.7548407296585433e-01  6.6513067307147389e-01  
q[309]: 4.9103507373890562e-05  9.8796897721401655e-01  8.4247834062228633e-01  3.0106714695098255e-03  
q[310]: 2.4698092733936773e-04  9.8655537427297835e-01  8.4067519606780039e-01  4.2593563075049364e-02  
q[311]: 3.3644656986692157e-04  9.8946925125462570e-01  8.3428614180093918e-01  1.3554943902747965e-01  
q[312]: 4.6189460544026858e-04  9.8773495084562724e-01  8.3573371250071915e-01  2.6235974219117708e-01  
q[313]: 3.6457430334506385e-04  9.9046696006686297e-01  8.5560489883204227e-01  4.1455530316514771e-01  
q[314]: 3.1612955012339872e-04  9.8913024251697046e-01  8.6510095118735886e-01  5.5413684444150446e-01  
q[315]: 2.5696934159520531e-04  9.9395956861523682e-01  8.3112040987107283e-01  6.5674953555735349e-01  
q[316]: 2.1424405523565748e-04  9.8739363053020091e-01  8.4001293157296075e-01  7.6701462331402037e-01  
q[317]: 7.8916901609519779e-05  9.9356861100766947e-01  8.3185368526106640e-01  8.2012787752643790e-01  
q[318]: 9.5019792982461887e-05  9.8810121454950195e-01  9.3363414876473838e-01  1.7433540919402048e-02  
q[319]: 1.7845449845374552e-04  9.9074331955223449e-01  9.2839063155037316e-01  9.5078051027977922e-02  
q[320]: 2.4991078880291464e-04  9.9010907594566722e-01  9.2678986862271151e-01  2.1619203706207590e-01  
q[321]: 3.1070975936365317e-04  9.8808720682782325e-01  9.2845335908847704e-01  3.6074158929190692e-01  
q[322]: 2.6401993257073076e-04  9.8911757726846294e-01  9.4067791559233738e-01  5.2561391847058492e-01  
q[323]: 2.4341849988488348e-04  9.8858615283359808e-01  9.2715595785694338e-01  6.6868960268151945e-01  
q[324]: 1.5431083128166983e-04  9.9291836245091936e-01  9.3205844503092539e-01  7.8694694157729217e-01  
q[325]: 1.5269824365505999e-04  9.8745125062510852e-01  9.1150559593772118e-01  8.5376808356131018e-01  
q[326]: 7.3402001838086879e-05  9.8675659137936356e-01  9.3163616733185894e-01  9.2072078445221639e-01  
q[327]: 1.0021073279452204e-05  9.8935917143694108e-01  9.8286103646751999e-01  2.6714556076090816e-03  
q[328]: 5.4377696611406537e-05  9.9070534041279112e-01  9.7959624317987293e-01  5.2509590163577965e-02  
q[329]: 1.1250571552322542e-04  9.8755001966902423e-01  9.7559767944881814e-01  1.5086439139120289e-01  
q[330]: 1.1540003311043114e-04  9.8904775547567325e-01  9.7734688241197332e-01  2.7949600211444064e-01  
q[331]: 1.2415906015086567e-04  9.8802201141549428e-01  9.7694150568799931e-01  4.2036187820598508e-01  
q[332]: 9.0358505870125253e-05  9.8760598119538512e-01  9.7986658630494750e-01  5.6268772248163812e-01  
q[333]: 1.3315112207746698e-04  9.8799765822885499e-01  9.7484181538056236e-01  6.9199116274306893e-01  
q[334]: 6.9364620147968861e-05  9.9143421984594160e-01  9.8270882594905928e-01  8.2684610117057322e-01  
q[335]: 9.3156139916994522e-05  9.8728511251036366e-01  9.7134805134913860e-01  9.1272297583730888e-01  
q[336]: 8.9705989343410662e-06  9.9535458322273507e-01  9.9069654200343749e-01  9.8222494444249497e-01  

