deg: 25
dim: 3
nodes: 822
efficiency: 0.99635

q[0]:   6.9263909396809515e-06  2.3244290931822214e-02  1.3452873430873442e-02  4.9647300429369262e-03  
q[1]:   1.4403708253107793e-05  5.5532136831534108e-02  5.0689408848667822e-02  9.2635399099559555e-03  
q[2]:   1.1523076307795250e-05  4.2100080686293395e-02  3.5283116761424919e-02  2.8526500073016776e-02  
q[3]:   1.9297401859521112e-05  6.2792609983043632e-02  1.5218693324148862e-02  7.3848376520272456e-03  
q[4]:   4.6810924890765036e-05  1.2624363693337554e-01  4.5300545358973543e-02  7.2740550561833997e-03  
q[5]:   2.5465261228921281e-05  8.0460000800055567e-02  4.1550041459688589e-02  3.6568577193754302e-02  
q[6]:   5.8840515314934698e-05  9.2997567066935391e-02  6.6411935585544452e-02  3.4903992392217122e-02  
q[7]:   2.9646497672574785e-05  7.9991206664235592e-02  4.8488033140207332e-02  6.1633407993007894e-03  
q[8]:   5.3141137078358963e-05  1.4227017488797339e-01  9.3867638322565894e-02  8.7348527868806050e-02  
q[9]:   1.8691530257125133e-05  1.1048802142082623e-01  1.0157194916922982e-01  4.3857345500216182e-03  
q[10]:  2.2606558239198655e-05  8.8162731979905484e-02  8.5278963120589829e-02  4.8402956671207940e-02  
q[11]:  7.0615101617942916e-05  1.3554895691763952e-01  1.1496727198834611e-01  3.2431847129569480e-02  
q[12]:  2.6671790536480698e-05  9.5557849130838285e-02  8.6608651108623189e-02  7.9290801349708825e-02  
q[13]:  2.5878490819642709e-05  1.2598367209982089e-01  1.4388414193040633e-02  7.3715300596647578e-03  
q[14]:  4.6141913879055612e-05  1.4672803275086033e-01  4.4589122554694466e-02  3.9115716453590799e-02  
q[15]:  3.4479598006896030e-05  1.8981750981683182e-01  3.9646751911997187e-02  4.0742200627473298e-03  
q[16]:  8.3057228401336419e-05  1.4182830086079842e-01  6.4671508543680797e-02  3.7624761543692903e-02  
q[17]:  4.4029016204249403e-05  1.5214368025143149e-01  1.0242288319197049e-01  6.0744233594645933e-03  
q[18]:  1.2642243758893400e-04  1.7461411387758066e-01  1.0408231316905375e-01  3.3363044088755268e-02  
q[19]:  1.2656260963013106e-04  1.9801010800904281e-01  1.2297455354739120e-01  8.6906768964262804e-02  
q[20]:  8.6579111849985544e-05  2.1331285502071215e-01  1.0470887433682405e-01  9.7651317935156481e-02  
q[21]:  3.0123854506184933e-05  1.6068671102975957e-01  1.2529214924046339e-01  1.1424972826433517e-02  
q[22]:  1.4099153258208936e-04  1.9930834109696058e-01  1.5728147808289161e-01  7.0156915042587475e-02  
q[23]:  5.0208047881270012e-05  1.9106918352952057e-01  1.5912330000658567e-01  1.5257297790984162e-01  
q[24]:  6.2992865108858095e-05  1.6579813130022997e-01  1.5741244731951670e-01  8.2708976162675460e-02  
q[25]:  9.5598162886628016e-05  1.5264107217771603e-01  1.2325155566088168e-01  8.8599025692741598e-02  
q[26]:  3.3787318474975186e-05  1.8797145122092107e-01  1.8003954792838417e-01  7.8614138981355063e-03  
q[27]:  2.3908488296007851e-05  1.3282088420139759e-01  1.3039613753465740e-01  3.0100376211910362e-02  
q[28]:  4.3283271153380021e-05  1.6144411729109290e-01  1.5605847650258131e-01  1.2142679798343800e-01  
q[29]:  2.0137494654396102e-05  1.6352117096311117e-01  1.5753606358393740e-01  1.5109347324594760e-01  
q[30]:  3.4828963207441622e-05  2.1262347825106484e-01  1.4983503623421806e-02  8.2241647042823815e-03  
q[31]:  7.6325813873816389e-05  2.3168435091310843e-01  4.9717530629325143e-02  4.2692615514432347e-02  
q[32]:  1.1424745805151784e-04  2.1335400337389704e-01  6.0577196643598209e-02  2.5292759004687974e-02  
q[33]:  1.0319253383373225e-04  2.9145099409979147e-01  1.1108337833789618e-01  1.0372315805774092e-01  
q[34]:  6.7022995459118737e-05  2.0272842579152112e-01  9.4080589500253359e-02  5.8297175388077431e-03  
q[35]:  2.0288202207602069e-04  2.5767248400079273e-01  1.2390346987369481e-01  3.4830493394374551e-02  
q[36]:  1.8521916769163150e-04  2.4813570618964162e-01  1.0577486220629367e-01  6.9157659869363189e-02  
q[37]:  1.4479272545364974e-04  2.4751337809709650e-01  1.7515624789338685e-01  3.0614163013045422e-02  
q[38]:  1.9049547683018035e-04  2.9485703994274021e-01  2.1413236033885547e-01  6.1791882430386129e-02  
q[39]:  1.6283717374246509e-04  2.6366924339688941e-01  1.7962865092714017e-01  1.4500163860870985e-01  
q[40]:  1.0176149294500849e-04  2.6888824327147876e-01  1.6541865897357225e-01  7.2018117672737808e-03  
q[41]:  2.7256122914768379e-04  2.7234236983018456e-01  1.7519785001725655e-01  8.9459417004666905e-02  
q[42]:  9.2804687875403747e-05  2.6017634189458860e-01  1.7966276650783305e-01  1.7302525521397005e-01  
q[43]:  2.1936750148198093e-04  2.8532045012576951e-01  2.5040457330356491e-01  9.6447107094504284e-02  
q[44]:  1.3613211059542772e-04  2.3738010677120108e-01  2.0358592209528772e-01  1.6999425315971392e-01  
q[45]:  6.0907340441908474e-05  2.3011147295583970e-01  1.8827515404412593e-01  5.2898895105858565e-03  
q[46]:  1.2488481045120638e-04  2.2256271588963220e-01  1.9577235702667223e-01  3.8151601841905441e-02  
q[47]:  2.0359121869631424e-04  2.5689729754647839e-01  2.1850712855221413e-01  1.3587194852902684e-01  
q[48]:  6.4301342088775052e-05  2.8766075891678128e-01  2.5359733624835845e-01  2.4751828287453581e-01  
q[49]:  1.0181920317088686e-04  2.5501122313612423e-01  2.4773157835233547e-01  1.5993667298741351e-01  
q[50]:  5.7478021393603795e-05  2.4485856184254504e-01  2.3796592431999450e-01  2.0006601698176357e-01  
q[51]:  3.5357366566275246e-05  2.7866128182255612e-01  2.7123285694516203e-01  7.2306066809502750e-03  
q[52]:  4.5384408724091584e-05  2.2348788327676622e-01  2.1882289922630097e-01  3.9603866739042863e-02  
q[53]:  7.6812725619351127e-05  2.2339832711974980e-01  2.1672326997465727e-01  8.6155702910631807e-02  
q[54]:  2.9061262363591276e-05  2.4702133006280849e-01  2.4056246773615425e-01  2.3259097057274122e-01  
q[55]:  4.9005582736415528e-05  2.8102169577441616e-01  3.8840034531196582e-02  4.4334548911018666e-03  
q[56]:  7.6690150288932963e-05  3.2563778034776419e-01  4.7986719736743629e-02  4.1271494504008278e-02  
q[57]:  1.5639742423479341e-04  3.1499555442148430e-01  6.4635490756575709e-02  2.9288594793252302e-02  
q[58]:  3.8278054072728630e-05  3.1645797526566677e-01  1.4593079610579070e-02  8.0899463189243927e-03  
q[59]:  9.6022355414450403e-05  2.7979161580848005e-01  9.0275150295683684e-02  7.1916398389681420e-03  
q[60]:  2.1273876893298336e-04  3.4035632055357967e-01  1.2073496640321418e-01  3.7497979779175621e-02  
q[61]:  2.3316585445458442e-04  3.4292431308651855e-01  1.1572900682282344e-01  7.8952659219453283e-02  
q[62]:  8.8432159257745903e-05  3.6170475587909140e-01  9.9834954474528365e-02  9.2909680996565241e-02  
q[63]:  3.3083836958950599e-04  3.5123158910169638e-01  1.7619936296126540e-01  8.7415430761666899e-02  
q[64]:  1.2341411284874366e-04  3.4372153202330386e-01  1.5814028827778079e-01  6.8195083852493881e-03  
q[65]:  2.9811542016865112e-04  3.5235646007761506e-01  1.9961857832835284e-01  3.6072750138191605e-02  
q[66]:  3.0283929472790978e-04  3.3577277061804806e-01  1.8153041159830466e-01  1.4343747818877331e-01  
q[67]:  1.3319371403070469e-04  4.0845390125046277e-01  2.4608316806336666e-01  6.9980941249721765e-03  
q[68]:  3.0974475332472203e-04  3.8617702619139893e-01  2.3969800083860748e-01  8.6131688174714865e-02  
q[69]:  3.5190443170142038e-04  4.0906690411477525e-01  2.5336576939763217e-01  1.6048057767553342e-01  
q[70]:  1.4441846699544020e-04  3.4630163348093623e-01  1.9392400901895340e-01  1.8682166361461827e-01  
q[71]:  6.0888039568773317e-05  3.4188108739242840e-01  2.4970866109823378e-01  3.5083950304343027e-03  
q[72]:  2.8756757881859632e-04  3.8591445384689821e-01  3.0225325806710579e-01  7.1569432077606562e-02  
q[73]:  3.3305262802958729e-04  3.4326590348126462e-01  2.5437358162054874e-01  1.6838010380794632e-01  
q[74]:  1.1526082068761446e-04  3.6529840573194228e-01  2.8071607150091077e-01  2.7389578265628672e-01  
q[75]:  2.0461860722120534e-04  3.5202289371598411e-01  2.6420242598861782e-01  2.5924460961975319e-02  
q[76]:  3.5284861741366632e-04  3.6526742375434174e-01  2.8017191741687858e-01  1.2471939957795450e-01  
q[77]:  2.0993075517510327e-04  3.4422017544721106e-01  2.6083561469467620e-01  2.2516495937853068e-01  
q[78]:  4.1603733006018982e-05  3.3267401189122531e-01  2.9534134499923076e-01  2.6727868257171153e-03  
q[79]:  2.0029009785146504e-04  3.4126898239110148e-01  3.0630968962664351e-01  6.3300267385184891e-02  
q[80]:  2.9338584261155015e-04  3.6507554956736354e-01  3.2920146013873275e-01  1.7907880089351888e-01  
q[81]:  1.5439627796300047e-04  3.3904167127458595e-01  3.0270559667495833e-01  2.7068166608896777e-01  
q[82]:  1.1625270232755584e-04  3.0289515156730401e-01  2.6592717912140929e-01  2.2435217275268558e-02  
q[83]:  2.3767056714633390e-04  3.4525255210887296e-01  3.0915299583303651e-01  2.2852910381057048e-01  
q[84]:  3.2553420043880115e-05  3.4160001611383567e-01  3.3496496275104665e-01  3.2782292922733608e-01  
q[85]:  3.8131171616299938e-05  3.8632020263456307e-01  3.7970566437288233e-01  7.6549609538403146e-03  
q[86]:  7.7850935447952235e-05  3.1606081092230986e-01  3.0910282569972708e-01  3.8475839203279377e-02  
q[87]:  1.0644804124301907e-04  3.1777457774685441e-01  3.1094764360695648e-01  9.3561184972942885e-02  
q[88]:  1.2038540661480051e-04  3.2866116062252182e-01  3.2183234274153133e-01  1.5992011901543376e-01  
q[89]:  1.2381049717048693e-04  3.5951073270655970e-01  3.5265339691026182e-01  2.5463202576698507e-01  
q[90]:  6.6416408160821069e-05  3.2579448595261679e-01  3.1891320992281802e-01  2.7735923215157643e-01  
q[91]:  3.3170318154268944e-05  4.3251168729033723e-01  1.2692503193913678e-02  6.2786241632439939e-03  
q[92]:  7.0130492962222225e-05  4.2718704290051934e-01  4.2696607624477571e-02  3.6505357766910822e-02  
q[93]:  1.2829919648571858e-04  4.2386731048473764e-01  6.2093898011830267e-02  3.1460537043296682e-02  
q[94]:  6.8699170907578617e-05  3.9156759331255453e-01  4.0157294286666992e-02  5.8697982623055625e-03  
q[95]:  9.4061147348545413e-05  4.5306988962178973e-01  9.6805772524977199e-02  9.1291335718398467e-02  
q[96]:  1.1874795179513691e-04  3.7971619323984152e-01  9.1679524337853688e-02  7.1875084465896980e-03  
q[97]:  2.2591280216260038e-04  4.4458586312532172e-01  1.0639796870737425e-01  3.4729221071028188e-02  
q[98]:  3.5761693617624823e-04  4.4736706904161561e-01  1.6497113174154815e-01  8.2546475721175738e-02  
q[99]:  2.2652696608819811e-04  4.3973883064613128e-01  1.1015047151932107e-01  7.8498390061985085e-02  
q[100]: 3.1062824214423741e-04  4.3720279434719805e-01  1.8368936300495692e-01  1.4807512714033044e-01  
q[101]: 1.2522649919210138e-04  4.1638057300763359e-01  1.6766580777872117e-01  1.6084908431728587e-01  
q[102]: 1.3686740820450036e-04  4.4324195452449544e-01  1.6317107361841865e-01  6.5214739296138476e-03  
q[103]: 2.2173119967067571e-04  4.1447540355205165e-01  1.6494321046985175e-01  3.5393797036578252e-02  
q[104]: 4.6426016503668487e-04  4.7287393785336723e-01  2.3902113528532409e-01  8.4656434557030202e-02  
q[105]: 3.5195224981577125e-04  4.6156815494148490e-01  2.2964739499726436e-01  1.4407766599755567e-01  
q[106]: 1.3127905713275096e-04  4.9578258760862570e-01  2.5165750492102928e-01  5.9292452972907941e-03  
q[107]: 3.0443209220070322e-04  4.7205111012300027e-01  2.3568399715067914e-01  3.3377921936196688e-02  
q[108]: 2.4903360534776314e-04  4.5150379172456712e-01  2.5494791890737306e-01  2.2008684468864126e-01  
q[109]: 1.4453741957855409e-04  5.0441744135038047e-01  3.5036877992801096e-01  6.5787359553692876e-03  
q[110]: 5.6726669036342471e-04  4.7967962597138630e-01  3.2088988967261090e-01  1.5539684869306514e-01  
q[111]: 3.7268240944211752e-04  4.7293785174738934e-01  3.1998460871559858e-01  2.3796128596109725e-01  
q[112]: 3.1085875361492151e-04  4.5417085965040171e-01  3.0148925414386324e-01  3.5271965942586969e-02  
q[113]: 4.1478541254198802e-04  4.7047373936104525e-01  3.1582508404195858e-01  8.3866381788832725e-02  
q[114]: 2.3229816589404259e-04  4.1997189506341309e-01  2.8568093791721982e-01  2.5057444444337074e-01  
q[115]: 1.4179431730448124e-04  4.5319913217288282e-01  2.9911047715870198e-01  2.9257629948359476e-01  
q[116]: 1.2212007807630234e-04  4.3659772317490536e-01  3.5132397025182455e-01  7.6589140312824447e-03  
q[117]: 4.3486480234170428e-04  4.7031081164582367e-01  3.8397247219413355e-01  1.4820404557797176e-01  
q[118]: 4.6023549738256360e-04  4.5392180658078723e-01  3.6691513683651394e-01  2.1326160677381506e-01  
q[119]: 3.5964017150873754e-04  4.3610955876608770e-01  3.5372947632726170e-01  2.6945017223563128e-01  
q[120]: 2.5503173152902498e-04  4.5711781355197922e-01  3.7769832562960248e-01  3.4281052004785090e-01  
q[121]: 1.1276836192990750e-04  4.7741663544325152e-01  3.9240645847485522e-01  3.8589180598237666e-01  
q[122]: 2.6159641140013651e-04  4.6152901758133152e-01  3.7813681279717037e-01  3.9020074301546463e-02  
q[123]: 3.3504685156588538e-04  4.6354932183818975e-01  4.2752558567436633e-01  2.8140276429813210e-01  
q[124]: 2.3623405035389972e-04  4.4750816334636168e-01  4.1626555537255944e-01  3.3953676182930820e-01  
q[125]: 3.5276943841610839e-04  5.3305227417204326e-01  4.5168718281305226e-01  3.6488304429926105e-01  
q[126]: 4.1547245685880000e-05  4.5288041554828479e-01  4.1920607323010972e-01  2.2843220859357148e-03  
q[127]: 3.2647181384605402e-04  4.8450619913207349e-01  3.9773955429399549e-01  9.1699296498174473e-02  
q[128]: 2.4965933973968653e-04  4.4946514932118947e-01  4.1412393485928345e-01  6.8976510130408730e-02  
q[129]: 2.9514496275929628e-04  4.0510289646959580e-01  3.6946649435847423e-01  1.2942408384452725e-01  
q[130]: 3.5056665051216970e-04  4.8577264677861731e-01  4.5076574275886627e-01  2.1687004586722552e-01  
q[131]: 4.6348332989841056e-04  5.5870774220994879e-01  4.7666503358789519e-01  3.1763059600555910e-01  
q[132]: 1.1769659662180930e-04  4.3777978823382607e-01  4.0394040761127104e-01  3.7336382106424648e-01  
q[133]: 7.2099243474151053e-05  4.0286845745046973e-01  3.6800278348355792e-01  3.6214685218686171e-01  
q[134]: 1.4039799799197845e-04  4.0424622728116882e-01  3.6899680732251089e-01  2.2473154565369927e-02  
q[135]: 7.8205476181612845e-05  4.1997157110487543e-01  4.1317211397071252e-01  3.9649030584728448e-02  
q[136]: 1.2143155386581593e-04  4.1895627677807695e-01  4.1218636305319306e-01  9.3985940997634160e-02  
q[137]: 1.4905109120484422e-04  4.3446853065489310e-01  4.2770446650329802e-01  1.6880576460099600e-01  
q[138]: 1.4654202984012822e-04  4.3164725163433515e-01  4.2477102221111396e-01  2.4725456922862882e-01  
q[139]: 1.1431573298926646e-04  4.8545829564238724e-01  4.7851465833746903e-01  3.5460871987396519e-01  
q[140]: 6.5002955266487100e-05  4.4705409348722563e-01  4.4231017951388668e-01  3.7041940028691189e-01  
q[141]: 5.7994608375918959e-05  4.0445088045029953e-01  3.9725399753079588e-01  3.6501272419560910e-01  
q[142]: 3.1965064409128831e-05  4.5542825678967974e-01  4.4921012899586821e-01  4.4280574887980234e-01  
q[143]: 3.3483508742467219e-05  5.5759015218244612e-01  1.3004856153243816e-02  5.6630765976335862e-03  
q[144]: 5.5532531228257675e-05  5.2600115761340815e-01  3.5681815038255599e-02  2.9317714375306971e-02  
q[145]: 8.3526103020856602e-05  5.1020675157964557e-01  4.2569327885384325e-02  6.8930864638839110e-03  
q[146]: 1.4711133902391569e-04  5.3615689338841199e-01  6.7764103753833016e-02  3.4622713430067724e-02  
q[147]: 1.1508208415190722e-04  4.9109225880784357e-01  9.2452958157716966e-02  6.2352699891808994e-03  
q[148]: 2.3475643168741062e-04  5.4933065577588713e-01  1.1698773095549016e-01  7.8256599900375950e-02  
q[149]: 1.2541704714656008e-04  5.4916906751992034e-01  8.4885307083070669e-02  7.7180689368979705e-02  
q[150]: 2.4651149813972916e-04  5.6580773034650100e-01  1.1237523461857059e-01  3.1972253666320380e-02  
q[151]: 3.6252029823240288e-04  5.5261335619763763e-01  1.6936600007211364e-01  8.2233103408791280e-02  
q[152]: 1.3053792851140938e-04  5.1702573282456432e-01  1.6761528095593087e-01  1.6118735738603185e-01  
q[153]: 1.4224293444596486e-04  5.4773749983540765e-01  1.6529120952163368e-01  6.5128790097749422e-03  
q[154]: 2.8791130399753360e-04  5.1543065162099089e-01  1.6832841216640035e-01  3.3791452080966046e-02  
q[155]: 4.8390522911502710e-04  5.7256033161354580e-01  2.3782030218930825e-01  8.0733467467654335e-02  
q[156]: 4.3548044807127325e-04  5.5840824000018863e-01  2.2488995884737767e-01  1.4838389851621883e-01  
q[157]: 2.6314309845352634e-04  5.3331961083062163e-01  1.7042036881982781e-01  1.3914381560127842e-01  
q[158]: 1.4057732561171399e-04  5.8435247775701837e-01  2.5082947960787899e-01  2.4471332260147477e-01  
q[159]: 3.4312940275391774e-04  5.8188151643583874e-01  2.5281360129907071e-01  3.3481442379739566e-02  
q[160]: 4.9112001768184487e-04  5.5293365174581510e-01  2.9278073601772603e-01  1.5079934487789101e-01  
q[161]: 3.1862873830743418e-04  5.5640460818413651e-01  2.5631833571873724e-01  2.2344637604164819e-01  
q[162]: 1.4788213728042632e-04  5.8792192599942361e-01  2.5480698683031910e-01  6.6870659567048289e-03  
q[163]: 4.9305246403717154e-04  5.6434520447969616e-01  3.2437786533385937e-01  7.7472741383492555e-02  
q[164]: 4.9375363071038256e-04  5.4925178516434869e-01  3.0691105541711056e-01  2.2626436401289371e-01  
q[165]: 1.3643649097047346e-04  4.8382207691034995e-01  2.4756252290736144e-01  2.4101554679411666e-01  
q[166]: 1.3950390267335457e-04  5.9486783540349397e-01  3.5544026109819249e-01  5.4369864612706272e-03  
q[167]: 3.2768952082103624e-04  5.6535207661406506e-01  3.3431151110641466e-01  3.0382430871587103e-02  
q[168]: 5.5007304048310048e-04  5.9960750320229073e-01  3.6170816261010830e-01  1.4202701050715186e-01  
q[169]: 4.3937394015248690e-04  5.7960643638805465e-01  3.7197567342302584e-01  2.2423773058295063e-01  
q[170]: 3.0411855232391244e-04  5.5544000691033613e-01  3.3124707051030566e-01  2.9803449379725555e-01  
q[171]: 1.5464805272384158e-04  5.8691669435423932e-01  3.4426431774807092e-01  3.3795845013377296e-01  
q[172]: 3.0291605439982787e-04  5.5783357117654997e-01  4.1288409304092699e-01  3.3789039597506482e-02  
q[173]: 4.5118535589208430e-04  5.6832842479238743e-01  4.1315963499002395e-01  7.9849865706960177e-02  
q[174]: 5.5736499068500156e-04  5.6476336531664340e-01  4.1090113622575519e-01  1.4747387530178646e-01  
q[175]: 5.4120672560254270e-04  5.9860758020317728e-01  4.5226532185770263e-01  2.3058935150039908e-01  
q[176]: 4.1813707898150716e-04  5.4297866587597032e-01  3.9929126393249353e-01  2.5831311484674135e-01  
q[177]: 4.6092092500943686e-04  5.6624935782657770e-01  4.1203225127705428e-01  3.3271655586079552e-01  
q[178]: 2.9453910148738216e-04  5.3107908042745589e-01  3.8680679431454035e-01  3.5373599973987546e-01  
q[179]: 1.4391042056857627e-04  5.6426846832211952e-01  4.0808753893811595e-01  4.0160432390423545e-01  
q[180]: 2.3635434640216185e-04  5.6318024072247941e-01  4.8404814149959430e-01  3.9606271189906159e-02  
q[181]: 3.1178788175004310e-04  6.2422457532321374e-01  5.4129656107820956e-01  4.4950801229854426e-01  
q[182]: 2.8062461990396159e-04  5.8250864563289217e-01  4.9610776306157289e-01  4.5758922481790909e-01  
q[183]: 1.1629877395099817e-04  5.7949871649443419e-01  4.9621022262253645e-01  4.8853343971847518e-01  
q[184]: 1.3047171660582606e-04  5.4360215474917695e-01  4.6221950091585651e-01  7.4391962818259778e-03  
q[185]: 3.9746303480111362e-04  5.7807902026384361e-01  4.9444440421671398e-01  9.3489600980632290e-02  
q[186]: 4.8173140250970065e-04  5.8335510231382892e-01  5.0007135702194938e-01  1.6760396273421843e-01  
q[187]: 4.7089254798787214e-04  5.5770731936457241e-01  4.7547036465566539e-01  2.3496209853730607e-01  
q[188]: 2.1642552813281948e-04  5.5444107264503084e-01  5.2138663653093620e-01  4.4073370103288523e-01  
q[189]: 1.5812768716387375e-04  5.3701235921809065e-01  4.9897756835380253e-01  4.6602111576344962e-01  
q[190]: 7.3462961787619174e-05  5.2324392374665174e-01  4.9011348075019801e-01  4.8397975942277882e-01  
q[191]: 5.2811948799085902e-05  5.8258839069528201e-01  5.5061678854018015e-01  3.8972800457573072e-03  
q[192]: 1.5223000509732461e-04  5.1660915683562558e-01  4.8336591962924308e-01  2.4347091115606026e-02  
q[193]: 3.3801321584595777e-04  5.1420620169426423e-01  4.7877574509524207e-01  1.3860678849083821e-01  
q[194]: 3.7295724634050104e-04  5.9438612985668826e-01  5.6044833679595119e-01  2.2855048180411797e-01  
q[195]: 3.5316032887991211e-04  5.8301858737434786e-01  5.4961732487121839e-01  3.1763141187337723e-01  
q[196]: 3.1760514811040100e-04  5.7218121645435038e-01  5.3708359935147409e-01  3.9063110552795044e-01  
q[197]: 7.9725299896849880e-05  5.1227878773481283e-01  5.0488729594510540e-01  4.7063901085292253e-01  
q[198]: 3.4646610269688096e-05  5.7769899322752349e-01  5.7164919819540605e-01  5.6441678033465104e-01  
q[199]: 4.1772523805909365e-05  5.0520562361847254e-01  4.9902294143202364e-01  8.5133477324185192e-03  
q[200]: 7.9490013356509583e-05  5.2064191543561089e-01  5.1433779878832742e-01  4.5581143355077569e-02  
q[201]: 2.5500737796596524e-04  5.6212346856721784e-01  5.2922099672701528e-01  7.3118717177906745e-02  
q[202]: 1.2658993361885538e-04  5.3041070299922555e-01  5.2390376527760507e-01  1.0507958211439677e-01  
q[203]: 1.5327970694922313e-04  5.4306417797535333e-01  5.3613782519352882e-01  1.7936524801526357e-01  
q[204]: 1.5859687337248346e-04  5.4212342940999403e-01  5.3574224291376549e-01  2.6539081645568724e-01  
q[205]: 1.2912697416135225e-04  5.4378873913910430e-01  5.3699599630348704e-01  3.4563073841733871e-01  
q[206]: 1.3168061339468299e-04  6.1466121640555615e-01  6.0810284017534566e-01  4.5629600289898237e-01  
q[207]: 1.1042462708039248e-04  5.6718899585913141e-01  5.6062265945977685e-01  4.7604350700243264e-01  
q[208]: 5.3117290298731525e-05  6.2504737218315476e-01  3.9947772635618467e-02  3.5156828943340816e-02  
q[209]: 7.7760449028393367e-05  6.2995512547942134e-01  4.4941173132703627e-02  6.1397134931117413e-03  
q[210]: 1.4818503621526565e-04  6.4018133658729726e-01  6.2269932587826177e-02  3.2570966778286442e-02  
q[211]: 1.2731578585917959e-04  6.6624393707119811e-01  9.2014364918374239e-02  8.4450651825214718e-02  
q[212]: 1.0506158436552075e-04  6.0835084468041245e-01  9.4412870919213632e-02  5.7313750313071265e-03  
q[213]: 2.4478194149525607e-04  6.7842099160034752e-01  1.1148117651080029e-01  3.0804684895385938e-02  
q[214]: 3.6146241040507462e-04  6.5439354583744358e-01  1.7078426856084850e-01  7.7801488230315713e-02  
q[215]: 2.5685667909160789e-04  6.5987081710390350e-01  1.1815328769929193e-01  7.8343904129935651e-02  
q[216]: 1.2176870370297606e-04  6.0884595089067350e-01  1.5006048643458453e-01  1.4437619790803466e-01  
q[217]: 1.3649428783229936e-04  6.5085615593461521e-01  1.6418829974908977e-01  6.9044987560533304e-03  
q[218]: 2.7641548056064956e-04  6.4024915476198541e-01  1.7057988060531928e-01  1.3841203317879031e-01  
q[219]: 3.2403742441072363e-04  6.3435878833306891e-01  1.8482308097948072e-01  3.4202483043940475e-02  
q[220]: 4.7523247042146439e-04  6.8496621232707500e-01  2.4584971237076805e-01  8.2266748296718289e-02  
q[221]: 4.5384147971413242e-04  6.6717111808820684e-01  2.2576350605437626e-01  1.4557996265085088e-01  
q[222]: 1.3160217389964732e-04  6.7622416423367881e-01  2.5035914853762387e-01  5.8549378307340702e-03  
q[223]: 3.5700720742755143e-04  6.9356323387437113e-01  2.7245265966612675e-01  3.3774092055512905e-02  
q[224]: 5.2863077490545825e-04  6.6128415000343643e-01  3.2653914375919296e-01  8.1012953569510368e-02  
q[225]: 5.4368566166804915e-04  6.4552342675060026e-01  2.8874706478463996e-01  1.4570928427893987e-01  
q[226]: 5.3856595551905490e-04  6.5603748210872070e-01  3.1141153265340138e-01  2.2808801990162972e-01  
q[227]: 2.8013634332850436e-04  6.4345594757673941e-01  2.4704455202142658e-01  2.1243578327624349e-01  
q[228]: 1.6603180920229219e-04  6.8786830152072742e-01  3.5446838379510787e-01  6.6268288324335669e-03  
q[229]: 3.6004551412344014e-04  6.7283021673871113e-01  3.5737388799135261e-01  3.3015431210535330e-02  
q[230]: 6.2161286329380527e-04  7.0037091093824522e-01  3.7306634921550097e-01  1.4807663984031263e-01  
q[231]: 6.0239557669346960e-04  6.6940264491383428e-01  3.8127931781573382e-01  2.3176255095922041e-01  
q[232]: 3.9082298119040272e-04  6.7098532018001633e-01  3.4535575737122420e-01  3.0975483850652374e-01  
q[233]: 1.6344154553175056e-04  6.7937538694305577e-01  3.3997379796749200e-01  3.3262563351349367e-01  
q[234]: 1.3535571873685690e-04  7.0245452734935676e-01  4.6391638696672888e-01  5.2527182323554257e-03  
q[235]: 3.1138625749470528e-04  6.6177417191448418e-01  4.4795119529249522e-01  2.8449864746640751e-02  
q[236]: 4.8477491534304793e-04  6.5937785182612674e-01  4.2338502535115929e-01  7.3260492653864889e-02  
q[237]: 6.4153868124147608e-04  6.8640009675000557e-01  4.5378619806720416e-01  1.3763997623283539e-01  
q[238]: 6.7237681710462965e-04  6.8092398432769896e-01  4.5339316244955047e-01  2.2144694901098988e-01  
q[239]: 5.1660395219282906e-04  6.7038798558379487e-01  4.6453558294958291e-01  3.1279180964182013e-01  
q[240]: 5.5304597887436313e-04  6.4458530384922996e-01  4.0171792228909359e-01  3.1837623251439567e-01  
q[241]: 3.5142515739532035e-04  6.5546148811261362e-01  4.2594028404547807e-01  3.9184315490617450e-01  
q[242]: 1.5638804647563276e-04  6.8910161453321772e-01  4.4862302468353238e-01  4.4218386947139376e-01  
q[243]: 1.4037126995113255e-04  6.1406971382436382e-01  4.6310159749279423e-01  6.0616372568215709e-03  
q[244]: 5.1034623309525909e-04  6.5450877710029787e-01  5.0723066606613987e-01  1.3845455538382079e-01  
q[245]: 6.0441080952513149e-04  6.8466495877957512e-01  5.3485594910638490e-01  2.1788842779401782e-01  
q[246]: 6.0912263197070648e-04  6.9292365362427710e-01  5.4903074442423316e-01  3.1662026058490611e-01  
q[247]: 4.4800134347086515e-04  6.3854819818436670e-01  5.0090508597372085e-01  3.5381068630168244e-01  
q[248]: 4.8234120169970268e-04  6.7102159517313464e-01  5.1698715370905302e-01  4.3196356746434644e-01  
q[249]: 1.4392325065176390e-04  6.6683834292159427e-01  5.1538739727639016e-01  5.0836465996299152e-01  
q[250]: 2.4744124050717536e-04  6.5742807257203573e-01  5.3171468005570843e-01  3.1528454772888286e-02  
q[251]: 4.4085110115889433e-04  6.7155967987976772e-01  5.2066026925863018e-01  7.3633001376888121e-02  
q[252]: 2.9868668411417009e-04  6.4669905220765900e-01  4.9588067362455213e-01  4.6074519692971633e-01  
q[253]: 1.2259777723932515e-04  6.5845603645074458e-01  5.7873768934456349e-01  7.1069529858411957e-03  
q[254]: 1.4112819340182016e-04  6.4561572737595618e-01  5.7657395373512410e-01  4.0813924306889703e-02  
q[255]: 3.9243983471305249e-04  6.7956342357692667e-01  5.9739983982815548e-01  9.1739056664467286e-02  
q[256]: 4.7727029865431429e-04  6.8661678111660229e-01  6.0523576560502967e-01  1.6815455305695512e-01  
q[257]: 5.3051010786879797e-04  6.7446837935648807e-01  5.9224803454188202e-01  2.5447070080680378e-01  
q[258]: 4.7054035210784492e-04  6.5232323880053111e-01  5.7334745614677018e-01  3.2816066955772799e-01  
q[259]: 4.8247159284632270e-04  6.7217887160928924e-01  5.9088459316061792e-01  4.2669080130156989e-01  
q[260]: 3.6192477601728094e-04  7.1010114427547721e-01  6.2326165219810248e-01  5.3667396081224361e-01  
q[261]: 2.6521809267128173e-04  6.9296041669049480e-01  6.0926170789481171e-01  5.7569562905279847e-01  
q[262]: 8.2145863349771930e-05  6.7143984162452608e-01  5.9221924204384369e-01  5.8674884165914021e-01  
q[263]: 1.4214373179167547e-04  6.3821521223518318e-01  6.0335688891278016e-01  2.6536151895975281e-02  
q[264]: 2.3870593827392020e-04  6.7568204783928487e-01  6.4408484548850431e-01  7.5518578147706544e-02  
q[265]: 3.4249639619692376e-04  6.2772148411387507e-01  5.9286535744302149e-01  1.4320275852055520e-01  
q[266]: 3.5110226679625853e-04  6.9543122488625297e-01  6.6243001286603220e-01  2.3444894469490468e-01  
q[267]: 3.7499198439806369e-04  6.8896526246276824e-01  6.5549700118357213e-01  3.3413352514288513e-01  
q[268]: 3.4656042297226468e-04  6.8159044482102893e-01  6.4877924660408415e-01  4.2939809509344185e-01  
q[269]: 3.0740397770210443e-04  6.7298631067744730e-01  6.3843337128385458e-01  5.0806321674701171e-01  
q[270]: 2.2439951464514547e-04  6.4840076903440769e-01  6.1241613623482827e-01  5.5006450661148787e-01  
q[271]: 1.3610061547426831e-04  6.4088795976857638e-01  6.0738479951761715e-01  5.8816666205958534e-01  
q[272]: 2.0029721350659165e-05  6.3485563445395599e-01  6.0352405843874413e-01  6.0351756418460745e-01  
q[273]: 2.5679733524227703e-05  6.2264396212210238e-01  6.1686643468937929e-01  5.8047105766368227e-03  
q[274]: 7.7941428488539915e-05  6.1770074481405146e-01  6.1037083208486886e-01  3.3382892181897661e-02  
q[275]: 1.0395459362891588e-04  6.3498481337289903e-01  6.2924740946516156e-01  8.7474588497229694e-02  
q[276]: 1.4434196248598504e-04  6.4977931186089177e-01  6.4272576257785641e-01  1.5888166319944438e-01  
q[277]: 1.2577480554632118e-04  6.4857960881362731e-01  6.4277742888427525e-01  2.3721813812617684e-01  
q[278]: 1.4163494050432974e-04  6.5186240921725480e-01  6.4504782911163872e-01  3.1454012401404435e-01  
q[279]: 1.4884611556203580e-04  6.5244638564112201e-01  6.4636631550032919e-01  3.9884211771761757e-01  
q[280]: 1.2465695650686816e-04  6.8356793813901418e-01  6.7681371120768175e-01  5.8396819744372008e-01  
q[281]: 7.8915822244212468e-05  6.2422335217800251e-01  6.1746300786739361e-01  5.7934622761852417e-01  
q[282]: 3.4860094375908254e-05  6.9428972593763250e-01  6.8803002478257080e-01  6.8039111477467706e-01  
q[283]: 4.0806580982097536e-05  6.7533348022333539e-01  1.4860166470053306e-02  7.3859438267871108e-03  
q[284]: 8.2419814201962455e-05  7.3477217330916078e-01  4.5931275409238248e-02  3.8675314845142215e-02  
q[285]: 8.2660205093102005e-05  7.4015772529129831e-01  4.6808112718389229e-02  6.7464991695024255e-03  
q[286]: 1.7103224295364589e-04  7.5032807201783680e-01  7.4042507890965503e-02  3.6862359494621237e-02  
q[287]: 1.0694416843996420e-04  7.7632168221697639e-01  1.0018968182071666e-01  9.3654883662196764e-02  
q[288]: 1.1765177498386253e-04  7.2742963654213810e-01  1.0373789706914478e-01  6.1089988811297187e-03  
q[289]: 2.2074552385554569e-04  7.9632497158323789e-01  1.1810893851544517e-01  3.0968130022478623e-02  
q[290]: 3.1749180154269256e-04  7.5340700557604678e-01  1.6206031516064237e-01  7.3031369830251727e-02  
q[291]: 2.3741064527468982e-04  7.5895136710876598e-01  1.2634876021772834e-01  9.1149384673011133e-02  
q[292]: 1.3635576286340532e-04  7.2366064701596466e-01  1.6227840117814504e-01  1.5578920803821641e-01  
q[293]: 1.2038816886789402e-04  7.5075949386509722e-01  1.8377177794483887e-01  6.1611166247063911e-03  
q[294]: 3.2655258038605267e-04  7.4346851750304321e-01  1.8645397852761980e-01  3.3653660377615684e-02  
q[295]: 4.2394437052062475e-04  7.8124297840549783e-01  2.4485722440336555e-01  8.5217795487670431e-02  
q[296]: 3.7564502860429843e-04  7.5993980362685998e-01  2.1977277418002222e-01  1.3388511914462092e-01  
q[297]: 3.1694152101377254e-04  7.4865913284842067e-01  1.9532313088407338e-01  1.6027375293811247e-01  
q[298]: 1.4048066250330513e-04  7.7628637725361227e-01  2.4779848434615315e-01  2.4050716272070802e-01  
q[299]: 1.3575587799962181e-04  7.6459587010753216e-01  2.7009400776908038e-01  8.1113649058900394e-03  
q[300]: 3.1821107983506807e-04  7.8666626976137366e-01  2.7746679358147935e-01  3.8028729848372113e-02  
q[301]: 5.0346544308259625e-04  7.4880425975344811e-01  2.9823129850059793e-01  1.4971622610400401e-01  
q[302]: 2.7415443967845947e-04  7.3084060355517932e-01  2.7335394044000377e-01  2.3697335118229237e-01  
q[303]: 1.6132237172386085e-04  6.7149521146637570e-01  2.3370768938359740e-01  2.2644464483222740e-01  
q[304]: 1.3239273628899589e-04  7.7619954691408233e-01  3.5525940632374270e-01  6.3696536165717618e-03  
q[305]: 5.1167632433398108e-04  7.6447304498338320e-01  3.3313476756954880e-01  8.5205951232369612e-02  
q[306]: 5.1390203611045404e-04  7.9541902579065904e-01  3.7871048492429638e-01  1.5210964019173132e-01  
q[307]: 4.8161507288614749e-04  7.5147338511725070e-01  3.7137202460608087e-01  2.2099718271201163e-01  
q[308]: 5.3722828134145095e-04  7.6107260300448332e-01  3.0892041114948643e-01  2.2527712876341494e-01  
q[309]: 3.1808283851784725e-04  7.7499590417090281e-01  3.4799117548340164e-01  3.1753653009651739e-01  
q[310]: 3.7436507165849878e-04  7.7712366541456324e-01  3.7743731767976918e-01  3.5081876066199606e-02  
q[311]: 5.1285533375041911e-04  7.4909351635414689e-01  4.2155475299404493e-01  8.0883105425970964e-02  
q[312]: 6.0248832839260996e-04  7.8506994904074523e-01  4.6433067101703224e-01  1.4623053413765097e-01  
q[313]: 6.2500921441654511e-04  7.7424691389242306e-01  4.6194552699242364e-01  2.2555235411239827e-01  
q[314]: 4.3527683119537849e-04  7.7597756048916788e-01  4.4874181908118688e-01  2.9154687303147431e-01  
q[315]: 5.7781658814913344e-04  7.4697736413234694e-01  4.0460694032235978e-01  3.2036537004821380e-01  
q[316]: 9.5139990455818122e-05  7.5076484519623843e-01  3.1736206290375840e-01  3.1272780445194853e-01  
q[317]: 1.4557400137466984e-04  7.8861799758107776e-01  4.5793607616732979e-01  6.3112916146177544e-03  
q[318]: 3.5030982443991047e-04  7.6068558044679435e-01  4.7166909385840644e-01  3.1680003209841080e-02  
q[319]: 4.7726008015985062e-04  7.5660688717579438e-01  5.2667908810830610e-01  7.5392501536708609e-02  
q[320]: 5.1298216075855874e-04  7.7732237513030755e-01  5.4943132454115573e-01  1.3848682552985034e-01  
q[321]: 6.6208463729152550e-04  7.7117402436987303e-01  5.4567184625461251e-01  2.1722646112499638e-01  
q[322]: 6.8970415349253289e-04  7.6936841880263507e-01  5.4535821587723776e-01  3.1134842391379464e-01  
q[323]: 5.2152724665056513e-04  7.5368044095395115e-01  4.9870936107101632e-01  3.5099076316825090e-01  
q[324]: 5.3244623268634112e-04  7.4127237348385022e-01  5.0334553392842629e-01  4.2070330777476195e-01  
q[325]: 3.6470924016021231e-04  7.6700953686277229e-01  4.4482195987271295e-01  4.0888047799824467e-01  
q[326]: 1.3376279112426297e-04  7.6091454433811923e-01  4.3016086890194849e-01  4.2345271831982578e-01  
q[327]: 1.4429211492659466e-04  7.9739509705522782e-01  5.6687595694757598e-01  7.0254409367521489e-03  
q[328]: 2.6309070912933994e-04  7.4667387659532802e-01  5.6353593039766514e-01  3.0926802909445415e-02  
q[329]: 3.0299335233116657e-04  7.5750920485868045e-01  5.2412466374452382e-01  4.9092610168296380e-01  
q[330]: 1.4140931450346581e-04  7.8085171130036946e-01  5.5575717587645579e-01  5.4917028871411722e-01  
q[331]: 1.1882539575808368e-04  7.2228687225113553e-01  5.7363353448481025e-01  5.5963755470234610e-03  
q[332]: 1.2887629662984814e-04  7.7621070148556870e-01  6.4700843297469512e-01  2.3795461834912386e-02  
q[333]: 4.3997865594738847e-04  7.7746632420024286e-01  6.3622437742888804e-01  7.4316116591280484e-02  
q[334]: 4.8592397233751766e-04  7.4654183430735666e-01  5.9654120807825795e-01  1.3585218245787842e-01  
q[335]: 5.3302550719441615e-04  7.7301094896914768e-01  6.2914286091044480e-01  2.1544594322788249e-01  
q[336]: 6.0680403728352269e-04  7.7552413148153632e-01  6.3149665707115554e-01  3.0731862996107889e-01  
q[337]: 5.0796471888675196e-04  7.8798976446167679e-01  6.4253067134844899e-01  4.0713251657829946e-01  
q[338]: 5.7292898099663332e-04  7.4455579487317991e-01  5.8793099433417317e-01  4.3180532562053642e-01  
q[339]: 4.3939641609418915e-04  7.7642848208392312e-01  6.2306577179889500e-01  5.2943721309471792e-01  
q[340]: 3.2232677854044886e-04  7.4937632991282788e-01  5.9594153647430348e-01  5.5580740258018990e-01  
q[341]: 1.2825510978197764e-04  7.5778382624016261e-01  6.1535885105389376e-01  6.0751160416876793e-01  
q[342]: 1.0377919500014407e-04  7.6521322319286922e-01  6.8902160032945714e-01  7.1362343747362533e-03  
q[343]: 2.2202674972185215e-04  7.3107585403264119e-01  6.4636314340121859e-01  3.8179044671076585e-02  
q[344]: 2.4689309681635743e-04  7.7244701648541636e-01  7.0161687284200736e-01  8.1906380010479479e-02  
q[345]: 4.2169657115776171e-04  7.8110384668221966e-01  6.9535644373104943e-01  1.4411549242073277e-01  
q[346]: 4.4950466596422630e-04  7.7250586371500363e-01  6.9264600040235436e-01  2.3585551764964427e-01  
q[347]: 4.7811764049093380e-04  7.6731560555031253e-01  6.8906210514020172e-01  3.2697535592042831e-01  
q[348]: 5.2974536564461591e-04  7.5144967158403519e-01  6.7042542874791022e-01  4.1171264139505798e-01  
q[349]: 4.7700704299381277e-04  7.6875205739069541e-01  6.8076804429276649e-01  5.1820481578143174e-01  
q[350]: 3.1904713168202155e-04  8.0154526660301983e-01  7.1732346396727553e-01  6.2790070451523106e-01  
q[351]: 2.3778868045995293e-04  7.9799365011903589e-01  7.1085589197623500e-01  6.7222744488602160e-01  
q[352]: 9.5428499625791838e-05  7.6974299172790572e-01  6.8891450010830069e-01  6.8169198733222702e-01  
q[353]: 6.2567091433470061e-05  7.0731455687748901e-01  6.7655793680905119e-01  5.7905951460097580e-03  
q[354]: 1.6764837137533536e-04  7.5314969985889912e-01  7.1921341088120017e-01  3.3944149360368686e-02  
q[355]: 1.9962548741992876e-04  7.9090114408392320e-01  7.6063936640208829e-01  8.5557666885819908e-02  
q[356]: 2.8626454070089340e-04  7.3450993343289450e-01  7.0007379330460384e-01  1.4153327124603876e-01  
q[357]: 2.6030857254946482e-04  7.7883726538049036e-01  7.4407265084367025e-01  2.1081932595412822e-01  
q[358]: 3.2219344368044446e-04  7.8275960346654516e-01  7.5012776063214237e-01  3.1595843457879963e-01  
q[359]: 3.2399523563743859e-04  7.7934369175487705e-01  7.4640520233918572e-01  4.1954693286242256e-01  
q[360]: 3.1243365806646881e-04  7.7351618974106817e-01  7.3849209744724964e-01  5.1175812698208256e-01  
q[361]: 2.9193318619203377e-04  7.7148394627764272e-01  7.3388383053040340e-01  5.9105950344960767e-01  
q[362]: 2.1888760870840767e-04  7.4927077820924215e-01  7.1406555616856804e-01  6.4108281131732925e-01  
q[363]: 1.4163487420025783e-04  7.5510316461936877e-01  7.1941890924066665e-01  6.9086198064175341e-01  
q[364]: 4.8793209211574238e-05  7.3874362144406502e-01  7.0533534148647559e-01  7.0019527875316023e-01  
q[365]: 2.8047149618337801e-05  7.1572547500901273e-01  7.0971709807986161e-01  9.8767077935385215e-03  
q[366]: 7.7501873967653837e-05  7.2566327001199160e-01  7.1957437376095756e-01  4.3696780898365511e-02  
q[367]: 1.0229489285133905e-04  7.4186709903664572e-01  7.3545249583827743e-01  1.0064906099366568e-01  
q[368]: 1.2207432172621306e-04  7.4904578400093069e-01  7.4260887944349829e-01  1.7244873886120474e-01  
q[369]: 1.5262208812088008e-04  7.5177189706468106e-01  7.4519657357899471e-01  2.5956906556554366e-01  
q[370]: 1.5737088561303746e-04  7.5198466969086197e-01  7.4576343905799447e-01  3.5897097178920701e-01  
q[371]: 1.6219631055335368e-04  7.5614645618663390e-01  7.4964651450881836e-01  4.6380030957182344e-01  
q[372]: 1.4051305742779238e-04  7.1577623647986599e-01  7.0910849064211789e-01  5.2950198386823888e-01  
q[373]: 8.5602155236964706e-05  7.7440273317996944e-01  7.6678090343363825e-01  6.3457808302403229e-01  
q[374]: 7.9524299781255802e-05  7.3068658331753644e-01  7.2381290590171798e-01  6.8408902247060099e-01  
q[375]: 3.7563870459751702e-05  7.8283906541883208e-01  1.5088777231043845e-02  7.2969921547265193e-03  
q[376]: 4.9430818320181155e-05  8.3065902476660813e-01  4.2382315484149558e-02  3.7809119154177853e-02  
q[377]: 6.2422667593519060e-05  8.3846252871350246e-01  4.6967867894601029e-02  6.2503660538165322e-03  
q[378]: 1.0474788867297095e-04  8.3877305694660309e-01  6.0131508491477366e-02  3.0293196126805404e-02  
q[379]: 7.4262799369154909e-05  8.6254951686316916e-01  9.9759303495502619e-02  9.3743728471478119e-02  
q[380]: 8.6424422040128347e-05  8.2795802277318609e-01  1.0040866999598720e-01  5.7165673051073991e-03  
q[381]: 1.8500622628811919e-04  8.7828484774679672e-01  1.1333589500608394e-01  3.5433083622215346e-02  
q[382]: 2.6489310554694742e-04  8.4020059539976200e-01  1.5308796683251899e-01  8.3271343119301885e-02  
q[383]: 1.3429774694412419e-04  8.4181803475047257e-01  9.8916295765878404e-02  7.0986340400157139e-02  
q[384]: 1.3067816075089056e-04  8.2883032939690016e-01  1.7822106781603572e-01  1.7173397797542861e-01  
q[385]: 1.3016711122276729e-04  8.3131815281171551e-01  1.7482002677990843e-01  7.8799896636093884e-03  
q[386]: 2.9227909906373117e-04  8.4460220378037965e-01  1.9651720053947458e-01  3.8248234082845202e-02  
q[387]: 3.2675133595783139e-04  8.5523274730548193e-01  2.1562400731755899e-01  8.7701694474599023e-02  
q[388]: 4.8206947723476208e-04  8.4474627357031151e-01  3.0976958904739049e-01  1.5222796783336576e-01  
q[389]: 3.9667089019525042e-04  8.3712737505346191e-01  2.4623051115597078e-01  1.6256200968805182e-01  
q[390]: 2.6736298496288186e-04  8.4637325508816230e-01  1.7908350564810072e-01  1.4621778738178914e-01  
q[391]: 1.2263746077652884e-04  8.5356556055102906e-01  2.8813925142376429e-01  2.8094651642490659e-01  
q[392]: 1.1859655871532271e-04  8.4135032789785025e-01  2.6926107907332048e-01  5.9156598787658086e-03  
q[393]: 2.4837960248277251e-04  8.5852595173232127e-01  2.8359317949914403e-01  3.2129675973213041e-02  
q[394]: 4.5961178103424326e-04  8.5701739443520863e-01  3.1165162696297150e-01  8.6537491715516598e-02  
q[395]: 3.7076123541899143e-04  8.5495029229784048e-01  3.3772896084030318e-01  2.5608739109397866e-01  
q[396]: 3.2847720286271044e-04  8.2839137438000021e-01  2.7138228677504617e-01  2.3513664345235250e-01  
q[397]: 3.2330383880664483e-05  8.5984887203960236e-01  3.5481987394802289e-01  3.5204819882971239e-01  
q[398]: 1.4202416247741499e-04  8.5741182897882540e-01  3.7698643918404934e-01  7.4059552726975621e-03  
q[399]: 3.0075508524753607e-04  8.5833350421029941e-01  3.8445556956286486e-01  3.7217891342570121e-02  
q[400]: 4.7899672990155281e-04  8.4472697271002928e-01  4.0768323374769477e-01  8.6863005534307161e-02  
q[401]: 4.8289654787384592e-04  8.6635935216371018e-01  4.1536143458581476e-01  1.5856750377977319e-01  
q[402]: 5.1970165349036839e-04  8.5044848249248994e-01  4.4039192705071167e-01  2.4171633926431141e-01  
q[403]: 3.7668710821861680e-04  8.3706083836337275e-01  3.6269279895604284e-01  2.2478345240329856e-01  
q[404]: 3.8051302423071338e-04  8.3118009551938465e-01  4.0766981760619408e-01  3.3875515633781117e-01  
q[405]: 2.9979811952099943e-04  8.6962861149897241e-01  3.7836796426578162e-01  3.4710931451529387e-01  
q[406]: 1.0074883264100079e-04  8.6838987473014528e-01  4.7709648313262443e-01  5.6218562334216099e-03  
q[407]: 2.7522867723798317e-04  8.5261108056246693e-01  4.8402916144796360e-01  3.1522692835293589e-02  
q[408]: 4.7364637854356822e-04  8.6755844398472259e-01  5.0668244884002855e-01  1.4452405612891733e-01  
q[409]: 4.2402363643650944e-04  8.4268411396639198e-01  4.4171141900857502e-01  3.1543842492581947e-01  
q[410]: 3.4918332895219402e-04  8.5694160563230681e-01  4.8898866177901829e-01  4.5420614720093250e-01  
q[411]: 1.4054131278818679e-04  8.2425368939201715e-01  3.9092186376409482e-01  3.8330032833385697e-01  
q[412]: 1.2498424039150368e-04  8.6932268064070040e-01  5.7448708094539447e-01  7.2994245421391145e-03  
q[413]: 1.6130594582791912e-04  8.5568060954665737e-01  5.5754447675280783e-01  3.7736361977094228e-02  
q[414]: 4.8896803791311319e-04  8.3353030318292931e-01  5.0377772991276970e-01  7.9959723145867495e-02  
q[415]: 5.2730068531171999e-04  8.5595354359797227e-01  5.2073658257812594e-01  2.1972460840593735e-01  
q[416]: 5.4816570647390572e-04  8.5308248422041266e-01  5.4255688874408803e-01  3.0518343665443809e-01  
q[417]: 5.1819806165774758e-04  8.5322700103411464e-01  5.3698339338330736e-01  3.7700494195299677e-01  
q[418]: 5.1087200372534750e-04  8.3331587735464296e-01  5.1777709220361223e-01  4.2978067137658887e-01  
q[419]: 1.3396512655422529e-04  8.3422872782561353e-01  5.0795666599107581e-01  5.0157732701594449e-01  
q[420]: 9.0539590380567941e-05  8.6891060509538665e-01  6.7104015240053461e-01  6.8051953091649757e-03  
q[421]: 2.7361657848617863e-04  8.2914044903527340e-01  5.9937158022645465e-01  3.7889410042832902e-02  
q[422]: 4.4649845561773097e-04  8.4784459853692917e-01  6.1991477385884686e-01  9.1223759940711205e-02  
q[423]: 4.9465599468633925e-04  8.5608962756171381e-01  5.9250311943556910e-01  1.5339591509438255e-01  
q[424]: 5.0170973355328022e-04  8.4676619702139710e-01  6.2369979441993550e-01  2.9684145348464991e-01  
q[425]: 5.4936261439348180e-04  8.5322647334331736e-01  6.2894864174081633e-01  3.8927186978795164e-01  
q[426]: 5.0353263810391834e-04  8.1901358416151182e-01  5.9648224138566419e-01  4.4245591649282578e-01  
q[427]: 4.0294878100769502e-04  8.3173762166058007e-01  6.0515827061726879e-01  5.2442508777095809e-01  
q[428]: 3.1998487850391950e-04  8.4883542053899186e-01  5.8948340988955195e-01  5.5519514730272446e-01  
q[429]: 1.0989379632225118e-04  8.6534634834294921e-01  6.3030208723833969e-01  6.2349875986166758e-01  
q[430]: 5.5975625930297412e-05  8.1563312352015194e-01  6.7562831869308992e-01  2.3421354712309887e-03  
q[431]: 2.0120674914066286e-04  8.4488006219866341e-01  6.9577822661374267e-01  2.5694584447005168e-02  
q[432]: 3.1804974491750874e-04  8.6490928514202992e-01  7.1160921559859180e-01  6.9966553758392114e-02  
q[433]: 4.8630624440986479e-04  8.4112289149619590e-01  6.8765603994718216e-01  1.4231164143502367e-01  
q[434]: 4.3019741352728940e-04  8.5052905856232608e-01  6.7068835731587395e-01  2.0638159096884381e-01  
q[435]: 4.3642189407568744e-04  8.5440818144438058e-01  7.1467663488801181e-01  2.7697982290533424e-01  
q[436]: 4.8862109108776673e-04  8.5746613578220299e-01  7.0680659145324332e-01  3.6044490997348178e-01  
q[437]: 4.5447300466251137e-04  8.6019478783668557e-01  7.1441704902326664e-01  4.6330059371341087e-01  
q[438]: 5.1028573811313937e-04  8.4781924668507125e-01  7.0481566516146776e-01  5.4364197576893536e-01  
q[439]: 3.6913827428307301e-04  8.6185003822766215e-01  7.1578921789839367e-01  6.3005452265783457e-01  
q[440]: 2.7738968047001693e-04  8.3883057576397524e-01  6.7668620001800051e-01  6.4236049329426548e-01  
q[441]: 9.5036896798912030e-05  8.4506063485839578e-01  6.9249144091562354e-01  6.8649356600781197e-01  
q[442]: 8.8695866558771073e-05  8.6611941435750528e-01  7.8052682695203801e-01  6.5085840144481809e-03  
q[443]: 1.6843597388590390e-04  8.2595490807449079e-01  7.4648823656847774e-01  3.3602675252785645e-02  
q[444]: 2.5792298414598986e-04  8.5144380214234638e-01  7.6661140236756353e-01  7.8016870337477950e-02  
q[445]: 2.9489803668963379e-04  8.6752105529864099e-01  7.8061526956688199e-01  1.3649654514932977e-01  
q[446]: 4.3401180560054769e-04  8.5148302898298878e-01  7.6204444821089679e-01  2.1742748283251048e-01  
q[447]: 4.4590988297018181e-04  8.5487389180614626e-01  7.7649657753345780e-01  3.2646170539148117e-01  
q[448]: 4.7522626359582310e-04  8.4589401078983395e-01  7.6122862870858965e-01  4.2150257197428403e-01  
q[449]: 4.2031546219758136e-04  8.3787599131456525e-01  7.5897348134599008e-01  5.1875393064892839e-01  
q[450]: 3.5100368187495620e-04  8.5957695158519176e-01  7.8311087403538560e-01  6.3225031088724448e-01  
q[451]: 2.4737605947882258e-04  8.9041823274963239e-01  8.0829560914377208e-01  7.2326955860118303e-01  
q[452]: 1.4936378451465394e-04  8.7160521815583192e-01  7.8768383856757440e-01  7.5044964968012151e-01  
q[453]: 8.8556732491686742e-05  8.5559830158284400e-01  7.6788972545964529e-01  7.6001290204222149e-01  
q[454]: 6.4489853896050546e-05  8.1942942756481263e-01  7.8604324440108186e-01  6.5723646760905193e-03  
q[455]: 1.2957956603232800e-04  8.5456166659832433e-01  8.1681498982269451e-01  3.5205254702982476e-02  
q[456]: 1.6280241361250794e-04  8.7167515310597166e-01  8.4051307796079699e-01  8.3749188486173520e-02  
q[457]: 2.9579051190799455e-04  8.4322844509923245e-01  8.0559763760889025e-01  1.5579136258270335e-01  
q[458]: 3.0511722433804558e-04  8.5289086957973981e-01  8.1714165138360828e-01  2.6012140157525537e-01  
q[459]: 2.5256437465383074e-04  8.5798609159053763e-01  8.2631002332839731e-01  3.7206011567874159e-01  
q[460]: 2.8786649362866416e-04  8.5585656021431677e-01  8.1995993315323035e-01  4.7000935844623204e-01  
q[461]: 2.6061826819677404e-04  8.5629664885686918e-01  8.2359945350304054e-01  5.7474928800257796e-01  
q[462]: 2.2101503974819003e-04  8.5461405443741079e-01  8.2491221294482819e-01  6.6512267725588103e-01  
q[463]: 2.2085201653415692e-04  8.4352515181579302e-01  8.0875032712645334e-01  7.2717658251430373e-01  
q[464]: 1.2874808054294274e-04  8.4874329161835560e-01  8.1419715570952922e-01  7.8451483490845042e-01  
q[465]: 4.3996342946244757e-05  8.3376683585930456e-01  7.9683767361172342e-01  7.9246146837371523e-01  
q[466]: 2.2438981618921683e-05  7.8878440558191254e-01  7.8252446788223329e-01  6.3326862288635146e-03  
q[467]: 7.0698196054527654e-05  8.2451169375067590e-01  8.1690479729733523e-01  3.4412632610135933e-02  
q[468]: 6.9414786802034166e-05  8.3010297253243326e-01  8.2508916582367353e-01  8.4341225905867873e-02  
q[469]: 1.1543796905654807e-04  8.3494420642537126e-01  8.2757166571481999e-01  1.5432850941650994e-01  
q[470]: 1.2456799854606784e-04  8.3862369759796729e-01  8.3165807956410709e-01  2.3635878563490909e-01  
q[471]: 1.3121347902732243e-04  8.4211683457708852e-01  8.3588863043507711e-01  3.3152975882052477e-01  
q[472]: 1.3440794704418639e-04  8.4105654175542055e-01  8.3484163250905319e-01  4.3433591325275112e-01  
q[473]: 1.3372457600888045e-04  8.4961410342196386e-01  8.4267774464815126e-01  5.3688154050317627e-01  
q[474]: 1.1963657272760961e-04  8.0776905034093605e-01  8.0116553967961823e-01  5.8924088001994290e-01  
q[475]: 7.1830563730847954e-05  8.5723930365693091e-01  8.5198924378001828e-01  6.9652975937954476e-01  
q[476]: 8.4547360207700285e-05  7.9504940047721195e-01  7.8848528861405576e-01  6.9973895910324757e-01  
q[477]: 6.5669523023896448e-05  8.2908300758152864e-01  8.2260981762444985e-01  7.8162793068846381e-01  
q[478]: 3.5534127294422191e-05  7.9907254912914050e-01  7.9201803214303546e-01  7.8396732743756881e-01  
q[479]: 2.6071918759599983e-05  8.7463094022643506e-01  1.3846138093036101e-02  6.2508631614212919e-03  
q[480]: 3.7796252615844525e-05  9.1787635857418681e-01  4.0835500900990744e-02  5.6976938926485863e-03  
q[481]: 3.8290213685302601e-05  9.0643243507927695e-01  3.8156404906122300e-02  3.1453110330875743e-02  
q[482]: 4.7016063342812256e-05  9.2105233549493348e-01  7.6420024177813364e-02  6.9956165334677051e-02  
q[483]: 5.5575822672688180e-05  9.0923223703476108e-01  8.4089196849628026e-02  7.5192640948361401e-03  
q[484]: 9.5282117923732425e-05  9.1664243173815019e-01  6.7228756934704162e-02  3.3676656178702039e-02  
q[485]: 2.1482997586684446e-04  9.2495018577530874e-01  1.6391499426052450e-01  7.5719610695158590e-02  
q[486]: 1.5979133165906783e-04  9.1116510079240043e-01  1.2181220312517152e-01  8.7029746958235954e-02  
q[487]: 8.2094537094228281e-05  9.1042282527668872e-01  1.5365653995438411e-01  1.4712486721771109e-01  
q[488]: 7.8732764950976305e-05  9.0444949555751564e-01  1.3561439501736131e-01  7.2349550275486582e-03  
q[489]: 1.8451772426890698e-04  9.1406152328591228e-01  1.7818284524724406e-01  3.4325790918285866e-02  
q[490]: 2.6146136636899048e-04  9.1846097288794548e-01  2.4789520350010630e-01  8.1855889140632812e-02  
q[491]: 2.9908433135833300e-04  9.1407778994704469e-01  2.7894684099479278e-01  1.4330620042381756e-01  
q[492]: 2.0166591022497291e-04  9.0257534635924586e-01  2.0668979677975319e-01  1.3129254966647422e-01  
q[493]: 1.6756582948103776e-04  9.2270636051535482e-01  1.9204547502650207e-01  1.6025020349224778e-01  
q[494]: 8.4911770171273938e-05  9.0322637187347510e-01  2.3493499000474558e-01  2.2958592884614781e-01  
q[495]: 8.4006178891235411e-05  9.0384291440311215e-01  2.1380088221073565e-01  5.2822127312740774e-03  
q[496]: 1.7856835588457416e-04  9.2003293576896061e-01  2.5901669291416718e-01  2.7436555055654246e-02  
q[497]: 2.3463518927306314e-04  9.1832195213479817e-01  3.0959450017838791e-01  6.7107873195554751e-02  
q[498]: 3.9414389511165462e-04  9.1472598242195458e-01  3.6428279894810661e-01  1.4996242399214785e-01  
q[499]: 4.4969428200768391e-04  9.1285279597378610e-01  3.7259626756904840e-01  2.2774929300233687e-01  
q[500]: 2.8742784277789867e-04  9.1186031328042272e-01  2.8088894164502570e-01  2.0308392572724832e-01  
q[501]: 2.3717587173697908e-04  9.0441989884212659e-01  2.7265327098385028e-01  2.4150931521420224e-01  
q[502]: 1.0918050093200109e-04  9.2330902291510508e-01  3.5725564729915327e-01  3.5098771703948811e-01  
q[503]: 1.0608737452047480e-04  9.1467179879156590e-01  3.2143693120612177e-01  6.3691303290487385e-03  
q[504]: 2.3714974232521199e-04  9.2202995455400527e-01  3.7615991252619141e-01  3.4294504208447325e-02  
q[505]: 3.4425058359894168e-04  9.1684048959066289e-01  4.0792386680387377e-01  8.6504954709067480e-02  
q[506]: 5.0662775481879086e-04  9.1775691905981560e-01  4.7299766010021643e-01  2.3980820730972827e-01  
q[507]: 4.8060006451162627e-04  9.1257206736329610e-01  4.7428688489056275e-01  3.2565241706637699e-01  
q[508]: 3.4321218026319263e-04  9.1914317404884349e-01  3.7992838050024980e-01  3.0215951159356508e-01  
q[509]: 1.8451601089825991e-04  9.3141410625315435e-01  3.7346740103911086e-01  3.4071121618646766e-01  
q[510]: 2.3057221480993605e-04  9.2021634403331887e-01  4.8731756228151724e-01  3.1985535188424570e-02  
q[511]: 3.5973640772960907e-04  9.0944322300758929e-01  4.9963036780433312e-01  7.7695427587258503e-02  
q[512]: 4.4001018340982174e-04  9.2669820409650472e-01  4.7686146631880966e-01  1.5329437277008343e-01  
q[513]: 5.2736875706550096e-04  9.2032421107482631e-01  5.7347727199801635e-01  2.4231140748993665e-01  
q[514]: 4.1316877277174969e-04  9.0625919907443564e-01  4.7935962792755987e-01  3.9714376405118007e-01  
q[515]: 2.4942055574548070e-04  9.3003026551714219e-01  4.8453829444715479e-01  4.5100225650348774e-01  
q[516]: 1.2365083371634487e-04  8.9801879026050446e-01  4.5936351926597263e-01  4.5286095339511384e-01  
q[517]: 1.0172463881849825e-04  9.3089716455656368e-01  5.5455393130290020e-01  6.5093651957468922e-03  
q[518]: 2.3629107714254375e-04  9.2393919946418268e-01  5.9851814607580067e-01  3.5284782629415298e-02  
q[519]: 3.5660310461958317e-04  9.0669308007181337e-01  5.9656598229504920e-01  8.6433041723957382e-02  
q[520]: 4.4647509524140666e-04  9.2713464393460154e-01  5.8048373016466881e-01  1.5021873539920480e-01  
q[521]: 4.1105272634400390e-04  8.5534911250251000e-01  6.0564438570748624e-01  2.3048424719167240e-01  
q[522]: 5.3575336565870994e-04  9.1976831748899468e-01  5.7175512850965382e-01  3.4075096264310689e-01  
q[523]: 4.6620836393845204e-04  9.1777880355733266e-01  5.8857827621235115e-01  4.3952880519187759e-01  
q[524]: 3.6276178969017498e-04  9.0610098256070626e-01  5.8331662522521111e-01  5.0083820063039119e-01  
q[525]: 2.4362325592362419e-04  9.2343639802240518e-01  5.9086321481080117e-01  5.5615267408826430e-01  
q[526]: 1.1107459351495656e-04  9.0755822343310855e-01  5.7070682132356887e-01  5.6398601632938694e-01  
q[527]: 9.7028168179617930e-05  9.2583132421434200e-01  6.6727276531959256e-01  6.7020834528621108e-03  
q[528]: 1.7721844436180994e-04  8.9775267836942318e-01  6.5735923735906643e-01  3.5862327955101900e-02  
q[529]: 2.9915427181988110e-04  9.2431617086269835e-01  6.9637375667877566e-01  8.2222049319142107e-02  
q[530]: 4.1978990773441227e-04  9.1662709147856813e-01  6.8093287981290407e-01  1.5346545549878074e-01  
q[531]: 4.3692806081780706e-04  9.2064094121603302e-01  6.6020977092542321e-01  2.2818570895364168e-01  
q[532]: 3.3872810561473853e-04  9.1467416318069705e-01  7.1544142547638201e-01  2.8975007261440339e-01  
q[533]: 5.5157812100621530e-04  9.1662919561780853e-01  6.6122760085922183e-01  3.3951682494163032e-01  
q[534]: 5.1168773715029765e-04  9.1808448328409376e-01  6.7867476028127982e-01  4.4858064078088683e-01  
q[535]: 4.3192267911099634e-04  8.8533451599779156e-01  6.5774068150150955e-01  5.0834212042639959e-01  
q[536]: 3.3941264027220698e-04  9.0671227548989231e-01  6.7856949017302048e-01  5.9286097014799355e-01  
q[537]: 2.2067439554931655e-04  9.1750123001889339e-01  6.8591892964315904e-01  6.4886251071046741e-01  
q[538]: 8.4413620640010488e-05  9.2407594450424946e-01  6.8224414264234901e-01  6.7496197113602785e-01  
q[539]: 8.6427276727215528e-05  9.1711995589305761e-01  7.6584074232759469e-01  6.3528232090405553e-03  
q[540]: 1.7537694506372889e-04  9.2026779565698935e-01  7.3881276084716352e-01  3.4402076153749239e-02  
q[541]: 2.1904025876803374e-04  9.3164205082858587e-01  7.9825416340680089e-01  7.6938802616685273e-02  
q[542]: 3.1339872800725279e-04  9.1105750947750519e-01  7.5481188972472357e-01  1.2871719157297259e-01  
q[543]: 4.4244901509521108e-04  9.1606688613645570e-01  7.6102835273332314e-01  2.1399872397555322e-01  
q[544]: 3.5065619885005884e-04  9.2325768820493137e-01  7.8175620454318762e-01  3.2163188989534791e-01  
q[545]: 4.8822583302272660e-04  9.1975302419924154e-01  7.5633931411405797e-01  4.1631773656575516e-01  
q[546]: 4.1501712191348929e-04  9.2009566960259381e-01  7.6878129286288066e-01  5.3054157482437836e-01  
q[547]: 3.7759713473379484e-04  9.2050704439055686e-01  7.7263319743857684e-01  6.1936651978564006e-01  
q[548]: 2.5711550035946944e-04  9.3136825110365995e-01  7.8279152067924818e-01  7.0083334333256697e-01  
q[549]: 1.7191296537153640e-04  9.0745096687613003e-01  7.5544064465377192e-01  7.2276620288765836e-01  
q[550]: 8.0283750273415244e-05  9.1927630224592294e-01  7.6478528555900549e-01  7.5858367201648047e-01  
q[551]: 5.2225853737160105e-05  9.3800965798482838e-01  8.5759704573746243e-01  6.6618103530505851e-03  
q[552]: 1.8317337982014727e-04  9.0745592937142472e-01  8.0991866596820705e-01  3.3566202171125839e-02  
q[553]: 1.8346803661253180e-04  9.2050180052435315e-01  8.5084272693813312e-01  8.2936878192476429e-02  
q[554]: 2.4993067277652502e-04  9.2829125503950694e-01  8.3755456227943115e-01  1.5274714375778339e-01  
q[555]: 2.5299108084334319e-04  9.1423862510524534e-01  8.2826331074123083e-01  2.2666596716403145e-01  
q[556]: 3.0634034688513937e-04  9.2100638208183383e-01  8.3897641222539088e-01  3.0973424851918896e-01  
q[557]: 3.6553812912130566e-04  9.1926407776615005e-01  8.2910041876212148e-01  4.1343781965096182e-01  
q[558]: 3.6460837728667520e-04  9.1423120931590263e-01  8.2723023366854509e-01  5.1022121409409260e-01  
q[559]: 3.2003452858546470e-04  9.0748645329165933e-01  8.2865566955637437e-01  6.0310080904287566e-01  
q[560]: 2.3835648141019386e-04  9.3171410613196781e-01  8.4797747820663538e-01  7.0190726612218557e-01  
q[561]: 1.6433637575016891e-04  9.5701539787469303e-01  8.7630855947927944e-01  7.8986892716446844e-01  
q[562]: 1.2052858190254175e-04  9.2755240948277540e-01  8.3701762149486103e-01  8.0011181961733102e-01  
q[563]: 5.8031152723620989e-05  9.1990255737752313e-01  8.3800855043296962e-01  8.3128705810300962e-01  
q[564]: 5.4329365323866638e-05  9.0562754756938280e-01  8.7072303805988271e-01  7.3335947521090379e-03  
q[565]: 1.0536921381950353e-04  9.2419720692252338e-01  8.8423824242667937e-01  3.7500710736859955e-02  
q[566]: 7.7858528724491529e-05  9.4648420725516169e-01  9.2508151200330957e-01  8.1033976439102942e-02  
q[567]: 1.5838419017357420e-04  9.1968954144236958e-01  8.8329526842438988e-01  1.3210573821317606e-01  
q[568]: 2.3935029107535850e-04  9.1371440161623763e-01  8.7674639470316973e-01  2.1080394777405456e-01  
q[569]: 2.3333254358936698e-04  9.1852832601657364e-01  8.8440059989612529e-01  3.1945430103250300e-01  
q[570]: 2.5687733913751611e-04  9.1789912995716938e-01  8.7853468502901044e-01  4.2639333190664414e-01  
q[571]: 2.5355298897114894e-04  9.1892292823162736e-01  8.8319027704387731e-01  5.4395007571174936e-01  
q[572]: 2.0576549049922027e-04  9.2199054212210474e-01  8.9225033561990053e-01  6.5626546502788874e-01  
q[573]: 1.8851348752585279e-04  9.1993530443878213e-01  8.8600781603558676e-01  7.4386875949445486e-01  
q[574]: 1.4660950754035902e-04  9.2134744046085115e-01  8.8588104346169594e-01  8.1375624076993336e-01  
q[575]: 8.2953172041541796e-05  9.2269993958138719e-01  8.8532216784797091e-01  8.5829574274894727e-01  
q[576]: 3.1906381551254170e-05  9.0860938382753176e-01  8.7506960294152547e-01  8.7016782696650918e-01  
q[577]: 2.3164527384578825e-05  8.7614259537554373e-01  8.6993364105899229e-01  6.7359455865512487e-03  
q[578]: 5.5932762127688255e-05  9.0806861108184966e-01  9.0074680956348052e-01  3.6458679281462784e-02  
q[579]: 6.5129335883451592e-05  9.0445344526306171e-01  8.9824541953897175e-01  9.0032233086686578e-02  
q[580]: 9.9386243797133591e-05  9.0730787299169302e-01  9.0011837521504123e-01  1.6415494474935008e-01  
q[581]: 1.1561722341802907e-04  9.1074332595275620e-01  9.0389111613468354e-01  2.6032327861625809e-01  
q[582]: 1.2111355055010306e-04  9.1389056059816121e-01  9.0702948144505702e-01  3.7223340766773794e-01  
q[583]: 1.3091023718121407e-04  9.1411675810481752e-01  9.0656449277873585e-01  4.8313704921732681e-01  
q[584]: 9.3359237773475264e-05  9.2088495556780414e-01  9.1462912088664539e-01  5.9216190346490194e-01  
q[585]: 7.8824695584638258e-05  8.9305114753618220e-01  8.8789811194278090e-01  6.5701488057881730e-01  
q[586]: 7.5985602233565736e-05  9.3141932738899669e-01  9.2502715983668171e-01  7.5518234592115541e-01  
q[587]: 8.7835795959027274e-05  8.8643134644461608e-01  8.7956387415552095e-01  7.8427850314856629e-01  
q[588]: 5.4602115304155319e-05  9.0842441712686373e-01  9.0140045304988325e-01  8.6133203724563900e-01  
q[589]: 2.6313205578638999e-05  8.8602532990888483e-01  8.7943150804745984e-01  8.7157924356438277e-01  
q[590]: 1.8262534546169267e-05  9.4745766651967922e-01  1.3893890222540133e-02  7.5240421380666916e-03  
q[591]: 2.5524010900094905e-05  9.6709480257165448e-01  4.5766290041949903e-02  4.0838723454592406e-02  
q[592]: 2.7441565873396410e-05  9.7025080359851268e-01  4.2332898163602473e-02  6.1516482130122962e-03  
q[593]: 4.7107911735972718e-05  9.6775988268312430e-01  5.9042092744798033e-02  3.2767334212410210e-02  
q[594]: 4.9744673573518756e-05  9.6048131273223836e-01  1.1192625260833372e-01  1.0536886130578835e-01  
q[595]: 4.9272229198035983e-05  9.6243177343779829e-01  1.0063744480719071e-01  6.2769754971976361e-03  
q[596]: 1.1498047192220453e-04  9.5367603151708702e-01  1.0843898471172378e-01  3.3704996666522359e-02  
q[597]: 1.1171495907706841e-04  9.7802381377796965e-01  1.5986339584026715e-01  7.7795259258016738e-02  
q[598]: 1.0432821614211267e-04  9.6374453334616383e-01  1.1653532042449213e-01  8.2588987472338130e-02  
q[599]: 5.7937018230826372e-05  9.6415675721968064e-01  1.8964946850068523e-01  1.8328018526416331e-01  
q[600]: 6.2873655207610910e-05  9.5921629582992118e-01  1.8224253768576737e-01  5.6515982121280233e-03  
q[601]: 1.3190987901383602e-04  9.6519917920600284e-01  1.8039231963608887e-01  3.3005139767543205e-02  
q[602]: 1.7710038796642287e-04  9.6544047942208766e-01  2.3252293694953841e-01  8.6389841996937847e-02  
q[603]: 2.6316697317512843e-04  9.6416894206561266e-01  3.0746934548523414e-01  1.5901250406102296e-01  
q[604]: 1.8874522000268760e-04  9.5895961365671545e-01  2.1671257960189330e-01  1.3762421030627270e-01  
q[605]: 1.1561784418271591e-04  9.6917938365741418e-01  1.9465010029624372e-01  1.6070385650345692e-01  
q[606]: 7.4292992602462951e-05  9.5600119947839435e-01  2.7565509236317004e-01  2.6890124644925367e-01  
q[607]: 5.3158085986315881e-05  9.6204864719915617e-01  2.8564052999133910e-01  3.9598906416843894e-03  
q[608]: 1.2030833837471181e-04  9.6667138038598188e-01  2.7028876072371166e-01  2.6399310690365635e-02  
q[609]: 1.7357055129086962e-04  9.6732613633092146e-01  2.9391279276198701e-01  6.8277689377916284e-02  
q[610]: 2.0991500859766891e-04  9.5069655712089807e-01  3.6757182957245599e-01  1.2122591939288159e-01  
q[611]: 2.7123465248225017e-04  9.6447907846073733e-01  3.9590597864578064e-01  2.5068713355904126e-01  
q[612]: 2.2757416324265044e-04  9.6331968482844343e-01  3.0816208141693752e-01  2.2643983084765046e-01  
q[613]: 1.6569837606652575e-04  9.6340361375579830e-01  2.8865367128219943e-01  2.5429996548993428e-01  
q[614]: 5.9833176678194842e-05  9.7642228727558533e-01  3.7488511865838464e-01  3.6881665260600244e-01  
q[615]: 6.0292970948189225e-05  9.6934648246971800e-01  4.0617478397715606e-01  5.8307871333998446e-03  
q[616]: 1.1841371142497261e-04  9.6631254050318405e-01  3.7065225435225968e-01  2.5244359015592133e-02  
q[617]: 2.1562049474544101e-04  9.6737871258184993e-01  3.9379981413709675e-01  6.7913993343570497e-02  
q[618]: 3.3103978168986446e-04  9.6330279174970879e-01  4.4118142536542154e-01  2.1403741125282347e-01  
q[619]: 2.8432670013123164e-04  9.6190272363168261e-01  4.8675342549164347e-01  3.4238127415375402e-01  
q[620]: 2.2555104534903136e-04  9.6767495611661858e-01  4.1354989413437099e-01  3.3331981739315075e-01  
q[621]: 1.3210819003491714e-04  9.7122321333643147e-01  4.0361922232340658e-01  3.7132527311466978e-01  
q[622]: 1.0061273240769857e-04  9.2732149707494615e-01  4.3562052960164793e-01  6.2633624148560460e-03  
q[623]: 1.8432855953476072e-04  9.6685308567301531e-01  4.9147663662936125e-01  3.7501608672793812e-02  
q[624]: 2.6752893461294493e-04  9.6118856154134014e-01  5.0571323785180089e-01  8.8584659290685999e-02  
q[625]: 2.5335799345154131e-04  9.7341784957632804e-01  4.6631045888972822e-01  1.4008301353537086e-01  
q[626]: 3.3200837352215273e-04  9.6553444291297363e-01  5.4466556103600883e-01  2.2023505601715304e-01  
q[627]: 3.6969490060398023e-04  9.6795828555484564e-01  5.4391919954492440e-01  3.1611453054847383e-01  
q[628]: 2.8408119283949409e-04  9.6413076214547544e-01  5.8310715297486759e-01  4.3801194908879881e-01  
q[629]: 2.6409558088464442e-04  9.6129630868480020e-01  5.1595145532274045e-01  4.3691302491517947e-01  
q[630]: 1.1874838928684413e-04  9.7763645151385481e-01  5.1066693705693222e-01  4.7760479050618954e-01  
q[631]: 8.5221918677861339e-05  9.5705608133367370e-01  4.7255147281682741e-01  4.6615977512311174e-01  
q[632]: 7.3745079002396225e-05  9.7303495651031680e-01  5.2459535518519007e-01  7.4279180972639056e-03  
q[633]: 1.5141975217962172e-04  9.7019000224891061e-01  6.0841423989079702e-01  3.4037951057289968e-02  
q[634]: 2.8221494001104733e-04  9.6185575119809164e-01  6.1467306874524363e-01  8.2155728175171194e-02  
q[635]: 2.6937647113232298e-04  9.7203263362847470e-01  5.8600573164902980e-01  1.5274850043676141e-01  
q[636]: 3.4273073903417107e-04  9.6811685815292758e-01  6.6129083096268837e-01  2.3166128438617820e-01  
q[637]: 3.7446889054936725e-04  9.6651001991333296e-01  6.3956362684282619e-01  3.1753140257107232e-01  
q[638]: 3.4549045606818067e-04  9.6482243780334587e-01  6.5106259543550238e-01  4.2596436865399362e-01  
q[639]: 2.1402244304197427e-04  9.7577273950300591e-01  6.8675008053570141e-01  5.3465256670529893e-01  
q[640]: 2.7172276691632852e-04  9.5975252269320799e-01  6.2602719979308608e-01  5.4197425874269733e-01  
q[641]: 1.4408459540168832e-04  9.7223952923264489e-01  6.0569612841078901e-01  5.7088900518050700e-01  
q[642]: 8.0499951519254545e-05  9.5984193650827876e-01  5.8291184337642798e-01  5.7629015511862325e-01  
q[643]: 6.1283647942023619e-05  9.7055490563971547e-01  6.4601688908112465e-01  5.8849560340984743e-03  
q[644]: 1.5191023260338808e-04  9.6301179082187716e-01  7.1242160804945132e-01  2.9090729314916595e-02  
q[645]: 2.1634909696992551e-04  9.6832548337672730e-01  7.2942365640510931e-01  7.4975398743642424e-02  
q[646]: 3.2216291912256405e-04  9.6612057915455674e-01  6.9292195514227550e-01  1.4545365181852785e-01  
q[647]: 3.4613690797906003e-04  9.6506287171847716e-01  7.5927025125443415e-01  2.3357735008010649e-01  
q[648]: 3.6561849315528224e-04  9.6489451973629647e-01  7.4132918943271497e-01  3.3121573644525837e-01  
q[649]: 3.1741837993165702e-04  9.6580627726463308e-01  7.2991654451258436e-01  4.2373918828710788e-01  
q[650]: 2.8206157014517235e-04  9.6818813570066864e-01  7.6057445809520663e-01  5.3537652132945224e-01  
q[651]: 3.3005592183618637e-04  9.4454363955111331e-01  7.0667175494139023e-01  5.5684860258279911e-01  
q[652]: 2.3878820900942246e-04  9.6352570327452414e-01  7.2884169767401741e-01  6.4559452808403051e-01  
q[653]: 1.4634167432074944e-04  9.6730087609506121e-01  7.0561007209115867e-01  6.7150896692474682e-01  
q[654]: 6.2068848684492978e-05  9.6496658103760136e-01  6.8997573416767033e-01  6.8351951422123658e-01  
q[655]: 4.7142121343627851e-05  9.6666603202879164e-01  7.6023163017505957e-01  4.1573029248122267e-03  
q[656]: 1.1614428011542713e-04  9.6352778989937637e-01  8.1317983066219857e-01  2.6674757161070393e-02  
q[657]: 1.6526608558151663e-04  9.7179618703295600e-01  8.2531409820997270e-01  7.4720607596146585e-02  
q[658]: 2.9900854248290318e-04  9.6476802847765319e-01  7.9308277854914977e-01  1.4616088873584668e-01  
q[659]: 2.5772869842728463e-04  9.6523937098450641e-01  8.4441153297731719e-01  2.3462488479275265e-01  
q[660]: 2.6558788854437010e-04  9.6836304675084184e-01  8.3384468336848849e-01  3.2642149244772106e-01  
q[661]: 2.4927366257529514e-04  9.6813525274597256e-01  8.2284511156532314e-01  4.1476417898960150e-01  
q[662]: 2.4523333124302235e-04  9.6431999817116654e-01  8.1037064088629707e-01  4.9410171611634007e-01  
q[663]: 2.3059579137664794e-04  9.6626424468583527e-01  8.3947909000220766e-01  6.1212935290030501e-01  
q[664]: 2.2652861502114131e-04  9.7140877248715074e-01  8.0641123318535290e-01  6.6201229373881609e-01  
q[665]: 1.2929716168221997e-04  9.7379152757011822e-01  8.2622314379164352e-01  7.4879191222396946e-01  
q[666]: 1.3790658210263815e-04  9.6349335773257061e-01  7.9819637888656592e-01  7.6590503666707210e-01  
q[667]: 4.9576966654703786e-05  9.6891566383632333e-01  7.8924345985279765e-01  7.8327359397054297e-01  
q[668]: 3.0672022113357119e-05  9.7071975459432047e-01  8.5183560116871992e-01  4.3542040445877783e-03  
q[669]: 1.0235906914635093e-04  9.6588039025577221e-01  8.8745268431751201e-01  3.3319477932406083e-02  
q[670]: 1.3199346104936121e-04  9.6862364339986973e-01  8.9955385683282107e-01  8.3538414633561098e-02  
q[671]: 1.7757297256415356e-04  9.6952531603756231e-01  8.7667102663785568e-01  1.4661084741747379e-01  
q[672]: 1.9115765477474659e-04  9.6482369739664697e-01  9.0227281784219271e-01  2.4297801491609172e-01  
q[673]: 2.3657475916040875e-04  9.6705960338967201e-01  9.0150198926816671e-01  3.5244696552288990e-01  
q[674]: 2.3669193108112201e-04  9.6698161314261644e-01  8.8837365315121475e-01  4.5492584994716978e-01  
q[675]: 2.3408014552825764e-04  9.6472732281882612e-01  8.7523721260487763e-01  5.5196234336852301e-01  
q[676]: 1.8923293227240446e-04  9.5776502883394155e-01  8.8813808544956818e-01  6.5901662620718016e-01  
q[677]: 1.5615484235071491e-04  9.7719547155055764e-01  8.8282273751791873e-01  7.3219573901373047e-01  
q[678]: 7.7303258711906202e-05  9.9255995301297550e-01  9.1146228861895728e-01  8.2897965896109282e-01  
q[679]: 8.6726932381259706e-05  9.6816734555600081e-01  8.8307319234502268e-01  8.4670971706403708e-01  
q[680]: 4.8890836209584636e-05  9.6600048747958001e-01  8.6604447515461402e-01  8.5856663298383373e-01  
q[681]: 3.1984561933389839e-05  9.6878713070767664e-01  9.2927249021643832e-01  6.5801241470049582e-03  
q[682]: 5.0336105981903823e-05  9.6833858436223696e-01  9.4521875609331119e-01  3.3848880547199409e-02  
q[683]: 5.2510885472594028e-05  9.7476088000190508e-01  9.5034764241791425e-01  9.1656113380437512e-02  
q[684]: 1.4127453710816585e-04  9.6673488502817340e-01  9.3028014272464910e-01  1.6417386221159283e-01  
q[685]: 1.1921399201602277e-04  9.6361895083273164e-01  9.3954026067655594e-01  2.7006675300807986e-01  
q[686]: 1.2899691130552910e-04  9.6579630881658152e-01  9.4577419895801162e-01  3.7353490240229681e-01  
q[687]: 1.6044144695097798e-04  9.6318679570323396e-01  9.3333107270060045e-01  4.7475703090102667e-01  
q[688]: 1.6502186096707306e-04  9.6617869055954442e-01  9.2655544183632166e-01  5.8095676694041087e-01  
q[689]: 1.1150762022851891e-04  9.7132906315428158e-01  9.3948887157551608e-01  6.8372047798887259e-01  
q[690]: 1.3336601633526853e-04  9.6935718970411677e-01  9.3305322964166570e-01  7.7291484646100894e-01  
q[691]: 8.9994079562972211e-05  9.7272491911546499e-01  9.3954408600506545e-01  8.5435035181198238e-01  
q[692]: 5.6800752203289319e-05  9.7058450237217742e-01  9.3591659309214659e-01  9.0368057007856961e-01  
q[693]: 2.7196214024664624e-05  9.6579357795838650e-01  9.2548734671763622e-01  9.2035666270019267e-01  
q[694]: 2.0237004445519686e-05  9.4688539312571696e-01  9.3901483969729482e-01  7.0381980945104080e-03  
q[695]: 1.5737190633535496e-05  9.6549042643279293e-01  9.6304076087626467e-01  3.6520254482556941e-02  
q[696]: 1.9879765499231566e-05  9.6205490167106289e-01  9.6085618641484838e-01  8.9874413707579009e-02  
q[697]: 5.7271191810640580e-05  9.6060912025290512e-01  9.5358076609624287e-01  1.5690664543883323e-01  
q[698]: 5.5202571909375399e-05  9.6230609159608704e-01  9.5604617569619321e-01  2.3447034853312587e-01  
q[699]: 3.4103474505250733e-05  9.6359950941566996e-01  9.6230978867537609e-01  3.3955573555944679e-01  
q[700]: 5.7063031671277213e-05  9.6463053541957011e-01  9.6050055804707091e-01  4.7000724477787886e-01  
q[701]: 8.5037093038780516e-05  9.6790040335785843e-01  9.6010640724030072e-01  5.8564536521499033e-01  
q[702]: 7.2245724001410511e-05  9.6059186883696146e-01  9.5411455362738617e-01  6.9474714247054903e-01  
q[703]: 4.8056042614171180e-05  9.7648427069884203e-01  9.6942514110525502e-01  7.9830834148467456e-01  
q[704]: 6.0225173925247028e-05  9.5218394258459771e-01  9.4543073341753880e-01  8.4882108119773769e-01  
q[705]: 3.2298260120020753e-05  9.6361420218452243e-01  9.5704536547684516e-01  9.1663944658512442e-01  
q[706]: 1.9758953449396366e-05  9.5249464725993416e-01  9.4510024444513285e-01  9.3737187862201155e-01  
q[707]: 8.1886654690896983e-06  9.8922410726217080e-01  1.3740708612652511e-02  7.1055159436863068e-03  
q[708]: 1.0338866046226444e-05  9.9508325968092526e-01  4.3143482277688626e-02  3.6049835032172656e-02  
q[709]: 8.4109093135014482e-06  9.9664621095052530e-01  4.0310518719439990e-02  8.4460142433194375e-03  
q[710]: 3.3757194011960945e-05  9.9369373209695211e-01  8.4827692445369127e-02  4.7942601926460562e-02  
q[711]: 2.5718016187172845e-05  9.9173751441407054e-01  9.7117044831549412e-02  8.9715778172083260e-02  
q[712]: 1.3935161761760179e-05  9.9349458639139809e-01  8.5592839880299365e-02  5.2254543877388688e-03  
q[713]: 2.5732332411474350e-05  9.8903197040742585e-01  8.8536492578704509e-02  2.4949869364699073e-02  
q[714]: 2.6303376304167428e-05  9.9827929257191161e-01  1.6924782520131804e-01  8.5661181684325668e-02  
q[715]: 5.1711707048673170e-05  9.9357900842691826e-01  1.5042977109416858e-01  1.1337593607772269e-01  
q[716]: 2.7493296744278359e-05  9.9342385430787961e-01  1.7468625494148901e-01  1.6777927364475853e-01  
q[717]: 3.0377894760365606e-05  9.9229208170712047e-01  1.5790372229266350e-01  7.4148848116417140e-03  
q[718]: 5.0011004192999124e-05  9.9314055994646300e-01  1.4351346434891912e-01  3.5737190119933135e-02  
q[719]: 8.4499597244027432e-05  9.9330478529861088e-01  2.4099753764778115e-01  8.9098655173212915e-02  
q[720]: 9.7144280196916955e-05  9.9418495230056725e-01  3.2784921174860260e-01  1.5209722836766504e-01  
q[721]: 1.1644806292809493e-04  9.9186366593399866e-01  2.4862939014017166e-01  1.5657938555436937e-01  
q[722]: 6.4017928649211966e-05  9.9393348290795591e-01  2.3843574825622341e-01  2.0107120365026837e-01  
q[723]: 4.0733898253873353e-05  9.9191578554413384e-01  2.7433402289420966e-01  2.6706967475107746e-01  
q[724]: 3.5768770787434300e-05  9.9252514423708038e-01  2.4904397089453514e-01  7.2335606224991087e-03  
q[725]: 6.7667898602876233e-05  9.9374927406088720e-01  2.3245015296274299e-01  3.8766620728674810e-02  
q[726]: 1.0336279392227036e-04  9.9375052362282001e-01  3.4009648424632444e-01  8.8002102645376765e-02  
q[727]: 1.5084942745787375e-04  9.7570227455216663e-01  3.6281326382000656e-01  1.3652243948953646e-01  
q[728]: 1.0468963210982398e-04  9.9324245572597125e-01  3.7750072567462334e-01  2.2672073072075810e-01  
q[729]: 9.9163123597154713e-05  9.9322363386697332e-01  3.3724815719796247e-01  2.5091367111025248e-01  
q[730]: 7.6386647862466619e-05  9.9278223722377679e-01  3.3895328698016614e-01  3.0211971288901363e-01  
q[731]: 1.7764077440383809e-05  9.9765773697307247e-01  3.8743740464580734e-01  3.8024572158680381e-01  
q[732]: 3.2249977587793277e-05  9.9353661548172023e-01  3.5808041572141452e-01  6.4114535227366206e-03  
q[733]: 7.3864662483611287e-05  9.9376567074002498e-01  3.3731407230104854e-01  3.5721592073860810e-02  
q[734]: 1.1344910373651893e-04  9.9371583341682390e-01  4.4993978612967428e-01  8.4451418466474248e-02  
q[735]: 1.0128028302791194e-04  9.9517337124161009e-01  4.3757327638485821e-01  1.5549305403341226e-01  
q[736]: 1.3713962118091781e-04  9.9253672572660179e-01  4.5901820769721507e-01  2.2665977427495543e-01  
q[737]: 1.3754601323555369e-04  9.9281753851577903e-01  4.7392867347386264e-01  3.1623616245753949e-01  
q[738]: 9.9158922924680258e-05  9.9383150677483933e-01  4.3903564549920537e-01  3.5112998781599331e-01  
q[739]: 5.3704294019081250e-05  9.9549462789482757e-01  4.4594609674980268e-01  4.1027510479680457e-01  
q[740]: 2.7100792693319789e-05  9.9509925688453804e-01  4.8181463675128455e-01  6.3839273721879881e-03  
q[741]: 7.8454334241520601e-05  9.9329040411743963e-01  4.5233927054272105e-01  3.3620487018271576e-02  
q[742]: 1.1728394354865446e-04  9.9522613012350591e-01  5.4930440916224332e-01  1.5597727141957540e-01  
q[743]: 1.6286902300804138e-04  9.9264116078321440e-01  5.6527099716560336e-01  2.4073429728533746e-01  
q[744]: 1.1510842678322607e-04  9.9488959758471196e-01  5.5781698019429971e-01  3.1807535073178572e-01  
q[745]: 1.5076841367518226e-04  9.9264798413885402e-01  5.7022783535893184e-01  4.2009496243952504e-01  
q[746]: 1.0965607120398839e-04  9.9257771962567187e-01  5.3521890148922913e-01  4.5376103706874166e-01  
q[747]: 3.9631136298956510e-05  9.9743343278575369e-01  5.6617559198392353e-01  5.3246541637231337e-01  
q[748]: 4.0553585429739330e-05  9.9179481322967067e-01  4.9822004527992997e-01  4.9173421967461017e-01  
q[749]: 2.8194016106247532e-05  9.9479896624655628e-01  6.1061065360415945e-01  6.4169423751699586e-03  
q[750]: 6.7327499118135034e-05  9.9463923713338587e-01  5.7436071733305938e-01  3.4500924284646996e-02  
q[751]: 1.3478895951856649e-04  9.9234794716018893e-01  5.6272336731266315e-01  8.3543060181595227e-02  
q[752]: 1.3036701805347817e-04  9.9391163727763931e-01  6.6035773103536510e-01  1.4521020610089400e-01  
q[753]: 1.3954447295290705e-04  9.9426296117255986e-01  6.6483606512338145e-01  2.3318281643077007e-01  
q[754]: 1.5375672046593535e-04  9.9379224632610208e-01  6.6894962531995783e-01  3.3134789972333289e-01  
q[755]: 1.6636430600131653e-04  9.9278815569278356e-01  6.4902176667946276e-01  4.1216779718717866e-01  
q[756]: 9.4549611266627354e-05  9.9568866402104594e-01  6.7573691530582070e-01  5.2228339767501941e-01  
q[757]: 1.2194747484044601e-04  9.9212260244270001e-01  6.3628342138454952e-01  5.5221738010344357e-01  
q[758]: 6.1607485554784539e-05  9.9447813174458466e-01  6.7588131327004597e-01  6.4067746320860630e-01  
q[759]: 3.7829288029740852e-05  9.9224829981302387e-01  6.1444207033079967e-01  6.0791121993579078e-01  
q[760]: 2.8770015908651750e-05  9.9363148636835386e-01  7.3016732072774437e-01  6.3434247013966867e-03  
q[761]: 6.6535313857497025e-05  9.9361678782463270e-01  6.9320610650454972e-01  3.2320059924967261e-02  
q[762]: 1.1219962877620450e-04  9.9311208325599476e-01  6.7968646316388637e-01  7.9366516230146650e-02  
q[763]: 1.1967849721279497e-04  9.9338200719321790e-01  7.7093117261323441e-01  1.2440308223306677e-01  
q[764]: 1.4773936943107775e-04  9.9326757800275178e-01  7.5740971091017273e-01  2.0432088353686112e-01  
q[765]: 1.6185256830651839e-04  9.9311132667674806e-01  7.5919026272654877e-01  3.0789017422073528e-01  
q[766]: 1.5745558965212542e-04  9.9323066613364397e-01  7.5745674533987506e-01  4.1729107092495643e-01  
q[767]: 1.4413251737007663e-04  9.9400934902874183e-01  7.4978884214557839e-01  5.0879821478607457e-01  
q[768]: 1.2577055328763797e-04  9.9327960494583223e-01  7.7732052555069575e-01  6.2380873561755446e-01  
q[769]: 1.0559485547820215e-04  9.9303136730496844e-01  7.3853102018278327e-01  6.5363786495518139e-01  
q[770]: 6.6866012818583007e-05  9.9328816376422457e-01  7.8019673714140092e-01  7.4410846772995087e-01  
q[771]: 3.2513639521190106e-05  9.9322322330573742e-01  7.2556982503788126e-01  7.1855213199882806e-01  
q[772]: 2.1725193185013199e-05  9.9486137832360788e-01  8.3406344797875831e-01  6.9264913138682473e-03  
q[773]: 4.8728524115241474e-05  9.9061152853502288e-01  7.9444406381993682e-01  2.6132068856513133e-02  
q[774]: 6.7327691959789734e-05  9.9484952505972390e-01  7.9131012617121976e-01  5.9663592485034694e-02  
q[775]: 1.2562667283314984e-04  9.9321159705201389e-01  8.4957707868143106e-01  1.9628297113441170e-01  
q[776]: 1.2208466628751779e-04  9.9370418417676221e-01  8.3716652357288779e-01  2.8630614572375701e-01  
q[777]: 1.2533122015989984e-04  9.9406654686915685e-01  8.3593222341771711e-01  3.9986263872932143e-01  
q[778]: 1.4322121069626549e-04  9.9306519358024470e-01  8.4254058657105835e-01  5.1120351297053201e-01  
q[779]: 1.2137288837811017e-04  9.9366237077604724e-01  8.4134586705759096e-01  6.0547348907896570e-01  
q[780]: 5.8626423222967283e-05  9.9723530094859969e-01  8.7108471709385960e-01  7.1563155719238125e-01  
q[781]: 7.2894750044690958e-05  9.9464729552609421e-01  8.3531075070192284e-01  7.4939374005728265e-01  
q[782]: 4.9770242889624273e-05  9.9351525349513525e-01  8.6832239261928856e-01  8.3484701611723955e-01  
q[783]: 2.3493838707342773e-05  9.9413377666328206e-01  8.2409114966241437e-01  8.1717350948939504e-01  
q[784]: 2.6165263317618016e-05  9.9237488887462155e-01  9.0965848720552933e-01  8.6810662520983121e-03  
q[785]: 5.6007376190508677e-05  9.9407656530342769e-01  8.8012761720314037e-01  4.0742531415799657e-02  
q[786]: 8.0572238154332816e-05  9.9412660300877764e-01  8.5674234220768009e-01  1.1231540733701799e-01  
q[787]: 8.0822209378742283e-05  9.9370250696899287e-01  9.1865753494869762e-01  1.7453269711153602e-01  
q[788]: 9.8294696570874960e-05  9.9328205560412419e-01  9.1577133654648668e-01  2.6816804190757065e-01  
q[789]: 9.1215130350704094e-05  9.9386269161414642e-01  8.9839588740125964e-01  3.5143359020602011e-01  
q[790]: 1.0236113670239518e-04  9.9388867349932486e-01  9.0624698372264578e-01  4.5581536089776781e-01  
q[791]: 1.0479946045727002e-04  9.9352936505916389e-01  9.1306968396723098e-01  5.6616782769655871e-01  
q[792]: 1.1650650669334552e-04  9.9236720565624137e-01  9.1374381060881105e-01  6.6840449250326506e-01  
q[793]: 5.1520104117268865e-05  9.9474888962349162e-01  9.3500967487096331e-01  7.8027983887600860e-01  
q[794]: 2.4021152761086291e-05  9.9365060593096766e-01  9.2630609104582862e-01  8.9750052367261723e-01  
q[795]: 1.6121199746269635e-05  9.9318107646597553e-01  9.0145315520572444e-01  8.9640924838760871e-01  
q[796]: 9.0429745125325656e-06  9.9565734767331615e-01  9.6318421068803162e-01  7.2078683205167530e-03  
q[797]: 4.2244909207172825e-05  9.9332359444313012e-01  9.4912322582222830e-01  4.1908353666396919e-02  
q[798]: 4.6488319199042902e-05  9.9429174985567537e-01  9.0932024166311975e-01  8.9491778186923263e-02  
q[799]: 4.4835230615054234e-05  9.9462125738263485e-01  9.5557412369789119e-01  1.0914511104528940e-01  
q[800]: 5.2416442235315033e-05  9.9347138818920322e-01  9.6468130226928694e-01  1.9642151367741084e-01  
q[801]: 6.4965279915064393e-05  9.9301921098049684e-01  9.6219603286964939e-01  2.9023154650938193e-01  
q[802]: 8.4890174926135231e-05  9.9357463971086912e-01  9.5369800803288285e-01  3.9588210024256287e-01  
q[803]: 8.5539233087779433e-05  9.9264080466745463e-01  9.5767176260200260e-01  5.1491331799718332e-01  
q[804]: 6.3423138725932969e-05  9.9419551584006649e-01  9.6355228645293967e-01  6.3377910622674338e-01  
q[805]: 4.8920702157932660e-05  9.9458618738559412e-01  9.6470901354162952e-01  7.4269962651143273e-01  
q[806]: 3.1366908028650383e-05  9.9551146616622566e-01  9.6872212327962293e-01  8.5218866330457965e-01  
q[807]: 2.3665446815116381e-05  9.9570024925897438e-01  9.6162214079576347e-01  9.1022012690214638e-01  
q[808]: 1.3504102550829658e-05  9.9412361138318717e-01  9.5812373291776365e-01  9.4970263274834987e-01  
q[809]: 6.4942541367213124e-06  9.8848012355071768e-01  9.8218126758233415e-01  5.4989725170828205e-03  
q[810]: 1.0188279459255826e-05  9.9442880530585953e-01  9.8653757950272358e-01  2.8121067298755402e-02  
q[811]: 2.1494267924317434e-05  9.9324326392787643e-01  9.8507947695218312e-01  7.4321571118394145e-02  
q[812]: 2.7402365243208687e-05  9.9255589279444478e-01  9.8601656040179519e-01  1.4758535124430763e-01  
q[813]: 2.6325993251764080e-05  9.9255977102285398e-01  9.8768561722868686e-01  2.4613000978551064e-01  
q[814]: 3.3492322485228114e-05  9.9331072224691708e-01  9.8642039488848565e-01  3.5528601092733053e-01  
q[815]: 3.8401446500803575e-05  9.9314582796617878e-01  9.8559936052223307e-01  4.6629546524470056e-01  
q[816]: 2.7990737753399473e-05  9.9421242059778703e-01  9.8829329311197567e-01  5.8492599127461364e-01  
q[817]: 3.0910345783183784e-05  9.9225550868690326e-01  9.8699704057645132e-01  7.0284671142751654e-01  
q[818]: 1.5937184817705648e-05  9.9608309705175102e-01  9.8983471391164912e-01  8.0889358983850290e-01  
q[819]: 2.1767211178560126e-05  9.9082578604034133e-01  9.8580779163516796e-01  8.9199485986480065e-01  
q[820]: 1.3931361000749887e-05  9.9340008929257073e-01  9.8588481472150924e-01  9.4815276880559407e-01  
q[821]: 8.0166045544346887e-06  9.9059403879904651e-01  9.8350915266426120e-01  9.7622549072599241e-01  

