deg: 22
dim: 3
nodes: 578
efficiency: 0.99481

q[0]:   2.3716689261209205e-05  5.8717575858756421e-02  1.5390004472087059e-02  8.2751011765000212e-03  
q[1]:   3.0603534811458329e-06  1.2577631930373015e-02  8.8583142074171589e-03  1.4759211141732384e-03  
q[2]:   3.0610399111825593e-05  5.2509621007312018e-02  4.1695039371824019e-02  3.2616538764349244e-02  
q[3]:   3.8003133193304769e-05  1.3664670845825114e-01  1.5785895839156901e-02  7.2484541783444049e-03  
q[4]:   5.0453264392706736e-05  9.4802021515204088e-02  5.0272009788514829e-02  1.2264081703495024e-02  
q[5]:   2.3448295946609304e-05  6.0734936033332951e-02  4.8676397983918901e-02  6.1296725042292817e-03  
q[6]:   5.0379266893705256e-05  1.0893221710927657e-01  5.9630780408492491e-02  4.9947974807512938e-02  
q[7]:   1.1558078695737065e-04  1.5206413204647121e-01  1.1481605996941106e-01  4.0541855919441282e-02  
q[8]:   3.7486129563894539e-05  8.8057527866351543e-02  8.3143751350496523e-02  3.5408065252247593e-02  
q[9]:   2.7167399430228780e-05  1.1147596139710009e-01  1.0589217223345627e-01  9.7939760880012758e-02  
q[10]:  5.3118320497958768e-05  2.3910717705003431e-01  1.7412057969655267e-02  9.5723029794845989e-03  
q[11]:  5.6639081527575588e-05  1.4231762817333915e-01  5.0232532180849096e-02  6.2421695137799410e-03  
q[12]:  1.0470298320332648e-04  1.7433643902245849e-01  7.4671527855614192e-02  3.3751722073244277e-02  
q[13]:  6.0919359591745029e-05  1.4249397822200000e-01  4.6023833507386758e-02  3.8795959997408570e-02  
q[14]:  2.2676514961471778e-04  2.2098176907763972e-01  1.3295487291467636e-01  8.8340730538188597e-02  
q[15]:  1.2188455236129300e-04  2.3717870889649675e-01  1.0768491585808283e-01  7.2671860094014693e-03  
q[16]:  1.6476441678402499e-04  2.2927056649222552e-01  1.1592244992832103e-01  1.0736527344494667e-01  
q[17]:  8.6537216498780954e-05  1.5911798381054737e-01  1.1139362749897662e-01  6.8628894866877123e-03  
q[18]:  2.1740731664434855e-04  2.4476542675625623e-01  2.0083507761117608e-01  4.6337503555193872e-02  
q[19]:  9.3312633261626707e-05  1.3624197449515771e-01  9.6452382749991003e-02  5.6760105281975767e-02  
q[20]:  6.6034616338483869e-05  1.4543664423151018e-01  1.0804328162714796e-01  1.0033515881802749e-01  
q[21]:  2.9531785923928055e-05  1.2112023313729221e-01  1.1329586147802458e-01  7.2284047341498719e-03  
q[22]:  7.6726974699456153e-05  1.6510875485449075e-01  1.5457264278550345e-01  3.3981026874651467e-02  
q[23]:  8.0238356388887558e-05  1.9535567308864218e-01  1.9023696523864267e-01  8.3277853997882484e-02  
q[24]:  9.4439519581366520e-05  1.4910599847353082e-01  1.3843485071025005e-01  9.5872601846552843e-02  
q[25]:  6.2832064011915720e-05  2.1183862159530931e-01  2.0187839984890071e-01  1.9272738683452981e-01  
q[26]:  3.7506210988047369e-05  3.4950169786660362e-01  1.3671743102313628e-02  5.5226868226181287e-03  
q[27]:  1.0771383149967429e-04  2.3595559303449021e-01  5.0465448988515835e-02  8.3838406451787247e-03  
q[28]:  1.1558941722249624e-04  2.3794344612988785e-01  5.4814872268415485e-02  4.6383010692048580e-02  
q[29]:  1.8395708459077864e-04  3.4527920739016199e-01  1.1376914040906826e-01  8.4120086129584170e-03  
q[30]:  1.5781613967434085e-04  2.3675694513148185e-01  8.4666683697481634e-02  4.3095277460208532e-02  
q[31]:  1.7740977215701019e-04  3.3999042796832724e-01  1.0834326212629648e-01  9.9961673089731223e-02  
q[32]:  3.8434677652723843e-04  3.2460085722942494e-01  1.4773701380648702e-01  1.0359638842762152e-01  
q[33]:  1.3283713559170289e-04  2.9124713997159246e-01  1.8764473795457287e-01  7.8046072202043893e-03  
q[34]:  1.6036788750503733e-04  3.2744641478430681e-01  2.2894373362032513e-01  2.2044088021858430e-01  
q[35]:  2.5370310916920176e-04  2.3627943325217929e-01  1.4194892479356838e-01  3.6801667290303340e-02  
q[36]:  4.0056493023110933e-04  3.0393427028672648e-01  1.9911766393899391e-01  9.4610655928354229e-02  
q[37]:  3.9189903286154391e-04  3.3787493387623790e-01  2.2108911537465795e-01  1.7860932117684050e-01  
q[38]:  1.2278264737642359e-04  2.5153461379330633e-01  2.0713650335705680e-01  1.0079528575253537e-02  
q[39]:  3.0618885959175877e-04  2.4743754610321275e-01  2.0980233990577493e-01  1.0581719225313138e-01  
q[40]:  2.2115832627408007e-04  2.3310006119337978e-01  1.8561773454794345e-01  1.4374534574171685e-01  
q[41]:  9.7820547175718210e-05  2.3233772535869349e-01  1.8162523788389759e-01  1.7356947715772447e-01  
q[42]:  4.1803046535515526e-05  2.1323415248583374e-01  2.0420585696272345e-01  6.6367561480994907e-03  
q[43]:  2.4666819670523046e-04  3.3746310760919163e-01  2.9447191108515419e-01  8.5422607772008080e-02  
q[44]:  1.0676001818161695e-04  2.6056648673392485e-01  2.5275383198150292e-01  4.0841793313422498e-02  
q[45]:  1.6980720585800451e-04  3.0446530531596672e-01  2.9522753722365930e-01  1.0419053066840805e-01  
q[46]:  1.3894535953890122e-04  2.8425872887140069e-01  2.7678697020093440e-01  1.6893672380701052e-01  
q[47]:  1.0309709076291944e-04  2.3328108646692650e-01  2.2499907949932182e-01  1.7830971170631846e-01  
q[48]:  3.5554919792682752e-05  3.2320697913741597e-01  3.1837447351973058e-01  3.1054540337352166e-01  
q[49]:  1.1233809521529781e-04  3.6027837106244065e-01  4.4877892967327408e-02  3.8235773904623523e-02  
q[50]:  1.1919135464012542e-04  3.4697223429835355e-01  5.0583747478755596e-02  8.4501437722763126e-03  
q[51]:  2.5869835553455847e-04  3.4393076904750225e-01  8.1323242853056504e-02  4.3793998991930601e-02  
q[52]:  4.5826008859737666e-04  4.4492208980005615e-01  1.5000935006945701e-01  1.0200012109651070e-01  
q[53]:  2.1434518012652788e-04  4.5840295392787239e-01  1.1142043683985402e-01  1.0195798871268059e-01  
q[54]:  1.8136275374569671e-04  4.5651827386200616e-01  1.0131872526808205e-01  8.3198854407613952e-03  
q[55]:  3.1052853491600403e-04  3.2349488294377471e-01  1.3055272550847921e-01  4.2549786128952299e-02  
q[56]:  5.7949671264864201e-04  4.0922298706112958e-01  2.1368587074210116e-01  1.0422492376124722e-01  
q[57]:  1.8725858359639285e-04  3.8296831293619976e-01  1.9873603458408381e-01  8.1583335572383894e-03  
q[58]:  1.8097749018183658e-04  3.6088356216147360e-01  1.8371278361195814e-01  1.7579859359299219e-01  
q[59]:  3.6167576365641029e-04  3.6307061245960748e-01  2.0190854707302341e-01  4.2148269380295825e-02  
q[60]:  6.1121195754253231e-04  4.6513271242801735e-01  2.8044799195459824e-01  1.8861720069299726e-01  
q[61]:  1.9127250206461130e-04  3.9375450914216026e-01  2.9553022567450171e-01  8.6334441226693856e-03  
q[62]:  4.4843379195312323e-04  3.7106311877794906e-01  2.7538017002467363e-01  1.7639794014982019e-01  
q[63]:  4.4301238827770502e-04  4.4960975266442432e-01  2.1881127841150028e-01  1.8055222715528785e-01  
q[64]:  9.4436625648544909e-05  3.5162414826190758e-01  3.1482229090636910e-01  6.9104278650239529e-03  
q[65]:  3.5809479741868918e-04  3.5330624867149379e-01  2.5865434818697552e-01  4.3621645128573382e-02  
q[66]:  4.2605923548353551e-04  3.8515682341499191e-01  2.8347906507372861e-01  1.0512331654955201e-01  
q[67]:  6.2478583047065610e-04  4.8292379698737903e-01  3.5179216985159584e-01  1.8154654195151296e-01  
q[68]:  2.9977107461116452e-04  4.1443738679192615e-01  3.3304965661536412e-01  2.9379655995449616e-01  
q[69]:  1.6482770004687842e-04  4.4188176086871128e-01  3.3714594768670331e-01  3.3050372760827840e-01  
q[70]:  2.4515798300014545e-04  3.5820908098098253e-01  3.2160838961793509e-01  4.0253244935174695e-02  
q[71]:  4.5523116957585987e-04  4.6143646668765437e-01  4.1948161241184945e-01  1.0677137712690514e-01  
q[72]:  3.4598578540391605e-04  3.5119361893619366e-01  3.1127770380953729e-01  2.0294194907430643e-01  
q[73]:  2.5371075338166975e-04  3.2521888443051017e-01  2.8229176498283221e-01  2.3581718294959644e-01  
q[74]:  1.2885882059554646e-04  3.3214500131504726e-01  2.9581419869661579e-01  2.8699652305145029e-01  
q[75]:  3.9154087531802049e-04  3.8336760767305761e-01  3.3642135377650839e-01  1.5060789762965199e-01  
q[76]:  4.5896880822305795e-05  3.2476032663223914e-01  3.1845116733702794e-01  8.9667569087931408e-03  
q[77]:  1.0082556797857147e-04  3.8118832514309564e-01  3.7469684852586310e-01  4.6282696702305039e-02  
q[78]:  1.7269700434023737e-04  4.0967837928031453e-01  4.0187602251981874e-01  1.0731707490812456e-01  
q[79]:  2.1999552132004292e-04  3.9648454456257870e-01  3.8783780876927182e-01  1.9389805152448866e-01  
q[80]:  1.8812847163325496e-04  3.9397231594104859e-01  3.8580155067104877e-01  2.7821179898152254e-01  
q[81]:  1.2732410203749884e-04  3.3831979161571851e-01  3.2979229547213762e-01  2.8647162751146460e-01  
q[82]:  5.5084159320233923e-05  4.6888319985571519e-01  1.7363988110044620e-02  1.0385822873292467e-02  
q[83]:  9.4425390061311638e-05  4.5993972171736963e-01  4.3490304098093839e-02  8.7249337113395747e-03  
q[84]:  1.3242583932389750e-04  5.0103538146662163e-01  5.6457971380493285e-02  4.8492488024449561e-02  
q[85]:  2.8191281099808124e-04  4.6934675043813318e-01  8.1948417009920393e-02  4.1607310902836481e-02  
q[86]:  2.0940996408997195e-04  5.8117573230506470e-01  1.4663124655237592e-01  8.0659941939406551e-03  
q[87]:  4.7093121458792909e-04  4.4831203220517213e-01  1.4697056391508168e-01  4.4453897927311123e-02  
q[88]:  4.5068641184257290e-04  5.6995426501373636e-01  1.4047972114226021e-01  9.4862509691963387e-02  
q[89]:  2.5023172342016726e-04  4.8708138441891663e-01  1.9065895646850251e-01  8.4601208236376596e-03  
q[90]:  4.7389867567483644e-04  5.1698580297114216e-01  2.1418881624263972e-01  1.0679955279621231e-01  
q[91]:  2.2415922185817702e-04  4.8665657391213457e-01  1.9557662500220996e-01  1.8806607924883550e-01  
q[92]:  4.8235770438388915e-04  4.7869571718523291e-01  2.3126878052938998e-01  4.3196583316571863e-02  
q[93]:  6.2760154232116149e-04  4.8486681961461264e-01  3.0130964885906847e-01  1.0076786787574089e-01  
q[94]:  6.7898904794360445e-04  5.7321815198822679e-01  2.8158613781224240e-01  1.8808675219413185e-01  
q[95]:  2.2180631895961321e-04  4.8440397643782945e-01  2.9642762393047800e-01  8.5597709866101854e-03  
q[96]:  4.4904526938645593e-04  4.7138984004822931e-01  3.1109715352062917e-01  2.7375093476817336e-01  
q[97]:  1.8365893396070422e-04  4.7472539835179695e-01  2.8142517060000444e-01  2.7478748735068709e-01  
q[98]:  4.8039132961790517e-04  4.8178796737183133e-01  3.1937223096744438e-01  4.3238503784958138e-02  
q[99]:  8.1816810582340535e-04  5.9963536700539077e-01  4.0919860432253591e-01  1.0545547364310179e-01  
q[100]: 7.2095314224411566e-04  5.7469643981595331e-01  3.5591334992336265e-01  1.8841090890316170e-01  
q[101]: 2.0021052056637102e-04  5.2785093972726649e-01  4.0947523145439840e-01  7.7763814120075615e-03  
q[102]: 4.0731474094487982e-04  4.6986252306364151e-01  3.8520354094899290e-01  4.4301358909865411e-02  
q[103]: 5.3797114869365227e-04  4.8052958392252526e-01  3.7650813772647945e-01  1.0467567992913146e-01  
q[104]: 5.7597339391349050e-04  5.4790621435217479e-01  4.5059418035528737e-01  1.8338785547186406e-01  
q[105]: 3.6238500936786158e-04  4.8293972992262574e-01  4.0379859128885687e-01  2.2832727604409012e-01  
q[106]: 5.8391039212468492e-04  4.8207867482887651e-01  3.7508982861767159e-01  2.8000326067968090e-01  
q[107]: 3.8807810894570698e-04  5.3482564314426739e-01  4.4123108322972909e-01  4.0339307514887263e-01  
q[108]: 1.4731397953238404e-04  4.7513155069542296e-01  4.2530314024210675e-01  9.1295640117684818e-03  
q[109]: 2.5163261925687506e-04  4.8679384993423191e-01  4.5673542267256795e-01  4.5177939709467402e-02  
q[110]: 5.9014250726228913e-04  5.8833998174828317e-01  4.8458903438484940e-01  1.0159348785563736e-01  
q[111]: 4.1103701181394474e-04  4.9432451158612550e-01  4.5403196527406292e-01  1.9763514429481485e-01  
q[112]: 3.6503976511875102e-04  4.8429736690608494e-01  4.4487199670832489e-01  2.7379378520366998e-01  
q[113]: 3.8649931123658387e-04  4.6333413033741272e-01  4.1819245367702945e-01  3.1991326121705771e-01  
q[114]: 2.4604592814889993e-04  4.5060221739481687e-01  4.1872995030614046e-01  3.7433137113574833e-01  
q[115]: 1.3073708518480324e-04  4.6038668583571746e-01  4.1335875483512369e-01  4.0485585713146871e-01  
q[116]: 7.1575549422858153e-05  4.5094875833411269e-01  4.4154725229444669e-01  9.3440713677791047e-03  
q[117]: 7.0942308953502822e-05  4.9701886911416271e-01  4.9258636860233829e-01  4.8785372328406670e-02  
q[118]: 2.3012208995244044e-04  5.0553405800351592e-01  4.9757050390485813e-01  1.9244425337591406e-01  
q[119]: 2.3771709606772940e-04  5.0991530939256324e-01  5.0190186984446905e-01  3.0180566862231717e-01  
q[120]: 1.9778759702563121e-04  5.1274203686546715e-01  5.0451491575741902e-01  3.9517159571673188e-01  
q[121]: 8.8187215333427414e-05  4.6423910071106794e-01  4.5946740697471095e-01  4.1477367671934273e-01  
q[122]: 6.6497560932135685e-05  4.4355199147473579e-01  4.3327024614400828e-01  4.2451529066978355e-01  
q[123]: 6.3984853499645446e-05  5.8694457641537245e-01  1.8111199687133185e-02  7.2691421220986829e-03  
q[124]: 2.6881640683147265e-04  6.1030771241579329e-01  6.9650049489399235e-02  3.3789000948638549e-02  
q[125]: 4.6526929672855661e-05  6.2476880411515689e-01  3.7553021471901066e-02  3.5197140159513009e-02  
q[126]: 1.1547197521705330e-04  5.6224206530517051e-01  6.2680754090642249e-02  5.6767847512480428e-03  
q[127]: 1.3113652701767143e-04  6.1313430765414423e-01  8.3034910827780320e-02  7.2739723103927678e-02  
q[128]: 4.0464771789373827e-04  5.7000376726731317e-01  1.3116237175953094e-01  3.8977172365262269e-02  
q[129]: 2.1002143625470945e-04  5.9046531427864279e-01  1.4043361224834017e-01  1.3286078620902805e-01  
q[130]: 2.3821957636793473e-04  6.2555968459539590e-01  2.4505201995700163e-01  9.1789820655909637e-03  
q[131]: 5.9294949065867076e-04  5.9182626138307870e-01  2.2303774472973567e-01  4.4945839360228314e-02  
q[132]: 3.1446385111237433e-04  5.3860555922333264e-01  2.6905065864637689e-01  1.0727821664942924e-01  
q[133]: 6.0323896203983340e-04  6.1176080153532097e-01  2.1074957078715242e-01  9.9681132298243463e-02  
q[134]: 5.0322289735575763e-04  5.7398329560505590e-01  2.1564743934779390e-01  1.7539585177829875e-01  
q[135]: 2.2277991478820384e-04  6.1406797278877823e-01  2.3624086916018341e-01  2.2813363695478583e-01  
q[136]: 5.5740957969371081e-04  5.8418982807646913e-01  3.1503339911181100e-01  2.7468568904226776e-01  
q[137]: 2.1376888359331679e-04  5.8115610727943967e-01  3.0424903725820568e-01  7.7986503816859535e-03  
q[138]: 6.1270242008461609e-04  5.9898909685941071e-01  3.2957900269601353e-01  4.3320099706131043e-02  
q[139]: 7.3770471826489911e-04  6.1428682521766287e-01  3.2081546957986207e-01  1.0615277387741698e-01  
q[140]: 7.1917547095912571e-04  6.8079429320705565e-01  3.7816563611950732e-01  2.8400819370475833e-01  
q[141]: 2.3011408533470963e-04  5.9482250760100874e-01  3.2286435226268012e-01  3.1470837957905323e-01  
q[142]: 2.3469524981208057e-04  6.2075397005504607e-01  4.1917980433045315e-01  8.6358238558494234e-03  
q[143]: 5.2891176014666986e-04  5.9897917782059140e-01  4.3183901199075470e-01  4.3141191732744812e-02  
q[144]: 7.5411037995936302e-04  6.1934705879883734e-01  4.3728283348072600e-01  1.8886166295645290e-01  
q[145]: 5.3422194277170682e-04  6.4693448052249647e-01  4.5249508545930262e-01  2.8060559096232979e-01  
q[146]: 7.3540791950275810e-04  5.8195121264934879e-01  3.8895954544951988e-01  2.8856675760947309e-01  
q[147]: 5.3107579350290953e-04  6.0201250308679011e-01  4.2403592470957535e-01  3.7546215255986098e-01  
q[148]: 2.6533537694719731e-04  5.8086300464699014e-01  4.1110761097099480e-01  4.0116813089765019e-01  
q[149]: 1.8642037054320516e-04  6.5431474196930040e-01  5.4086650347738907e-01  7.2662738196986572e-03  
q[150]: 3.9102391553496539e-04  5.9360973245052462e-01  5.0691679563005210e-01  3.8648922973006081e-02  
q[151]: 5.7979037606649625e-04  6.4694628168961010e-01  5.4424115087661606e-01  2.7018227120071098e-01  
q[152]: 7.9233490800544677e-04  5.9339261628306816e-01  4.7815047160883822e-01  3.0015060269226984e-01  
q[153]: 6.3961678845421291e-04  5.9739795570971477e-01  4.9710469455075312e-01  3.9891371260399910e-01  
q[154]: 1.4638747346241944e-04  5.7855138442606702e-01  4.8280949092715064e-01  4.7653361574390490e-01  
q[155]: 4.8716248069861245e-04  6.3796278459487754e-01  5.2723850616794499e-01  1.8171006484788488e-01  
q[156]: 5.2811780834456960e-04  6.1096697136565548e-01  5.6813500989838961e-01  2.8493135686107218e-01  
q[157]: 1.1505064278827465e-04  5.9008944571287414e-01  5.4215361421493002e-01  6.6812261103515206e-03  
q[158]: 2.4316715802215973e-04  6.1424298937630306e-01  5.8408440128081873e-01  3.8560694235318556e-02  
q[159]: 4.1918339257285617e-04  5.8878072685464522e-01  5.4304429426811163e-01  9.5972397113060631e-02  
q[160]: 5.5509407931455873e-04  5.9792027338151066e-01  5.5460783922594292e-01  1.7967313924031969e-01  
q[161]: 2.6098351330635093e-04  6.1209385848775533e-01  6.0379477790220948e-01  2.9334877902662981e-01  
q[162]: 5.2640624343143027e-04  5.9982251763311345e-01  5.5110937001333349e-01  3.6080341221407775e-01  
q[163]: 3.9609805362101849e-04  5.8447665657612691e-01  5.4402397899277355e-01  4.3284476625094498e-01  
q[164]: 2.8271497177896556e-04  5.7606720602266104e-01  5.3588139871876550e-01  4.8800347983714792e-01  
q[165]: 1.3876251148630203e-04  5.8413889102791183e-01  5.4568112754634479e-01  5.3592095247690852e-01  
q[166]: 5.4576022291889499e-05  5.7152215874586210e-01  5.6237210206294996e-01  7.5525943192429560e-03  
q[167]: 6.4791154179109540e-05  5.9620580766565690e-01  5.9246251711592435e-01  4.1177180492906459e-02  
q[168]: 2.1853830667222998e-04  5.3925750992376376e-01  5.3042607122574892e-01  1.1158878454605924e-01  
q[169]: 2.3524516441019710e-04  6.3282684124777266e-01  6.2503405801975032e-01  1.9648254971652876e-01  
q[170]: 2.6657634876381273e-04  6.2232466359047944e-01  6.1275226388398663e-01  4.1371059661599147e-01  
q[171]: 1.3670710224290183e-04  5.8972359817930509e-01  5.8122294184219625e-01  5.3594428548352091e-01  
q[172]: 4.4792251137015054e-05  5.5849995188495194e-01  5.5187966010040745e-01  5.4379261275693791e-01  
q[173]: 5.2739928110849958e-05  7.1309154445955991e-01  1.6641732143001662e-02  9.2470648587167064e-03  
q[174]: 1.0371199383874602e-04  6.9488791846442899e-01  4.8053681472501143e-02  6.2766359022034561e-03  
q[175]: 1.4398418621030718e-04  7.2909912495119489e-01  6.0006286896401161e-02  4.8939897225360150e-02  
q[176]: 1.8896655537525549e-04  6.7453053139793406e-01  1.1097375463863510e-01  9.3941181609775038e-03  
q[177]: 2.5275727463922504e-04  7.4442302898560042e-01  8.2670601110298725e-02  3.7073052818108077e-02  
q[178]: 5.0304673225912513e-04  7.1944090252950976e-01  2.1430113971802606e-01  1.0615003296941011e-01  
q[179]: 4.2067022161651984e-04  6.9012659798503806e-01  1.4007836138108731e-01  9.5186014062419069e-02  
q[180]: 1.8484862208044053e-04  7.1793362635734925e-01  1.2284324808525304e-01  1.1500034781056771e-01  
q[181]: 4.0245823376041702e-04  6.9348045725009955e-01  1.4440497923260806e-01  4.6867143805853259e-02  
q[182]: 6.9234394015012116e-04  6.9035792536497032e-01  2.7000472599532149e-01  1.8137017092388383e-01  
q[183]: 2.0051834407039447e-04  7.0949724886585153e-01  2.0049297720138734e-01  7.1782374525270250e-03  
q[184]: 4.9839683815171797e-04  7.1078060325718573e-01  2.1896283659082896e-01  4.0917252458710904e-02  
q[185]: 8.0469884951313178e-04  7.1300992523116213e-01  2.9733759443123331e-01  1.0391410947591088e-01  
q[186]: 4.0391128217264410e-04  6.9078894675111246e-01  2.1313989260801675e-01  1.7667166172208218e-01  
q[187]: 2.0237219881290413e-04  7.1940085166884704e-01  2.1199030864484136e-01  2.0486225720351431e-01  
q[188]: 2.2449730462645464e-04  7.2420406595730324e-01  3.2137201581263031e-01  9.0261697817279780e-03  
q[189]: 5.8761559358848391e-04  7.1236902355121845e-01  3.2314321521007361e-01  4.4636246964759527e-02  
q[190]: 7.6447276951740974e-04  7.1352390891384776e-01  4.0849877685790881e-01  9.9104671086852392e-02  
q[191]: 8.4885875301164162e-04  6.7792001626781362e-01  3.4618548296886698e-01  1.8492226831719857e-01  
q[192]: 5.9306085704286156e-04  7.0769867576334589e-01  3.2030220666539416e-01  2.8026884480668890e-01  
q[193]: 1.9085072136306236e-04  7.1294638482255368e-01  3.2000331479952798e-01  3.1300759504502790e-01  
q[194]: 1.6329279177612171e-04  7.0484131895899238e-01  3.9958859775546646e-01  5.2586214675478457e-03  
q[195]: 4.9661622772260571e-04  7.0929113405251842e-01  4.2706846124427944e-01  3.3582734262250745e-02  
q[196]: 9.6857497821933598e-04  7.2280694727455386e-01  4.4490133088435252e-01  1.8449041310588027e-01  
q[197]: 8.3310282138474630e-04  7.2484677784010654e-01  4.6100171640353210e-01  2.8465640828695910e-01  
q[198]: 7.4176811722272715e-04  7.8083862305017449e-01  3.8141067565295494e-01  2.7178878766382791e-01  
q[199]: 5.0736907993303038e-04  7.0542185709835559e-01  4.2767616693202215e-01  3.9445432274190434e-01  
q[200]: 1.4651334785733796e-04  6.9494745044669404e-01  4.1740302830642340e-01  4.1245745995788752e-01  
q[201]: 1.4838216988821265e-04  7.3239772216855248e-01  5.3015519817410495e-01  5.2942768901925296e-03  
q[202]: 7.9661530472712892e-04  7.2490568757827567e-01  5.4808491194256270e-01  2.6542486033401774e-01  
q[203]: 6.9064227644244553e-04  7.3522168263920318e-01  5.6983367445375632e-01  3.5684112010244357e-01  
q[204]: 4.7784167905690333e-04  7.2767326280605737e-01  4.6457379202130877e-01  3.8075540466549279e-01  
q[205]: 2.3178265679328283e-04  7.0292398460763073e-01  5.1496710160582548e-01  5.0627306149208029e-01  
q[206]: 4.4004340230993665e-04  7.1925753523520031e-01  5.4300898151124477e-01  3.3180578619928638e-02  
q[207]: 6.6007929832857467e-04  7.1128568113979940e-01  4.9500795872978987e-01  8.4142999723415685e-02  
q[208]: 8.4818347295986210e-04  7.2148461786517737e-01  5.3132537375122402e-01  1.6445959906547783e-01  
q[209]: 7.9551509363268386e-04  7.0102245475412917e-01  5.2110127274477891e-01  4.0435770575256946e-01  
q[210]: 4.8240793010722780e-04  7.0773773956097485e-01  5.3283328008477082e-01  4.8572689901922267e-01  
q[211]: 3.6816993992129266e-04  7.1385405807541036e-01  6.2491856644209953e-01  3.9930521684313831e-02  
q[212]: 5.8154358127127906e-04  6.9832058551843290e-01  5.7278458438083846e-01  8.9332022716790901e-02  
q[213]: 5.8639168336499872e-04  7.1106007005804728e-01  6.0518989346825602e-01  1.6544387984431433e-01  
q[214]: 6.0518206397798177e-04  7.2725876450891225e-01  6.4081222879083621e-01  2.6283497099337827e-01  
q[215]: 6.6556672258807545e-04  7.3072300129425916e-01  6.4562492468527100e-01  3.6870385987964188e-01  
q[216]: 6.5161209166234610e-04  7.0190969877775866e-01  6.0374113935770390e-01  4.2694980500925339e-01  
q[217]: 5.2618520725847327e-04  7.1829896472114385e-01  6.1477750200993242e-01  5.1610668668457382e-01  
q[218]: 3.8820643546251310e-04  6.6051943027947491e-01  5.6309370128802494e-01  5.2311473224093930e-01  
q[219]: 1.8532532230379242e-04  7.0133489891495693e-01  5.9718787215135949e-01  5.8851890718812117e-01  
q[220]: 1.4647937750150632e-04  7.1444994172902221e-01  6.6596549951517081e-01  9.0188275744772436e-03  
q[221]: 2.2413169182730703e-04  7.3620892132008409e-01  7.0641695118003034e-01  4.7155587685249710e-02  
q[222]: 4.3020779541523882e-04  7.0708350568401002e-01  6.5406052785773761e-01  9.6584879330005438e-02  
q[223]: 4.7706277983962565e-04  7.1153776780619160e-01  6.6721576151047646e-01  1.7308696780605906e-01  
q[224]: 4.6495429933528281e-04  7.1277059145137456e-01  6.7659432064234448e-01  2.7515449102546458e-01  
q[225]: 4.9857619471249432e-04  7.2012174395357942e-01  6.8953667090925375e-01  3.9799148965884512e-01  
q[226]: 5.0161410753678237e-04  7.1217620073211274e-01  6.7107313660213463e-01  4.8927319278984638e-01  
q[227]: 4.0632131071034018e-04  6.9647763608340718e-01  6.5279079753081837e-01  5.5896949473807678e-01  
q[228]: 2.6241650657297765e-04  7.0579494672419740e-01  6.6299692352731354e-01  6.2898907353725175e-01  
q[229]: 6.9937270809598790e-05  7.0230486616747456e-01  6.5982312949817179e-01  6.5598751517945442e-01  
q[230]: 5.8867175492273292e-05  6.8899353372039862e-01  6.7968644018936208e-01  8.3776129059785296e-03  
q[231]: 7.5245990529148167e-05  7.2255681653146897e-01  7.1860047767486290e-01  4.4175674143576725e-02  
q[232]: 2.3385361284243488e-04  6.6131957036104450e-01  6.5150497951501063e-01  1.0166914200131272e-01  
q[233]: 2.0074780480503114e-04  7.3397890889333317e-01  7.2516422192513763e-01  1.8488134591417626e-01  
q[234]: 2.3215611206697348e-04  7.3393015021067443e-01  7.2675346475728952e-01  3.0376619780400960e-01  
q[235]: 1.3459598881675129e-04  7.1128549056418033e-01  7.0762073412887461e-01  4.0810261091504041e-01  
q[236]: 1.6338777879990483e-04  7.3010045403017554e-01  7.2331047149870498e-01  5.2635913586210292e-01  
q[237]: 1.7211209161492835e-04  6.3245495239778038e-01  6.2505511572836303e-01  5.1352174661981798e-01  
q[238]: 1.2831832234100256e-04  7.1111634681321489e-01  7.0308328096824768e-01  6.5235111432760784e-01  
q[239]: 6.0611356814130806e-05  6.8007873825176890e-01  6.7213657968932772e-01  6.6221618730957765e-01  
q[240]: 6.3307338917640448e-05  8.1503228935440353e-01  2.1012792648751184e-02  9.1135811017044131e-03  
q[241]: 1.1786136815001267e-04  8.1320873493685764e-01  6.1984219848438722e-02  7.9180661565441870e-03  
q[242]: 2.3747959048101521e-04  8.5016869629209402e-01  8.5244033417676834e-02  4.4765647557817902e-02  
q[243]: 7.2899572656006661e-05  8.2202504997358761e-01  5.1078030942607350e-02  4.5718660428522656e-02  
q[244]: 1.4300910636245621e-04  7.7631981911482117e-01  1.1962963373202069e-01  8.4001540976391832e-03  
q[245]: 4.0930470215031574e-04  8.0904086867097602e-01  1.5474764593872148e-01  4.3608867278809575e-02  
q[246]: 5.2256674719522683e-04  8.1143011580310653e-01  2.3476560758105086e-01  9.9019632839530761e-02  
q[247]: 4.3943755297378448e-04  8.0354208767128477e-01  1.5342169333416292e-01  1.0025856061237833e-01  
q[248]: 1.8416030041133055e-04  8.2042209622977547e-01  1.1715713628266540e-01  1.0603297153102892e-01  
q[249]: 1.6081167633395899e-04  8.0906178539196760e-01  1.8440599244745645e-01  9.0183945479619266e-03  
q[250]: 4.7727247584546442e-04  8.1427191530754806e-01  2.5567183610787098e-01  4.3072800829171788e-02  
q[251]: 5.9891125753227419e-04  8.1984249589846414e-01  3.2412331311488296e-01  1.0375079324072341e-01  
q[252]: 6.4454286224457924e-04  8.0392625036929655e-01  2.7679280649621169e-01  1.7525984211385284e-01  
q[253]: 3.7555188499315624e-04  7.8984524267573808e-01  2.1810323789813374e-01  1.7857892549919607e-01  
q[254]: 1.7489777378775631e-04  8.2552038613463929e-01  1.9684194965234433e-01  1.8940264803133219e-01  
q[255]: 2.2306320995968735e-04  8.0319868952380480e-01  2.8465557577403566e-01  8.4886991419172806e-03  
q[256]: 5.5700856025201384e-04  8.1613689026253189e-01  3.6957700520020886e-01  4.6118865068617294e-02  
q[257]: 8.1059701174209810e-04  7.9003227517957175e-01  3.6852155518638074e-01  1.8869764745711268e-01  
q[258]: 4.1180851561484135e-04  8.5451730655501057e-01  4.0682340958773744e-01  2.8776799197243946e-01  
q[259]: 4.9569083749348170e-04  8.1281843205770565e-01  3.1595186626283084e-01  2.6645825230926218e-01  
q[260]: 2.6491314844718990e-04  8.1041713283993699e-01  3.0214713736823967e-01  2.9221046561384895e-01  
q[261]: 2.5485200058228207e-04  8.2168968862754566e-01  4.1215636955914997e-01  9.1501258992753038e-03  
q[262]: 5.8931859441936163e-04  8.0929248457825276e-01  4.8197092980129558e-01  4.9969021333008630e-02  
q[263]: 7.1678178190078814e-04  8.0513096629212111e-01  4.1463219118515943e-01  1.1415016411609895e-01  
q[264]: 5.3415650642302812e-04  8.1895217963015499e-01  4.4810451085239000e-01  2.0377883416932546e-01  
q[265]: 5.6832397067311017e-04  8.1590394773853847e-01  4.2243528361187649e-01  3.7421736589324611e-01  
q[266]: 7.1020527415907250e-04  8.1702461893930911e-01  5.2698941132279409e-01  1.1463248991414152e-01  
q[267]: 7.7054213739965300e-04  8.2118070964646883e-01  5.7964959943560956e-01  2.8669088105546925e-01  
q[268]: 7.3663302395147253e-04  8.1120039789963994e-01  5.0220200475233756e-01  3.9149136838445203e-01  
q[269]: 2.1917095601579905e-04  7.9144231122517317e-01  4.1080656472636712e-01  4.0144661702074358e-01  
q[270]: 2.5575997968195805e-04  8.0482721833848336e-01  5.1215716288521729e-01  1.0158516845495482e-02  
q[271]: 5.1916608638497225e-04  8.1537250370955661e-01  6.0044024607253266e-01  4.9511588064585575e-02  
q[272]: 7.4974042269814866e-04  8.2426395491613680e-01  5.2912486596650332e-01  1.9636709038434844e-01  
q[273]: 8.4342057867146719e-04  8.1188966319348332e-01  6.0153771727169825e-01  4.2962551016119788e-01  
q[274]: 8.7272947102056450e-04  8.1593659760650405e-01  5.0279505963041771e-01  3.0563114246804129e-01  
q[275]: 4.6404720694084145e-04  8.1261870226145438e-01  5.2412465394061392e-01  4.7996220143345220e-01  
q[276]: 2.3200737275051075e-04  8.0836398692586153e-01  5.2543299513881803e-01  5.1730363808709046e-01  
q[277]: 2.0073899278317235e-04  8.3480909558344807e-01  6.3383086116349252e-01  9.8102058905982642e-03  
q[278]: 3.8074038832697991e-04  8.1900485556423464e-01  6.9822162625099393e-01  4.1484236474392915e-02  
q[279]: 6.0011517562003731e-04  8.0771448474574137e-01  6.1654087913352418e-01  1.1236916091879857e-01  
q[280]: 7.1481326309269196e-04  8.2075961782640827e-01  6.2118073942542362e-01  1.9372657475502231e-01  
q[281]: 6.2469958214822409e-04  7.9414310465137017e-01  6.4477437683841332e-01  2.7290510231926546e-01  
q[282]: 6.2962941858927895e-04  8.3679708253041019e-01  6.5058125924825960e-01  3.8037062570264807e-01  
q[283]: 6.7261235239637039e-04  8.1047869227461877e-01  6.1098645966564591e-01  5.2147311410076280e-01  
q[284]: 3.4472630769157302e-04  8.0185520385199804e-01  6.1269825202098038e-01  5.8165018110054345e-01  
q[285]: 1.2300524172974034e-04  8.0925275478955438e-01  6.3392798845329568e-01  6.2918283017320054e-01  
q[286]: 1.6982603195080817e-04  7.7823732167258741e-01  6.6111248352361607e-01  7.2411243974487057e-03  
q[287]: 5.4048168056483430e-04  8.0108322533015175e-01  6.8873018232560934e-01  1.0235534975897094e-01  
q[288]: 7.1230842513816505e-04  8.1070340154878573e-01  7.0312106616505676e-01  1.9173085488871536e-01  
q[289]: 5.4039961980358714e-04  8.3178207439915808e-01  7.3549552258365558e-01  3.0600717200738364e-01  
q[290]: 6.7259510891923367e-04  8.2330087479411396e-01  7.1083676934617779e-01  3.9774046865095097e-01  
q[291]: 6.9520469986769943e-04  8.1195204482733740e-01  6.9966745251088247e-01  4.9870765679503909e-01  
q[292]: 4.7902412418895397e-04  8.0850131622906130e-01  6.8797816461245664e-01  5.6460641359593944e-01  
q[293]: 4.5859826217559883e-04  7.9188980493813732e-01  6.8731185993770949e-01  6.3876108006691190e-01  
q[294]: 1.5656775519030407e-04  8.0509606665708155e-01  7.0676484565054365e-01  6.9661919704253294e-01  
q[295]: 1.3987534287824828e-04  8.2440261821449523e-01  7.7239335854457492e-01  1.0245519139339250e-02  
q[296]: 2.9276972845356788e-04  8.2288678927278958e-01  7.7011791956932973e-01  5.2882631318899018e-02  
q[297]: 4.5442068309969419e-04  8.1444805009976085e-01  7.6841019691682400e-01  1.2860794921382424e-01  
q[298]: 5.1981000355995170e-04  8.1215459779273602e-01  7.6842068191532198e-01  3.5133343155756658e-01  
q[299]: 5.2015238099369890e-04  8.2220996459350826e-01  7.7261305288463333e-01  4.6909339495832064e-01  
q[300]: 4.5254766663288694e-04  8.1358926556484168e-01  7.6563392241046990e-01  5.6438000267329380e-01  
q[301]: 4.2517403188326524e-04  8.0853017188027165e-01  7.5754623867716298e-01  6.4275086555036975e-01  
q[302]: 2.5001788965095463e-04  8.1090405343369898e-01  7.7167482296306411e-01  7.1927392648994160e-01  
q[303]: 1.1404780095294081e-04  8.0849402256262737e-01  7.6436066423658267e-01  7.5412053407123947e-01  
q[304]: 6.4321115451451469e-05  8.0054919516571255e-01  7.9014899763898050e-01  9.1612439538993149e-03  
q[305]: 1.3081746846073749e-04  8.3751323334352856e-01  8.2803809811686047e-01  4.8420143953613215e-02  
q[306]: 2.0929960504309739e-04  7.8646855408329708e-01  7.7727785956321682e-01  1.1238644687809952e-01  
q[307]: 1.5322677729104816e-04  8.1042434086617166e-01  8.0290382020734719e-01  2.3269681525473984e-01  
q[308]: 5.2619554324797398e-04  8.1448420507939090e-01  7.7160107495364638e-01  2.3251013900668241e-01  
q[309]: 2.2147550321608092e-04  8.3534404588859623e-01  8.2632613930994914e-01  3.3760001944238005e-01  
q[310]: 2.6230783243487232e-04  8.1482060494820807e-01  8.0580242123098555e-01  4.4744230904308974e-01  
q[311]: 2.3931697581579644e-04  8.1141346679773907e-01  8.0119556814239223e-01  5.5869623906708277e-01  
q[312]: 1.8772366054809774e-04  8.2144006465825481e-01  8.1165440139765588e-01  6.7866379436347135e-01  
q[313]: 1.6264177878176682e-04  7.3704179746152110e-01  7.2727878986565753e-01  6.1111315014541423e-01  
q[314]: 1.0313342575299082e-04  8.1524034570402615e-01  8.0825241314745067e-01  7.5252522523983134e-01  
q[315]: 6.3777793083320299e-05  7.9266830103368646e-01  7.8377102060181936e-01  7.7323821778946422e-01  
q[316]: 2.1208168175082680e-05  8.9599152396012227e-01  1.1761041377560689e-02  7.7012384443528271e-03  
q[317]: 9.6819890303355950e-05  9.0686250664380053e-01  4.6725929603649415e-02  9.2999947754506540e-03  
q[318]: 1.4890326998280364e-04  9.3195178930536715e-01  1.0326535643495705e-01  5.0576625008603868e-02  
q[319]: 8.2749054241825783e-05  9.0138594998100530e-01  5.4708061185912170e-02  4.5109337539355782e-02  
q[320]: 1.4807332082576372e-04  8.8345760296629905e-01  1.1679830663484474e-01  8.4522495963776766e-03  
q[321]: 2.6435966064304844e-04  8.9526775887199861e-01  1.4295319284917693e-01  4.4150259699648017e-02  
q[322]: 4.5426677733066332e-04  8.8806143581581509e-01  2.0423039575761645e-01  1.1233693845357341e-01  
q[323]: 2.6584792104622078e-04  9.0297799502951981e-01  1.4133171976926936e-01  1.1023529084807315e-01  
q[324]: 7.1685084811877440e-05  9.0429637251700246e-01  1.2099731494743968e-01  1.1840795575587304e-01  
q[325]: 1.1891648812495083e-04  8.8544371498557417e-01  2.1027403895853256e-01  5.5440259648852795e-03  
q[326]: 3.5334987803972983e-04  8.9585132359444364e-01  2.2687837357308735e-01  3.6496107993193867e-02  
q[327]: 4.6240821550747036e-04  9.0217366123772968e-01  2.6625741967422473e-01  9.4415073621178042e-02  
q[328]: 4.7393615867066683e-04  8.9197660261895351e-01  3.0081862264918113e-01  2.0357944379962001e-01  
q[329]: 3.6798962502767782e-04  8.8287724143412483e-01  2.3318503471201055e-01  1.9177238656948134e-01  
q[330]: 1.5118043326751046e-04  9.0300006164147772e-01  2.3018327288400978e-01  2.2115834434877363e-01  
q[331]: 1.9936586021063172e-04  8.8800240736764369e-01  3.2034278362908353e-01  9.5372714739364907e-03  
q[332]: 4.3827358349678532e-04  8.9993702380440044e-01  3.4974554409262631e-01  4.5953124308552147e-02  
q[333]: 5.1026862144212652e-04  8.9950742416119744e-01  3.6834198630065418e-01  1.0586810815039017e-01  
q[334]: 7.3748879006880022e-04  8.8488433695408053e-01  3.5838686551066318e-01  1.8059411756608368e-01  
q[335]: 4.5896154874960546e-04  9.0045984623011610e-01  3.9697931861135932e-01  2.9962653978417941e-01  
q[336]: 4.0167569773696119e-04  8.9677033319673505e-01  3.4847945201805075e-01  3.1098007998527100e-01  
q[337]: 1.2909800230713722e-04  8.9548740302421137e-01  3.2738501455835922e-01  3.2171208815209074e-01  
q[338]: 1.4186688172759115e-04  9.0233270271556321e-01  4.3087573532702939e-01  6.6154258753395633e-03  
q[339]: 6.6076112553945605e-04  8.9030516910930824e-01  4.7479272467006350e-01  1.0229817021402458e-01  
q[340]: 7.9581741655473806e-04  8.9486021574306729e-01  4.7752498077319683e-01  1.8643651746554415e-01  
q[341]: 7.8569249923194479e-04  8.9260369936842487e-01  4.7925721915582548e-01  2.8328351587705758e-01  
q[342]: 4.6193552851308899e-04  9.0259922064344911e-01  4.7501232354640699e-01  4.2850503637209431e-01  
q[343]: 2.1050774666756940e-04  8.7336286292677645e-01  4.3465250470467404e-01  4.2563550045503967e-01  
q[344]: 1.6767399823474331e-04  8.9379999938385712e-01  5.5578138750804773e-01  6.4170843775380546e-03  
q[345]: 4.4764968656092860e-04  8.9807120702697574e-01  4.7400101765237751e-01  3.8917125665034191e-02  
q[346]: 8.6932499295910761e-04  9.0488419326410341e-01  5.9641050035724419e-01  2.9357890588276864e-01  
q[347]: 5.7448772168612887e-04  8.9288150945932954e-01  5.0795265961447567e-01  3.9595657995091316e-01  
q[348]: 4.1726085143985311e-04  8.9248103490818653e-01  5.9278241077207960e-01  3.9077875462888850e-02  
q[349]: 5.9188732360186561e-04  8.9796596672233064e-01  5.9441356211551266e-01  9.9998074859554364e-02  
q[350]: 8.3135331757713436e-04  9.0407280708133819e-01  6.0691112448836870e-01  1.8885308161511952e-01  
q[351]: 3.0085712433957463e-04  9.4092982574040940e-01  7.0933342587576054e-01  3.0159541171198151e-01  
q[352]: 8.2009153429525323e-04  8.9585531301973897e-01  6.0226395182255310e-01  4.0342726801546008e-01  
q[353]: 6.0190987069518595e-04  8.9319510371677624e-01  6.0864682715864904e-01  5.0298522524921663e-01  
q[354]: 4.1954592374360440e-04  8.9351908314709982e-01  5.8952024311988349e-01  5.4685810457507789e-01  
q[355]: 1.7122485913332268e-04  8.9818213425902338e-01  5.4885449172845779e-01  5.4031483425287297e-01  
q[356]: 1.3586769110214268e-04  9.0471502149319416e-01  6.8100164253301709e-01  7.4941444098817461e-03  
q[357]: 5.4125256191351310e-04  8.9154338975589420e-01  6.9304673064356825e-01  1.0692763425938731e-01  
q[358]: 6.4294628038352643e-04  8.9559501427787813e-01  7.1119750487047018e-01  1.9006344192405988e-01  
q[359]: 8.2388784270686591e-04  8.8823731860526556e-01  6.9803301599976575e-01  2.9467858586352980e-01  
q[360]: 7.1415698939389794e-04  9.0852407090367182e-01  7.0714866778762508e-01  4.1614130275698702e-01  
q[361]: 7.3117647362786484e-04  8.9494488611495870e-01  7.0918484069878085e-01  5.3098899109211983e-01  
q[362]: 4.1967455702190352e-04  8.9995611190020131e-01  7.0826621894220743e-01  6.1358172222695284e-01  
q[363]: 3.7090598871527040e-04  8.8592234005531079e-01  6.9863508215142500e-01  6.5942654897324282e-01  
q[364]: 1.6217432206870424e-04  8.9394838313052671e-01  6.5349575216266909e-01  6.4601621648005836e-01  
q[365]: 1.5789572376905802e-04  8.8405831151317216e-01  7.6742578023670660e-01  8.4393141844289650e-03  
q[366]: 2.3749135009728912e-04  9.0768955883434055e-01  8.1434644338113016e-01  4.1082595194193952e-02  
q[367]: 4.6525339635137913e-04  8.9256702994164816e-01  7.9110490799329314e-01  1.7548538113488085e-01  
q[368]: 5.7553185759511493e-04  8.9935043250169777e-01  7.9445488596110947e-01  2.7677767056738278e-01  
q[369]: 6.6952466045938619e-04  9.0615345451384510e-01  7.9626717689027904e-01  4.0189124990283703e-01  
q[370]: 6.1189102213410308e-04  8.9629673455565617e-01  7.8476451802172897e-01  5.1461104980435246e-01  
q[371]: 5.0449330360947649e-04  8.9941698673423864e-01  8.0663098301687586e-01  6.3147677888908149e-01  
q[372]: 4.0284064781756339e-04  8.7752880082596019e-01  7.6352570786324137e-01  6.6714425037620972e-01  
q[373]: 2.9393387517339048e-04  8.9011417750048261e-01  7.9763497624836677e-01  7.5657800844337786e-01  
q[374]: 1.4126301118075958e-04  8.9181794280495008e-01  7.5893155513271571e-01  7.5068638935977383e-01  
q[375]: 3.7504542103230407e-05  9.0359196790003837e-01  8.6306123944993474e-01  2.1578700481336933e-03  
q[376]: 1.4786297639442147e-04  9.0292776445487577e-01  8.6548793879031860e-01  3.0847294865627525e-02  
q[377]: 2.9214842034276786e-04  8.9859554254338936e-01  8.5991632772746252e-01  9.8345498929859471e-02  
q[378]: 3.8474461798393981e-04  8.9998614954077483e-01  8.5654983587192857e-01  1.9722795195495174e-01  
q[379]: 4.3485774685610954e-04  8.9779989230565793e-01  8.5506795770828525e-01  3.1579175447330188e-01  
q[380]: 3.9489629601190682e-04  9.0044070977123436e-01  8.5417139007556075e-01  5.6232229371827314e-01  
q[381]: 3.2553009843002843e-04  8.9447188846937919e-01  8.6089627825406978e-01  6.7090607877021691e-01  
q[382]: 3.0166914851676016e-04  8.9816448703448248e-01  8.5200665057110281e-01  7.5323426676268035e-01  
q[383]: 1.4743068800188394e-04  8.9199330413388156e-01  8.5947215815374212e-01  8.2601471143053107e-01  
q[384]: 7.1409042346665759e-05  8.9258336818184536e-01  8.3402103110412851e-01  8.2844443876552265e-01  
q[385]: 3.6112687716677940e-05  8.9304977488442672e-01  8.8625934114603167e-01  9.4622481997312189e-03  
q[386]: 6.5533077624578868e-05  9.2719878103333575e-01  9.2063150170606378e-01  4.7566707802046131e-02  
q[387]: 1.1130996582936213e-04  8.8792637763613436e-01  8.8118338888650205e-01  1.1125423072246100e-01  
q[388]: 1.7383749928907404e-04  8.6934020323927996e-01  8.6037177360613737e-01  1.9013093304998094e-01  
q[389]: 1.8106353899197995e-04  9.0816864420505272e-01  9.0018935822315482e-01  3.0316745338515361e-01  
q[390]: 1.9153975599019862e-04  9.0221523352309385e-01  8.9411326871944430e-01  4.4253733643131499e-01  
q[391]: 4.5771107087718956e-04  8.9651586918802961e-01  8.5162456143059206e-01  4.4002266519628991e-01  
q[392]: 2.1376884966886178e-04  8.9581474964350893e-01  8.8659158524943993e-01  5.6526529194642094e-01  
q[393]: 1.1294990962780033e-04  8.8536994840662964e-01  8.8048017801634615e-01  6.7584062261564026e-01  
q[394]: 1.3818099654204957e-04  8.9858807707299870e-01  8.8980531375860528e-01  7.9294964995781236e-01  
q[395]: 4.2968866837481785e-05  8.8698851288107006e-01  8.8234735849293555e-01  8.5471216656005622e-01  
q[396]: 2.6020840262779550e-05  8.8803173984091122e-01  8.7642054338937758e-01  8.7365759882407690e-01  
q[397]: 2.9679004501762121e-05  9.5940831858329279e-01  1.9788306560979300e-02  1.0835487623650282e-02  
q[398]: 2.3537535701558212e-05  9.7421361329248490e-01  4.2081687767591587e-02  4.0390264501083831e-03  
q[399]: 9.4756852245919600e-05  9.6802479624913029e-01  8.4098984412354125e-02  3.3721302915704014e-02  
q[400]: 5.9767866422482912e-05  9.5057098258295025e-01  6.1929557580424108e-02  5.1185859851697164e-02  
q[401]: 8.7723356247000731e-05  9.5182412328889698e-01  1.0218686056299600e-01  8.7186344042626644e-03  
q[402]: 2.3876021840987070e-04  9.5803683161301989e-01  1.8265688407538791e-01  4.4842974955370554e-02  
q[403]: 2.7946594355738349e-04  9.5597747528556465e-01  1.9367537807717111e-01  1.0234859708632064e-01  
q[404]: 1.3435484526695446e-04  9.6401411383372537e-01  1.4368784318341518e-01  1.1013027884094234e-01  
q[405]: 5.1303702990415215e-05  9.7059283684049225e-01  1.0871402039489855e-01  1.0291444868598232e-01  
q[406]: 1.1752729954807223e-04  9.5116676002299150e-01  1.8914905096041068e-01  8.5544014623546005e-03  
q[407]: 2.8763229859011131e-04  9.5898043686043366e-01  2.9618228111934808e-01  4.5145032158884019e-02  
q[408]: 3.3541381859286586e-04  9.6022612185377310e-01  2.9400368287899581e-01  1.0399995747138117e-01  
q[409]: 4.3131819029130499e-04  9.5175902838173088e-01  3.0865551767566890e-01  1.7909773321434103e-01  
q[410]: 2.9062202349712150e-04  9.5395835244521276e-01  2.4554677706408470e-01  1.9099060955686908e-01  
q[411]: 1.2211019150607858e-04  9.5355724653101470e-01  1.9805933822263388e-01  1.8744400838704506e-01  
q[412]: 1.3742816285140715e-04  9.5118390885620896e-01  2.9746381301430758e-01  9.0019667892651204e-03  
q[413]: 4.2418142689372727e-04  9.5819075967860612e-01  4.1426065184113980e-01  1.0027015710577403e-01  
q[414]: 5.0287356373003686e-04  9.5406422864366025e-01  4.1248871862265801e-01  1.7812393707713464e-01  
q[415]: 3.9810651330222848e-04  9.5828080105572133e-01  3.9944033366698162e-01  2.9074170915282799e-01  
q[416]: 2.4519959379248961e-04  9.5220958583816873e-01  3.2813035339601032e-01  2.8200498210911146e-01  
q[417]: 1.3332243945295987e-04  9.6163017568397469e-01  3.1162633131825140e-01  3.0274099010460442e-01  
q[418]: 9.6200096947715569e-05  9.5914688370712864e-01  4.1268241152952412e-01  6.3896113234476878e-03  
q[419]: 3.0296134794249006e-04  9.5811342284027412e-01  4.2812896308327791e-01  3.8473691828092078e-02  
q[420]: 4.2384895106183454e-04  9.5271109261622466e-01  5.3024951520267760e-01  9.9022002918068369e-02  
q[421]: 4.6257667438480448e-04  9.5109065476892596e-01  4.5349236108624219e-01  2.6806071207413590e-01  
q[422]: 2.6413259330799500e-04  9.6398247948663784e-01  4.3805050236357590e-01  3.9371241387576994e-01  
q[423]: 1.5728504065737450e-04  9.4603574657787259e-01  4.3048277640008709e-01  4.2113438837073713e-01  
q[424]: 1.6004987552148479e-04  9.5506227368910557e-01  5.3921525510276569e-01  1.0535636953390595e-02  
q[425]: 2.9986660949337643e-04  9.5940496177031553e-01  5.7205680551040605e-01  5.0072497254605768e-02  
q[426]: 5.4042381765983659e-04  9.5579762138787028e-01  5.3597235458490267e-01  1.8470195571351825e-01  
q[427]: 5.2875726150621439e-04  9.5945703387632086e-01  5.6244876957901413e-01  2.8302894413277191e-01  
q[428]: 5.6180490341733774e-04  9.5393375138401715e-01  5.6615085439515511e-01  3.8541432721613511e-01  
q[429]: 3.9116745760185912e-04  9.5468201418390164e-01  5.0684639856667213e-01  4.0689410714757734e-01  
q[430]: 2.6988296893198731e-04  9.5872761628483660e-01  5.6090353120231806e-01  5.2287289953723326e-01  
q[431]: 8.9774172231763070e-05  9.5410601045404864e-01  5.3990812393965748e-01  5.3356046166945348e-01  
q[432]: 1.0638073585265131e-04  9.6018559015833382e-01  6.6419169363053387e-01  7.1284160067486124e-03  
q[433]: 2.2000902718787751e-04  9.5242481116662481e-01  6.7288101673960476e-01  3.5927443049879021e-02  
q[434]: 4.0108589473642473e-04  9.5578707144220554e-01  6.8143624001533265e-01  9.5809097794767498e-02  
q[435]: 4.1218359431665600e-04  9.6206587000643995e-01  6.4048794500278927e-01  1.5917654179687310e-01  
q[436]: 4.9216088004498475e-04  9.6423176199521565e-01  6.7266931363601568e-01  2.6533301092500594e-01  
q[437]: 5.7490113205393642e-04  9.6236599505026588e-01  6.7875209424675242e-01  3.9192061807703771e-01  
q[438]: 5.4768869524968720e-04  9.5580354180701854e-01  6.8944144044836431e-01  5.0635166699777823e-01  
q[439]: 4.2481013154836131e-04  9.5663799150288076e-01  6.2251390133615792e-01  5.2462072130122006e-01  
q[440]: 2.6998984061366472e-04  9.5244589802879898e-01  6.7920610964565165e-01  6.3797125275509092e-01  
q[441]: 1.0719305567270618e-04  9.6054356916092931e-01  6.5373821699870716e-01  6.4586362335729719e-01  
q[442]: 1.2465634375122031e-04  9.5406935844750562e-01  7.8113871162295434e-01  9.6248074082769235e-03  
q[443]: 3.9196095968892914e-04  9.0223720297998766e-01  7.1880671217513503e-01  4.5011756230073745e-02  
q[444]: 3.7948540030033291e-04  9.5405368424572767e-01  7.8905290133654271e-01  1.1363489431554584e-01  
q[445]: 4.7317292988409215e-04  9.5498168212308698e-01  7.4393330765856103e-01  1.9188135516461868e-01  
q[446]: 3.8439891399504094e-04  9.5601370176673883e-01  7.8618273188402477e-01  2.8681521544933308e-01  
q[447]: 4.7521215799873755e-04  9.5995292520075548e-01  7.8134433229768852e-01  3.9804113248618261e-01  
q[448]: 5.0713353651273203e-04  9.5868635027876925e-01  7.9050672128210930e-01  5.2255106666539042e-01  
q[449]: 3.7602243209525785e-04  9.5670967801563400e-01  7.9873992793020654e-01  6.3069133235932262e-01  
q[450]: 3.4315077618208688e-04  9.5770744322520551e-01  7.3685519978063263e-01  6.3500459633201967e-01  
q[451]: 2.3230949310362200e-04  9.5434039902394463e-01  7.8419874591954775e-01  7.3668720741078930e-01  
q[452]: 1.1899615165471468e-04  9.5274123963296031e-01  7.5514483422542633e-01  7.4591522239953967e-01  
q[453]: 6.3582175903514914e-05  9.5073886614118219e-01  8.6190031605830308e-01  6.5570070544121910e-03  
q[454]: 1.6983219162736875e-04  9.6264010049232618e-01  8.5421957661693337e-01  4.3219396782902708e-02  
q[455]: 4.2120792902248177e-04  8.8918592356719550e-01  7.8218948653775255e-01  9.9102969322511003e-02  
q[456]: 4.3165434861679305e-04  9.5687493925733713e-01  8.4837250969140532e-01  2.0118991777275458e-01  
q[457]: 3.5027270404958865e-04  9.5670873862945738e-01  8.5471171701023763e-01  3.2094215440239660e-01  
q[458]: 3.1254954474949900e-04  9.6485638923728723e-01  8.6635188211444591e-01  4.3891222924237550e-01  
q[459]: 3.8798294132980771e-04  9.5547428659319900e-01  8.7084711754491484e-01  5.4323134406066720e-01  
q[460]: 3.2929883325103941e-04  9.5965383830326967e-01  8.7440098977187075e-01  6.5855120875564510e-01  
q[461]: 3.4401489306595882e-04  9.5034344710109042e-01  8.4052796118762885e-01  7.3966154179392074e-01  
q[462]: 1.3851366345814803e-04  9.5482475236492792e-01  8.5261136183492114e-01  8.1909235561293448e-01  
q[463]: 6.1186920261130490e-05  9.5627749501733350e-01  8.4701318662431546e-01  8.4118312085847102e-01  
q[464]: 6.3160332536740899e-05  9.6105567339270725e-01  9.1512488138668713e-01  1.5810991723516216e-02  
q[465]: 1.4348033003200409e-04  9.6212955715861770e-01  9.2487166898607009e-01  6.2574099367823419e-02  
q[466]: 2.4879854367342686e-04  9.5199123744724445e-01  8.6671360484114568e-01  1.0393462557818760e-01  
q[467]: 2.2392842343652955e-04  9.5905407572227386e-01  9.1611766927312310e-01  1.5954286809384807e-01  
q[468]: 3.0254865470600374e-04  9.5898461128390933e-01  9.1528058215857555e-01  2.7585862658568439e-01  
q[469]: 2.9404682722739521e-04  9.5535895179077968e-01  9.0898623134945244e-01  4.0555743448827170e-01  
q[470]: 2.6616868918610326e-04  9.5844048480135613e-01  9.2945889892563593e-01  5.3898907132007279e-01  
q[471]: 2.2315646734101906e-04  9.5670672074654939e-01  9.2562820253306843e-01  6.6738951899647370e-01  
q[472]: 2.3565056406987112e-04  9.5911685633698041e-01  9.1453114870054542e-01  7.7021123213716369e-01  
q[473]: 1.6899430714151025e-04  9.5706581770771182e-01  9.1022565152128143e-01  8.5031106953295843e-01  
q[474]: 7.3257392955639158e-05  9.5311581229536668e-01  9.0866545270454580e-01  8.9707868325514195e-01  
q[475]: 2.8411180238194557e-05  9.6094146372978362e-01  9.5050323832903105e-01  8.1323111615879042e-03  
q[476]: 2.6824767408764095e-05  9.7774403510153629e-01  9.7162002880139209e-01  4.1064831496971474e-02  
q[477]: 9.3357813228016348e-05  9.5647606469708890e-01  9.4765585182198997e-01  1.1493059130004718e-01  
q[478]: 1.2814924371879361e-04  9.4431475275388188e-01  9.3611022124455312e-01  2.0438372886565276e-01  
q[479]: 8.9528366775452146e-05  9.6995521121672978e-01  9.6189569830410515e-01  3.0387450709873859e-01  
q[480]: 1.4082137289400177e-04  9.5724443027323292e-01  9.4755857299649215e-01  4.0869250761842546e-01  
q[481]: 6.3113076973094392e-05  9.5980957729364824e-01  9.5711175931354764e-01  5.4517095782899594e-01  
q[482]: 8.4283325744855005e-05  9.5462718467627139e-01  9.4945821705905198e-01  6.6561861980410419e-01  
q[483]: 1.0830343141385855e-04  9.4752064976443795e-01  9.3958258183256804e-01  7.6772606379343411e-01  
q[484]: 6.7858191604982856e-05  9.6640529720394963e-01  9.5759168185913390e-01  8.6233094356993900e-01  
q[485]: 5.6527768064421359e-05  9.4671180338369165e-01  9.3779680676321286e-01  8.9311802150868769e-01  
q[486]: 2.5901040826560138e-05  9.5723928700430361e-01  9.4879545973504631e-01  9.4004555203235940e-01  
q[487]: 2.7850708360523741e-06  9.9479054215463814e-01  5.7335745279490195e-03  2.0735977264989022e-03  
q[488]: 1.9760953813729439e-05  9.9655066752339294e-01  5.3060979825549720e-02  1.3748121777199820e-02  
q[489]: 2.9735110856677393e-05  9.8997842883313092e-01  4.6075714890669653e-02  3.7330445597234238e-02  
q[490]: 2.8303943281782775e-05  9.9096281153938703e-01  1.1281214659587735e-01  4.9767184818579370e-03  
q[491]: 8.0682106700618458e-05  9.9167697666922905e-01  1.3993143412153128e-01  3.5877471650525967e-02  
q[492]: 1.4132912856111771e-04  9.9169496764332743e-01  2.1416933499738713e-01  1.0486674848400619e-01  
q[493]: 7.6065565352529315e-05  9.9175841768712070e-01  1.1642767447529323e-01  7.1639747774638690e-02  
q[494]: 2.1345650630392339e-05  9.9717412529561078e-01  1.1700646575089364e-01  1.0795073117521903e-01  
q[495]: 6.7595087900012971e-05  9.9041054468852696e-01  2.1002646929651478e-01  1.0742518141728816e-02  
q[496]: 1.2098802586446912e-04  9.9270296279092674e-01  2.5005953685462989e-01  5.4316676952246984e-02  
q[497]: 1.8051717703687959e-04  9.9182472242990793e-01  3.2982292026918125e-01  1.3159070951100990e-01  
q[498]: 2.0031808127156904e-04  9.9056193829347694e-01  3.1130075959340514e-01  2.0241132736500161e-01  
q[499]: 1.0774141709621215e-04  9.9225242616379750e-01  2.0929032990778768e-01  1.6405012174997505e-01  
q[500]: 5.5455860710727642e-05  9.8987057307238002e-01  2.0946056263465104e-01  2.0124404019479794e-01  
q[501]: 4.4437270522772310e-05  9.9056600537237238e-01  3.1416980921899118e-01  5.7622671356514438e-03  
q[502]: 1.1226042645302163e-04  9.9178764624871274e-01  3.4702421966751690e-01  3.5938537094227195e-02  
q[503]: 1.7011404761189128e-04  9.9230663109511075e-01  3.9957229856894755e-01  9.5708545661931460e-02  
q[504]: 2.3831658651139330e-04  9.9092651714965396e-01  4.2324127397909656e-01  2.2929589308325443e-01  
q[505]: 1.8004731900979896e-04  9.9239344979832811e-01  4.2123647535782893e-01  3.2109172659213986e-01  
q[506]: 1.4054660661141978e-04  9.9056636634955031e-01  3.1871493551459074e-01  2.7623480915477028e-01  
q[507]: 3.5987997752486412e-05  9.9462861636764555e-01  3.1828375513922857e-01  3.1022067847051926e-01  
q[508]: 5.8220312102611640e-05  9.9257329243367654e-01  4.3853892521757570e-01  1.0111319811690681e-02  
q[509]: 1.3540978373246664e-04  9.9180734636048529e-01  4.8009958725012003e-01  5.1022723176012037e-02  
q[510]: 2.1804009410675542e-04  9.9109760493012078e-01  5.3925916311899891e-01  1.1550138420990669e-01  
q[511]: 2.4878111470723828e-04  9.9112709354035211e-01  4.8487977830166001e-01  1.8266621023801086e-01  
q[512]: 1.0563540731316125e-04  9.9360521553949888e-01  4.4819181104633893e-01  4.0957152243032635e-01  
q[513]: 5.8626072199441329e-05  9.8890378903067666e-01  4.2920355114577913e-01  4.2236054448296878e-01  
q[514]: 4.9493185333170667e-05  9.9031117709771743e-01  5.4547462699391303e-01  7.3215612970029030e-03  
q[515]: 1.1516709488536460e-04  9.9218037119752456e-01  5.8846505270120608e-01  4.0001456360507039e-02  
q[516]: 2.2402951490832542e-04  9.9253821003560572e-01  6.2009912312899274e-01  2.0528007859736966e-01  
q[517]: 2.3713651323846690e-04  9.9227038912544352e-01  5.8113935210870815e-01  2.8890279498286181e-01  
q[518]: 2.5855646085873053e-04  9.9070486883205333e-01  5.2379945466446409e-01  3.3960688078933987e-01  
q[519]: 2.0684578814576373e-04  9.9124004619458539e-01  5.4689191774275636e-01  4.4547807242766108e-01  
q[520]: 1.2864228780723569e-04  9.9213976051861541e-01  5.8508717034600621e-01  5.3911848476227897e-01  
q[521]: 6.4922102811223537e-05  9.9108609781582646e-01  5.5176774601057099e-01  5.4274530880132155e-01  
q[522]: 4.4575104890632231e-05  9.9298414280126734e-01  6.5940054184909058e-01  7.8569474312285420e-03  
q[523]: 1.3723184757578237e-04  9.9099572834154070e-01  7.1175306548272332e-01  4.3138819832602628e-02  
q[524]: 2.0561136628029653e-04  9.9186308162152892e-01  6.5535232249611541e-01  1.0371151214135227e-01  
q[525]: 1.8545934375252920e-04  9.9327245414260956e-01  7.2416621491906630e-01  1.9714239481311868e-01  
q[526]: 2.3109320061748275e-04  9.9266847858207774e-01  7.0989198830885658e-01  3.1836399704376950e-01  
q[527]: 1.8133600663696297e-04  9.9327992098587048e-01  6.7351795516979185e-01  4.0202563272236735e-01  
q[528]: 2.3649840574412731e-04  9.9101256137566573e-01  6.4259325841970139e-01  4.6128129108497445e-01  
q[529]: 1.9038604910401842e-04  9.9208965494419388e-01  6.8470491179987691e-01  5.7583553127634213e-01  
q[530]: 1.4022329477501028e-04  9.9070549681166253e-01  7.0678860016328870e-01  6.6112364127321410e-01  
q[531]: 5.0261665262441102e-05  9.9293180734440178e-01  6.7601195832196548e-01  6.6718587842377719e-01  
q[532]: 5.8877504986717399e-05  9.9093586324816085e-01  7.7725190607124373e-01  8.8950919970684807e-03  
q[533]: 2.0436755841341564e-04  9.6380331971096178e-01  7.7542332533235925e-01  5.0101155864080038e-02  
q[534]: 1.7449290215305728e-04  9.9202123277114496e-01  7.7938202241893029e-01  1.0658076625291413e-01  
q[535]: 1.1649985154401041e-04  9.8769027309096180e-01  7.8140533316632921e-01  1.7399699680848910e-01  
q[536]: 2.4775471765572178e-04  9.9105309698473210e-01  8.0425629252944630e-01  2.8988384238012516e-01  
q[537]: 1.7368118603563871e-04  9.9168884936318347e-01  8.0193697114237705e-01  4.0077423765307496e-01  
q[538]: 2.0227752797041107e-04  9.9222236428196198e-01  7.7802222313449032e-01  4.7864921208047051e-01  
q[539]: 2.3223654600973149e-04  9.9158074098644211e-01  7.6795549402885144e-01  5.6979230016480908e-01  
q[540]: 1.7848596763484975e-04  9.9150446070747911e-01  8.0086956597379655e-01  6.8912126952200625e-01  
q[541]: 1.0883314834046835e-04  9.9139442852848680e-01  8.1333736214436270e-01  7.6709207584041195e-01  
q[542]: 5.6360683547182224e-05  9.9067999075624913e-01  7.8793230933158509e-01  7.7911942066892714e-01  
q[543]: 4.6704455118809961e-05  9.9087906641853796e-01  8.7938684414019919e-01  8.7191647587850623e-03  
q[544]: 8.9413943890120435e-05  9.9394842637341396e-01  8.3314472028276698e-01  4.6150131777385216e-02  
q[545]: 1.6723987007285330e-04  9.9056911226144861e-01  8.8325428944288420e-01  1.1131880051930866e-01  
q[546]: 1.6957400469984433e-04  9.9248568711899043e-01  8.5552421799776535e-01  1.9911624832624938e-01  
q[547]: 1.9232749126610256e-04  9.9127582287236948e-01  8.9705125410836739e-01  3.0767090018205057e-01  
q[548]: 1.6213853585434078e-04  9.9356711720825763e-01  8.8112114221908633e-01  4.1953970446746425e-01  
q[549]: 2.1153790068117524e-04  9.9187103502182827e-01  8.7265650064328382e-01  5.4776132703276792e-01  
q[550]: 1.8440181726003588e-04  9.9232886387484798e-01  8.6902349864431139e-01  6.5937271661439345e-01  
q[551]: 1.5220909062853706e-04  9.9017625025782807e-01  8.9002268835237386e-01  7.7244944860196552e-01  
q[552]: 8.6771990278843790e-05  9.9113871791540431e-01  8.9539348486114223e-01  8.4358437909846773e-01  
q[553]: 4.3670031706249063e-05  9.9169505739727559e-01  8.8324254667893731e-01  8.7341032644922700e-01  
q[554]: 2.2596074989487434e-05  9.9174540972328862e-01  9.5338669370349793e-01  7.2066550920283608e-03  
q[555]: 7.2586985239678537e-05  9.9254738083035732e-01  9.2279350540230021e-01  4.5024410027295708e-02  
q[556]: 8.3667548278408863e-05  9.9247569998372842e-01  9.5564887874842541e-01  1.1198819166907741e-01  
q[557]: 1.3659322757137303e-04  9.9183135837825276e-01  9.3352563527268340e-01  2.0422729739713932e-01  
q[558]: 7.4102002850460647e-05  9.9377323034138543e-01  9.6411513897906620e-01  3.0164958874242004e-01  
q[559]: 1.2451169585944889e-04  9.9099345066211242e-01  9.4939725843352141e-01  3.9871376134305209e-01  
q[560]: 1.3982516400302332e-04  9.9225623222009218e-01  9.4133437584510493e-01  5.1472760175125853e-01  
q[561]: 1.4886288487578222e-04  9.9121967495715113e-01  9.4108116997582103e-01  6.4039235073286571e-01  
q[562]: 1.0496660305082561e-04  9.9301683069182589e-01  9.4447869205536383e-01  7.5294112743191755e-01  
q[563]: 7.5521220746520724e-05  9.9262986679527543e-01  9.5735966369503167e-01  8.6204983076805863e-01  
q[564]: 4.3463698265263475e-05  9.9167501593394736e-01  9.4864445092191019e-01  9.1891311804924036e-01  
q[565]: 1.4354733359725067e-05  9.9021941315154560e-01  9.4882875819398005e-01  9.4560186640254518e-01  
q[566]: 3.3087427741790320e-06  9.9571554041256416e-01  9.9354998258940952e-01  6.6084475107906293e-03  
q[567]: 2.3802266585511726e-05  9.9501802166310249e-01  9.7787037092869133e-01  4.0051120287325541e-02  
q[568]: 2.4553239332262613e-05  9.9183746128563677e-01  9.8715511139061052e-01  1.0281497195602206e-01  
q[569]: 7.1322309021834874e-05  9.9024429723439300e-01  9.8029391416765044e-01  2.0076725906515402e-01  
q[570]: 2.0279102180533176e-05  9.9536636713773463e-01  9.9206215159143529e-01  3.3389479641524661e-01  
q[571]: 6.1840540219003243e-05  9.9139374366256272e-01  9.8272858716643929e-01  4.5708257179746153e-01  
q[572]: 5.9696524747725055e-05  9.9251268670822912e-01  9.8211338309319907e-01  5.7987437206438330e-01  
q[573]: 5.7062803302550113e-05  9.9141034041705256e-01  9.8230046870165333e-01  6.9246501075473443e-01  
q[574]: 6.1819331081389503e-05  9.8978256798508990e-01  9.8030204255544884e-01  7.9614216490907996e-01  
q[575]: 1.3928814340939273e-05  9.9530990755228776e-01  9.9155497423945926e-01  8.9484914458099840e-01  
q[576]: 2.8031842794648757e-05  9.8968067793871217e-01  9.8064292835230060e-01  9.4638644220843782e-01  
q[577]: 3.8805094801467087e-06  9.9416660584412153e-01  9.8800141440860745e-01  9.8462383879528792e-01  

