deg: 15
dim: 3
nodes: 207
efficiency: 0.985507

q[0]:   1.2315928358725201e-04  6.0698636301889757e-02  3.5266529631526919e-02  1.9192247892457028e-02  
q[1]:   6.8248897920982049e-05  9.4563225167818898e-02  8.8503990363767049e-02  1.2961886784749108e-02  
q[2]:   8.7327172750266185e-05  1.0942857791992014e-01  1.0321090832909481e-01  8.6321779671606799e-02  
q[3]:   1.8819551816256990e-04  1.5424717890830839e-01  2.9153518040737812e-02  1.3064709623344644e-02  
q[4]:   3.0487495376809175e-04  1.6622721369958790e-01  9.8457279904803505e-02  1.1372560877711588e-02  
q[5]:   4.0993522905836890e-04  1.7702204212282380e-01  9.2910641283884779e-02  7.4297357125251123e-02  
q[6]:   2.0721006578902640e-04  2.1835589881890510e-01  2.0494505699080148e-01  1.7126568472751642e-02  
q[7]:   4.7837347821159845e-04  1.8543743846492367e-01  1.6421969373142867e-01  7.3595258647156075e-02  
q[8]:   2.4084015938269850e-04  2.7205699248199539e-01  2.6828129785593813e-01  1.8868395849506156e-01  
q[9]:   2.5970297927049710e-04  1.9641617837667230e-01  1.6609542601503247e-01  1.4947832119712098e-01  
q[10]:  2.8236057046973476e-04  3.0841574624484552e-01  3.2904521694046000e-02  1.5648447922747850e-02  
q[11]:  4.8045769678253661e-04  3.0381411276638437e-01  9.0989592205560244e-02  7.7915871078841278e-02  
q[12]:  6.5428190903782477e-04  2.9326470960814371e-01  1.0260207687612720e-01  2.0580528828838457e-02  
q[13]:  6.5049509893561888e-04  2.5101485354384340e-01  1.5877478530161657e-01  7.0126344978054922e-02  
q[14]:  6.4472408243309448e-04  3.8047871214544127e-01  2.0329104511910279e-01  1.5858709520415838e-02  
q[15]:  1.7124527129917480e-03  4.9053463908549216e-01  2.6194197895956345e-01  8.2187329219610833e-02  
q[16]:  1.2589420698188984e-03  3.6852448672674021e-01  1.8268427569330345e-01  1.1364525194839116e-01  
q[17]:  5.7657187869948091e-04  3.2762139010723079e-01  2.0839763837882630e-01  1.9662746823488308e-01  
q[18]:  1.1993494500136728e-03  3.3596580118710673e-01  2.7040278987119987e-01  1.9538093908033641e-01  
q[19]:  5.5157372064459768e-04  3.0681127222411680e-01  2.3496627165875339e-01  1.7303629961595804e-02  
q[20]:  1.3130861388102719e-03  3.7175484257523028e-01  2.7557689370739202e-01  9.0410806021705356e-02  
q[21]:  1.5424321401394481e-03  4.9034599388451450e-01  3.9950017210184935e-01  2.1134060141725991e-01  
q[22]:  6.3820602528994342e-04  4.4172425600370557e-01  3.6953519720409594e-01  3.5166749156501786e-01  
q[23]:  2.5928123984660692e-04  3.7773654813160401e-01  3.6488740014318888e-01  1.7200384780494661e-02  
q[24]:  6.2869266408041417e-04  3.2920273632740482e-01  3.1249175893842623e-01  8.6893952334130636e-02  
q[25]:  5.7600546272781384e-04  3.6565342927756012e-01  3.4379397746612467e-01  1.8030039605383213e-01  
q[26]:  5.9411569952354866e-04  4.4309981093037676e-01  4.2813520317475828e-01  3.5711613389208630e-01  
q[27]:  2.6791644100808388e-04  3.0455654513102171e-01  2.8770297152499263e-01  2.7288526786725509e-01  
q[28]:  2.5870415978900495e-04  4.7677324159070356e-01  2.9589347160302492e-02  1.4780493836922752e-02  
q[29]:  6.2211862702555134e-04  4.8206652940438516e-01  9.4855185753914287e-02  7.9391445375357028e-02  
q[30]:  3.4341788062197724e-04  4.4510678774295098e-01  9.1653390208075183e-02  6.3057686464966572e-03  
q[31]:  1.1709382317928315e-03  4.6917219371396329e-01  1.3714743598528231e-01  5.9038779426348630e-02  
q[32]:  8.0425367853520057e-04  5.3234109041591715e-01  2.1167242756670060e-01  1.5361694531822120e-02  
q[33]:  1.4336515735812042e-03  6.4214332293099730e-01  2.4327072453790985e-01  7.1356970841763664e-02  
q[34]:  7.9043075838317219e-04  4.7546545017791425e-01  2.0175382068382108e-01  1.8798152803180890e-01  
q[35]:  8.8504949516747880e-04  5.2023403818103708e-01  3.4664602759438373e-01  1.8175623339476109e-02  
q[36]:  1.4659612345147024e-03  5.6438546227464081e-01  4.0156990115415203e-01  8.9627323982166010e-02  
q[37]:  1.6594920659246885e-03  5.3507249836658133e-01  3.4597438947475467e-01  1.9577068753516794e-01  
q[38]:  6.7785861136246406e-04  5.4490500357066107e-01  3.6198862314474062e-01  3.5015857892028979e-01  
q[39]:  1.4338586918154403e-03  4.9111452702222941e-01  3.1492824683668397e-01  2.5249737180816750e-01  
q[40]:  2.9733363980711706e-04  4.6320723600487185e-01  3.9310945520722113e-01  5.4476124675412671e-03  
q[41]:  1.0702076715195269e-03  4.7445594694785753e-01  4.0510065404579576e-01  6.1898839757874621e-02  
q[42]:  1.3347356937382002e-03  5.4951187470795637e-01  4.8563383520656683e-01  1.7317983795353167e-01  
q[43]:  1.5266850071269044e-03  5.3249058466512933e-01  4.5382873225570924e-01  3.5882862263451526e-01  
q[44]:  2.1865791910941366e-04  5.7150704988116208e-01  5.5652826814318124e-01  1.0088982557296658e-02  
q[45]:  5.1747632052753627e-04  5.0807721072652046e-01  4.9422462796397854e-01  7.0367558958130252e-02  
q[46]:  5.8708689163147710e-04  5.0167009271067986e-01  4.9050263913054842e-01  1.6988856669034466e-01  
q[47]:  8.1636903258829269e-04  4.9582138770456735e-01  4.7957835881259547e-01  2.9281037858212189e-01  
q[48]:  1.8873514779181843e-04  4.9157330247826353e-01  4.7941721209495813e-01  4.7001602271889475e-01  
q[49]:  1.5679598402210256e-04  6.5136722012244175e-01  2.2434899434412802e-02  8.4455226923939915e-03  
q[50]:  5.5557583124742722e-04  6.5314414912718866e-01  7.9518609886414238e-02  6.3915260212209349e-02  
q[51]:  7.0313766099725200e-04  6.1047404580171338e-01  9.4638129344095226e-02  1.9485712639360147e-02  
q[52]:  1.3476097611835845e-03  6.7034087773535256e-01  1.7473611796050867e-01  9.5732528829790733e-02  
q[53]:  8.4952871008235837e-04  6.5413890713227818e-01  1.9047848272092641e-01  1.7568183856249464e-01  
q[54]:  7.6310126290610701e-04  6.8938743516271084e-01  2.0072434371968992e-01  1.4014817507798795e-02  
q[55]:  1.7751530751520563e-03  8.0202137923166583e-01  2.9587827722509669e-01  8.3513381340846390e-02  
q[56]:  1.6460512060992971e-03  5.7626880025172833e-01  2.4104684023811934e-01  1.6746148792029278e-01  
q[57]:  8.6584364343387057e-04  6.6532729586512940e-01  3.5392701485959571e-01  1.5220544057150349e-02  
q[58]:  2.2093709998352909e-03  6.7736263141531960e-01  3.5997825759320956e-01  1.7918609004828406e-01  
q[59]:  1.6769207154415139e-03  6.8938255154557648e-01  3.7218576491879074e-01  2.9906968130857065e-01  
q[60]:  8.3758713224594194e-04  6.6488441094056483e-01  3.3130095111458502e-01  3.1743634391353442e-01  
q[61]:  1.7667044587522641e-03  6.8388101126830314e-01  3.7979492718428703e-01  8.0280922740397984e-02  
q[62]:  5.2946634359099228e-04  6.8286464460220864e-01  5.0269736674126120e-01  9.1565176828253495e-03  
q[63]:  1.4830916121774959e-03  7.0431606965764360e-01  5.1853031004894490e-01  6.6981238248241273e-02  
q[64]:  2.4818862253709038e-03  6.7114093064307589e-01  4.9327951582905410e-01  1.9336480509497109e-01  
q[65]:  2.2990549141843437e-03  6.8674925429482458e-01  4.9364428655798070e-01  3.2747903490083963e-01  
q[66]:  1.5589640707499811e-03  6.6178951948106435e-01  4.7809047343012667e-01  4.1368313864284734e-01  
q[67]:  5.6345959442302435e-04  7.1108821529159993e-01  5.2677181598125766e-01  5.1605634324167837e-01  
q[68]:  8.3350241129622892e-04  6.2708487382185973e-01  5.4704644428047910e-01  2.6920997707161231e-02  
q[69]:  1.4992736156013114e-03  6.6746392764202711e-01  5.8982062185965967e-01  1.1611228135770719e-01  
q[70]:  1.6030358955641318e-03  7.1027876327158401e-01  6.3695277225910085e-01  2.6274737046116020e-01  
q[71]:  1.9718291152008758e-03  6.5560223964856768e-01  5.7543891271869685e-01  3.5508109397401943e-01  
q[72]:  1.5188448688538299e-03  7.0643049287190740e-01  6.2574769528170338e-01  5.2830567796197903e-01  
q[73]:  7.3922347856744230e-04  6.1553461085536720e-01  5.3936166917178907e-01  5.2027440840866557e-01  
q[74]:  1.5985568166379310e-04  7.5759081552887308e-01  7.4787226029604548e-01  1.4820444027112493e-02  
q[75]:  5.5365280859276270e-04  6.7433621694096268e-01  6.5727151665629180e-01  6.4635592867946429e-02  
q[76]:  7.7231457310391997e-04  6.7450823069568533e-01  6.5995417978903104e-01  1.7400931926112539e-01  
q[77]:  8.7218933614374499e-04  6.5452303088579555e-01  6.4004113683850927e-01  3.1209687281581600e-01  
q[78]:  8.6944780510274594e-04  6.4773571906402094e-01  6.3222981307090309e-01  4.6016285509679211e-01  
q[79]:  5.6584265601342934e-04  6.1553699762381986e-01  6.0001561753559773e-01  5.3752401073629252e-01  
q[80]:  2.2909840873978945e-04  6.9732531172198964e-01  6.7978836424436451e-01  6.6968035629226363e-01  
q[81]:  2.8066437544821269e-04  8.0119688656196575e-01  3.7101945854160136e-02  2.0600743519288145e-02  
q[82]:  6.1202213540132897e-04  8.0562451357130893e-01  1.1510469947322095e-01  9.7218518428870193e-02  
q[83]:  5.5620151961175085e-04  7.7221030357886589e-01  9.6886322848147161e-02  1.5613692089880706e-02  
q[84]:  1.2452176705743583e-03  8.0986472153192657e-01  1.7546062535838208e-01  8.3123215050563068e-02  
q[85]:  6.7007448030896122e-04  8.0919051211512938e-01  2.2419932656334113e-01  2.0825225034366479e-01  
q[86]:  6.7949747336029350e-04  8.3266490463940079e-01  2.1147276266310402e-01  1.8251892919373607e-02  
q[87]:  1.6533045298724619e-03  8.0679026441063229e-01  3.7699577280612639e-01  1.9177489937519923e-01  
q[88]:  1.8773145703963403e-03  7.8220722874679127e-01  2.9322198896394702e-01  2.1365283160667337e-01  
q[89]:  2.1716762194076960e-03  8.1966142680976661e-01  5.0487883567527947e-01  3.1718353656997778e-01  
q[90]:  8.3460249539085371e-04  7.9948627593934751e-01  3.4892861791241958e-01  1.6019371836256752e-02  
q[91]:  1.5448239106143782e-03  8.2394045413918404e-01  4.4989805032603969e-01  8.0296961990323365e-02  
q[92]:  1.7598060575017816e-03  8.2995957913044616e-01  4.8097299947836292e-01  4.0003629182918499e-01  
q[93]:  7.8597231150639253e-04  8.1816472387517769e-01  3.6160222497321304e-01  3.4615324099107464e-01  
q[94]:  8.3453495331371123e-04  8.1687391966484479e-01  5.1618458110215470e-01  1.7006632319403490e-02  
q[95]:  1.2991392152086395e-03  8.2634687533725759e-01  5.9684533609570944e-01  8.8256395597195725e-02  
q[96]:  2.4317789764084336e-03  8.1410184125663898e-01  5.1857740890547044e-01  1.8688578943334644e-01  
q[97]:  6.6863308777286728e-04  7.9637045256549921e-01  4.9586842380899077e-01  4.8084200583962983e-01  
q[98]:  7.0610304020134846e-04  8.2736017750084734e-01  6.6248312076700933e-01  1.8855994231454652e-02  
q[99]:  1.9272726754546497e-03  8.0218780109225518e-01  6.4766736508604783e-01  1.8114633066836361e-01  
q[100]: 2.4485424875817889e-03  8.1440207076087245e-01  6.3981718242427821e-01  3.3674412296174605e-01  
q[101]: 1.8034654967625894e-03  8.1781833068112508e-01  6.3647388885619061e-01  4.8359916282251647e-01  
q[102]: 1.3321969401238441e-03  8.1841161476256608e-01  6.1670131792784921e-01  5.5605947010537771e-01  
q[103]: 4.2481088130433763e-04  8.8714696810034643e-01  6.7956442166876019e-01  6.7124509614807115e-01  
q[104]: 2.9600754389651082e-04  7.5055606545425524e-01  6.8486010460677116e-01  6.8196780267070255e-03  
q[105]: 1.2390272097083702e-03  8.0358505101715161e-01  7.1533162257144745e-01  7.0811235396157704e-02  
q[106]: 1.2003274107182968e-03  8.1869002682567404e-01  7.5963646578962418e-01  1.9173310693976009e-01  
q[107]: 1.5768849666292393e-03  8.3788394716954551e-01  7.6598824126956544e-01  3.5088869964749581e-01  
q[108]: 1.8048252245889342e-03  8.0588314237788772e-01  7.2807429937325729e-01  4.9562729054931237e-01  
q[109]: 9.7340698414465304e-04  8.3978295066412811e-01  7.6340017404925753e-01  6.6943680666915950e-01  
q[110]: 7.4423842275157792e-04  7.9346074867821903e-01  7.0098746616734775e-01  6.8178155218218672e-01  
q[111]: 3.1922418637764742e-04  8.2703004256539114e-01  7.9908588464821617e-01  4.2708556623100219e-02  
q[112]: 5.3199411585439611e-04  8.1739210301024656e-01  8.0503724341931371e-01  1.2312758263715667e-01  
q[113]: 6.8797016540868262e-04  8.0961741162060252e-01  7.9769861060053793e-01  2.8415821205024050e-01  
q[114]: 8.9172301014358896e-04  7.9261841912244246e-01  7.7708495050406967e-01  4.4702313003571825e-01  
q[115]: 7.1171443608547297e-04  7.9981708732394396e-01  7.8451789741300126e-01  6.0765904032300688e-01  
q[116]: 5.0053423573252613e-04  7.8227149384164407e-01  7.6683172088518969e-01  6.9990187942086446e-01  
q[117]: 2.2784640275305760e-04  8.5774791580035714e-01  8.3819200611510458e-01  8.2450016490760414e-01  
q[118]: 1.2665155421401418e-04  9.1098202769370085e-01  2.7981994503752293e-02  1.2579792242755069e-02  
q[119]: 2.8959891231938607e-04  9.2078114828436719e-01  9.0603007268441435e-02  7.8650279522038596e-02  
q[120]: 4.4170356435483288e-04  9.0674134527408279e-01  1.0044677535908382e-01  1.7616661145774714e-02  
q[121]: 5.9434923553236963e-04  9.1893249216668738e-01  1.4856647432054521e-01  8.3110781798350769e-02  
q[122]: 5.8292341626598918e-04  9.2111006948469754e-01  2.2400009587612349e-01  2.0692632880002795e-01  
q[123]: 2.5360965214169082e-04  9.2170574612281075e-01  2.1019575252336817e-01  6.5768557388735157e-03  
q[124]: 1.1473525201423115e-03  9.2762140533672910e-01  2.5533482065150376e-01  6.9598288623497623e-02  
q[125]: 1.4849182941166392e-03  9.0752727337636852e-01  3.8394699165249041e-01  1.7829283623603284e-01  
q[126]: 1.2363174410183091e-03  9.0586142811965686e-01  2.6975514583163462e-01  1.7924254205752191e-01  
q[127]: 1.6412043812249698e-03  9.2845903263174823e-01  5.0780940589123746e-01  3.2692365281685354e-01  
q[128]: 4.0363542739497006e-04  9.1445753702775179e-01  3.6900869752377685e-01  9.4012952366295862e-03  
q[129]: 1.0651615463217244e-03  9.1874076435795460e-01  3.9312174648510489e-01  5.7481885457792939e-02  
q[130]: 1.3855673429070535e-03  9.2067091867042083e-01  4.9012631470588991e-01  1.5581746229184598e-01  
q[131]: 1.3412565745749914e-03  9.1101355943748441e-01  4.0211369769869354e-01  3.2466434142567802e-01  
q[132]: 5.4123806377344603e-04  9.2925659530842830e-01  3.8484835689891944e-01  3.7011421618119572e-01  
q[133]: 3.2197110323792060e-04  9.1917062222773904e-01  5.3646003479849935e-01  6.6910748981216231e-03  
q[134]: 1.0839202907591029e-03  9.2445103030450626e-01  5.6603381313571632e-01  5.6060315566779872e-02  
q[135]: 1.3392457837525173e-03  9.3228766096394367e-01  6.3092043007843146e-01  1.6248427770551707e-01  
q[136]: 1.8601102106377955e-03  9.2013416629134537e-01  6.1523598900140375e-01  2.9965024066511137e-01  
q[137]: 8.0961958369300943e-04  9.8486119612446543e-01  6.4419566863034594e-01  4.5559629470559571e-01  
q[138]: 1.2507520191256530e-03  9.3615660388243771e-01  6.0443786951983269e-01  5.2289366829902328e-01  
q[139]: 6.6646460203339121e-04  9.1542378246773348e-01  5.4941707843862675e-01  5.3264892125897489e-01  
q[140]: 5.7695456519437510e-04  9.3166866739133836e-01  7.1546460973357950e-01  1.7126117412290441e-02  
q[141]: 1.2416890749829877e-03  9.1316789796788100e-01  7.1929476802315995e-01  9.6939691486687213e-02  
q[142]: 1.7849055971882273e-03  9.1162772456857000e-01  7.3232944139046552e-01  2.5154542046700518e-01  
q[143]: 1.6656351935064794e-03  9.2565617301410552e-01  7.6382373218004906e-01  4.3338713911328969e-01  
q[144]: 1.7252982989792451e-03  9.1859069464439769e-01  6.7256964854740209e-01  4.8513842315009470e-01  
q[145]: 1.0712654444941124e-03  9.2551763777848262e-01  7.4702110201338467e-01  6.8143285024108424e-01  
q[146]: 2.6550577082029971e-04  8.9912336509001134e-01  8.2189786568554390e-01  7.9094335972500571e-03  
q[147]: 7.0843970116589298e-04  9.2945644269582017e-01  8.4186041303689585e-01  6.1694147418099990e-02  
q[148]: 1.0945271643194633e-03  9.1379637000279035e-01  8.2645199919591139e-01  1.6911796667168097e-01  
q[149]: 1.1916469843691222e-03  9.3559419461936855e-01  8.6058450574695489e-01  3.3308556805002282e-01  
q[150]: 1.1487896723839843e-03  9.2158559454357902e-01  8.5935439725792295e-01  5.2893789250868661e-01  
q[151]: 1.3366670578267032e-03  9.1855122818515478e-01  8.0915554954963098e-01  6.2966051733163697e-01  
q[152]: 5.4336196991267211e-04  9.2310534466403871e-01  8.6596009690697373e-01  8.0218985254449915e-01  
q[153]: 3.0277570661437256e-04  9.2489840916086319e-01  8.3075587340122037e-01  8.1898348877010330e-01  
q[154]: 1.6734825366261126e-04  9.0409148174039322e-01  8.9161363112115688e-01  1.8629639169864223e-02  
q[155]: 4.1925574028009449e-04  9.2579828473220926e-01  9.0785441804748923e-01  9.9669938128372562e-02  
q[156]: 5.8609404187668181e-04  9.2124141300672990e-01  9.0589935540796185e-01  2.3998924119431780e-01  
q[157]: 5.9734114548420361e-04  9.1418668252243573e-01  9.0030455396017173e-01  4.1978263992697368e-01  
q[158]: 4.1411623015588786e-04  9.0979212380875873e-01  9.0016863606971098e-01  5.8976981915881710e-01  
q[159]: 6.4541135976571042e-04  9.1537790067922042e-01  8.9128890459106946e-01  7.1372144277233307e-01  
q[160]: 1.8568623600020073e-04  9.1371701575071262e-01  9.0955613926413681e-01  8.2929030626953870e-01  
q[161]: 1.0381637825863012e-04  9.5608823301792545e-01  9.4025016484197799e-01  9.2504284310108909e-01  
q[162]: 9.4934615257638669e-05  9.8138481180495241e-01  3.6669223482791814e-02  1.5072438058709715e-02  
q[163]: 1.2294291995332989e-04  9.8622072440255193e-01  8.8549905588267558e-02  7.1465371623208360e-02  
q[164]: 2.4115689326053292e-04  9.8289466879913601e-01  1.2496668225047729e-01  1.8480967728391091e-02  
q[165]: 4.3656175266735826e-04  9.8292859021996515e-01  1.8144890540107736e-01  9.7590569932350685e-02  
q[166]: 2.0683303706942600e-04  9.8457488376587754e-01  1.9246904310093244e-01  1.7747446244240020e-01  
q[167]: 3.1848736016408091e-04  9.8290793231229834e-01  2.6592022976976792e-01  1.8829136111379395e-02  
q[168]: 3.3530183812913677e-04  9.9100576337641810e-01  2.9132001079607872e-01  8.9739158398699906e-02  
q[169]: 7.4686030747517999e-04  9.7772581031980166e-01  3.6989358534883626e-01  1.8207536592724588e-01  
q[170]: 6.3162552085195989e-04  9.8223589282325763e-01  3.1100941048037922e-01  2.3354113384489505e-01  
q[171]: 5.7354208907919532e-04  9.8818276018927254e-01  4.8772331575123312e-01  3.0631524887191947e-01  
q[172]: 3.3028161851994005e-04  9.8413334971418698e-01  4.3322409454839794e-01  1.8025145601897902e-02  
q[173]: 7.0482533679863083e-04  9.8358636908723396e-01  4.4492928255138464e-01  9.5348290980057607e-02  
q[174]: 8.2866033241079772e-04  9.8445331611225873e-01  5.4459476445008792e-01  2.1978115101695592e-01  
q[175]: 6.8982225664896400e-04  9.8263153726939689e-01  4.8545447645749557e-01  4.0989150385122519e-01  
q[176]: 2.3096744717764406e-04  9.8735028139388636e-01  3.5491552722885839e-01  3.4039732358986907e-01  
q[177]: 2.7097279098980482e-04  9.8415355017306894e-01  6.0529361176454466e-01  1.6103649001407490e-02  
q[178]: 5.6006367688627909e-04  9.8587518747122294e-01  6.0648249633007367e-01  8.4037393463569227e-02  
q[179]: 6.1093057418999360e-04  9.8812800299778114e-01  6.8273005275719301e-01  1.9183198296265491e-01  
q[180]: 8.0875581494302678e-04  9.8389795112958689e-01  6.8075041712578876e-01  3.4947532358273575e-01  
q[181]: 3.8046847944245131e-04  9.9216339197389614e-01  6.7664099808504063e-01  5.9813738332327393e-01  
q[182]: 2.8167660079715288e-04  9.8505557900957919e-01  5.5059184361047708e-01  5.3621251691538230e-01  
q[183]: 1.0602144731519578e-04  9.9119686870143398e-01  7.5854822800466004e-01  9.8331476269994788e-03  
q[184]: 5.5539642141494308e-04  9.8368688288211414e-01  7.6469637010778158e-01  7.0162172018684327e-02  
q[185]: 7.7063866480340138e-04  9.8124674651036536e-01  8.1052048682955979e-01  1.8167680712109116e-01  
q[186]: 8.5186061420414617e-04  9.8330429094583693e-01  7.9764112842580859e-01  3.3384351944634572e-01  
q[187]: 6.8846621241442166e-04  9.8685938044013921e-01  8.0498700696272207e-01  5.1977442596873358e-01  
q[188]: 6.5586796613039690e-04  9.8046490211868897e-01  7.9147017955910648e-01  6.3446279256163507e-01  
q[189]: 2.9966200494190584e-04  9.8832935684916190e-01  8.3359381365544150e-01  7.5212631436286481e-01  
q[190]: 3.6694899651849736e-04  9.7874877509432112e-01  7.2931322939141652e-01  7.1289296308581385e-01  
q[191]: 2.0821969307593556e-04  9.8134905754209567e-01  8.7607550800854472e-01  1.5560268552779501e-02  
q[192]: 2.7716107568190123e-04  9.9019953156426677e-01  9.0270319065143934e-01  8.5414191282085036e-02  
q[193]: 4.3026581134522911e-04  9.7949311221437196e-01  9.1408803469605793e-01  1.8710131981287911e-01  
q[194]: 3.5337862475875515e-04  9.9138835009124149e-01  9.1195873729061461e-01  3.1201206386427294e-01  
q[195]: 6.2291137644875831e-04  9.8506430050632499e-01  9.0214530271474835e-01  4.8458893862122310e-01  
q[196]: 5.5986678231375838e-04  9.8483973277089865e-01  9.1240378062852723e-01  6.7459586709494024e-01  
q[197]: 3.8541991247769417e-04  9.8158042333190709e-01  9.1820272892100907e-01  8.1408668769685888e-01  
q[198]: 1.9097326052069352e-04  9.8621964308042076e-01  8.7627461034887233e-01  8.5800942861123430e-01  
q[199]: 1.2363258925870483e-04  9.8075253443750854e-01  9.5935249984691640e-01  1.8496127977564787e-02  
q[200]: 1.4763956444323629e-04  9.8545857581273755e-01  9.7066565858116560e-01  9.3219544229574652e-02  
q[201]: 1.8414310696918980e-04  9.8621470990954097e-01  9.7350351034842231e-01  2.2421502589838280e-01  
q[202]: 3.1555195272122680e-04  9.8313622675972789e-01  9.6736204036312889e-01  3.9344734663171116e-01  
q[203]: 3.2053108373799038e-04  9.8330972672158290e-01  9.6706826436242843e-01  5.7836052264893345e-01  
q[204]: 2.0926671737260210e-04  9.8232672340140925e-01  9.7100623151379695e-01  7.4961782662113718e-01  
q[205]: 1.1266453006607972e-04  9.8606640950152025e-01  9.7511849342883783e-01  8.8149958082230906e-01  
q[206]: 6.7775142066893440e-05  9.9092872328275083e-01  9.6502391785564967e-01  9.4409053689545841e-01  

