deg: 14
dim: 3
nodes: 172
efficiency: 0.988372

q[0]:   5.1246096265432763e-04  1.4480456787790728e-02  8.9035088721815092e-02  6.0855725467948166e-02  
q[1]:   8.1051137188479670e-04  6.0474305814301715e-02  1.2287000747294231e-01  1.4607485615850247e-02  
q[2]:   9.2505133296859104e-04  1.1382998956712327e-02  2.8742944153996364e-01  3.6804219250514893e-02  
q[3]:   1.4900952508852109e-03  1.3762646178135211e-02  3.2471142652032958e-01  1.8598229448068199e-01  
q[4]:   4.9415957135374080e-03  1.0216494957397249e-01  4.1110038666538495e-01  1.2760944864520501e-01  
q[5]:   6.3402470756223966e-04  9.0875440224082553e-03  3.7423939746757556e-01  3.4203433066575217e-01  
q[6]:   1.8853707107297384e-03  5.8369059512716710e-02  4.7811168779717889e-01  2.3294519332981108e-02  
q[7]:   1.9901252571195259e-03  1.6126696211376766e-02  5.6182088734545965e-01  1.4068135822875946e-01  
q[8]:   3.4030717817268197e-03  3.8295925951451676e-02  5.3773462748711587e-01  3.1452681562898288e-01  
q[9]:   4.0186770063835612e-03  1.5401797679663487e-01  6.0839325473181505e-01  7.4162867859682680e-02  
q[10]:  1.2288990404453444e-03  8.1985540805806553e-03  6.6675973037668779e-01  5.8792719210092348e-01  
q[11]:  8.1595662266163835e-04  1.2711875499076056e-02  6.9236171917391709e-01  2.6816397781108690e-02  
q[12]:  3.2426082529761944e-03  3.7122060579745035e-02  7.4326084701292483e-01  2.1831309824943268e-01  
q[13]:  4.3025063581117028e-03  1.1086033274546477e-01  8.0097073610367175e-01  3.7970214333396801e-01  
q[14]:  2.7330041720439427e-03  2.0511904307100957e-02  7.4404420506013902e-01  4.5948246710938179e-01  
q[15]:  3.6876276691423797e-03  8.2509526770869548e-02  7.9665578985484309e-01  6.5637810568721133e-01  
q[16]:  9.0240353728946257e-04  9.1935156466781687e-03  8.8929798920939096e-01  9.3280110297330660e-02  
q[17]:  3.6528746529566683e-03  1.0409456029350439e-01  8.8401101676783533e-01  1.9939147986062289e-01  
q[18]:  1.4554192391481686e-03  1.1300244123237890e-02  8.9996496230532119e-01  3.6280152193072734e-01  
q[19]:  1.6166974615700329e-03  2.0868873295210269e-02  9.1381871958237237e-01  6.9678822326035161e-01  
q[20]:  9.4138325387161867e-04  2.2833973471008750e-02  8.5263316348427920e-01  8.2098671825454450e-01  
q[21]:  4.4141191630862588e-04  2.9712994981576292e-02  9.7128370040153977e-01  2.9919779944795544e-02  
q[22]:  8.8966090422155713e-04  2.3978539250732466e-02  9.6884401776289808e-01  2.3253899012120371e-01  
q[23]:  4.2732085904816276e-04  9.0847296561868320e-03  9.9274890927087789e-01  5.6100292994680390e-01  
q[24]:  4.8894712201451741e-04  1.5685188740407297e-02  9.7803875689259689e-01  8.8057848032905395e-01  
q[25]:  2.6827803641678229e-04  1.1673938678443076e-01  1.7550450285563846e-02  5.0167600416144665e-03  
q[26]:  2.4862837466180414e-03  9.3479065609223533e-02  2.0994394630623187e-01  9.8192373092212085e-02  
q[27]:  1.5901424212646570e-03  6.8473876731645622e-02  2.3200381422892460e-01  2.0987249032125690e-01  
q[28]:  2.2992056495118210e-03  1.6942204335118582e-01  2.8264393718508241e-01  1.8417966694768192e-02  
q[29]:  4.8253101151445295e-03  1.9723738476571095e-01  3.4094149256093903e-01  2.4609113155293127e-01  
q[30]:  3.4494896803605145e-03  8.4149824551177990e-02  4.8602860940427589e-01  3.9393192161758406e-01  
q[31]:  9.0148692741989680e-04  4.5270061941037130e-02  5.4025075090648622e-01  5.2535034556211324e-01  
q[32]:  1.2997054667919380e-03  1.9512158154492673e-01  6.7476002568006554e-01  2.3910314804433523e-03  
q[33]:  7.5159040818468196e-03  1.5587797008852575e-01  6.2769257677766688e-01  2.7670750127922467e-01  
q[34]:  4.8101679277872209e-03  1.4865824236979722e-01  6.4123562417182745e-01  4.9844202950123123e-01  
q[35]:  2.8021977380094246e-03  8.4875148962329325e-02  7.6933050030751360e-01  7.8845383450919418e-02  
q[36]:  4.7331290499327367e-03  2.1303009614859530e-01  9.0995236805267954e-01  3.4672115821175870e-01  
q[37]:  1.7900227183525535e-03  1.0883392332887012e-01  7.1459856018338086e-01  6.9893491658731621e-01  
q[38]:  9.7518086745616958e-04  8.2143943081010737e-02  8.6905382286694055e-01  9.0792361081334857e-03  
q[39]:  3.0177393169317397e-03  1.9902135952341141e-01  9.2536272226907523e-01  7.7285382557081256e-02  
q[40]:  3.5271821702575964e-03  7.7672165774425136e-02  9.2382177654990083e-01  5.4051560727510850e-01  
q[41]:  2.1822161163961018e-03  1.1666038726047251e-01  9.1572646199609042e-01  8.3271173439050228e-01  
q[42]:  9.5377788929604137e-04  8.6277239232657787e-02  9.8668424093780116e-01  1.2382240791477929e-01  
q[43]:  1.7660043380861548e-03  9.8180417158488950e-02  9.8470490266507282e-01  3.7865256382274332e-01  
q[44]:  1.2838364428249980e-03  9.5977567594089638e-02  9.9088294698751533e-01  7.4903976160555663e-01  
q[45]:  3.4025705063565171e-04  5.6477963155269428e-02  9.7180469153739724e-01  9.6394708874962098e-01  
q[46]:  1.6761893635371060e-03  1.9884788217388069e-01  1.0861511135400333e-01  8.9265386379824813e-02  
q[47]:  1.5664674512287774e-03  2.8237885392047146e-01  1.0243007098217820e-01  2.0168196173220916e-02  
q[48]:  3.0168587737682243e-03  2.7014104175668818e-01  2.2975416587005773e-01  7.7883300546056647e-02  
q[49]:  1.8382312286325466e-03  2.9889230735477285e-01  4.5608081582087256e-01  1.1016802832259457e-02  
q[50]:  6.5343368095445937e-03  2.7119363672608471e-01  4.4030012864310453e-01  2.3457426111822816e-01  
q[51]:  2.1143226353336586e-03  1.9088421428488331e-01  4.1944423975038025e-01  4.0611095007681447e-01  
q[52]:  4.0724189357362476e-03  2.5304680130149548e-01  6.3714698570809081e-01  1.3929705488025271e-01  
q[53]:  4.4176525161044649e-03  2.7765921935173637e-01  6.1656184038110518e-01  5.7125652389325088e-01  
q[54]:  3.5836578150557773e-03  3.0687095100894307e-01  8.1145593827882645e-01  3.9973348917398600e-02  
q[55]:  5.4139285998590289e-03  2.6182693266970852e-01  7.8597138399556488e-01  1.8119505813324727e-01  
q[56]:  6.2230642515176578e-03  2.0789272482086357e-01  8.0615229664557564e-01  5.3182877495701286e-01  
q[57]:  4.5096143255457998e-03  2.8215526126857959e-01  7.9848995863539707e-01  7.2784782272459880e-01  
q[58]:  6.1444734787076682e-03  4.4462131891290568e-01  8.9856038256353576e-01  1.7598817710053177e-01  
q[59]:  2.4509134188652284e-03  4.4596522626973883e-01  9.8709848164527303e-01  3.9179485579312456e-01  
q[60]:  4.3723403200267436e-03  2.3236843269359814e-01  9.2511678589899893e-01  7.1351531355863285e-01  
q[61]:  1.2446842497441401e-03  2.2569011841572964e-01  8.8936876488958339e-01  8.8111132980404583e-01  
q[62]:  5.2698386291940397e-04  1.9699291698448351e-01  9.8555824148369431e-01  1.6550110963621981e-02  
q[63]:  2.9791986464125456e-03  2.7542623874323219e-01  9.7621157205933040e-01  2.2277383359337724e-01  
q[64]:  2.9650090871985793e-03  2.4103519288235736e-01  9.7915641668834441e-01  5.6494168411428158e-01  
q[65]:  1.0115423810803026e-03  1.7431587542454721e-01  9.8337907205126462e-01  9.1558203009210493e-01  
q[66]:  1.2389362281977135e-03  4.5587461610772129e-01  4.9565788402456186e-02  2.9868181153377842e-02  
q[67]:  4.0097533878044132e-03  4.2303823354325881e-01  2.0832186719216461e-01  1.4595566019649550e-01  
q[68]:  2.1018268825813329e-03  4.6597513132050355e-01  2.1625111277738401e-01  1.3566411481782266e-02  
q[69]:  2.1136181735934420e-03  3.4640528338986804e-01  2.6110488606009269e-01  2.4748760178058379e-01  
q[70]:  5.9141409987030899e-03  3.2442404627842159e-01  4.3578927616498286e-01  8.2158314854907308e-02  
q[71]:  6.7080180758982613e-03  4.2669097951792923e-01  4.6217408130268350e-01  3.8619008348722644e-01  
q[72]:  1.5298589332452936e-03  4.6020076473737592e-01  5.6809253411075966e-01  5.6269821313383794e-01  
q[73]:  4.2351594765857687e-03  4.5547602651460672e-01  6.1051601186237014e-01  3.2365233275997565e-02  
q[74]:  9.0907032797911506e-03  4.5005507853294779e-01  5.8719551134094017e-01  2.0653055424392458e-01  
q[75]:  9.3293510471328476e-03  3.3936923946900843e-01  6.3292914636211073e-01  4.2147523486164351e-01  
q[76]:  4.1116802763903216e-03  4.5616344881103366e-01  7.5304872350073337e-01  9.4208746815225591e-02  
q[77]:  8.4286157118813286e-03  3.6119976061963088e-01  7.8281135310235295e-01  3.2979974230475184e-01  
q[78]:  7.4292657179600005e-03  4.6175213192429054e-01  8.0797375488218837e-01  6.3570398029407671e-01  
q[79]:  2.1266560461793219e-03  4.8266483062019067e-01  7.7066613537177975e-01  7.6051919979508686e-01  
q[80]:  1.3165081942202960e-03  4.0851814174430040e-01  9.3418590734494766e-01  1.1765390418535887e-02  
q[81]:  6.1998025539176460e-03  3.9813136964619128e-01  8.8534956664545394e-01  5.3373116922555153e-01  
q[82]:  3.1233335823308717e-03  4.2603372646439158e-01  9.1340625651791951e-01  8.3617868364634684e-01  
q[83]:  1.5233289602218647e-03  4.2453184687896262e-01  9.8887279648207105e-01  8.4280540857474676e-02  
q[84]:  1.6173329073982915e-03  3.3707475305798934e-01  9.4502310120982447e-01  4.2798014447958865e-01  
q[85]:  3.5128185453785830e-03  5.0726556309057069e-01  9.7836069378263402e-01  6.4808239465908490e-01  
q[86]:  2.2490507509047861e-03  3.6204231905087775e-01  9.7942265407252826e-01  8.1199375515642780e-01  
q[87]:  7.6815131978528409e-04  3.5284003459354607e-01  9.8381917947151487e-01  9.6242458989986857e-01  
q[88]:  1.2670665758817347e-03  6.4638241729424106e-01  1.0881515479278589e-01  1.5971960207226535e-02  
q[89]:  1.2082265766737968e-03  6.2516386747153563e-01  1.3616126183768490e-01  1.3182724396993553e-01  
q[90]:  4.9976164214817027e-03  4.7510022571456839e-01  3.0313439422274713e-01  1.0291445585656088e-01  
q[91]:  7.7270599115870087e-03  5.5306759262572058e-01  4.4885811338058806e-01  2.4873243675620021e-01  
q[92]:  3.4450235896106777e-03  5.8585836710300176e-01  3.8839606963975021e-01  2.2843383082826678e-02  
q[93]:  3.0130276452604628e-03  6.1238742154010617e-01  3.8708586685396046e-01  3.6765998133531907e-01  
q[94]:  3.4783226270389653e-03  5.8822605951540829e-01  6.3372906564148423e-01  1.1299685274377956e-01  
q[95]:  7.1860216146823292e-03  5.7943068816104448e-01  6.7057013148615396e-01  5.7597238611410218e-01  
q[96]:  2.1251332458531429e-03  5.9339778783642572e-01  8.0324625851964193e-01  1.2261972168354850e-02  
q[97]:  8.1240329765475353e-03  6.3408922831306669e-01  7.6614712252604489e-01  2.1581619170203098e-01  
q[98]:  1.0259846462200470e-02  5.8684193634315085e-01  7.1345965387161603e-01  4.0319881879998226e-01  
q[99]:  3.7602632849584759e-03  6.1735436422643986e-01  9.2055944840509907e-01  7.7439780764783847e-02  
q[100]: 6.4627814433617951e-03  5.5435321469921084e-01  9.0782488760465596e-01  3.6162674899060626e-01  
q[101]: 4.4882470082910813e-03  6.3762248440622005e-01  9.2375487212864704e-01  7.3237592905122839e-01  
q[102]: 1.8212141208992436e-03  5.7558455248492113e-01  9.3340011560339897e-01  9.0809692531008390e-01  
q[103]: 6.2357362067345728e-04  6.6837987234289109e-01  9.8791055648814097e-01  1.6348744109805247e-02  
q[104]: 6.0149360668323238e-03  6.7091340307221825e-01  8.8529792300627796e-01  5.3697667545687788e-01  
q[105]: 1.1857807043074385e-03  6.1140313092863485e-01  9.9283323671409851e-01  8.8501198917000068e-01  
q[106]: 4.6169375906303937e-04  7.8163328717145264e-01  2.5818944075047763e-02  1.0721207070847697e-02  
q[107]: 2.8446230565300993e-03  6.6134645988231477e-01  1.5742042334986595e-01  7.2524827337481584e-02  
q[108]: 2.7450311125906462e-03  8.1047712925095305e-01  2.4529138342329379e-01  2.6295428118524942e-02  
q[109]: 3.4416506253626151e-03  6.3194312770824090e-01  2.9772038464311168e-01  2.2004783794239993e-01  
q[110]: 1.4023824568811572e-03  8.1129327763462522e-01  2.7420204523248592e-01  2.6164288812872394e-01  
q[111]: 5.5710911073213716e-03  6.7652632254738287e-01  4.9970008611165856e-01  1.0306098660775433e-01  
q[112]: 2.8808089499163785e-03  7.4867134046030426e-01  5.8390932870972134e-01  5.6416241875626938e-01  
q[113]: 2.4416809471336943e-03  7.2341313952964237e-01  6.2229809097668853e-01  1.7068079265597454e-02  
q[114]: 8.0841066530010185e-03  7.8573005399540008e-01  5.7694287754773743e-01  2.5411559661160188e-01  
q[115]: 7.0383419806989049e-03  7.1288585419250794e-01  5.4944072625391194e-01  3.9789940098131255e-01  
q[116]: 5.1857834716887846e-03  7.5864689382181261e-01  7.9244002152767579e-01  8.9357026659053762e-02  
q[117]: 5.6936385711621263e-03  7.9206776710712179e-01  7.9457747510176502e-01  3.5708656165404140e-01  
q[118]: 3.7534373908502013e-03  7.1945075868774500e-01  7.9832341357426650e-01  7.5472023968384017e-01  
q[119]: 1.4758620318739766e-03  8.2719830750297441e-01  9.1085191127769016e-01  1.7665947171475221e-02  
q[120]: 5.3986432719255600e-03  7.8908161604746907e-01  9.0868262690417489e-01  2.5296682488185385e-01  
q[121]: 2.4572998419333221e-03  7.2848456517241111e-01  8.8597696098948253e-01  7.7405156251126372e-01  
q[122]: 2.8008577000161760e-03  6.4346567253824105e-01  9.8245607746114516e-01  2.2851284984887033e-01  
q[123]: 3.6176903238519390e-03  7.3458272341363828e-01  9.7851460060007689e-01  4.8747306393182882e-01  
q[124]: 1.3918504180210978e-03  7.9201626262541946e-01  9.9294167981340598e-01  7.3465506278284554e-01  
q[125]: 3.5541212116938436e-04  7.2287882087788324e-01  9.9309131876007917e-01  9.8015959650331896e-01  
q[126]: 7.3979874236106721e-04  9.3141489664859478e-01  1.0366956254327171e-01  1.0295377958074859e-02  
q[127]: 1.9727137315540631e-03  8.9743559757601332e-01  2.0413483786854553e-01  9.6033184028455329e-02  
q[128]: 1.4401534520842127e-03  8.5028691821012148e-01  1.1341702799473989e-01  8.6280891859430400e-02  
q[129]: 4.7988023457586617e-03  7.3028954547413916e-01  3.4413957781080345e-01  1.1272872062124847e-01  
q[130]: 4.0314140157255906e-03  8.0567647092433214e-01  3.2256076826589009e-01  2.3019014051158890e-01  
q[131]: 1.5594188473226551e-03  8.3746836896712973e-01  4.4604238426237180e-01  1.0435974682972483e-02  
q[132]: 3.6162103511317200e-03  8.5825957691411625e-01  4.9992123206453348e-01  4.2992008460910380e-01  
q[133]: 2.8336731581479219e-03  9.0214318294121754e-01  7.0068795574239617e-01  6.2451869879621502e-01  
q[134]: 1.7033818056386308e-03  9.1105734886414813e-01  7.5080977913417424e-01  1.8208012835260322e-02  
q[135]: 4.6373455694479508e-03  8.9338458092541939e-01  6.9616270066322739e-01  2.1011141412888401e-01  
q[136]: 7.9680723149365435e-03  8.1074824874662843e-01  7.7062143273975614e-01  5.6108233080374914e-01  
q[137]: 2.8551560624715863e-03  9.1652829876799446e-01  8.8723920814132540e-01  1.2505687191599624e-01  
q[138]: 3.1478265652194657e-03  8.7726379750259609e-01  9.4027181039065844e-01  6.6399833399915631e-01  
q[139]: 1.8815301729692645e-03  8.4345679907623461e-01  9.6578544930870613e-01  8.8018825073810825e-01  
q[140]: 9.9880574076031676e-04  8.4097792075967015e-01  9.0159205647330842e-01  8.9272148278396479e-01  
q[141]: 1.7106727061710954e-03  8.2202800547169974e-01  9.8005415967942666e-01  1.0844638582658500e-01  
q[142]: 1.9875229149624329e-03  9.0860882221440142e-01  9.8236133882959131e-01  3.2828424810606738e-01  
q[143]: 4.1934842998753441e-03  8.9626059115847123e-01  9.0027243245295319e-01  4.5427190882916768e-01  
q[144]: 3.2881855964940086e-04  9.7871710635362630e-01  5.6115162151970231e-02  3.8957699328627644e-02  
q[145]: 9.9734021516033984e-04  9.9044780376572250e-01  2.3532461813162392e-01  8.4737806366668444e-02  
q[146]: 1.2160602591710513e-03  9.6526786443962986e-01  2.2022545286219797e-01  1.9209482291450558e-01  
q[147]: 6.7595246141719792e-04  9.7494062550973215e-01  2.9530065197477623e-01  1.4496548247873100e-02  
q[148]: 1.8467294754421289e-03  9.8094006307163562e-01  4.1291760647226289e-01  3.0325732580877057e-01  
q[149]: 4.2038878714940426e-03  9.1211399892934475e-01  4.0360012736599660e-01  1.9101639416266980e-01  
q[150]: 1.2918222792681203e-03  9.3818675990461564e-01  4.2146977008269476e-01  4.0534987769136227e-01  
q[151]: 3.1980336129284652e-03  9.3455352245479117e-01  4.3273751708850489e-01  7.8166509226894748e-02  
q[152]: 4.4985631908038793e-03  9.2797822013264730e-01  6.0106572202349984e-01  3.8734562121600347e-01  
q[153]: 5.1085976782286498e-04  9.9226838802928441e-01  5.8080028550313934e-01  5.5861550939633053e-01  
q[154]: 9.2274125180956824e-04  9.7777577138239369e-01  5.6294641618764929e-01  2.0806414046197756e-02  
q[155]: 4.0168175350172395e-03  8.5494683259084647e-01  6.0944975923836775e-01  8.7802806032502984e-02  
q[156]: 1.7700689916143708e-03  9.9563493157368710e-01  5.6421167279570084e-01  2.0316179060591108e-01  
q[157]: 1.4271927899147561e-03  9.8754332787589516e-01  6.7441784971344243e-01  5.5408589246698081e-01  
q[158]: 1.6173387547686207e-03  9.7818203318683505e-01  7.1896532695999738e-01  9.8569720974409969e-02  
q[159]: 3.5069814370538191e-03  9.5984509837208665e-01  7.5078357828164999e-01  4.0131421372209453e-01  
q[160]: 2.6308885497762571e-03  9.2677069349008934e-01  8.6489768825832303e-01  7.5061667767142282e-01  
q[161]: 1.0196725171206932e-03  9.1850704381550952e-01  7.2571955613373140e-01  7.1776991549720059e-01  
q[162]: 6.2255173160617565e-04  9.9022130506405559e-01  8.7971518696930096e-01  3.4776276174894906e-02  
q[163]: 2.5064325379456354e-03  9.6214231161266728e-01  8.3124821808607419e-01  2.4161378933116631e-01  
q[164]: 1.8486436024240369e-03  9.8348071726369635e-01  8.6460745193988242e-01  6.0794562766093041e-01  
q[165]: 7.2313409023286811e-04  9.8717991698845664e-01  8.6597824203598628e-01  8.2985723400344513e-01  
q[166]: 5.2182770685038312e-04  9.4797147246039981e-01  9.7988972333783553e-01  2.7750130065314786e-02  
q[167]: 8.4072856890456918e-04  9.7851161412316912e-01  9.7294518683406983e-01  1.6353089761805095e-01  
q[168]: 8.8842672742276796e-04  9.9943185539556645e-01  9.2722582189762537e-01  3.6407200452920163e-01  
q[169]: 1.1475421980281235e-03  9.6454838532777731e-01  9.8375161097098140e-01  5.7038404146935406e-01  
q[170]: 8.6130728056119273e-04  9.7561394031964443e-01  9.7763714847240746e-01  8.1132865891682904e-01  
q[171]: 4.5857144259569996e-04  9.5747296056924214e-01  9.7754933940468680e-01  9.5121015148573906e-01  

