deg: 8
dim: 3
nodes: 42
efficiency: 1

q[0]:  7.5562599036297674e-03  8.3434410433020023e-02  1.4966877242039062e-01  8.0976839418872432e-02  
q[1]:  6.6287154563814607e-03  7.9649036833132156e-03  4.6719096013414796e-01  9.0079382034161284e-02  
q[2]:  2.1431602138644722e-02  1.4653800196068614e-01  4.9206130413893245e-01  2.8406885020640255e-01  
q[3]:  5.8516009982340694e-03  2.9262735870810408e-02  4.8385749519397797e-01  4.4056409356536086e-01  
q[4]:  2.2102186583119431e-02  1.2152658148008647e-01  7.7060493442811329e-01  3.0213595850879454e-01  
q[5]:  1.0081142981773721e-02  3.1689366742478936e-02  8.3854652940553709e-01  6.3001161240968528e-01  
q[6]:  4.1607986868222461e-03  1.8719432862504516e-03  9.1979654252036358e-01  1.5537007008757728e-01  
q[7]:  1.3707779884318413e-02  2.8876565881486688e-01  9.5394652202235952e-01  1.8599302088908873e-01  
q[8]:  8.1413853287181977e-03  1.1496506876387567e-01  9.7961710098246735e-01  5.0204976870711859e-01  
q[9]:  3.4120505914174348e-03  8.1165319492974813e-02  9.6248705057318551e-01  9.0720654008453228e-01  
q[10]: 8.2424842453355674e-03  2.7109863214000512e-01  2.4408660393090295e-01  2.7002339114918728e-02  
q[11]: 1.2651473820920019e-02  3.2479354471813021e-01  2.9980569586217909e-01  2.6824957220074724e-01  
q[12]: 9.4676920026655932e-03  2.4603759036894599e-01  4.8103970775282628e-01  3.7470120897088961e-02  
q[13]: 2.6593029634115917e-02  3.3734518345385917e-01  6.9044197590502832e-01  5.3399733103830249e-01  
q[14]: 1.0272898442466954e-02  1.4016782967547858e-01  7.6838958066865448e-01  3.8123102065299966e-02  
q[15]: 8.9527497256491166e-03  1.9081842152491982e-01  7.6405813466983774e-01  7.4134166310212379e-01  
q[16]: 1.4297264735953774e-03  1.5489736398940376e-01  9.9298143316379017e-01  2.6319246761961771e-03  
q[17]: 1.2198904905681349e-02  3.1045755788950075e-01  9.6071882386166696e-01  7.6677878445403080e-01  
q[18]: 4.6806521069826324e-03  4.9688314476895851e-01  5.7101530027466901e-02  3.0750270161277682e-02  
q[19]: 2.7153430207435797e-02  5.3053132936655278e-01  3.7390626093838181e-01  1.6344674755314623e-01  
q[20]: 2.9841463359769550e-02  4.4378289645998981e-01  6.7086019857387980e-01  1.5078601520338814e-01  
q[21]: 1.5957829103199685e-02  6.2343034018344734e-01  5.5909076475428743e-01  5.2336991916517273e-01  
q[22]: 1.2839753919659122e-02  5.6479904441494266e-01  8.8989534222533240e-01  4.7657825532764278e-02  
q[23]: 2.6955979179640210e-02  4.5322084662716922e-01  8.7599963599849862e-01  4.6307606740050078e-01  
q[24]: 1.4124198783178877e-02  6.7398931121065719e-01  9.5464615697774324e-01  3.3569361264671971e-01  
q[25]: 5.8800277066399006e-03  5.4185490531529124e-01  9.3851079690696448e-01  9.1728009112347775e-01  
q[26]: 8.1203796385996667e-03  7.7482259207933468e-01  2.3855742740530589e-01  2.4818659719544379e-02  
q[27]: 1.1692668263510907e-02  8.0013845161195296e-01  2.2675412530445535e-01  1.7501201607765249e-01  
q[28]: 1.1725388914244640e-02  7.3052834901820551e-01  5.7003655033932066e-01  2.1274049372185397e-02  
q[29]: 3.2996789758330460e-02  7.5147248112606346e-01  6.3972166728714264e-01  3.5876015965991026e-01  
q[30]: 1.6707182083436502e-02  6.8241831530044372e-01  8.6774316083219449e-01  7.2937435113903704e-01  
q[31]: 3.9641801937899280e-03  8.5697330394577087e-01  9.8912215697095207e-01  7.9138298227425019e-02  
q[32]: 8.7901501616283271e-03  7.9859741090488667e-01  9.7956767595938732e-01  6.5018770847101515e-01  
q[33]: 2.3751753105754007e-03  9.3465385478123741e-01  9.9599153035581522e-01  9.1760166981529112e-01  
q[34]: 2.5011324183409176e-03  9.6645302666911748e-01  1.0362975075681671e-01  4.3589226555054476e-02  
q[35]: 1.2502596156637985e-02  9.5768731162819976e-01  4.6818752257682611e-01  1.2058924962998641e-01  
q[36]: 1.0657513381934672e-02  9.4604644224933909e-01  4.7009971577700588e-01  3.8724891935115346e-01  
q[37]: 3.2220142020676274e-03  9.7416774174908638e-01  8.1358793293314013e-01  2.0744844028667771e-02  
q[38]: 2.1114553575472317e-02  8.6184293208225060e-01  8.0659497335468178e-01  1.9082997053644696e-01  
q[39]: 8.4251314023055090e-03  9.1114990099527393e-01  7.9223741765204625e-01  7.4542516027542982e-01  
q[40]: 2.9100407463245282e-03  9.9503368718739915e-01  9.7089854508760742e-01  3.3327581643252430e-01  
q[41]: 1.1979287622805486e-02  9.5933891657966686e-01  8.3745796911718162e-01  5.2948868090793055e-01  

