deg: 10
dim: 3
nodes: 73
efficiency: 0.986301

q[0]:  2.3804300329056767e-03  1.2322353412844210e-01  6.8976926083703149e-02  3.0160585246670597e-02  
q[1]:  2.8378968222390489e-03  2.4588740941303675e-02  2.3493075286954324e-01  5.5063696627334326e-02  
q[2]:  1.9529110228113460e-03  2.7196070057445645e-02  2.0966124712360748e-01  1.8433160859368294e-01  
q[3]:  8.3667496825693220e-03  3.5031602286087364e-02  5.5665642620826838e-01  2.9975602239960980e-01  
q[4]:  4.5383241291804058e-03  4.8367752396799496e-02  5.3145604249771927e-01  4.8686268266727195e-01  
q[5]:  3.1893848992203674e-03  1.4622666963661565e-02  6.1585840234989597e-01  8.1864993394502802e-02  
q[6]:  3.4041705673704343e-03  9.0493331170644287e-02  7.7906022874372560e-01  2.1509285866669982e-02  
q[7]:  5.6718245837227505e-03  3.4424247302901091e-02  8.6206442163183994e-01  2.3944258722882927e-01  
q[8]:  4.9778847665910009e-03  2.9708431584630206e-02  8.1193583625861132e-01  6.5074756653832666e-01  
q[9]:  4.3333503726406550e-03  1.2881222818511023e-01  9.7963139732100424e-01  2.3693516348891761e-01  
q[10]: 2.8073326789134004e-03  1.7004713884178263e-02  9.5754202936967514e-01  5.3055870483277889e-01  
q[11]: 6.0100852223574520e-03  1.4319650821032609e-01  9.6719494326869759e-01  7.6342869827136883e-01  
q[12]: 1.3673286780736323e-03  2.7704766048065821e-02  9.6005510797689320e-01  9.0808205441161294e-01  
q[13]: 6.7547185855676099e-03  3.7888031841839936e-01  1.5114691200727384e-01  1.1294436113695425e-01  
q[14]: 1.0524467728168858e-02  1.5831908818636956e-01  3.4348274893819702e-01  1.6906399018501794e-01  
q[15]: 6.3215082140512281e-03  1.2469501674244661e-01  4.3541758328076985e-01  3.3416787648624921e-02  
q[16]: 7.9928782645038009e-03  2.0564818092023063e-01  3.5403063341920404e-01  3.0365179225021227e-01  
q[17]: 1.3945294206971909e-02  1.7605002095399430e-01  6.8019944504322916e-01  1.8739980909294326e-01  
q[18]: 1.3935979700211773e-02  2.3637100856501711e-01  6.4225977601871631e-01  5.0504875230027491e-01  
q[19]: 1.0003280079668794e-02  2.6354205968370986e-01  8.5595085792455261e-01  9.9281851170020682e-02  
q[20]: 1.4501872353276544e-02  1.3956587108796953e-01  8.1497069107600584e-01  4.5454041873716600e-01  
q[21]: 4.2210479967508688e-03  1.1273691480576399e-01  7.9061483706273405e-01  7.6663231580596636e-01  
q[22]: 1.9804960248127131e-03  4.1099025491150618e-02  9.5236154575035104e-01  5.6638906966841436e-02  
q[23]: 6.0222432209126320e-03  2.4087027580883483e-01  9.7569775815784410e-01  4.7122703079115574e-01  
q[24]: 1.0459144361746418e-02  3.3482552121708592e-01  8.5453217802454962e-01  7.3688403038870265e-01  
q[25]: 5.5735862532215541e-03  3.3377665514236388e-01  2.0529614085729342e-01  1.8079136934123847e-02  
q[26]: 1.5663081367314837e-02  3.7567215401498821e-01  4.7465216209969185e-01  1.3480285045663062e-01  
q[27]: 1.4755353318909849e-02  5.1980662631642760e-01  4.5658655806769083e-01  3.2132317515931247e-01  
q[28]: 7.5900321087199437e-03  3.7726703896879443e-01  6.3507744858562465e-01  2.4050533654464086e-02  
q[29]: 1.5831268333083542e-02  4.0398224129956745e-01  6.4619161600172603e-01  3.4654115861402618e-01  
q[30]: 5.8461234402715709e-03  3.8570242930301502e-01  6.0176986215818651e-01  5.8787614642759556e-01  
q[31]: 2.2787415587461964e-03  2.8019930771540702e-01  9.7229633683046224e-01  2.7193698181039692e-02  
q[32]: 1.5853201010922614e-02  4.0252698784949992e-01  8.8539939650719734e-01  3.1014099979659515e-01  
q[33]: 8.3191313895713513e-03  4.7032455123217676e-01  9.5634075246591776e-01  6.4066839792452523e-01  
q[34]: 2.7685798674037341e-03  2.7118320349736913e-01  9.5857272751435385e-01  9.3390125408724589e-01  
q[35]: 2.2175641040159651e-03  6.3688668113931546e-01  4.6811678364303146e-02  1.5503617239276088e-02  
q[36]: 6.9864679350009956e-03  6.3184461078383469e-01  4.1573806150462794e-01  2.1638312318112706e-02  
q[37]: 1.1657993762832213e-02  6.2426182155273391e-01  2.6916049083831456e-01  1.0918857313326917e-01  
q[38]: 3.7955582986004327e-03  5.5434949181517701e-01  3.4751292710712905e-01  3.4590026636467891e-01  
q[39]: 1.4926417984929906e-02  6.0181159666919182e-01  7.3096597772611493e-01  1.2187389449126138e-01  
q[40]: 1.3257130444500276e-02  6.4594393313250786e-01  6.9745045522839344e-01  5.7277082501146204e-01  
q[41]: 4.8033753329065534e-03  6.0341748399598838e-01  8.8247886259359920e-01  1.4896141862963490e-02  
q[42]: 1.3725658535716306e-02  7.1962704535565480e-01  8.3783004410411244e-01  5.3747921097580886e-01  
q[43]: 6.3564975856788509e-03  5.9989879349940023e-01  8.3194170560054270e-01  8.0373245728966392e-01  
q[44]: 6.4496028583005162e-03  5.1400511997243703e-01  9.7299266318478472e-01  1.5316344784957939e-01  
q[45]: 1.4253943527766239e-02  6.4267178862801089e-01  7.3320064466095114e-01  3.0840141986812775e-01  
q[46]: 7.4216606804410135e-03  4.3309688422643527e-01  8.6688122408137946e-01  5.8376512633528366e-01  
q[47]: 4.3394495338676363e-03  5.7069209819749234e-01  9.8015831240689533e-01  8.8677014824811728e-01  
q[48]: 4.1851401174717376e-03  8.5786889928800047e-01  1.9041304937803724e-01  2.5098486675951912e-02  
q[49]: 4.9695404290584959e-03  8.2769106133105441e-01  1.8651768166736313e-01  1.5820952803959873e-01  
q[50]: 1.3072638952819656e-02  7.9077243174835177e-01  5.1586933978863814e-01  1.3751190713629693e-01  
q[51]: 7.3768950481835670e-03  7.6119180292923405e-01  3.9900331241582315e-01  3.0687153958919605e-01  
q[52]: 6.4738933925653974e-03  8.6626310231505943e-01  6.8522911081928684e-01  3.0032611587080333e-02  
q[53]: 7.6466327911021504e-03  8.3389531223012781e-01  5.9468286547912075e-01  5.5488389987400755e-01  
q[54]: 9.6258147817182439e-03  8.1536287602597257e-01  8.9809826653491909e-01  1.4640981206791515e-01  
q[55]: 1.0141381419572999e-02  8.9877832551780867e-01  8.4472373266583867e-01  3.3245106650604772e-01  
q[56]: 1.4302974187630272e-03  8.2119972807373498e-01  9.9852858677766343e-01  4.1882120840741034e-02  
q[57]: 8.6321332260893887e-03  7.0295983620921265e-01  9.7169140043247715e-01  3.9682930286883039e-01  
q[58]: 2.5215438160480150e-03  7.7184530175371602e-01  9.9954038005359458e-01  7.1187096381406911e-01  
q[59]: 1.4191786381651456e-03  8.3709392601645061e-01  9.5996242053843417e-01  9.5498244261033860e-01  
q[60]: 1.2328851303432392e-03  9.6808005241284556e-01  8.0483552878160336e-02  4.4887053799792478e-02  
q[61]: 3.2861460865390587e-03  9.5835063618529570e-01  4.2066465890521909e-01  3.4642248088804874e-02  
q[62]: 5.1323037417503265e-03  9.6418088166151061e-01  3.3322751719466820e-01  1.5734944977745860e-01  
q[63]: 3.1945894568924716e-03  9.7271654444691869e-01  4.0306664468942605e-01  3.6119739067692513e-01  
q[64]: 4.9717093243439817e-03  9.8722516790210324e-01  7.0186566178473164e-01  1.6909343861120321e-01  
q[65]: 1.3154405172758217e-02  8.7402166927083380e-01  5.7711349309010362e-01  3.1950084712325261e-01  
q[66]: 6.4535595310023222e-03  9.7233623953763504e-01  7.2698049720746150e-01  5.2569068671989472e-01  
q[67]: 2.2439010562125736e-03  9.6887110605380400e-01  9.0218410327543697e-01  4.0613738951773795e-02  
q[68]: 8.7956285688096329e-03  8.5368633545595651e-01  9.0731964345221749e-01  7.6962408171431740e-01  
q[69]: 2.7596894714733912e-03  9.5582719435214503e-01  7.9184109354140098e-01  7.6175885895443973e-01  
q[70]: 2.1320687846494357e-03  9.6777940296741050e-01  9.8379273360512431e-01  2.5080833364287358e-01  
q[71]: 5.1323040375815488e-03  9.5121290295463767e-01  9.4708301847348964e-01  5.6401405194345067e-01  
q[72]: 8.4469617812517404e-04  9.9954038004265411e-01  9.8451033720484038e-01  8.8628350091909547e-01  

