deg: 16
dim: 3
nodes: 245
efficiency: 0.991837

q[0]:   1.9750053657174613e-04  9.3104137041556193e-03  5.5883063657437129e-02  3.0775585015565515e-02  
q[1]:   7.0683199336941005e-04  7.8013450618180741e-02  1.1266985003904710e-01  9.7179183786543541e-02  
q[2]:   1.1841660540212950e-03  2.6299560635283669e-02  2.1100917149308002e-01  1.1249090998204654e-01  
q[3]:   4.0505971107222724e-04  1.4657278150504259e-02  2.3112243005739294e-01  2.1678200015460408e-01  
q[4]:   4.2200406774702042e-04  1.1879646784448890e-02  2.2275541661107920e-01  2.0385334471334497e-02  
q[5]:   1.6658110635054924e-03  2.2862725765740541e-02  4.0106663023590727e-01  1.1210202205119300e-01  
q[6]:   1.2083897552359086e-03  1.6664527178851283e-02  5.5079551199430099e-01  2.7505647514898235e-01  
q[7]:   3.6276167174526578e-03  1.1322883521685635e-01  3.9755996187983855e-01  2.0286150023665075e-01  
q[8]:   1.9737670124839600e-03  6.8615422021737427e-02  3.5118120060316876e-01  2.7270533294906396e-01  
q[9]:   6.4375827659419571e-04  4.5807627607600586e-03  3.9163604927191281e-01  2.6000360306765441e-01  
q[10]:  9.6653745535010653e-04  4.9968046270741348e-02  4.1385861940903357e-01  3.9549874369375670e-01  
q[11]:  3.9585107664957440e-04  5.0461470293469016e-03  5.0203134050766407e-01  2.3237694077740286e-02  
q[12]:  2.9049692004843699e-03  7.4450965375879835e-02  5.8267815594393146e-01  2.1543810595816792e-01  
q[13]:  2.3795430534862294e-03  4.3492386943654780e-02  5.7026044613378268e-01  4.0675332458028018e-01  
q[14]:  6.2575303641529152e-04  5.3840016600998639e-03  5.3902276262751458e-01  4.8751400332923706e-01  
q[15]:  1.3212557908976851e-03  1.3112846059470482e-02  6.5886133526953328e-01  1.2947855257753632e-01  
q[16]:  1.7347284032498184e-03  1.7456902224962104e-02  7.5079428874093401e-01  3.1728633118253896e-01  
q[17]:  1.2527578613639244e-03  8.1077319209698594e-03  7.6043816506542516e-01  5.3742097342522455e-01  
q[18]:  4.8922719370885902e-04  2.4821712479342950e-02  6.7903307114461164e-01  6.6743756776931573e-01  
q[19]:  6.9059142595588379e-04  1.8485186973232703e-02  7.9068373405314496e-01  3.4955892435155574e-02  
q[20]:  2.5301594653674903e-03  7.7563196001457904e-02  7.7712609419840950e-01  1.1896925984127138e-01  
q[21]:  2.3919152172165044e-03  5.3687853566458499e-02  8.5635764019827387e-01  2.6583491126134023e-01  
q[22]:  2.7933037504725053e-03  6.0728587371350368e-02  8.6366469671934698e-01  5.0081778245856823e-01  
q[23]:  9.1838650054120135e-04  1.7869661110546706e-02  8.1267608724201057e-01  7.3540210174311382e-01  
q[24]:  3.1076708499559172e-04  2.4710572799688572e-02  9.1899997518471455e-01  1.5519516463422917e-02  
q[25]:  1.5452373363889461e-03  8.8898763248012783e-02  9.1180701646380591e-01  6.7691715742518366e-02  
q[26]:  8.1150547142928321e-04  8.6790561002434465e-03  8.9332493698909177e-01  1.5331106593363847e-01  
q[27]:  5.8231399060926685e-03  2.2163799605037582e-01  8.1675261778327857e-01  3.9874811451564424e-01  
q[28]:  3.5855788598664509e-03  1.3873789404016493e-01  8.1679557347896103e-01  6.2383941921911745e-01  
q[29]:  9.3885205329672413e-04  8.1672236175147572e-02  8.2412775125170146e-01  8.0748296670383313e-01  
q[30]:  2.6745082596890717e-04  1.2745268384512686e-02  9.8449802364156214e-01  7.6784546494162303e-02  
q[31]:  7.2554636244952925e-04  2.1519149894774894e-02  9.7664735566318672e-01  3.0995571153554813e-01  
q[32]:  7.3327340190165139e-04  7.5727871517070602e-03  9.2379135729856998e-01  4.4194753631301137e-01  
q[33]:  6.1946230034694587e-04  1.4441670470876182e-02  9.7331175833861250e-01  6.4465104952044883e-01  
q[34]:  1.5239866880995246e-03  3.4853351608412159e-02  9.0515698139614931e-01  7.0699929177528775e-01  
q[35]:  3.6408820370000900e-04  1.4634667850802108e-02  9.8107025566751427e-01  8.6261046306348654e-01  
q[36]:  2.4546453281496579e-04  7.1423664416224112e-03  9.1916384157553366e-01  8.9863941235970224e-01  
q[37]:  1.6889967733217919e-03  2.1005792986674418e-01  1.2992429475479605e-01  6.2113958021217573e-02  
q[38]:  7.0279717436476992e-04  6.8511211028440946e-02  1.0900971460982778e-01  1.7250870999007194e-02  
q[39]:  1.4317653489679823e-03  1.4939099565912373e-01  2.0939465167170698e-01  1.6699376785445821e-01  
q[40]:  2.1972672348816312e-03  1.1253752950776179e-01  2.5950407643262097e-01  7.4286926331285322e-02  
q[41]:  1.1789163821403477e-03  6.7954394655176026e-02  3.6314631276476439e-01  1.7872581354134980e-02  
q[42]:  2.5161974061811798e-03  8.6730954170166699e-02  5.4061688286963472e-01  7.4241028610215559e-02  
q[43]:  1.2622703144811918e-03  1.2659482462956770e-01  5.5841528695519849e-01  5.4388916936144049e-01  
q[44]:  8.4512992735774162e-04  5.1184373157540992e-02  6.4956135073300525e-01  1.5420804534338658e-02  
q[45]:  4.8277006476965820e-03  1.5688216883362230e-01  7.3030822111219607e-01  2.2732630031027840e-01  
q[46]:  4.2673939522903086e-03  1.0167849735387526e-01  6.9874969578716684e-01  4.0310142140555261e-01  
q[47]:  2.8933492955120327e-03  7.5402944610123562e-02  6.8459399248308384e-01  5.9068074672639759e-01  
q[48]:  8.6100739441009313e-04  1.3878999785063434e-01  8.1947309579882677e-01  7.5591568548926428e-03  
q[49]:  1.8282290921305029e-03  2.0413513195055061e-01  7.0624379400298043e-01  6.7987094615606114e-01  
q[50]:  2.5753454325854333e-03  1.4453922819924289e-01  9.3762599111858347e-01  6.0960350301311894e-01  
q[51]:  1.4523389564069069e-04  6.1717443382909833e-02  9.8463558508313498e-01  5.8368026492072464e-03  
q[52]:  1.2553753638145562e-03  7.6667120005431882e-02  9.7598811717439515e-01  1.7933602540756713e-01  
q[53]:  2.9071208559004538e-03  1.2769713787201101e-01  9.2589888642433138e-01  3.6406456376767810e-01  
q[54]:  1.0675279686543511e-03  7.0194389896963388e-02  9.8739534453045419e-01  4.9952359400399843e-01  
q[55]:  9.6354005929271379e-04  1.0022856996128193e-01  9.8910876853777008e-01  7.6430069383625832e-01  
q[56]:  1.5317020147844016e-03  8.6833600742060618e-02  9.2627460347982216e-01  8.3745345445897823e-01  
q[57]:  2.9756140614770299e-04  5.5269919541387165e-02  9.8563375248376472e-01  9.6318197342650769e-01  
q[58]:  2.5428239856877108e-04  1.3099069958495643e-01  2.2889646631441624e-02  1.0039263771808254e-02  
q[59]:  1.1366793278388420e-03  1.9174458420827312e-01  2.1648741106186595e-01  1.1293926023210991e-02  
q[60]:  3.1890670008053652e-03  2.1147903412681382e-01  3.9325362782530882e-01  6.8491092310804857e-02  
q[61]:  3.5614308441386309e-03  2.6382564835008582e-01  2.8133295574970446e-01  1.6433935062098209e-01  
q[62]:  1.3792366487320521e-03  1.8196982576190460e-01  2.9720968092799627e-01  2.8342800434852111e-01  
q[63]:  1.2720340965276568e-03  1.8724183465135910e-01  5.1633342576123287e-01  8.5742078314760811e-03  
q[64]:  3.8091257973871533e-03  2.0638416803871737e-01  5.4620564422039919e-01  1.5760092465751196e-01  
q[65]:  4.9519925929378790e-03  2.1575416445648321e-01  5.3572826660406214e-01  3.1234584729319581e-01  
q[66]:  4.1268608995693795e-03  1.7378224695860187e-01  5.0273425675646455e-01  4.1350789857496817e-01  
q[67]:  2.4530277381137667e-03  1.7511583374955497e-01  6.9328939751532148e-01  4.9161636406230655e-02  
q[68]:  3.0673950053037458e-03  3.1687087812277359e-01  6.2770576699647074e-01  5.6560911023792104e-01  
q[69]:  2.2919603580539129e-03  2.3223756194750061e-01  8.4585788965341191e-01  7.9970792137129584e-02  
q[70]:  7.1485485518332061e-03  3.4484371327874125e-01  6.4967812635557287e-01  2.9881276043034682e-01  
q[71]:  4.9313304178536330e-03  2.4493621842665173e-01  6.9762414589122357e-01  5.0223947783362888e-01  
q[72]:  2.7734379138048648e-03  2.0238789833966395e-01  8.3368977678842604e-01  7.4697255502936422e-01  
q[73]:  7.4595958228176472e-04  2.4480691888817804e-01  9.3331124206076088e-01  1.0161521262252806e-02  
q[74]:  3.5045684032075364e-03  1.9452594516509167e-01  9.1264748526035067e-01  1.9364174019690955e-01  
q[75]:  3.0439286704990192e-03  2.5166756764054332e-01  9.4101544844219975e-01  7.5136467407021146e-01  
q[76]:  6.7909032645494254e-04  1.6347630184685477e-01  9.3114967277051230e-01  9.1853668100365238e-01  
q[77]:  7.4319984535720779e-04  1.6213690255379776e-01  9.8302204226685264e-01  5.0089635066068713e-02  
q[78]:  1.1218419897119978e-03  1.9079569028537557e-01  9.9173614079299321e-01  3.4072924934873788e-01  
q[79]:  3.3818377263082440e-03  2.7822993522800538e-01  9.5197224694272042e-01  4.9612333958228638e-01  
q[80]:  7.4098282063353427e-04  2.2268307775143792e-01  9.9422386923325445e-01  6.1719777786025676e-01  
q[81]:  8.8755711928611796e-04  1.8814525538073817e-01  9.8660794240150074e-01  9.0333911940764788e-01  
q[82]:  5.8448940056991935e-04  3.0108105567825066e-01  6.1684635209397619e-02  5.4406942276201291e-02  
q[83]:  7.2525368226783427e-04  2.9854523626068069e-01  8.3539265045454184e-02  1.1890787649245765e-02  
q[84]:  1.0879334362525997e-03  3.4995907773151702e-01  1.7348661534388396e-01  1.6507115880970052e-01  
q[85]:  3.2928036364741017e-03  3.7842765429835301e-01  2.3723838458194568e-01  6.2017943795170630e-02  
q[86]:  1.3971014669328654e-03  3.3241028564863628e-01  3.5640769640582742e-01  1.0906570384379671e-02  
q[87]:  4.3837342721082962e-03  3.3423660510035258e-01  4.1649998197914695e-01  1.5870112715202420e-01  
q[88]:  3.7776716311273576e-03  3.3512025995176753e-01  3.7429428157559708e-01  3.0272921712729639e-01  
q[89]:  2.6787560625086073e-03  3.8320502193854195e-01  5.2034525403651832e-01  4.5074386951507853e-02  
q[90]:  3.8244632176844045e-03  4.0224346449743614e-01  6.4037410604938261e-01  4.9306997488422849e-01  
q[91]:  1.7780952950768561e-03  3.1764182035926919e-01  4.5647852142101653e-01  4.4372719755594031e-01  
q[92]:  1.4261762831370903e-03  3.4365044888132384e-01  6.9570630904409381e-01  8.3580381187491389e-03  
q[93]:  3.3697363222331984e-03  3.0341446763233504e-01  6.2508163090561564e-01  9.1212307713448584e-02  
q[94]:  2.3554452493409223e-03  3.8360193839187895e-01  8.3943488605758421e-01  3.7337309567952240e-02  
q[95]:  3.5384893943772003e-03  3.0492274083691295e-01  7.7400392859728095e-01  1.5370673125782300e-01  
q[96]:  5.2960231860968987e-03  3.6311529950717059e-01  8.4852966623767345e-01  2.7838443184736139e-01  
q[97]:  3.8063049878356869e-03  3.9830834787679908e-01  7.7945192539807373e-01  6.7398212487057663e-01  
q[98]:  9.9093741865898975e-04  3.1208165439232050e-01  8.1083335097625298e-01  8.0140762980542735e-01  
q[99]:  1.8519794989454814e-03  3.3259648379635487e-01  9.5559075175524966e-01  9.2300311247282482e-02  
q[100]: 2.7208391086326923e-03  3.5029221276857186e-01  9.6135769122232695e-01  3.0420728937173852e-01  
q[101]: 6.0109267609147338e-03  3.4555414560217562e-01  8.5587641753127774e-01  5.7598347891188573e-01  
q[102]: 2.4206008765808527e-04  3.7194329393619890e-01  9.9608735554562700e-01  1.3191059989076603e-02  
q[103]: 6.5674080606457116e-04  2.5489442923156752e-01  9.9771423953485472e-01  1.6330501974928449e-01  
q[104]: 1.4217402623951584e-03  4.4886383173871208e-01  9.9331063361997840e-01  4.6900402680194120e-01  
q[105]: 1.3906126802309122e-03  3.8646503261579218e-01  9.8835312596481806e-01  6.8927820959768615e-01  
q[106]: 1.1502706569407107e-03  3.8307548749589776e-01  9.8518288629247497e-01  8.3837960344187246e-01  
q[107]: 2.0950141820898710e-03  3.3575409172444637e-01  9.1897448033897544e-01  8.6956767771589927e-01  
q[108]: 2.9604134201651334e-04  2.9189066701345801e-01  9.8794269006358582e-01  9.7843540935406381e-01  
q[109]: 4.2100858418407493e-04  4.7367756026291469e-01  2.9769380164637489e-02  8.1530732654157643e-03  
q[110]: 2.1198856548224291e-03  4.9475650633051882e-01  1.2934261375307557e-01  7.3112072532494632e-02  
q[111]: 2.4563972651584693e-03  4.6642532263274428e-01  2.2874021022231900e-01  1.7141543192559550e-01  
q[112]: 8.5479136604389347e-04  4.5546209593580994e-01  1.6807664309515130e-01  7.7434419042154371e-03  
q[113]: 2.7928265776564864e-03  4.8681792421754361e-01  3.8278820222561982e-01  6.3188807949191933e-02  
q[114]: 1.9032120493242943e-03  5.2596317909665635e-01  3.2877775688325217e-01  3.1523634291748875e-01  
q[115]: 1.7177551402517994e-03  5.3189920439833704e-01  5.2920957613067554e-01  1.3298917610623450e-02  
q[116]: 6.0732673610168720e-03  4.4503764424192288e-01  4.7538517819597231e-01  3.0363024141568773e-01  
q[117]: 4.1458082088384821e-03  5.3100322473029637e-01  5.1679312026582269e-01  4.5892557429214736e-01  
q[118]: 3.8378335843585044e-03  5.2927593267374606e-01  7.1009754679008386e-01  5.7982527953421653e-02  
q[119]: 5.0034990219765055e-03  4.5373720025940345e-01  6.6221320379684634e-01  1.7441907773937534e-01  
q[120]: 1.4659570390292054e-03  4.5930859374949373e-01  6.3866529856295240e-01  6.3171073429752378e-01  
q[121]: 4.7520536450800415e-03  5.1498864172676351e-01  8.4748935420189142e-01  1.4317290310466990e-01  
q[122]: 7.0952109676240367e-03  6.0292025149009376e-01  7.6432959008067503e-01  2.8916642387071162e-01  
q[123]: 6.6088011445224817e-03  4.8644047560631737e-01  7.4840091211479653e-01  4.3181738376943996e-01  
q[124]: 2.0243769683971334e-03  5.1381458486324283e-01  8.0804115966750667e-01  7.7629145247367082e-01  
q[125]: 1.1444667002237128e-03  4.9219854882319553e-01  9.4116357062469469e-01  2.3206382864613389e-02  
q[126]: 5.0422568371965484e-03  4.8384756501556597e-01  8.9912778140999472e-01  4.2181139000103879e-01  
q[127]: 5.4098534966083914e-04  5.1056678222588114e-01  9.1971048920336518e-01  9.1809787615370020e-01  
q[128]: 6.6611030808854245e-04  5.4286043032158304e-01  9.9401553474452520e-01  7.2700625183214310e-02  
q[129]: 2.0015284857653462e-03  4.4550205295128320e-01  9.5180356886205220e-01  1.6255545143223113e-01  
q[130]: 1.2502802763923351e-03  5.3193696879710006e-01  9.9030346153752635e-01  2.5088160975918183e-01  
q[131]: 4.3507682025976917e-03  5.3586039416809506e-01  9.4511202621259782e-01  6.2180203426429448e-01  
q[132]: 3.6732956813260620e-03  4.8074001885415452e-01  8.9727776321117869e-01  7.4983002438017066e-01  
q[133]: 1.0210809770207457e-03  4.9155036682080572e-01  9.8193586616188999e-01  9.3496644899217951e-01  
q[134]: 7.1022912091792904e-04  6.4983066429800562e-01  6.1439686444793459e-02  4.9760982092827914e-02  
q[135]: 1.0582907473479558e-03  6.6758720740891542e-01  1.0973808053858213e-01  1.4380325735464727e-02  
q[136]: 1.2629484864082796e-03  6.7583989526611921e-01  1.6802558589701491e-01  1.5535791627279677e-01  
q[137]: 1.9241070314366293e-03  6.4084647826143282e-01  2.0990867458749729e-01  5.7225087885311825e-02  
q[138]: 1.8301500273623054e-03  6.0359052762384424e-01  3.0912314779417827e-01  1.4898838279719223e-02  
q[139]: 5.3850324317854829e-03  5.8346613578336037e-01  3.3585020568478952e-01  1.6480963545427521e-01  
q[140]: 3.2589651434746531e-03  6.6404457472459144e-01  3.3703704354920755e-01  2.6936884841849146e-01  
q[141]: 4.3481820551039994e-03  6.7512949690250590e-01  5.1947505483013212e-01  7.6007084587117288e-02  
q[142]: 5.3090272371836200e-03  5.1926805981338586e-01  5.0926308892661498e-01  1.6126195106252025e-01  
q[143]: 4.6946542149271901e-03  5.8001892189546356e-01  6.1863013186573268e-01  4.2779480677007414e-01  
q[144]: 1.3308469947185045e-03  6.9210509226439432e-01  6.6498214918188736e-01  9.8611006439848440e-03  
q[145]: 3.5639856778967851e-03  6.7914796759370466e-01  6.9509915876872785e-01  1.2792165887733919e-01  
q[146]: 7.2358507727384802e-03  6.7462150223581319e-01  5.7443305492342123e-01  2.7779559604722276e-01  
q[147]: 3.5898385435011101e-03  6.2618841416378856e-01  7.0161374285431377e-01  6.4047369374261831e-01  
q[148]: 1.1303194766936397e-03  6.0238639685386708e-01  8.3685750831010330e-01  7.4928842873989640e-03  
q[149]: 3.1632058521648982e-03  7.3376424317432620e-01  8.4901965573578275e-01  2.1302131818986045e-01  
q[150]: 5.6987256758562217e-03  7.0461263595588119e-01  8.5644379506162016e-01  4.9617958074885771e-01  
q[151]: 5.8639548802433359e-03  6.1951977560513549e-01  7.9342915381742107e-01  6.0539684975931907e-01  
q[152]: 1.2887609185792755e-03  6.9532117166586871e-01  8.5914927657602325e-01  8.3439808273965099e-01  
q[153]: 2.7421507092356004e-03  6.6130063420495122e-01  9.2020041054379276e-01  8.2523112894339307e-02  
q[154]: 3.6966184018768816e-03  6.2405284558378094e-01  9.3178545720354855e-01  2.7965775760222178e-01  
q[155]: 5.4137385605193360e-04  7.0532548263796258e-01  9.7681892882648647e-01  1.2430721109285260e-02  
q[156]: 9.7179389499447316e-04  7.0806116204013514e-01  9.8737347585418678e-01  1.4994607118211328e-01  
q[157]: 2.6977479397291520e-03  6.6174535208101515e-01  9.7080227158515475e-01  4.4302461038428842e-01  
q[158]: 1.2608811980706384e-03  7.0895225322434030e-01  9.9333165617018293e-01  6.3016496543786449e-01  
q[159]: 1.6335635102465171e-03  6.2033193611369764e-01  9.8337104237161710e-01  8.0597901319582632e-01  
q[160]: 2.2963836989845950e-03  6.4610262571603960e-01  9.2655731994403989e-01  8.4818024938733216e-01  
q[161]: 3.5892573292648676e-04  6.8650838797739355e-01  9.8270277476111079e-01  9.7380348281036189e-01  
q[162]: 3.1516169561080480e-04  8.1020723988758803e-01  2.7413284991002283e-02  7.7264447559672687e-03  
q[163]: 2.8185910742380780e-03  7.7790317351757277e-01  2.1550860940430427e-01  1.2909904131590830e-01  
q[164]: 1.3592053034194747e-03  8.4351653931559301e-01  2.2295842983689232e-01  1.3421550692981638e-02  
q[165]: 3.4660549058023490e-03  7.5329421063320645e-01  3.4062352562708087e-01  7.9354681908998650e-02  
q[166]: 9.8206643310036479e-04  8.0450795632465921e-01  3.4509041924728123e-01  3.3541870023627596e-01  
q[167]: 1.4069564075948103e-03  7.8258626608255022e-01  4.4113312112297554e-01  9.8989969401304546e-03  
q[168]: 2.8684475957944989e-03  8.0184840237438226e-01  4.6995084091934486e-01  1.6869008268601191e-01  
q[169]: 3.9635047513751102e-03  7.2814402041569593e-01  4.6688205700010044e-01  3.4470935810586251e-01  
q[170]: 1.9912936674765609e-03  7.0618734789550885e-01  5.1404630079304037e-01  4.9991581848605920e-01  
q[171]: 3.1992406424160699e-03  7.8007575547763741e-01  6.6188337758293347e-01  1.7654279519559540e-01  
q[172]: 4.3769639537917567e-03  7.7563556453358562e-01  6.3339241284236070e-01  5.1853864235713953e-01  
q[173]: 3.0849919681792928e-03  7.6391648688618974e-01  8.0138463977152852e-01  5.9558346054217108e-02  
q[174]: 3.6193360873566283e-03  7.9431410215259624e-01  8.7548184671517482e-01  3.6310128116652429e-01  
q[175]: 3.4477757642226497e-03  8.1303812749791637e-01  8.2620530291927985e-01  7.3338756939358718e-01  
q[176]: 9.9834153762161024e-04  8.3321149361819979e-01  9.0463234568110040e-01  1.8115724654634242e-02  
q[177]: 2.2508716795055484e-03  8.1576365563312536e-01  9.4685004607891166e-01  1.8545086581689466e-01  
q[178]: 9.3705362844446203e-04  8.4210169245676114e-01  9.2944190465781285e-01  9.0909276262207295e-01  
q[179]: 8.6270099342399323e-04  8.5548188549258175e-01  9.8146919644168851e-01  6.2932627072089783e-02  
q[180]: 9.9011020623970152e-04  7.9762049221776354e-01  9.9515453323318637e-01  3.2800612043682215e-01  
q[181]: 1.7198738496324840e-03  8.8395702985461388e-01  9.5562924365677682e-01  3.7590633834582160e-01  
q[182]: 2.7209766025181612e-03  8.4686186245686734e-01  9.5387920601504317e-01  5.4867978908814197e-01  
q[183]: 3.7773338037273628e-03  7.5754851991531913e-01  9.1757329515370722e-01  7.0415999427978815e-01  
q[184]: 8.8233898018783160e-04  7.8958242737349948e-01  9.8744301282550095e-01  9.0972006105493020e-01  
q[185]: 9.7049823404872667e-04  8.1889270746984100e-01  1.1700443026504713e-01  4.5702084863910905e-02  
q[186]: 5.7703495927222993e-04  9.4930949595274750e-01  1.0104046042273723e-01  1.5283314800547315e-02  
q[187]: 1.1164935136019980e-03  8.5143703433171747e-01  2.4535835722454466e-01  2.2148209655752249e-01  
q[188]: 2.0376844482869207e-03  9.2709302710691832e-01  2.4493810831988780e-01  8.4885843555771084e-02  
q[189]: 2.5555701227571955e-03  8.7612742020273615e-01  4.5477322834134665e-01  3.9727364922512953e-01  
q[190]: 1.9798399364697305e-03  9.0759842186389750e-01  4.1795124841304088e-01  6.1850693478543980e-02  
q[191]: 5.2018608816828502e-04  9.4405266720645453e-01  5.1504709666598925e-01  5.0963045675934970e-01  
q[192]: 2.6862145742900375e-03  8.5485793483272765e-01  6.1280070420299027e-01  4.2308574386444017e-02  
q[193]: 4.6270501629302159e-03  8.5457419415660751e-01  7.1690747107586961e-01  3.1043676717565999e-01  
q[194]: 2.1816675287449584e-03  8.8174456792854994e-01  6.5215929791832472e-01  6.1772296740569088e-01  
q[195]: 8.0864733356584076e-04  8.9401974843059806e-01  7.6302666568340549e-01  8.8999412667646431e-03  
q[196]: 3.0569886029748936e-03  8.6803517068651903e-01  8.0752065256623173e-01  1.6868993235563742e-01  
q[197]: 4.9010351340205115e-03  7.8943491620038619e-01  7.0833549190933986e-01  4.3572356406813595e-01  
q[198]: 1.0143125333378486e-03  7.5276787181172489e-01  7.2743251526787900e-01  7.2077074897850368e-01  
q[199]: 1.8063768348433244e-03  9.2738583684377729e-01  8.9491093341629624e-01  9.0937752409774489e-02  
q[200]: 1.1574389778867891e-03  9.3524502677156385e-01  9.2539785047179390e-01  2.5375307296759919e-01  
q[201]: 2.4223694698189682e-03  9.2101633449881981e-01  8.8392017889118912e-01  6.0281039904646083e-01  
q[202]: 3.0357897997504851e-03  8.8586454175706986e-01  7.8041018533188700e-01  5.8367793505487087e-01  
q[203]: 1.3844461706495942e-04  9.4277653121925431e-01  9.8930971208177032e-01  9.1399509672166149e-03  
q[204]: 7.1395215654700085e-04  9.4676594645899204e-01  9.8681286739522667e-01  1.8406209588684480e-01  
q[205]: 5.5030357359190621e-04  9.4256388093687382e-01  9.9740175994254743e-01  5.2126625879138966e-01  
q[206]: 1.1962252489562317e-03  8.6252594013530126e-01  9.8440390291025381e-01  7.6306847491446983e-01  
q[207]: 1.7081341100509695e-03  9.2063145970908011e-01  9.3849664023344281e-01  8.2903676592473563e-01  
q[208]: 2.5581797899227893e-04  9.3684086579468984e-01  9.8800199530424748e-01  9.6910213759669206e-01  
q[209]: 1.4099457026251866e-04  9.7580344296271082e-01  3.2571649293272130e-02  2.2210199461369522e-02  
q[210]: 8.2953612946254709e-04  8.9504929014220735e-01  1.0017823658954096e-01  8.1606288713173936e-02  
q[211]: 4.8810639754703379e-04  9.9402374316234166e-01  1.6134160297777350e-01  9.8747555441636437e-02  
q[212]: 3.6817996371643180e-04  9.6652579071201783e-01  1.9064860627700497e-01  1.8081356127729775e-01  
q[213]: 3.8263897016927383e-04  9.9365500648373140e-01  2.4374527516509437e-01  2.2426800356953634e-02  
q[214]: 7.8501749590745968e-04  9.5321538277358164e-01  3.8390004022274676e-01  1.6662985140084536e-02  
q[215]: 1.5103611442658100e-03  9.7821610811017401e-01  3.9313335206042110e-01  1.4083967916520854e-01  
q[216]: 4.0909843357162202e-03  8.4779053564869755e-01  4.1138073176616163e-01  2.2359219751129747e-01  
q[217]: 2.0225674546730230e-03  9.3974378432512806e-01  3.0465598079844686e-01  2.1972794862216555e-01  
q[218]: 8.1646144571242247e-04  9.9535927357634879e-01  4.3152276265342659e-01  2.9100771768073136e-01  
q[219]: 5.7580083484068411e-04  9.7784165161870451e-01  3.5819886384591049e-01  3.3928350256384765e-01  
q[220]: 3.0448048530649380e-03  8.9949569551173758e-01  5.7179761556344277e-01  1.4999048030056453e-01  
q[221]: 2.3520407060321569e-03  9.6368646382519119e-01  5.8080696398676590e-01  2.5708995203021134e-01  
q[222]: 3.9554513531876393e-03  9.1939423520900110e-01  5.7502385227754449e-01  3.7866798684494957e-01  
q[223]: 1.1072083331966592e-03  9.7849240064444920e-01  5.4517395402239166e-01  4.7011809394389326e-01  
q[224]: 5.5773181092339029e-04  9.6766356155458100e-01  5.8087360308773628e-01  8.6590303774702147e-03  
q[225]: 8.6640194680843584e-04  9.9346950756130570e-01  5.5021071016801382e-01  8.0833199586327703e-02  
q[226]: 1.6137316399370048e-03  9.8009211980076272e-01  7.3400111186305428e-01  2.2805081288974965e-01  
q[227]: 2.7313130537249338e-04  9.9765559580644547e-01  6.8194437622454518e-01  6.6807014362242223e-01  
q[228]: 6.1963012111867566e-04  9.8536973101158110e-01  7.8772035796475215e-01  3.4118173883691372e-02  
q[229]: 1.9777832730347097e-03  9.4927415926718062e-01  7.2173836084647502e-01  9.7906740672784529e-02  
q[230]: 2.0493690029392089e-03  9.4752611470005099e-01  8.5172034797200424e-01  3.1969481688336876e-01  
q[231]: 1.3105637541549167e-03  9.9291948500545035e-01  7.3170833142002001e-01  4.4068909083056057e-01  
q[232]: 1.7887247835097766e-03  9.6662217608190826e-01  7.0717910477570411e-01  5.8122479434045637e-01  
q[233]: 1.2214897976794330e-03  9.5774059663444311e-01  8.1221553744023889e-01  7.5999116832364533e-01  
q[234]: 3.2883236547134816e-04  9.6971295913263833e-01  9.1698446447751303e-01  1.3686102964690234e-02  
q[235]: 6.3256903248884097e-04  9.9873149734107181e-01  8.8803512740396384e-01  1.7891387895252328e-01  
q[236]: 2.2107376335917632e-03  9.3485102573488088e-01  8.1939613862363259e-01  4.4539158483826069e-01  
q[237]: 4.8331455511879808e-04  9.1702534839901106e-01  8.2518698401626334e-01  8.2029366042142127e-01  
q[238]: 3.0449693121168276e-04  9.8885813822573121e-01  9.7304560608920321e-01  7.2336076978638961e-02  
q[239]: 5.3525006577175211e-04  9.8261040224960339e-01  9.7814073408533986e-01  3.3747217097103555e-01  
q[240]: 1.0194936226724728e-03  9.8869462560208066e-01  9.2603806955532642e-01  4.8272025913747796e-01  
q[241]: 8.7055224069664027e-04  9.7173573030646798e-01  9.7439628347883545e-01  6.8746588210959891e-01  
q[242]: 9.2380867383755577e-04  9.9030963776841707e-01  8.8071278810043541e-01  7.0817659356383245e-01  
q[243]: 2.5065431604315909e-04  9.8278340286925403e-01  9.9239701622187937e-01  8.7829642944233366e-01  
q[244]: 3.1065805029636967e-04  9.9053646748035240e-01  9.2874106763923148e-01  9.0262403391035118e-01  

