deg: 23
dim: 3
nodes: 652
efficiency: 0.996933

q[0]:   4.1329272277696880e-05  1.4167194814486512e-02  2.8396374777993297e-02  1.1837879098196155e-02  
q[1]:   4.3884468613861957e-05  1.2623706001687725e-02  6.6568687476223645e-02  6.2986975635647063e-02  
q[2]:   4.1367538326010917e-05  2.4301951279772221e-03  8.1952071322900888e-02  1.3451650857891467e-02  
q[3]:   1.3256144105592814e-04  6.0919267561169608e-03  1.4464415543169679e-01  1.0542293251165950e-01  
q[4]:   4.7355309851305691e-04  8.5454433313765246e-02  2.0908164925056341e-01  4.0618333674305840e-02  
q[5]:   1.9705239451056473e-04  1.2221799849761721e-02  1.6179618499126125e-01  5.1776719558190000e-02  
q[6]:   5.1627610888240643e-04  5.5389786119252681e-02  1.9729999856048039e-01  9.6972762616842553e-02  
q[7]:   1.2216108594404441e-04  1.0515041141323740e-02  2.1668181342716480e-01  2.0468973397183954e-01  
q[8]:   1.0424306361144611e-04  8.0129297380682127e-03  2.2900315628393730e-01  1.2026570349304393e-02  
q[9]:   3.6895552547543825e-04  2.1014217531568520e-02  2.7208935926913280e-01  6.6181237500923945e-02  
q[10]:  7.6462497213972721e-04  4.9746906948922955e-02  3.4465001778048127e-01  1.2631179962467889e-01  
q[11]:  2.8786195671105894e-04  5.7729328567197756e-03  2.9206017851500737e-01  1.5359433701673189e-01  
q[12]:  4.4744211015541229e-04  3.6480682220762464e-02  2.3484168770608324e-01  1.6971984153280112e-01  
q[13]:  2.4851613742357681e-04  6.7104431543288500e-03  3.7835808449651753e-01  5.6187488611846054e-02  
q[14]:  2.2027733112270812e-04  2.3168616491390666e-03  4.4238254537459576e-01  1.5487044514649381e-01  
q[15]:  5.8408838484096473e-04  2.6692070148361620e-02  4.1779642077038887e-01  2.2424457629668396e-01  
q[16]:  3.5302309397191347e-04  1.2676058651977575e-02  3.3282369165705555e-01  2.6938851293204452e-01  
q[17]:  7.0373005251573114e-05  1.9696133600116205e-05  4.0041009195084687e-01  3.8906778335275172e-01  
q[18]:  1.4810143831275134e-04  8.7071986155790541e-03  4.8044839340711148e-01  1.5670990190341273e-02  
q[19]:  9.1210885493370067e-04  4.4730902882796360e-02  4.6731756327153234e-01  1.2142033676694350e-01  
q[20]:  4.5177782245470226e-04  1.8050257037767227e-02  5.3761685959385408e-01  2.4163717646122140e-01  
q[21]:  3.4649713233744496e-04  5.6657944086417437e-03  4.7999284552771482e-01  3.2780662981107539e-01  
q[22]:  4.3325725256370280e-04  2.4927331100815863e-02  4.5602978408749356e-01  4.1128563125661610e-01  
q[23]:  4.2575560119888049e-04  1.3543131552237969e-02  5.5484720747453453e-01  8.0377642535766139e-02  
q[24]:  5.0157709389696812e-04  1.3186867225371476e-02  6.0388484980208434e-01  1.8666061392009994e-01  
q[25]:  3.6314134360436592e-04  4.3359793665480153e-03  6.4627868257970245e-01  3.7544707921079795e-01  
q[26]:  9.0949985310917632e-04  3.3147133617425960e-02  6.1250965142944203e-01  4.4484851086052629e-01  
q[27]:  3.2669362140778452e-04  6.7021295409545149e-03  5.8156171725649575e-01  4.9628660970619309e-01  
q[28]:  6.6248427156573005e-04  6.1077656963175644e-02  5.7886521843354333e-01  5.3733779778247581e-01  
q[29]:  1.8092470493647679e-04  1.6511341428804480e-02  5.6409631247052494e-01  5.5389167170536668e-01  
q[30]:  2.7335568997796227e-04  3.5350944536343326e-02  5.7957615779224536e-01  3.3291727260131944e-02  
q[31]:  3.3771387191979961e-04  7.3194155164701159e-03  7.0078820828119981e-01  1.0606369260751174e-01  
q[32]:  1.0517340892138862e-03  4.4847246753749577e-02  7.1787821708635469e-01  1.9018976004091892e-01  
q[33]:  2.3918370937424233e-04  3.4380403257275702e-03  7.2395350666986813e-01  2.5967863238149475e-01  
q[34]:  7.2157179308334298e-04  3.1300913522855064e-02  6.7560303194591853e-01  3.1387938540997501e-01  
q[35]:  4.4178280777088658e-04  8.1997465943131620e-03  7.4261565512641325e-01  5.5686252634736033e-01  
q[36]:  2.0701461800601596e-04  7.8024611611821337e-03  6.9287944797558976e-01  6.6043086788844940e-01  
q[37]:  1.4274355423429209e-04  7.3824421845215789e-03  6.5736902420978127e-01  1.3515297469610886e-02  
q[38]:  2.1349618014693183e-04  7.2643493521950533e-03  7.9833821940772098e-01  5.0793918394701792e-02  
q[39]:  7.5774769051441260e-04  3.9783539426220427e-02  8.0586245757054598e-01  1.2689311230752584e-01  
q[40]:  3.8524531034159090e-04  7.4770139991995306e-03  8.2895623330631851e-01  2.2372614088605769e-01  
q[41]:  4.0144167862041105e-04  5.9209550350607081e-03  8.0890332738940940e-01  4.4067114291211118e-01  
q[42]:  8.5140834644885659e-04  3.4552408853162749e-02  8.3172840567056172e-01  5.7542841911957820e-01  
q[43]:  3.1275032806642427e-04  9.9016884240137760e-03  8.0103103177100687e-01  7.0584579341344411e-01  
q[44]:  7.6671887031420590e-05  9.4370359788236158e-03  7.9328501026730047e-01  7.8449353940033928e-01  
q[45]:  2.3157879127881645e-04  3.2989973856061880e-02  7.8305659048777154e-01  9.9326072108598500e-03  
q[46]:  2.9926764771282650e-04  1.0708067936008626e-02  8.9009444547443872e-01  1.2535832454908027e-01  
q[47]:  8.9623040783951469e-04  7.3614084506980385e-02  8.9176430172980725e-01  1.9770334408097587e-01  
q[48]:  6.5647330648204664e-04  3.9813884074688347e-02  8.9229255063093904e-01  2.9732951761307397e-01  
q[49]:  8.6882687465149148e-04  3.2045918237905570e-02  8.0832085381581698e-01  3.3787028016694726e-01  
q[50]:  7.6163644507245968e-04  3.7092585805894092e-02  8.9795213555543896e-01  4.9440616955872246e-01  
q[51]:  3.7510634517147132e-04  1.2396777737687594e-02  8.8460635646639441e-01  7.0146514828278428e-01  
q[52]:  1.3532118827860718e-04  5.2601490442562293e-03  8.9579758007720922e-01  8.4862958020971413e-01  
q[53]:  1.0468698364217099e-04  2.3635425043016571e-02  8.7203139828401821e-01  8.6157699977550373e-01  
q[54]:  6.3296901324519847e-05  6.0995060030616154e-03  8.8274544817910117e-01  8.6434911231703139e-03  
q[55]:  1.2531721327789175e-04  7.1471394850899919e-03  9.4573914859124297e-01  5.3684641087896140e-02  
q[56]:  3.2569233207084504e-04  1.2435572399223001e-02  9.4490369752829828e-01  2.3188179383806765e-01  
q[57]:  3.0193676088766715e-04  6.3459024374735362e-03  9.1592794402734690e-01  3.8794197079788395e-01  
q[58]:  2.1353721492166326e-04  3.5545643520661680e-03  9.1330711045858026e-01  5.9401873049139042e-01  
q[59]:  1.7781028574908239e-04  7.8709775366622020e-03  9.5598208618108593e-01  8.3011652911979472e-01  
q[60]:  2.9489741768933073e-04  4.2626829062508940e-02  9.5711822482751641e-01  9.0757028134337581e-01  
q[61]:  5.2634046474859915e-05  9.4500628301716141e-03  9.5945511238583736e-01  9.4944787218663762e-01  
q[62]:  3.7781585557123029e-05  1.0491417602715547e-02  9.8496405192408210e-01  1.1833382497122015e-02  
q[63]:  8.0033737322597289e-05  4.7657066022224965e-03  9.8766890495867921e-01  1.3504086190415307e-01  
q[64]:  1.1854821612037633e-04  7.3654330114057039e-03  9.8862838599794478e-01  3.2487179332577637e-01  
q[65]:  2.8528796231497430e-04  1.7018664590718307e-02  9.7030729827148166e-01  4.6067290382787768e-01  
q[66]:  8.1600801584885997e-05  8.4092613064935904e-03  9.9484678105193880e-01  5.6740937952850679e-01  
q[67]:  2.1485140894822815e-04  1.3228133154380759e-02  9.6473847677424929e-01  6.3923953160981006e-01  
q[68]:  1.1794872650435497e-04  1.0308329957120124e-02  9.8983145257041494e-01  7.6756299379845705e-01  
q[69]:  4.9936919615645039e-05  7.9920503959459380e-03  9.9168635016441808e-01  9.3270387612273775e-01  
q[70]:  2.8290461104067894e-05  2.8902504271066040e-02  9.9620775963164176e-01  9.8451050799116013e-01  
q[71]:  4.0882759183801693e-05  6.6246050611017210e-02  1.5483930264083902e-02  1.0145501067174913e-02  
q[72]:  1.0058312983201928e-04  5.9694276245321934e-02  6.9864861178972906e-02  5.9582515963815530e-03  
q[73]:  2.6932099657606378e-04  4.3533559827576708e-02  8.5414116291310613e-02  4.7011957684271154e-02  
q[74]:  2.3854504184339634e-04  5.6887566685339168e-02  1.4018985229587438e-01  1.3083399624230410e-01  
q[75]:  1.6653292941063298e-04  3.7230628646167517e-02  1.4529527908307530e-01  9.3171045821732069e-03  
q[76]:  8.6814383021520619e-04  1.2669412387398171e-01  2.6186266726216156e-01  1.1145556403731241e-01  
q[77]:  1.1278385407110286e-03  7.8834116092605225e-02  3.5227152568827463e-01  2.2534956198031508e-01  
q[78]:  5.4436163676602667e-04  9.6807146428643340e-02  2.4855160104914689e-01  2.1337040492088194e-01  
q[79]:  2.8730238807546030e-04  4.3088446066125739e-02  3.1000433357684187e-01  2.9929087673981836e-01  
q[80]:  1.1628762774479016e-04  2.3021024315858306e-02  3.5139561340853898e-01  3.4047146977930851e-03  
q[81]:  4.5729545873440304e-04  6.1061240727123094e-02  3.0642673399315645e-01  2.3730239106524616e-02  
q[82]:  5.9616312949950729e-04  4.5490349823514506e-02  4.3811652735622991e-01  3.3406618809598909e-01  
q[83]:  6.0924478238459688e-04  5.7540161682936117e-02  4.3936445269806662e-01  4.1267471066174670e-02  
q[84]:  1.5588637305551936e-03  1.1694096177556014e-01  4.5271436094590001e-01  1.9791643132903011e-01  
q[85]:  1.8760142194745022e-03  1.6319553763608161e-01  4.7156749220889893e-01  3.0234629837136029e-01  
q[86]:  1.1542819152403736e-03  9.3061821654313592e-02  5.1643046061537967e-01  4.1434818522979888e-01  
q[87]:  9.7376948653774594e-04  8.5489407986901286e-02  5.6846896765644572e-01  3.5488950350689491e-01  
q[88]:  2.6915448950192182e-04  6.6192376470377609e-02  4.4863463466996523e-01  4.4254780179133829e-01  
q[89]:  2.0778105301934020e-04  5.9258062545904426e-02  5.3865518124619871e-01  4.0687201875483411e-03  
q[90]:  1.1011021613454698e-03  7.5050675882469164e-02  6.0450609760026885e-01  1.2362124778028415e-01  
q[91]:  1.4232426404890345e-03  9.1917071751412546e-02  5.8426577323314011e-01  2.1968225129685107e-01  
q[92]:  6.7281830811319744e-04  4.9583641641039899e-02  6.8672168432821368e-01  5.1960349081299907e-02  
q[93]:  1.0263847317941374e-03  4.6898449894915817e-02  7.3522256030748223e-01  4.4940004161701508e-01  
q[94]:  8.2110072859589592e-04  4.1444682068298017e-02  6.9897629068036427e-01  6.0427032351435028e-01  
q[95]:  2.1329092203777693e-04  5.0462382242511671e-02  6.9611402144074852e-01  6.9102599058962000e-01  
q[96]:  2.1093406895791284e-04  8.6166395551890804e-02  6.7630205834827750e-01  4.5062739959176356e-03  
q[97]:  6.4138721143289364e-04  8.9426344648056363e-02  8.0375363088382390e-01  5.9857590823477587e-02  
q[98]:  1.0344491909709335e-03  1.1164962047035461e-01  8.0857449989371633e-01  2.8348248006428794e-01  
q[99]:  1.2289708407959992e-03  8.1700523636247704e-02  8.1504494619482926e-01  6.6373976289426895e-01  
q[100]: 5.2318110978889928e-04  4.8863578487350061e-02  8.0509880539600465e-01  7.6418412516407652e-01  
q[101]: 4.2250867894105424e-04  4.2223686578978757e-02  8.8513344196558363e-01  4.8660804938897163e-02  
q[102]: 1.0231622438829809e-03  1.0934418040138234e-01  8.0673275015728696e-01  2.0599818075322024e-01  
q[103]: 1.0627337791460723e-03  9.4100936422319939e-02  8.8498096630687206e-01  4.0008051530094541e-01  
q[104]: 1.4679443893770264e-03  1.0643291209092051e-01  8.1641141566974329e-01  4.5692604761869615e-01  
q[105]: 1.1292570470522660e-03  9.5513934022674760e-02  8.9671377036890598e-01  6.1147273146976067e-01  
q[106]: 5.8115726774762226e-04  4.6019553426591725e-02  8.9170969705717562e-01  7.9188770491439964e-01  
q[107]: 4.7349621131055912e-04  4.5465652632529482e-02  9.5444357609510244e-01  1.2725235919632943e-01  
q[108]: 6.9569701190790414e-04  6.2932474880571021e-02  9.6058742825177645e-01  3.3423582141456815e-01  
q[109]: 6.3256480462964813e-04  6.1226101955842577e-02  9.5910051126071438e-01  5.4607888369358670e-01  
q[110]: 6.7031554028700621e-04  4.7784011990987821e-02  9.4748560480178279e-01  7.2684690156259557e-01  
q[111]: 1.4826878882483465e-04  6.5374908437120557e-02  9.1336818310149204e-01  9.0567338983803891e-01  
q[112]: 1.4869321544943990e-04  4.4979086864326084e-02  9.4267023942514416e-01  9.8692943981224263e-03  
q[113]: 1.2018525016847474e-04  3.2862521512837480e-02  9.9159749647863293e-01  5.8261302394557409e-02  
q[114]: 2.4832507053952494e-04  4.3293588094963698e-02  9.9137951463099439e-01  2.2028464572009671e-01  
q[115]: 2.0197878035660346e-04  5.1063786381859620e-02  9.9546869982255914e-01  4.2714783102408299e-01  
q[116]: 2.7201770359910069e-04  5.6091502270634558e-02  9.9214061449105062e-01  6.6716596656104166e-01  
q[117]: 1.9849173219209918e-04  4.5896616462526421e-02  9.9168956387310159e-01  8.6415132169315800e-01  
q[118]: 9.3723282290599178e-05  8.8613056842667445e-02  9.7950591171091650e-01  9.7058623306005098e-01  
q[119]: 1.2400130936384815e-04  1.3956695269085501e-01  3.8535310608557589e-02  6.4548879192932616e-03  
q[120]: 1.9418364465664920e-04  1.1896768081868428e-01  5.7740357285358028e-02  4.9002546754633371e-02  
q[121]: 4.7855132695126431e-04  1.2053785567414967e-01  1.2112618713487279e-01  3.3637131698145729e-02  
q[122]: 6.0086713619588253e-04  1.2618408318820995e-01  1.4805237878758384e-01  1.0525840922004667e-01  
q[123]: 2.3812416124727959e-04  1.4510434015454882e-01  2.1889453355240157e-01  2.1592194430957906e-01  
q[124]: 2.3136035594106195e-04  1.0955388516020786e-01  2.1841816205309036e-01  5.4472494611465224e-03  
q[125]: 8.7827356466031107e-04  1.6311454988204555e-01  2.7449406542348631e-01  1.7092205288509818e-01  
q[126]: 7.6964458274927960e-04  1.9743409081209745e-01  3.2963791631658940e-01  3.4463542676199811e-02  
q[127]: 1.1528797268059729e-03  1.2633631690497008e-01  3.5297418960542137e-01  8.0246710156130704e-02  
q[128]: 7.1940224800834049e-04  1.0248065968464669e-01  3.6407967277167430e-01  3.2180765963363489e-01  
q[129]: 5.0391510301489855e-04  1.2595035899190718e-01  4.2293982538601210e-01  1.0391998090977603e-02  
q[130]: 9.7845516062573909e-04  1.3930215042071478e-01  4.7802423396100518e-01  8.6773095744511253e-02  
q[131]: 8.8830599009444321e-04  1.5245490488996361e-01  4.6953166909064387e-01  4.3662789395669405e-01  
q[132]: 1.0093225301044950e-03  1.2334507146665863e-01  5.6995742542313554e-01  4.6067495475255502e-02  
q[133]: 1.1729432463411721e-03  1.8008386351757777e-01  5.5816724904173043e-01  1.6152738504782393e-01  
q[134]: 7.4934387275415700e-04  4.9312268239795704e-02  5.4179169508250680e-01  2.9525651136724212e-01  
q[135]: 1.1748308010426148e-03  9.8250471910031084e-02  7.0678060146211541e-01  5.3473313094672104e-01  
q[136]: 1.3668917281881865e-03  1.4782522322878902e-01  6.2179963879562894e-01  5.1922847725994492e-01  
q[137]: 4.0481644908152225e-04  1.3270644947740962e-01  5.8429390761758582e-01  5.7685962702654103e-01  
q[138]: 6.0780307967586125e-04  1.8622726083603891e-01  6.0358366718737000e-01  1.2995534595410656e-02  
q[139]: 1.3465058144259193e-03  1.2834179077057645e-01  7.0946026241343041e-01  1.1153835372550758e-01  
q[140]: 1.2595879030213718e-03  8.8096534896996342e-02  7.1452835749280752e-01  3.1253489598632589e-01  
q[141]: 8.2657497460971840e-04  1.0974040497402314e-01  6.9658205038504795e-01  6.5611204178300719e-01  
q[142]: 5.7389529222210583e-04  1.3300525631236959e-01  7.3942352972750958e-01  2.5196528212251483e-02  
q[143]: 1.2367602421415871e-03  1.8190163502230841e-01  8.1408117100200139e-01  1.1469998380036675e-01  
q[144]: 1.2755495178325838e-03  2.0302216803621706e-01  8.3374869015786879e-01  3.5485923621150772e-01  
q[145]: 1.0449608334486937e-03  1.1985181255801355e-01  6.9656340330884803e-01  4.4140082501101419e-01  
q[146]: 8.8477034796325446e-04  1.4578151957754099e-01  8.0484004067335757e-01  7.3018021171439840e-01  
q[147]: 3.0969821761636743e-04  1.1563171801510642e-01  8.0785101145791016e-01  8.0037458932493832e-01  
q[148]: 3.4633373898349256e-04  1.0520760303997673e-01  8.6471956997233879e-01  1.0202841500634999e-02  
q[149]: 8.4738768370371702e-04  1.1679938036845246e-01  8.9630498040513562e-01  1.0193253381622891e-01  
q[150]: 1.5138255412520969e-03  1.7596580385537308e-01  9.0477857962561870e-01  2.9251493262342193e-01  
q[151]: 1.3534954343466187e-03  1.9286997702283115e-01  9.1533536932876935e-01  5.0310330763921718e-01  
q[152]: 7.6502805865690188e-04  1.8132453456408779e-01  8.5924189774439186e-01  5.4308538520239025e-01  
q[153]: 8.1743706904967165e-04  1.3477985818089225e-01  8.9939461139274901e-01  7.2652011630506752e-01  
q[154]: 6.0948759315819110e-04  1.1683304980338137e-01  8.9532235090929402e-01  8.5305713411309370e-01  
q[155]: 4.7519227231593194e-04  1.7898864781508894e-01  9.1310834636843607e-01  3.8073537738948428e-02  
q[156]: 3.9496508793234819e-04  9.6464738767104832e-02  9.6139510046847132e-01  5.1527378782531059e-02  
q[157]: 8.4058780857716394e-04  1.2585591137839336e-01  9.6107104473442062e-01  2.1243256438536390e-01  
q[158]: 9.9916706782554403e-04  1.3205505035276383e-01  9.5239665680726693e-01  4.2440938988877441e-01  
q[159]: 9.7805139627392683e-04  1.4663120198159202e-01  9.5685468150428421e-01  6.4068110453232430e-01  
q[160]: 6.5153109740951861e-04  1.0718314830029194e-01  9.5473203585142918e-01  8.3304005111947421e-01  
q[161]: 2.2664550846140100e-04  1.6812266257493264e-01  9.4677971913914261e-01  9.3459362050556993e-01  
q[162]: 7.3591875505111924e-05  8.8985798707242131e-02  9.9255294366152891e-01  1.0375375938033291e-02  
q[163]: 2.5455398002621028e-04  1.0818880435962801e-01  9.9373935801170932e-01  1.2254854476555356e-01  
q[164]: 3.7905355311837778e-04  1.3263180282868964e-01  9.9324949333997037e-01  3.1253571645904271e-01  
q[165]: 4.3309269346193652e-04  1.2110069547027291e-01  9.9180208059101260e-01  5.3671612121698120e-01  
q[166]: 4.1406733013805183e-04  1.1726743800971616e-01  9.8976856479592901e-01  7.7315605731038295e-01  
q[167]: 1.8836226137325420e-04  1.0834488225487199e-01  9.9163735435813116e-01  9.4102485267984970e-01  
q[168]: 8.3471083743652909e-05  2.3475630602035663e-01  1.6014108449445102e-02  1.0192974234586568e-02  
q[169]: 4.2657487435963839e-04  2.2639140824052370e-01  7.4783337220151985e-02  3.6673176011759193e-02  
q[170]: 3.5551404591860743e-04  2.1915132280524541e-01  1.1785790190330248e-01  1.0919298757491130e-01  
q[171]: 3.0755440758206324e-04  1.9707092532442777e-01  1.2666858778991871e-01  6.1803344047754649e-03  
q[172]: 8.8642110732044938e-04  2.2864859995202588e-01  1.7040581435496313e-01  8.3463291664720135e-02  
q[173]: 8.2666523313738426e-04  2.0480721334569013e-01  2.2525768390804660e-01  4.1871779755942105e-02  
q[174]: 7.7184449375736837e-04  2.1735005968228285e-01  2.2819102748627251e-01  1.9019921293013450e-01  
q[175]: 2.8909565602313990e-04  1.6953926186711912e-01  3.4898452680095021e-01  3.4387663580132921e-01  
q[176]: 1.9670590980410682e-04  1.8271587736803302e-01  2.9969842781871842e-01  2.0274654684268841e-03  
q[177]: 1.4634379346675289e-03  2.2856103177254744e-01  4.6833235087183328e-01  1.5068783848277176e-01  
q[178]: 1.6609861622453031e-03  2.1959542625694117e-01  3.6339926410890339e-01  1.6587940475825674e-01  
q[179]: 1.3403522485249697e-03  1.9583579217289737e-01  3.6752799221992638e-01  2.8902591493282470e-01  
q[180]: 1.2122932241638948e-03  2.3839168906483035e-01  4.6692138064112665e-01  5.2326473624865345e-02  
q[181]: 1.7674536872103711e-03  2.1196887031881650e-01  6.0520700858484866e-01  4.2445645356164419e-01  
q[182]: 1.7128338413191597e-03  2.5958650881713619e-01  4.9018124358705439e-01  3.9671515866283047e-01  
q[183]: 3.7496804148354397e-04  2.4537950901662672e-01  4.7110172954537405e-01  4.6471709799496808e-01  
q[184]: 5.7881410680161863e-04  2.5918079901723473e-01  4.8756590597337951e-01  9.6085529182496233e-03  
q[185]: 1.5748563615209884e-03  2.2927087091853277e-01  6.1991016359814211e-01  1.0687385322648228e-01  
q[186]: 2.1050410925865948e-03  2.4672165909360655e-01  5.7778953302496749e-01  2.6950065034351778e-01  
q[187]: 1.6921084169525809e-03  1.5960396623571582e-01  6.3467829014462818e-01  3.3858285374907016e-01  
q[188]: 1.1813967128233632e-03  2.2848291452608493e-01  5.8823801701508815e-01  5.4080329085699075e-01  
q[189]: 1.2551273568730582e-03  2.3779130841714977e-01  7.0110917816047358e-01  5.2918868875445703e-02  
q[190]: 2.2513157226818456e-03  1.7895027861457716e-01  6.9567366670757957e-01  2.2204104802672792e-01  
q[191]: 1.4456529312267838e-03  2.0765737942340692e-01  7.4210383654508394e-01  6.3786767335397676e-01  
q[192]: 5.6664404658709935e-04  2.1529020303441387e-01  6.9889924410675741e-01  6.8759796284847430e-01  
q[193]: 2.5119011166026186e-04  2.1129113529398288e-01  7.7625876457973952e-01  2.7541058219529967e-03  
q[194]: 1.3072540276623803e-03  3.3231403114088964e-01  8.1024538924863265e-01  8.0492120321128596e-02  
q[195]: 1.2707513567662924e-03  2.3385957223289819e-01  8.2068235081124197e-01  2.0057734585347323e-01  
q[196]: 1.8911282765397852e-03  2.0612804198873713e-01  7.6163739373000261e-01  3.8201261873068487e-01  
q[197]: 1.9787160809116651e-03  1.8226691053735578e-01  7.9140071620783592e-01  5.6300760659268867e-01  
q[198]: 4.9645411069109639e-04  2.1622681885106843e-01  7.9556560571669654e-01  7.6984011877687264e-01  
q[199]: 7.5119068956341233e-04  2.1902751600532067e-01  8.3407832943949956e-01  3.7553403526519362e-02  
q[200]: 1.6253913218069261e-03  2.9454780887341747e-01  8.9670802006117578e-01  3.8862108858416788e-01  
q[201]: 1.3702546626993602e-03  2.3429019682334787e-01  8.8327118681004957e-01  6.7995405114189855e-01  
q[202]: 7.3826943345663284e-04  1.9151192848539969e-01  8.9094637004314292e-01  7.8714462650154204e-01  
q[203]: 1.8019399590308240e-04  2.1868542401299662e-01  8.7460454712097824e-01  8.7097382482627028e-01  
q[204]: 2.0075738100998837e-04  1.6781369017953149e-01  9.5506285120990653e-01  8.5807858646758280e-03  
q[205]: 7.4509690205120771e-04  2.0306244270167823e-01  9.6294897955796965e-01  1.1214923107312476e-01  
q[206]: 7.1621854577410139e-04  1.9608178520765990e-01  9.0457838177261440e-01  1.7506350599962694e-01  
q[207]: 1.1234551961395243e-03  2.5211300821197447e-01  9.5950547389141638e-01  3.0172110056694390e-01  
q[208]: 9.4814791578222120e-04  2.5707276085649700e-01  9.6566737460678886e-01  5.3719187124661461e-01  
q[209]: 9.9182823683810636e-04  2.2520714339214101e-01  9.6069057070792119e-01  7.5789290864182224e-01  
q[210]: 5.0475245118154896e-04  1.9836484432454773e-01  9.5936108749364213e-01  9.0204552860101728e-01  
q[211]: 2.1497786037192779e-04  1.9142163022621955e-01  9.9258059153897304e-01  4.3875952812553250e-02  
q[212]: 4.3423179921688921e-04  2.3039832714820749e-01  9.9254699023535464e-01  2.0197124232244787e-01  
q[213]: 6.7896543270672843e-04  2.2184973720351039e-01  9.8820271870593357e-01  4.2110735245178837e-01  
q[214]: 4.6640276740330533e-04  2.1404058045139804e-01  9.9241475287727920e-01  6.5916225448362553e-01  
q[215]: 3.3525475189376556e-04  2.0002084720456509e-01  9.9184849304576239e-01  8.7520493516625142e-01  
q[216]: 9.2192516064789143e-05  2.1385493748157461e-01  9.9270343556940643e-01  9.8327837785076866e-01  
q[217]: 5.8127623459041267e-04  4.5360341553037881e-01  8.7690830233512762e-02  4.5337091853672032e-02  
q[218]: 2.3846104387407143e-04  3.3711469744218697e-01  5.6046888070398877e-02  4.8334822312406295e-02  
q[219]: 2.7606979348860858e-04  3.2174482756950434e-01  6.4907838914309929e-02  7.8523224709047441e-03  
q[220]: 7.4849603295129726e-04  3.3475859741295000e-01  1.4640525790468079e-01  3.7878290988124411e-02  
q[221]: 8.1896897898912522e-04  3.5055108177892508e-01  1.4172751517100440e-01  1.0328912557985732e-01  
q[222]: 5.1941426632893227e-04  3.3372161415415841e-01  2.0750150754974475e-01  1.9698363464965044e-01  
q[223]: 6.1147487716686484e-04  3.1915680726408024e-01  2.1636808495465557e-01  1.1161822673211126e-02  
q[224]: 1.0240288297219196e-03  2.7963291241894983e-01  2.7507256839644628e-01  9.3759345809155584e-02  
q[225]: 1.2864923078505397e-03  3.1424322799273557e-01  2.6389103324286572e-01  1.7758313358802880e-01  
q[226]: 6.7419197523509525e-04  3.1049857636468697e-01  3.4818556773585208e-01  1.7423602539145398e-02  
q[227]: 1.8783666009400729e-03  3.2478250539105319e-01  3.7746522819371758e-01  9.2516050538501413e-02  
q[228]: 1.7016746157378080e-03  3.1972819421112642e-01  3.8335307332090568e-01  2.4622394931543590e-01  
q[229]: 8.6162149379165613e-04  2.7494172193490618e-01  3.2649320946251448e-01  3.0674364153877942e-01  
q[230]: 2.7214852263406834e-04  4.0877326154982774e-01  3.7697157511450835e-01  1.1287190160965959e-03  
q[231]: 1.6514633936055897e-03  3.4670901214277872e-01  5.3157459870146995e-01  1.1466239654607137e-01  
q[232]: 1.9842964791316922e-03  3.0791493466916625e-01  4.9032457314385069e-01  2.6229709684060293e-01  
q[233]: 1.1230188885737685e-03  3.3918630967010693e-01  4.5060059696314908e-01  4.0803894492550602e-01  
q[234]: 1.3331045219084983e-03  3.3990166739268057e-01  5.9480831658342326e-01  5.0823590280344402e-02  
q[235]: 1.9792028882839002e-03  3.3229026007341339e-01  6.2647155933466914e-01  1.9769637249668165e-01  
q[236]: 1.9529220498940734e-03  3.5419113072646186e-01  5.5766681088461967e-01  3.8188625809302490e-01  
q[237]: 1.9269484039482994e-03  3.7823948029160076e-01  6.0809022347715402e-01  5.0738455654848080e-01  
q[238]: 5.2830390141516380e-04  3.1690287357482683e-01  5.7726138666883653e-01  5.6682383101155054e-01  
q[239]: 5.9978048989584563e-04  3.2546924648719427e-01  6.7508887302595788e-01  9.3925455777431697e-03  
q[240]: 1.9691286576655120e-03  3.1451476839042758e-01  7.0608461784419518e-01  3.0945006104008732e-01  
q[241]: 1.7281292255989236e-03  2.7832203371232805e-01  6.9867049325622022e-01  4.3984502559765926e-01  
q[242]: 1.6012577120390668e-03  2.8761821913152491e-01  6.9284160509719062e-01  5.3451742717592154e-01  
q[243]: 1.2962057407391433e-03  3.1627380896557916e-01  6.9557339266995610e-01  6.4362186169521063e-01  
q[244]: 5.8786425167903006e-04  3.4477253796939661e-01  7.9706490436036315e-01  1.9729145328087710e-02  
q[245]: 1.9876478807758376e-03  3.0617388618464714e-01  7.3852947624679655e-01  1.5312263083423280e-01  
q[246]: 1.7136411442488563e-03  2.9980938232813942e-01  8.0039633699759571e-01  2.7814195452129825e-01  
q[247]: 1.9784640529484426e-03  3.3256214787572613e-01  8.0994560970660823e-01  6.5225520697487060e-01  
q[248]: 8.8092784813713549e-04  2.8219429781990363e-01  8.4878254653534246e-01  7.6357747566616729e-01  
q[249]: 2.8079148071183814e-04  3.5286204068529209e-01  7.7192743635765537e-01  7.6892632361397462e-01  
q[250]: 1.9610244162632516e-04  2.7496257739808455e-01  8.9550187989919816e-01  2.5833546898730874e-03  
q[251]: 7.6195566632328228e-04  2.7422708785547451e-01  9.0969014278461768e-01  8.0888039620133675e-02  
q[252]: 1.9813618112295719e-03  3.8073999018086435e-01  8.8152781138638969e-01  2.6122275900495384e-01  
q[253]: 1.3704697191677545e-03  2.8441305915281667e-01  8.5494930704022853e-01  4.9294962828978645e-01  
q[254]: 1.6568872119920230e-03  3.1297169408236430e-01  9.1628264206272292e-01  6.1719656606579920e-01  
q[255]: 8.2127736216768953e-04  3.0505494999975319e-01  9.3596953281346063e-01  8.3925472163893933e-01  
q[256]: 5.9881820111794206e-04  2.7021996155655909e-01  8.8209788425230085e-01  8.5295022201195470e-01  
q[257]: 2.9446689530950043e-04  3.3160038207409509e-01  9.1017224484666559e-01  2.0776925457157189e-02  
q[258]: 4.9388603147894805e-04  3.1332104384653647e-01  9.6375961857750236e-01  3.7609609582979028e-02  
q[259]: 1.0459538708527606e-03  2.9256311851719247e-01  8.9385111531659089e-01  1.7146860067033740e-01  
q[260]: 1.3810813755123913e-03  3.5813013063921589e-01  9.5051854540706959e-01  4.1358811790853262e-01  
q[261]: 9.0444893680606726e-04  3.5066173926894895e-01  9.7057834186004899e-01  6.8077979316336923e-01  
q[262]: 4.5123709174660408e-04  3.2930912321346684e-01  9.7322232529038855e-01  8.4092929231173896e-01  
q[263]: 8.5035224205640451e-05  3.1766185132055486e-01  9.4846489252390720e-01  9.4809113439395531e-01  
q[264]: 8.8771033917884093e-05  2.7109372630487738e-01  9.8848931127330097e-01  5.0539997103060848e-03  
q[265]: 3.5594867443839004e-04  3.2008604051610617e-01  9.9205621185855253e-01  1.0024287883545344e-01  
q[266]: 1.0596150050255189e-03  3.3568830557224411e-01  9.5506711870014405e-01  1.8969249531171081e-01  
q[267]: 5.6002746662948586e-04  3.5250103087692641e-01  9.9157063330375128e-01  3.0431377875691529e-01  
q[268]: 4.7873188538053205e-04  3.3476655803616151e-01  9.9344990439099312e-01  5.4956335973759529e-01  
q[269]: 2.8463335898722705e-04  3.0931491735072236e-01  9.9776068628592562e-01  7.8359300437905455e-01  
q[270]: 2.0335400282215580e-04  3.0320984174680199e-01  9.9338601490382761e-01  9.4847407751874513e-01  
q[271]: 3.6795265506919984e-04  3.3369015457929507e-01  9.5823633656253404e-01  9.3424012985902249e-01  
q[272]: 1.4030607598224278e-04  4.2606231788215598e-01  2.0948526257644959e-02  7.4826434864856762e-03  
q[273]: 6.0988553731946031e-04  5.0080865669931840e-01  1.5683831146340019e-01  4.7525170896894176e-02  
q[274]: 2.8150237385915364e-04  4.5854415059295045e-01  1.2650157345036553e-01  1.2239248293186160e-01  
q[275]: 4.1080695259319887e-04  4.5703761608094351e-01  1.3098403567290109e-01  8.1716640112415827e-03  
q[276]: 1.0187150997376111e-03  4.7918283016955387e-01  2.1045082844623925e-01  1.3322261461886489e-01  
q[277]: 1.3562874781750417e-03  4.3649930908907913e-01  2.6972375123420705e-01  4.8771824198974717e-02  
q[278]: 1.0528351440712213e-03  3.9440510132110368e-01  2.3624080929248112e-01  1.0294904050079257e-01  
q[279]: 8.9577915531893250e-04  4.7991797407823061e-01  2.3635044456652002e-01  2.0433337278333016e-01  
q[280]: 3.2397695999815830e-04  4.4863351570814092e-01  3.0196186549603321e-01  2.9996872212952136e-01  
q[281]: 4.0704763551647978e-04  5.0414977701342845e-01  2.5434904940194469e-01  5.7134640365256407e-03  
q[282]: 9.7780078756383795e-04  4.3405813329911919e-01  3.9371143669513359e-01  4.2060287995315436e-02  
q[283]: 2.1385910617289553e-03  4.3769257299852693e-01  3.5839832359485096e-01  1.7194690395070816e-01  
q[284]: 1.4852792549321426e-03  4.0943627669924437e-01  3.4066362663137811e-01  2.8340834952449678e-01  
q[285]: 8.5919081405104859e-04  4.0412327428795214e-01  4.9534013376299557e-01  3.3962573525566510e-02  
q[286]: 2.5663050835903773e-03  4.2222997476886281e-01  4.8427624603686098e-01  1.8181829059229054e-01  
q[287]: 2.0364179527536642e-03  4.5570213870000925e-01  4.5243677371498586e-01  3.3156182599240136e-01  
q[288]: 4.7428235794857884e-04  4.0525693052459388e-01  4.2947898217843727e-01  4.2210367930985171e-01  
q[289]: 3.5194094714705444e-04  4.1322489709454108e-01  5.5515581142655990e-01  3.4307679530916953e-03  
q[290]: 1.7253013634431389e-03  4.7377106492146509e-01  6.2045076359119555e-01  1.1246123720540938e-01  
q[291]: 1.2100386648181696e-03  4.1227327202140734e-01  6.1339737384704462e-01  2.6744493154472571e-01  
q[292]: 2.5896912770055984e-03  4.4433408625255377e-01  6.1198340672416840e-01  3.5686402277082396e-01  
q[293]: 2.6649046579805403e-03  4.6656491603907557e-01  7.1545892913379860e-01  5.2630596364755788e-01  
q[294]: 1.0340788353166105e-03  4.3817608832086485e-01  5.6568486967583176e-01  5.3255036708328929e-01  
q[295]: 8.3456634969191238e-04  4.6322584084138951e-01  7.2203886894337199e-01  2.9410509607247507e-02  
q[296]: 1.4404272768584515e-03  4.3713834281451192e-01  6.9868525823799954e-01  1.7506727265674782e-01  
q[297]: 2.1754038959857550e-03  4.4788113563907539e-01  7.6792801248654385e-01  2.7656203549230196e-01  
q[298]: 1.5029988464350843e-03  3.8263783184094513e-01  7.1622333794497950e-01  4.0750509674828167e-01  
q[299]: 1.3761888612528212e-03  4.4519932658010308e-01  7.2977414642341953e-01  6.3222612646470289e-01  
q[300]: 3.2906716503255929e-04  4.1411496074127557e-01  6.5642519048801495e-01  6.5198339582996068e-01  
q[301]: 3.1894458876180427e-04  4.4532974995432134e-01  8.2864355759621411e-01  5.7947790429393386e-03  
q[302]: 1.4149152148251966e-03  4.2009460224164902e-01  7.1768273826122042e-01  7.9486175634871412e-02  
q[303]: 2.4338499531443595e-03  4.1390690886351089e-01  8.2953056435786687e-01  4.0938546123799008e-01  
q[304]: 1.4584251338417512e-03  3.2805686817030616e-01  7.9123364392246365e-01  5.0212159534492184e-01  
q[305]: 9.5993111731424233e-04  3.7004006598035682e-01  7.9699738212711513e-01  7.5962953358766916e-01  
q[306]: 7.5926145352798709e-04  4.3962272793812973e-01  8.8876421441006603e-01  3.7959926191568939e-02  
q[307]: 9.4416481037337371e-04  4.0167308245218020e-01  8.8423108897009883e-01  1.0878827579674621e-01  
q[308]: 2.1074614684452714e-03  4.6206978974292390e-01  8.2426603003259413e-01  1.6642640563438854e-01  
q[309]: 1.3977679328536238e-03  4.4021816321634871e-01  9.1143538565358462e-01  5.0519237631916880e-01  
q[310]: 1.1976932217827260e-03  4.0041489241723377e-01  9.2858753499523261e-01  7.5158133880926392e-01  
q[311]: 3.6216052130367925e-04  4.2129141201921116e-01  8.8121387995205402e-01  8.7372032995454629e-01  
q[312]: 2.5030372503799942e-04  4.4587005935143548e-01  9.5547221581030006e-01  6.7293217873624044e-03  
q[313]: 7.5617365823900742e-04  4.2416272115747650e-01  9.5706004859723171e-01  9.5968416040053323e-02  
q[314]: 1.0252128441908428e-03  5.1719202428029842e-01  9.3642072957365585e-01  1.6798104342566084e-01  
q[315]: 1.4809722486114247e-03  4.6434741311907907e-01  9.4768977593978609e-01  2.8783005812960011e-01  
q[316]: 1.1391210516026179e-03  4.3952829040185859e-01  9.5803072761553998e-01  5.5408772291325092e-01  
q[317]: 7.4684285349704230e-04  4.7670659365070606e-01  9.7834275899570999e-01  7.7864151140129700e-01  
q[318]: 9.4421845559706206e-04  4.1722876725584696e-01  8.7352661756200622e-01  7.5361435780808395e-01  
q[319]: 9.1466380146641214e-04  4.4171581733444598e-01  9.1340821455786059e-01  8.6297946993329744e-01  
q[320]: 9.4257565994184981e-05  4.1104506686934150e-01  9.9479610444781585e-01  1.7458694658386377e-02  
q[321]: 1.9328382769762399e-04  4.6235497344232168e-01  9.9299890974916616e-01  4.9952931894204473e-02  
q[322]: 5.5489451626450825e-04  4.4512822298246690e-01  9.9017275944016347e-01  1.8373370128914646e-01  
q[323]: 4.5236725214228488e-04  4.2414219178242324e-01  9.9429786779739615e-01  4.2733008524472121e-01  
q[324]: 4.6755837890656170e-04  4.5577974188313597e-01  9.9322993268859239e-01  6.7296192329103777e-01  
q[325]: 3.4028448020916626e-04  4.1610317562999072e-01  9.9151509407011018e-01  8.8595255298289122e-01  
q[326]: 3.4115861256903758e-04  4.6173096837123856e-01  9.7611316188588459e-01  9.2211433352044836e-01  
q[327]: 1.1459773374156980e-04  4.3301313056876761e-01  9.8934096420149509e-01  9.8297735847252243e-01  
q[328]: 2.1473553012869430e-04  5.4340305699938085e-01  5.3964801570565928e-02  4.6547169857938137e-02  
q[329]: 3.1962544162951023e-04  5.6996706849512357e-01  6.0674772302833919e-02  9.5998287952720422e-03  
q[330]: 7.1119294352926723e-04  6.1319020408795410e-01  1.4188778505638142e-01  6.6208287547305608e-02  
q[331]: 6.7368455510934653e-04  5.8224890982158573e-01  1.4109405637328584e-01  1.1389714664200819e-01  
q[332]: 3.7595099035944468e-04  6.1571970449579838e-01  2.1532098309567116e-01  2.1012241793337599e-01  
q[333]: 1.3432525791803052e-04  6.2299010077392236e-01  1.5968326659688370e-01  2.0134250629644237e-03  
q[334]: 8.4690617138234573e-04  6.1997805546521234e-01  1.9675163671310550e-01  2.8518193303300268e-02  
q[335]: 1.1374251794921222e-03  5.6701514482287696e-01  2.5553529407442177e-01  9.5137451760048661e-02  
q[336]: 1.8170647613616881e-03  5.6371839727129469e-01  3.1626620213895240e-01  2.1237274127231640e-01  
q[337]: 7.3412529443522064e-04  5.6630562786808347e-01  3.2620251764897285e-01  2.8055780944591203e-02  
q[338]: 2.1024810210394811e-03  5.6614525281982409e-01  3.7475919640853239e-01  1.1425301729049664e-01  
q[339]: 2.3275319903686056e-03  5.4115808074954608e-01  4.7589391567673295e-01  2.7136022023751794e-01  
q[340]: 9.4009072107489465e-04  5.8627072765086952e-01  3.3661694391355201e-01  3.1110664234033347e-01  
q[341]: 8.1807732123083247e-04  5.3827956191285353e-01  4.3315825752782366e-01  4.0796640476516616e-01  
q[342]: 8.2556290328264644e-04  5.6267558043029586e-01  4.5255907856288330e-01  1.2739135384670417e-02  
q[343]: 1.8978420139264208e-03  5.1318689015855901e-01  4.7657697280899836e-01  8.6793861094286037e-02  
q[344]: 1.4997376129343421e-03  5.8919359983136077e-01  5.3556220166234914e-01  2.5295158075702040e-01  
q[345]: 1.1182375544959106e-03  4.9964059092285534e-01  5.0746582060796697e-01  4.3764677101135330e-01  
q[346]: 1.0693913348166580e-03  5.1920846325417946e-01  6.0070371550889567e-01  2.7107225506360060e-02  
q[347]: 2.3812456191349522e-03  5.4968072241499133e-01  5.9914040722086082e-01  1.9844554058754241e-01  
q[348]: 2.3254712954835738e-03  5.6579514634775308e-01  5.8622008404742398e-01  4.3621490846334704e-01  
q[349]: 1.0294295803629048e-03  5.6004053593487957e-01  6.1858481684514477e-01  5.3531059675382886e-01  
q[350]: 5.0348499118891415e-04  5.6504232260903353e-01  5.3547799334195079e-01  5.3074735734764211e-01  
q[351]: 3.4387489336248835e-04  5.4712903224686060e-01  7.0933499898573593e-01  3.1374961088428931e-03  
q[352]: 1.7142537327720420e-03  5.8899066933184707e-01  7.4082870719016536e-01  1.0320597680726605e-01  
q[353]: 1.8037731270556365e-03  5.1553079100148380e-01  6.8473994876027711e-01  3.0172883455920629e-01  
q[354]: 2.2172247481279210e-03  5.6065448575768195e-01  7.6083825313059672e-01  3.9910554828426448e-01  
q[355]: 1.5334101791181335e-03  5.4195653031144686e-01  7.7460336299701060e-01  4.8845857592981001e-01  
q[356]: 1.1197333928288399e-03  5.0877867526073384e-01  6.8989372985408459e-01  6.6196085606384836e-01  
q[357]: 1.0701189010558006e-03  5.5558703630734507e-01  8.1180603785909444e-01  4.4482898144999380e-02  
q[358]: 1.7501677171298893e-03  5.9153937359286657e-01  8.2208209595557735e-01  2.6322667234591313e-01  
q[359]: 2.2862972532206797e-03  5.8716562379623660e-01  8.1681688532835728e-01  6.4930469740385788e-01  
q[360]: 1.2959872318609763e-03  4.9855335960660524e-01  8.1454678692814375e-01  7.3660819844394343e-01  
q[361]: 5.3816120509068001e-04  5.4398199303344474e-01  7.9556424797050451e-01  7.8537214491555851e-01  
q[362]: 3.8468348145494062e-04  5.7969036407224006e-01  8.9785149900673056e-01  8.8351008095919111e-03  
q[363]: 7.9014483188275149e-04  5.4395641374275105e-01  8.4748609987702161e-01  9.5593752676154539e-02  
q[364]: 2.1524256084426846e-03  5.2890299660774831e-01  8.8458032287193156e-01  3.5492018466284764e-01  
q[365]: 1.9430351659114778e-03  5.7019042159897304e-01  8.8197889655899209e-01  5.2097215204532599e-01  
q[366]: 1.9618882006491953e-03  4.2983147769873264e-01  8.4139550081376124e-01  5.8296811727085074e-01  
q[367]: 9.8579009110929985e-04  5.6847322047604254e-01  9.0735062130291866e-01  7.7295164784469228e-01  
q[368]: 6.0665965577332730e-04  5.7675665782322405e-01  8.6297982535936879e-01  8.3163718584013091e-01  
q[369]: 5.1633914160696443e-04  5.7039728036315618e-01  9.6257355250130694e-01  3.8861495792091486e-02  
q[370]: 4.9260421387999043e-04  5.3215286080138424e-01  9.3019119915705528e-01  7.3577614556001120e-02  
q[371]: 1.2374941745945571e-03  5.8786661279636554e-01  8.9375415204111686e-01  1.9823883794447106e-01  
q[372]: 9.8061631715104709e-04  5.2525231389127114e-01  9.6991118153047806e-01  4.1999781198829567e-01  
q[373]: 1.4232874137665200e-03  5.6250870275502496e-01  9.4995260672855242e-01  6.5558159619408851e-01  
q[374]: 8.4413291735562261e-04  5.5595238272918213e-01  9.5781310152750687e-01  8.5718403721637126e-01  
q[375]: 3.8621190890285317e-04  5.5546574659477066e-01  9.4609719952947358e-01  9.3515124268529592e-01  
q[376]: 1.0277344744116099e-04  5.9720970116656091e-01  9.9123902255747565e-01  6.8234272829196226e-03  
q[377]: 4.1659776995954599e-04  5.7473949017771198e-01  9.9067155299083476e-01  1.0754914114770767e-01  
q[378]: 6.8294316008595186e-04  6.2200806718447399e-01  9.7107678568135491e-01  1.9558292068213462e-01  
q[379]: 6.7923126445170270e-04  5.5970312045507431e-01  9.8941389909225974e-01  2.9396018316526823e-01  
q[380]: 6.8729020156805989e-04  5.5696434559298047e-01  9.8997786003576127e-01  5.5261893732735778e-01  
q[381]: 3.0578645074293885e-04  5.7645035348237172e-01  9.9475257079845680e-01  8.1571154661490353e-01  
q[382]: 2.4541001512463602e-04  6.5687407008508658e-01  9.9627323934726542e-01  8.9994584758677032e-01  
q[383]: 1.8314632393028613e-04  5.5937433680148685e-01  9.9353721836884756e-01  9.5887649566434296e-01  
q[384]: 9.5094409909566042e-05  6.2808832757207156e-01  1.7532767713181081e-02  1.1723498741176896e-02  
q[385]: 4.5138989257678430e-04  7.0403688616999160e-01  7.4395803489301998e-02  4.0861813151791514e-02  
q[386]: 2.6798800425318557e-04  7.0032364733370811e-01  9.6344220918422263e-02  8.9007665230130414e-02  
q[387]: 3.5980366583274767e-04  7.0875429088571962e-01  1.0280095418882020e-01  1.1585404804182992e-02  
q[388]: 1.0631403778995673e-03  6.9556285729038458e-01  2.1333312296752213e-01  1.1905114241639754e-01  
q[389]: 8.9281686704302250e-04  7.1647258885566767e-01  2.6725053055387399e-01  6.2128832918389949e-02  
q[390]: 9.5078728647863750e-04  6.8454515875434196e-01  2.3243436476074450e-01  1.8964152458106154e-01  
q[391]: 4.7300100522260275e-04  7.4796589674054348e-01  3.0184597830995769e-01  2.8780275288565277e-01  
q[392]: 4.4765147467180216e-04  6.7440770187347654e-01  3.3124216700871911e-01  7.5415165710509408e-03  
q[393]: 1.0057202116989096e-03  6.7458373392012905e-01  3.5849399272972177e-01  5.6191806541938664e-02  
q[394]: 1.1206243558963061e-03  6.6023142153818670e-01  3.3172951888453095e-01  1.7259577859642028e-01  
q[395]: 1.0006440535395911e-03  6.1375046368116570e-01  4.0729217803236767e-01  3.2622862792712193e-01  
q[396]: 1.3750003751581952e-03  6.8175105746202247e-01  4.8251584648558826e-01  4.6445895000464227e-02  
q[397]: 2.0893594087188685e-03  7.0152610410429994e-01  4.4298321051037770e-01  1.8492436851975891e-01  
q[398]: 1.3600362317740065e-03  6.7364763699767971e-01  4.7832693251235864e-01  4.0531372995097847e-01  
q[399]: 3.3977036661547895e-04  6.8778691165926753e-01  3.9559814334682647e-01  3.9289096528431766e-01  
q[400]: 4.7045167984768849e-04  6.6262275229356271e-01  5.8268301126262612e-01  5.3192825892364364e-03  
q[401]: 1.6388924772117561e-03  6.1342583762151615e-01  6.0394379471910509e-01  7.4907448399791451e-02  
q[402]: 2.0627809118021617e-03  6.6696295131547534e-01  6.1716094807035327e-01  3.1795354254979197e-01  
q[403]: 1.2062942632558229e-03  6.5454461118073237e-01  5.9140847891050841e-01  5.5228100355346255e-01  
q[404]: 1.2036936176542036e-03  6.7760697217835941e-01  7.0016138249093085e-01  3.4675725454018605e-02  
q[405]: 1.9679013278982829e-03  5.9827823093601551e-01  7.3289499441077322e-01  1.9836602294448910e-01  
q[406]: 2.0556387950510999e-03  6.2272277320448644e-01  6.6460567834533446e-01  4.2610832343949667e-01  
q[407]: 1.6529793990558940e-03  6.1965602530655994e-01  7.1122270879851757e-01  6.1810707489773520e-01  
q[408]: 4.9807901073029145e-04  6.6132632921134638e-01  6.8300182329593817e-01  6.7662763398938097e-01  
q[409]: 4.4560639533139623e-04  6.6469993791807103e-01  8.0336432502667243e-01  7.8700394583265006e-03  
q[410]: 8.3200104885329171e-04  7.1748998150153787e-01  8.1177899161471734e-01  7.5017804998553636e-02  
q[411]: 2.3498045875952251e-03  6.7969674536142244e-01  8.1701856200785605e-01  3.7279328524615907e-01  
q[412]: 2.0625420736094286e-03  6.8056564529150121e-01  8.1444906472802880e-01  5.4075587068272679e-01  
q[413]: 1.1019154435122930e-03  6.8088170798826531e-01  7.7494553122054854e-01  7.3311987418279367e-01  
q[414]: 7.8319046057315548e-04  6.8806044039110281e-01  8.9877964887956863e-01  4.1374177261705468e-02  
q[415]: 1.3719804570080064e-03  6.7251081759628284e-01  9.1229986295454524e-01  2.6886581717779284e-01  
q[416]: 1.1747350866848356e-03  7.0940783722810041e-01  8.9445890139874995e-01  4.7385235939112608e-01  
q[417]: 1.0360927428069073e-03  6.5546492019325642e-01  8.8263739612254843e-01  8.0672348265993454e-01  
q[418]: 3.1364258112265747e-04  6.8284095367143360e-01  8.8293773680485266e-01  8.7681264760615174e-01  
q[419]: 2.4827871050584366e-04  7.1327841103308087e-01  9.5610519464621435e-01  8.7149839075485926e-03  
q[420]: 8.3718454840601096e-04  6.9764147276940891e-01  9.5895485940699299e-01  1.0967753673085537e-01  
q[421]: 1.0728987058213411e-03  6.9198578742315697e-01  9.6161854903785327e-01  3.2258104928535780e-01  
q[422]: 1.2972501922177034e-03  6.7941738472564783e-01  9.5968868609418412e-01  5.4502187039596639e-01  
q[423]: 1.1357502311512644e-03  6.7873474366447195e-01  8.9788769778310240e-01  6.3445562015042412e-01  
q[424]: 1.2617634059447496e-03  4.9686919305152449e-01  8.9869257025800597e-01  6.6755964469714701e-01  
q[425]: 6.1611863335852483e-04  6.8020707357402332e-01  9.5519213614514531e-01  9.1049910673163681e-01  
q[426]: 2.5762552732907265e-04  7.0581386600459883e-01  9.9197915255276436e-01  4.5427463911532080e-02  
q[427]: 2.4489867161158846e-04  6.9448274037714397e-01  9.9759707311917500e-01  1.9982598063358120e-01  
q[428]: 5.1339411822202074e-04  6.6574302611633662e-01  9.9343367914814429e-01  4.2303454323810802e-01  
q[429]: 5.6205722069270264e-04  6.5419977534120499e-01  9.9168833504836618e-01  6.9164420393584491e-01  
q[430]: 1.0320193589786640e-03  6.6943973525909328e-01  9.5771222508736953e-01  7.6394399977496275e-01  
q[431]: 1.2611622739128753e-04  6.8353573885118690e-01  9.8899538120967223e-01  9.8100375065776746e-01  
q[432]: 1.0706796112770932e-04  7.6548375428706472e-01  2.3551920854302161e-02  5.7883248960665587e-03  
q[433]: 1.6766255606712072e-04  8.2381304899361973e-01  4.6949056364732254e-02  4.0569476527960280e-02  
q[434]: 1.5824942839955643e-04  8.4479397146774060e-01  6.0980770794129072e-02  7.0262911671804627e-03  
q[435]: 7.1643595105790655e-04  8.0696447383391900e-01  1.4694813642663712e-01  1.0452085144563129e-01  
q[436]: 3.3483016455396897e-04  7.8357993782773316e-01  1.7208030492075357e-01  1.6448540141586329e-01  
q[437]: 4.4932192181616081e-04  7.5960000509274117e-01  2.2545882969778733e-01  8.9477848347889934e-03  
q[438]: 1.0765288119396271e-03  7.6749994202524252e-01  2.8671673188505242e-01  1.1153051912620936e-01  
q[439]: 9.1389418595019616e-04  8.2512007156082823e-01  2.6797708292041161e-01  1.8110579251162767e-01  
q[440]: 6.3536718777666733e-04  8.0768818372976903e-01  3.4794096107556638e-01  2.5433067395783562e-02  
q[441]: 1.3100500687882790e-03  8.0381951841220978e-01  3.7299252036422409e-01  1.9846434506514768e-01  
q[442]: 1.3389756991506801e-03  6.7994833332175120e-01  4.2497483759851024e-01  2.7356240604205823e-01  
q[443]: 1.2102512332245153e-03  7.4800891677251491e-01  3.3645526053196906e-01  2.7125222260035342e-01  
q[444]: 8.4439705499485859e-04  8.1901509766159142e-01  4.1486273976641369e-01  3.8046627213935047e-01  
q[445]: 4.4325117774383243e-04  7.7042772141879667e-01  4.5264822515162267e-01  5.6489997572498167e-03  
q[446]: 1.2859581266487338e-03  7.8811673228654999e-01  5.3465945372753343e-01  1.0531069550251722e-01  
q[447]: 1.9061270432138974e-03  6.6021759855924245e-01  5.1763566418208207e-01  1.4260267771227342e-01  
q[448]: 2.2435558687961747e-03  7.9448108005929263e-01  5.8066231944993707e-01  2.3213617323805469e-01  
q[449]: 1.9005992461668451e-03  7.1484762271663649e-01  5.3403341674776139e-01  3.7015665997129577e-01  
q[450]: 7.4958381306577157e-04  7.2963473484197927e-01  4.9130368119856233e-01  4.6856705516131086e-01  
q[451]: 1.0417891852727533e-03  7.8354253928741024e-01  5.7840146478972509e-01  3.3735555938769993e-02  
q[452]: 1.7861798715736940e-03  7.6658717618662320e-01  6.1292531002546990e-01  5.0807125518041030e-01  
q[453]: 4.8926820303525620e-04  7.9361109618474435e-01  5.8787653956430630e-01  5.8010884418310460e-01  
q[454]: 4.2243572518411130e-04  7.9785189751334284e-01  6.8975769188671032e-01  6.6552981341233197e-03  
q[455]: 1.4944713766520759e-03  7.7783769733287067e-01  6.9477938682689511e-01  9.1980532356168085e-02  
q[456]: 2.0654078571891222e-03  7.1357807279459662e-01  6.5053407433660526e-01  1.5669128184312367e-01  
q[457]: 2.1996068612720695e-03  6.9292822806574128e-01  7.0570396695610693e-01  2.8321913666021165e-01  
q[458]: 2.1454491737769991e-03  7.0811483149344889e-01  7.1170831053040684e-01  5.3920351690026547e-01  
q[459]: 1.1884699392620238e-03  7.9209059429882256e-01  6.8472958612846035e-01  6.4065776545372544e-01  
q[460]: 7.0034650257101672e-04  7.8687535198321723e-01  8.0789802316100923e-01  2.8152021187660168e-02  
q[461]: 1.8550447109338883e-03  7.1111544504962210e-01  8.1224435471025003e-01  1.5863026667163532e-01  
q[462]: 1.7970941353256855e-03  7.6889811657697227e-01  8.3628884219075694e-01  2.6404675361305091e-01  
q[463]: 1.6308928821417473e-03  8.0060715844979058e-01  8.3303927510616604e-01  4.6615292328120955e-01  
q[464]: 1.5789592846589813e-03  7.5688879744903304e-01  8.0805145444895488e-01  7.0286428930257527e-01  
q[465]: 3.8534938329963200e-04  7.7468430775828045e-01  7.9126814017578606e-01  7.8499283498159800e-01  
q[466]: 2.9280662032180770e-04  8.0173377557500558e-01  8.8787926012012119e-01  6.7434706462474285e-03  
q[467]: 8.8799279569179033e-04  6.4378093259321001e-01  8.9373913878656552e-01  1.0778657600744047e-01  
q[468]: 1.2351225528518766e-03  6.1619498933305772e-01  9.3261826967358730e-01  4.2581321675390493e-01  
q[469]: 1.2308474720629198e-03  7.9023848626018500e-01  9.0919327754087065e-01  5.9981793982780374e-01  
q[470]: 1.2755339018862459e-03  7.2960944019321605e-01  8.9356361071815649e-01  7.2063179676835398e-01  
q[471]: 5.9944704733146245e-04  7.7796873060682104e-01  8.9796500480916952e-01  8.6473151553918703e-01  
q[472]: 7.1880037179810729e-04  8.1730394913604698e-01  8.9048470735757324e-01  8.8398707275709587e-02  
q[473]: 5.6220415788414962e-04  8.1078117753099532e-01  9.5359261254947270e-01  4.8172595197096831e-02  
q[474]: 9.4752624415383427e-04  7.7224724128182543e-01  9.0326829494713479e-01  1.5859197634863537e-01  
q[475]: 9.5029332177836508e-04  7.9867470522075434e-01  9.7189427694977404e-01  4.4464244131969399e-01  
q[476]: 8.8740603082286030e-04  7.8066728720559009e-01  9.6719948074358264e-01  6.5339990349830401e-01  
q[477]: 6.4190999214366548e-04  7.5265165024097513e-01  9.7005625220964975e-01  8.5229133055561968e-01  
q[478]: 1.8660592741857884e-04  7.9882192729730161e-01  9.5411516584497613e-01  9.4854630170749055e-01  
q[479]: 1.0579661126847419e-04  8.2226282272916751e-01  9.9114577793524505e-01  9.8412452779023888e-03  
q[480]: 3.2008137141846543e-04  8.0542231840661771e-01  9.9262642863004580e-01  1.1563987870942052e-01  
q[481]: 8.9552395586517473e-04  7.8298279967255136e-01  9.6649519615077473e-01  2.1646592401657933e-01  
q[482]: 2.9434819509145590e-04  7.8618979593818161e-01  9.9721438363349491e-01  3.1654132152373654e-01  
q[483]: 3.8166478268985979e-04  7.6853562799229924e-01  9.9590708918227200e-01  5.6351873297218802e-01  
q[484]: 4.1196333385008598e-04  7.8214825867205195e-01  9.9247167798977609e-01  7.8472870783774673e-01  
q[485]: 2.7817533842824878e-04  7.9933490014284980e-01  9.8909965966254165e-01  9.4401559784919842e-01  
q[486]: 4.9764850593866162e-05  9.1403398844854156e-01  1.3766400946948355e-02  9.0226415927545500e-03  
q[487]: 3.9050605688869698e-04  8.8753562983065193e-01  8.6807986585789892e-02  4.3345934801455703e-02  
q[488]: 2.4102200702661477e-04  9.0717214117660439e-01  1.1409630886623554e-01  1.0599296417443317e-01  
q[489]: 1.7875271551487075e-04  8.5494833704475304e-01  1.3976059644955782e-01  3.2519588477829208e-03  
q[490]: 7.8511397430866233e-04  8.8457862336898907e-01  2.1257156177674580e-01  9.5819251030320754e-02  
q[491]: 7.8959821936247987e-04  8.6214425189620492e-01  2.4411998723954448e-01  3.7353939085052745e-02  
q[492]: 5.9747438125761496e-04  8.8289192690032159e-01  2.2709918210235097e-01  1.9687121096495325e-01  
q[493]: 3.1921448932288799e-04  8.5297444429987990e-01  2.9136063740652102e-01  2.8378434000424196e-01  
q[494]: 2.4212454080252578e-04  8.8520993086681277e-01  3.2936334380570953e-01  4.2554358669381351e-03  
q[495]: 1.3549208266568577e-03  7.9012459472472663e-01  4.0501824287959304e-01  8.7701515292873622e-02  
q[496]: 1.2815505629063769e-03  8.2963929950744597e-01  4.1745999410963242e-01  2.9789342456569662e-01  
q[497]: 9.1903326618517599e-04  8.7706974360437884e-01  4.5032817378421525e-01  3.7177113523655284e-02  
q[498]: 1.2490951574225505e-03  8.5580356613506792e-01  4.5955911409377515e-01  1.5997144352935427e-01  
q[499]: 1.8164441199006011e-03  7.9642214241319553e-01  5.4382372883524954e-01  3.1330003076622104e-01  
q[500]: 9.6958759843855256e-04  8.3040293318785685e-01  5.1350656195658984e-01  4.3132043533817521e-01  
q[501]: 3.7018958139227134e-04  8.7597460576167219e-01  4.6323761994794305e-01  4.5646193756836217e-01  
q[502]: 4.3857430022227440e-04  8.8833576193943664e-01  5.6534914558459870e-01  8.8427788529900769e-03  
q[503]: 1.0906387298355740e-03  8.7081057905742498e-01  5.9256902095693798e-01  8.9866698359415173e-02  
q[504]: 1.0257245364253846e-03  8.9265467254299891e-01  5.7413171839268295e-01  5.2818804657888330e-01  
q[505]: 8.9876071256444145e-04  8.8652650466051097e-01  6.9908014713342426e-01  4.2578294380303083e-02  
q[506]: 1.7440600179750782e-03  8.4335742116581247e-01  7.4302876633019588e-01  1.8759366631908689e-01  
q[507]: 2.5119063885273088e-03  7.7440510337754509e-01  7.1520241557670250e-01  4.1634030053779186e-01  
q[508]: 1.4792543117610169e-03  8.7144387377938592e-01  7.2222672706289814e-01  6.1050740650321800e-01  
q[509]: 4.5861137802338060e-04  8.8767308309290238e-01  7.0282305645007825e-01  6.9239497591129617e-01  
q[510]: 1.9243604037032149e-04  8.8398342297293853e-01  7.6922215208412281e-01  7.1969365025188036e-03  
q[511]: 1.0640559596695137e-03  8.5204568899898425e-01  7.9975591302220872e-01  8.9387316735669090e-02  
q[512]: 1.2307846430804599e-03  8.5104309258154021e-01  8.0251113534034169e-01  3.3788273498902044e-01  
q[513]: 1.4075263019666898e-03  8.1684528516676858e-01  7.8439312283227391e-01  5.8002156504758995e-01  
q[514]: 8.0955780502749305e-04  8.5570737215632553e-01  8.2046380782816553e-01  7.8246033272612547e-01  
q[515]: 5.5359204192141479e-04  8.9481607341420377e-01  8.8455585862197317e-01  3.7828715261269352e-02  
q[516]: 8.8476760016530825e-04  8.7122742451599022e-01  9.0248704725386264e-01  2.8999424721183553e-01  
q[517]: 1.4804917482403783e-03  7.8347372894723777e-01  9.1099105600396202e-01  3.7794631873513113e-01  
q[518]: 1.1612992176312079e-03  8.6472000618184430e-01  9.2553011142667907e-01  5.1226158947763734e-01  
q[519]: 1.1209115236492449e-03  8.4477041637659167e-01  8.5525752401678357e-01  6.5246973623136506e-01  
q[520]: 2.4770386057998536e-04  8.9560403337799310e-01  8.8733795983537678e-01  8.8000236353584449e-01  
q[521]: 8.2712967073063587e-04  8.4764684105149579e-01  9.0824773885490029e-01  2.0553471311050783e-01  
q[522]: 7.1219178160973715e-04  8.6951460189066787e-01  9.7199582275102547e-01  3.2530966374258119e-01  
q[523]: 5.5548225417332545e-04  8.9303395915645956e-01  9.7312430865621014e-01  5.5246499989504072e-01  
q[524]: 1.0329783730009152e-03  8.6414928230293075e-01  9.5032273806637846e-01  7.3818483074722585e-01  
q[525]: 9.8360698406215548e-04  8.2225435523019608e-01  9.1519495665057071e-01  8.1552156637593132e-01  
q[526]: 3.1672749809558284e-04  9.0343830462280728e-01  9.5608494730078131e-01  8.7127227211109948e-01  
q[527]: 2.0017925436154345e-04  9.0259621774083099e-01  9.5055444456604476e-01  9.5611264602882481e-03  
q[528]: 2.0572656231034012e-04  9.0391351176925849e-01  9.9019897536501444e-01  5.1287801576473245e-02  
q[529]: 6.4046832806323819e-04  8.8657979826696498e-01  9.5802712737504803e-01  1.2181933566071813e-01  
q[530]: 3.4594701838470097e-04  8.9765731379599567e-01  9.9132050695503182e-01  2.0903648608936071e-01  
q[531]: 2.9876731599441750e-04  9.0044518556787823e-01  9.9514405398802641e-01  4.4980610283379308e-01  
q[532]: 3.5703408735086498e-04  8.7928543183123220e-01  9.9283391893729267e-01  6.6827495968755091e-01  
q[533]: 3.0002274727746196e-04  8.7693729314986524e-01  9.9118626387848008e-01  8.6964936432004403e-01  
q[534]: 5.6027327715811848e-05  8.7845988051148860e-01  9.9573202919746329e-01  9.8616890402098989e-01  
q[535]: 1.0939144492151524e-04  9.5144154693923022e-01  4.9610635445509359e-02  1.1025457115827628e-02  
q[536]: 1.2415036313994144e-04  9.7131517092721620e-01  6.1325286670044915e-02  5.0195559724729791e-02  
q[537]: 4.7383053770495511e-04  9.5052065067111868e-01  1.5929556516184853e-01  1.0471704075631236e-01  
q[538]: 8.0539001919258373e-04  7.8967825199136377e-01  1.5131016066125658e-01  4.4990146288276626e-02  
q[539]: 1.6382409027292533e-04  9.5669612695286865e-01  2.1176850572883360e-01  2.0715468980865198e-01  
q[540]: 2.2057396399769729e-04  9.4139677704415858e-01  2.3558465100241013e-01  7.5315589972749794e-03  
q[541]: 8.2837112679772808e-04  9.1556701761159665e-01  3.0128045940276998e-01  1.8643402883020713e-01  
q[542]: 7.1844299034280398e-04  9.4560156079321578e-01  3.3977230029356098e-01  4.9329021312330579e-02  
q[543]: 1.0892217020672444e-03  8.8738617308338674e-01  3.3836883657835776e-01  1.0886380636860556e-01  
q[544]: 1.4880464906287865e-03  9.0180058440095778e-01  4.6504278933146420e-01  2.4543912696471282e-01  
q[545]: 8.3571842000017250e-04  9.1454447611671930e-01  3.5310937027846279e-01  3.0225364376678343e-01  
q[546]: 2.3451188680896325e-04  9.4652522490548097e-01  3.6456706797547456e-01  3.5750025377144079e-01  
q[547]: 2.8052644904189613e-04  9.5293612745432743e-01  4.4583122878388431e-01  8.1968621646143370e-03  
q[548]: 5.8978015995048052e-04  9.6145903332032878e-01  4.6419533597320300e-01  4.2140275520271397e-01  
q[549]: 6.8687609122775896e-04  9.5453022854804837e-01  5.8263916812472272e-01  4.9213144581337590e-02  
q[550]: 1.5746597296630255e-03  8.9296526911371599e-01  6.1337355724953579e-01  1.8266582031403483e-01  
q[551]: 2.1147233706913129e-03  8.6078864697218782e-01  6.3290877451435212e-01  4.3662456591925219e-01  
q[552]: 3.1152280108856620e-04  9.5187255189830322e-01  5.8217565640402391e-01  5.7277140500436874e-01  
q[553]: 2.7866854194422760e-04  9.6183786055214360e-01  6.7111687705183176e-01  9.5225219506104072e-03  
q[554]: 1.1397555847366160e-03  9.4085775184927378e-01  7.0395278275261286e-01  1.2126799823716580e-01  
q[555]: 1.1131663765236654e-03  7.9930485637364512e-01  7.1930351647145763e-01  2.6186447504467436e-01  
q[556]: 1.2074296619619027e-03  9.3184163654506091e-01  7.3493093759518768e-01  5.1469759789107383e-01  
q[557]: 6.2958762446155313e-04  9.4120915111275349e-01  7.1578920800233692e-01  6.6188628520386272e-01  
q[558]: 1.1857839233551299e-03  9.0592685228411518e-01  8.3440974378828880e-01  1.7043131956781707e-01  
q[559]: 1.0758504526505706e-03  9.3700166572654287e-01  8.0195750324915893e-01  2.7507184484144842e-01  
q[560]: 8.6379165920368853e-04  9.5668427752426177e-01  7.8898807987077102e-01  4.1035686488002882e-01  
q[561]: 1.1721815467472011e-03  8.9344734693616012e-01  8.0249448171947257e-01  4.9554601064228604e-01  
q[562]: 8.7170059274851248e-04  9.0819892969953997e-01  8.3655373908452402e-01  7.3708918402780033e-01  
q[563]: 1.7949014801243960e-04  9.5176405312276791e-01  8.0490723181041668e-01  7.9843398466542492e-01  
q[564]: 1.1288742273030311e-04  9.1279515798034316e-01  8.2073743365412677e-01  2.9262559822873075e-03  
q[565]: 6.3229082034444893e-04  9.3975415249596994e-01  8.9757622204886445e-01  1.0590433956770574e-01  
q[566]: 4.5893268307452251e-04  9.2574599049139650e-01  9.3388009560054541e-01  3.2546502452969195e-01  
q[567]: 1.1270476269151990e-03  9.0765015470173982e-01  8.7233167996054439e-01  3.9975058446141154e-01  
q[568]: 6.3978897559803299e-04  9.2716297807878434e-01  8.9936907527317234e-01  7.3726051212218979e-01  
q[569]: 4.7835354554805095e-04  9.5567356004091830e-01  8.9344076791416172e-01  8.4242343683688181e-01  
q[570]: 2.9918854438193014e-04  9.6456881028291552e-01  9.5162816124714744e-01  5.1672758761359988e-02  
q[571]: 6.3504603023677934e-04  9.5047527085697459e-01  9.4787010924201165e-01  2.1159382239179356e-01  
q[572]: 7.3851162048826121e-04  9.5412834639220245e-01  9.5059871687633435e-01  4.3182470207865081e-01  
q[573]: 6.8117485836354994e-04  9.4955024934211507e-01  9.5183344633699907e-01  6.3979998552770290e-01  
q[574]: 3.9478874696999744e-04  9.6211809303786811e-01  9.5703854075201711e-01  8.2161418438149603e-01  
q[575]: 3.3820931197421639e-04  8.8888787479019926e-01  9.5223496854179468e-01  9.1724348973904202e-01  
q[576]: 5.5102216136684263e-05  9.6191494430158542e-01  9.9055862862241451e-01  9.7172427401054588e-03  
q[577]: 1.7721541791912153e-04  9.6387567863733070e-01  9.9112547098866999e-01  1.2016453764657847e-01  
q[578]: 2.5673647353966281e-04  9.5924938770849555e-01  9.9102809638822298e-01  3.2487186961095910e-01  
q[579]: 2.4163278865725737e-04  9.6846681217624608e-01  9.9085720982162384e-01  5.6457182757092783e-01  
q[580]: 2.9552421859561754e-04  9.4064538730234870e-01  9.8963739824912755e-01  7.7251271776779806e-01  
q[581]: 1.3412265290644739e-04  9.5354369614998669e-01  9.9250626787537699e-01  9.3561174576238515e-01  
q[582]: 9.5419638130823101e-05  9.4765658791071483e-01  9.7276338021235342e-01  9.6332104594585466e-01  
q[583]: 1.9696133600116205e-05  9.9570195915795745e-01  2.2514700448762182e-02  9.2727145371076410e-03  
q[584]: 4.8723074860241623e-05  9.8263033559715496e-01  9.1288413936943202e-02  2.6230655968522698e-03  
q[585]: 1.6532184376372001e-04  9.9108670545684729e-01  1.1512386807011314e-01  4.6056021739875566e-02  
q[586]: 9.8144921593614086e-05  9.9445352025877654e-01  1.4267358505327929e-01  1.2731412405499273e-01  
q[587]: 1.0567201484511177e-04  9.8961950111067654e-01  1.9052025935065517e-01  1.3071604520747359e-02  
q[588]: 3.6979509815915454e-04  9.3209748102009682e-01  1.3986846982101725e-01  2.3144940512046110e-02  
q[589]: 2.5517902331932685e-04  9.9469907404030367e-01  2.5344801865236150e-01  1.4399348966415690e-01  
q[590]: 4.1111701981362222e-04  9.6000907370935362e-01  2.1555964992403112e-01  7.2270231334878102e-02  
q[591]: 3.7769519480854570e-04  9.7151572760432459e-01  2.4733725130803613e-01  1.9873323507722504e-01  
q[592]: 2.2755475004736518e-04  9.8877387608267386e-01  2.5736671063009692e-01  5.7787494489039450e-02  
q[593]: 6.3779617377306206e-04  9.6161771001325824e-01  3.8945884411252674e-01  2.5849767107833638e-01  
q[594]: 1.5688230277358480e-04  9.9254131765739451e-01  3.1259833375968477e-01  2.9403322664360482e-01  
q[595]: 1.6388427311504378e-04  9.8912172695161082e-01  3.3803689120459846e-01  1.3448048880065760e-02  
q[596]: 3.1068358655075536e-04  9.9424485653378580e-01  4.0457073574397384e-01  1.0722975616575871e-01  
q[597]: 7.7303162531209614e-04  9.6441261067230333e-01  3.4946601805518823e-01  1.4979070620054660e-01  
q[598]: 3.0567423420438188e-04  9.9631582243323225e-01  4.4971904334561108e-01  2.4202499704800090e-01  
q[599]: 1.1950360452305476e-03  9.1211533819976609e-01  4.9480680497265472e-01  3.7242138025922922e-01  
q[600]: 2.8683084000616707e-04  9.8882715445766212e-01  3.7491928943269864e-01  2.9249414025181458e-01  
q[601]: 3.2017450137314694e-04  9.8687183940851020e-01  4.7049669330591548e-01  4.9988124101711967e-02  
q[602]: 1.0248810868951632e-03  9.3345729675749289e-01  4.7952356228162302e-01  1.0226930130433355e-01  
q[603]: 1.0105156566630566e-03  9.6429027531342959e-01  5.1138443154087776e-01  1.9229459632499485e-01  
q[604]: 9.1914165680640598e-04  9.7200156828989726e-01  5.5097129021367441e-01  3.5379830066046680e-01  
q[605]: 3.0944319138567148e-04  9.9257616443533780e-01  5.0990915067799991e-01  4.1432781097454846e-01  
q[606]: 1.1212993684681448e-04  9.9325446437311915e-01  4.7816094589460906e-01  4.6833282298969597e-01  
q[607]: 1.0494957851744056e-04  9.9488978375003378e-01  5.5241448799581994e-01  1.0384764589356662e-02  
q[608]: 5.8665436478257387e-04  9.8787571734588742e-01  5.9753568088688935e-01  1.3115319669791922e-01  
q[609]: 4.2129539505253070e-04  9.9391225494897795e-01  6.1364929041258143e-01  2.7151746606626997e-01  
q[610]: 1.4420551755068268e-03  9.2020391318509687e-01  6.0951269264292374e-01  3.1322203812384147e-01  
q[611]: 2.6385722706514261e-04  9.9794668354964988e-01  6.6514981862537914e-01  4.7461043811582454e-01  
q[612]: 1.0456224523482348e-03  9.5060139259524501e-01  6.2267043563827873e-01  5.0407764855611825e-01  
q[613]: 3.2304196338697191e-04  9.8905984549737003e-01  6.2245906300910936e-01  5.7183649484792221e-01  
q[614]: 2.7861105291960181e-04  9.9326921496634124e-01  6.9225213811830977e-01  5.6976922867954437e-02  
q[615]: 1.0917720819420516e-03  9.5986812558153878e-01  6.9150057771095197e-01  2.4098122822694393e-01  
q[616]: 1.6274555419239260e-03  8.7996126869444835e-01  7.0857279684758212e-01  3.3776845979615139e-01  
q[617]: 7.9941835301866170e-04  9.7393677341700913e-01  6.9326028941868434e-01  4.0692309421256068e-01  
q[618]: 3.5317873365356222e-04  9.8597757286318888e-01  7.2700842440326574e-01  6.0012844613718785e-01  
q[619]: 1.2642725467263143e-04  9.8952807101355822e-01  6.9456966507899132e-01  6.8473563530184522e-01  
q[620]: 1.0621908779992547e-04  9.9177529355403882e-01  7.8170012772715625e-01  1.1216097588706907e-02  
q[621]: 5.0376505078067230e-04  9.7512531839278926e-01  8.0327182910880968e-01  1.0019612565720049e-01  
q[622]: 4.2386559217840255e-04  9.9276184595817929e-01  7.6511396791494801e-01  1.8892036057330508e-01  
q[623]: 3.6039763257114752e-04  9.9450273703450220e-01  7.6885771167619821e-01  3.4250527266222375e-01  
q[624]: 4.0786939086652198e-04  9.9327130626662230e-01  8.1580584448764182e-01  5.4000981339999887e-01  
q[625]: 7.8756838689482064e-04  9.6293307052460309e-01  8.0871749546070903e-01  6.3957850049093368e-01  
q[626]: 2.0508816076058941e-04  9.9276438118723753e-01  7.9716426516325900e-01  7.1663375154769804e-01  
q[627]: 2.6006332533172634e-04  9.6704127655663463e-01  7.8178514321275849e-01  7.4214089003796024e-01  
q[628]: 4.9863894431338165e-04  9.4778933702623180e-01  7.9591271262125607e-01  3.9893414075967526e-02  
q[629]: 1.6866401220852874e-04  9.9425019759514888e-01  8.7809558931182452e-01  5.4217900730451803e-02  
q[630]: 2.9442658014879411e-04  9.8975865311894295e-01  8.8627206170292472e-01  1.6811395115617234e-01  
q[631]: 5.9936066968161253e-04  9.6938608167106588e-01  8.6900192910932073e-01  2.5339382922732379e-01  
q[632]: 4.1086972839154111e-04  9.8970476861115775e-01  8.7922324291032095e-01  3.6338120646949379e-01  
q[633]: 6.8356510944056676e-04  9.7193941812964357e-01  8.8273099668077881e-01  4.9727434306289237e-01  
q[634]: 1.0016477606445977e-03  9.1934715893631191e-01  8.8120896674300753e-01  5.9370115820938840e-01  
q[635]: 2.3627328867355571e-04  9.9190759055008226e-01  8.9205170612729645e-01  7.7803559210093032e-01  
q[636]: 8.0081225355528571e-05  9.9660987695102998e-01  8.4389350216431835e-01  8.2598354508085647e-01  
q[637]: 1.5959929994926417e-04  9.7020910176667574e-01  8.8809979253941740e-01  9.8176590642379043e-03  
q[638]: 1.5705971606316994e-04  9.9270492097715102e-01  9.5469090872102980e-01  1.2482622832191140e-01  
q[639]: 2.3194866377948501e-04  9.9278441744188628e-01  9.4874618804957556e-01  3.0514062943216508e-01  
q[640]: 2.2089175120566581e-04  9.9630490521664572e-01  9.4601413944171864e-01  5.4443393522862238e-01  
q[641]: 3.9068504302298241e-04  9.8401857025747064e-01  8.9748434869602300e-01  6.6831536308783646e-01  
q[642]: 1.2178632722558191e-04  9.9222881982560085e-01  9.6096700511847599e-01  9.0419491639275074e-01  
q[643]: 9.5086211889907439e-05  9.8195332305138450e-01  9.2599402522864194e-01  9.1617147850947556e-01  
q[644]: 3.9167694834290995e-05  9.9471852906659197e-01  9.5544911759496787e-01  9.9368155514706728e-03  
q[645]: 3.5694401514768049e-05  9.9599937665058902e-01  9.9215188195117798e-01  4.8718700063339261e-02  
q[646]: 1.1016009389289631e-04  9.9045261313740174e-01  9.8892051439199902e-01  2.2043670575438096e-01  
q[647]: 1.2593137014991449e-04  9.9277056180574030e-01  9.8743664467489445e-01  4.3286132323342674e-01  
q[648]: 1.0769792757828996e-04  9.8862594027321471e-01  9.9152516235329657e-01  6.8942283613500865e-01  
q[649]: 1.5453049692652052e-04  9.9336876800428919e-01  9.5925242137479472e-01  7.3599774281449681e-01  
q[650]: 7.2645914594228253e-05  9.9047772420149049e-01  9.9364548722239887e-01  8.5788837473399671e-01  
q[651]: 2.0948128694500352e-05  9.9267149412655420e-01  9.9261788443948906e-01  9.7976499523129401e-01  

