deg: 24
dim: 3
nodes: 732
efficiency: 1

q[0]:   1.0129198384979189e-05  1.0147227332964542e-03  1.8548313389543165e-02  6.2973847165090869e-03  
q[1]:   9.7173724181912109e-05  6.2000675173996588e-03  1.0368771642079368e-01  3.8877258640222706e-02  
q[2]:   7.7685131309605115e-05  2.3934747526554643e-02  4.9285156796220898e-02  4.0107192792305880e-02  
q[3]:   8.6378044728796613e-05  1.5800781365589399e-02  1.2558731863056249e-01  8.0303218743405843e-03  
q[4]:   3.0661545236055721e-04  4.3653260171927458e-02  2.0118369499747324e-01  1.0389863671542596e-01  
q[5]:   7.1268043999645422e-05  5.8524145294655914e-03  1.2133993684659676e-01  1.0562329056521240e-01  
q[6]:   2.8174280592412239e-04  3.6776932660987242e-02  2.0241571013457724e-01  3.1075295593329569e-02  
q[7]:   2.0414746241643032e-04  6.0096244628603350e-03  2.2840298584431146e-01  7.7266436593870350e-02  
q[8]:   1.7993941884794193e-04  6.5670685723961744e-03  2.2986943717580380e-01  1.5963234618043878e-01  
q[9]:   2.0272811216262904e-04  2.7386989700386138e-02  2.5307751482052449e-01  2.1016810244892323e-01  
q[10]:  7.9065697651664889e-05  5.2500502443826218e-03  2.4864638352702279e-01  1.0752581454745391e-02  
q[11]:  4.0632189585575141e-04  3.2932749771075201e-02  3.2691653287611377e-01  8.6023923560031981e-02  
q[12]:  3.1373672623670137e-04  6.8818451874688167e-03  3.8223683231557420e-01  2.6920823084027912e-01  
q[13]:  1.0237599034243394e-04  6.1659427140907603e-03  2.8653788352902093e-01  2.7285051569018853e-01  
q[14]:  1.8051663594834688e-04  4.2834110632562643e-02  3.4064927404546502e-01  5.3044015612719077e-03  
q[15]:  1.2487268435835587e-04  2.6932311473776300e-03  3.8693468923397484e-01  7.2705158398695194e-02  
q[16]:  3.4194648335996483e-04  7.5515169087664426e-03  4.0043851381775614e-01  1.6795708876570120e-01  
q[17]:  6.4539653957478536e-04  3.5210748173200690e-02  3.1317220998735812e-01  1.6683875199341697e-01  
q[18]:  1.1526393322388634e-03  6.1529919337969523e-02  4.4745879974749558e-01  2.7606581978530337e-01  
q[19]:  1.8305412303043042e-04  6.2488401691959301e-03  4.3307417646297830e-01  3.9711507814799762e-01  
q[20]:  1.5927134384621252e-04  7.5291457662826347e-03  4.4221321319425994e-01  1.8565880241360119e-02  
q[21]:  3.1411146800170293e-04  7.0509044461533532e-03  5.3261543396338684e-01  1.4503199998775312e-01  
q[22]:  9.3202206994179694e-04  1.1772717688406317e-01  5.2520085196176369e-01  1.5899666495649475e-01  
q[23]:  4.7353511762872130e-04  2.0954218123556707e-02  5.0097649222097529e-01  2.5298488416645465e-01  
q[24]:  3.8721833871031434e-04  7.7100539984295922e-03  5.6959344410399781e-01  3.5746026133410663e-01  
q[25]:  5.5432005512717677e-04  2.1066109171041954e-02  5.0947974661410467e-01  3.9541416024971915e-01  
q[26]:  1.0100185441354056e-04  1.3389827964274445e-02  5.1431154731251882e-01  5.0793623922697251e-01  
q[27]:  1.0821587509694808e-04  1.1086458372288393e-02  5.9914464918104471e-01  7.6059509800775983e-03  
q[28]:  1.7842096262223444e-04  2.5321043081489116e-03  6.2937952195295710e-01  7.6175067948162492e-02  
q[29]:  6.6367485585348818e-04  2.8087285241826992e-02  6.4181075967014733e-01  1.6079733787208877e-01  
q[30]:  8.3475238627852210e-04  4.1281402632489479e-02  5.5618243167348691e-01  2.2199282727617151e-01  
q[31]:  3.2649073442395717e-04  3.5341322528633060e-03  6.5044685759769283e-01  2.8544933541178741e-01  
q[32]:  1.3045055109450249e-03  7.1134966825248586e-02  6.2955373260287151e-01  3.3618417528627464e-01  
q[33]:  5.6809138929740438e-04  3.8214619200521258e-02  6.3884913005387167e-01  4.4718951642528648e-01  
q[34]:  2.6666100702300312e-04  6.0474615691472307e-03  6.0702916468786761e-01  5.3315074046433120e-01  
q[35]:  2.0522567407953447e-04  3.0902165917861438e-02  5.8487158217038493e-01  5.5850638546419284e-01  
q[36]:  2.2006181233294838e-04  1.2802236171364745e-02  7.1574356969975261e-01  3.0941330607901232e-02  
q[37]:  7.1911147170388562e-04  4.3196612365529984e-02  7.0882897384721855e-01  9.2093859215933743e-02  
q[38]:  2.8289537120370386e-04  5.5246641679140536e-03  7.4127565738049495e-01  1.8023902597718730e-01  
q[39]:  7.9682036281583104e-04  2.9318934724810265e-02  7.3428868904683320e-01  2.8915753997750726e-01  
q[40]:  1.1239974142385697e-03  9.6489539424684745e-02  7.6358004164476290e-01  3.7045159358134572e-01  
q[41]:  8.0339466634915297e-04  2.8169604837291914e-02  7.1603388605097540e-01  4.1701935656800115e-01  
q[42]:  2.8364297849333298e-04  3.4901040067245163e-03  7.1249086678027951e-01  5.1931155897061010e-01  
q[43]:  4.9371909030366309e-04  2.4112347458803612e-02  7.1809733006773624e-01  6.0690477751101890e-01  
q[44]:  1.1003782926748541e-04  6.4187390376313708e-03  6.7745107918327729e-01  6.6404812347050568e-01  
q[45]:  9.0821033471034853e-05  1.3574378980216743e-02  7.9587361799592538e-01  7.0709507445256628e-03  
q[46]:  3.1029856049957078e-04  1.0941294854337919e-02  8.0618254614253360e-01  9.5125400891208287e-02  
q[47]:  3.7428947756339219e-04  9.2370774125470796e-03  8.3503722003928060e-01  2.8694827253177679e-01  
q[48]:  6.2886890640584696e-04  3.8556382794732100e-02  8.5736526441305272e-01  4.0434693391008281e-01  
q[49]:  1.1457227606295097e-03  1.0927606035450960e-01  7.9716633925346381e-01  4.6936346144384605e-01  
q[50]:  6.8874260415763993e-04  3.7622205807392999e-02  8.0816738953453826e-01  5.4964776915603264e-01  
q[51]:  4.0225699163392339e-04  1.5159483140340565e-02  8.2854316657076266e-01  6.6626106955959941e-01  
q[52]:  1.6374468905469404e-04  2.1474093554769967e-03  8.1068377213919629e-01  7.4885882877417642e-01  
q[53]:  1.3589399250820946e-04  6.2014909606565036e-03  8.7697075964515259e-01  3.7823382412233542e-02  
q[54]:  5.1863351242278531e-04  4.2978152604801569e-02  8.9417910600976369e-01  9.3950088262697962e-02  
q[55]:  2.0595557127729014e-04  5.8722107238329676e-03  9.0110143968935486e-01  1.8356731714392155e-01  
q[56]:  6.2385482059304324e-04  3.8725412007943348e-02  9.1291728623330259e-01  2.8350436303080129e-01  
q[57]:  3.4997098086015781e-04  5.2395697266994432e-03  8.0853975501617248e-01  4.3650514568603677e-01  
q[58]:  2.9852503433405015e-04  9.2022690694034941e-03  8.7332227698230680e-01  5.9990493437905579e-01  
q[59]:  8.2707361153416673e-04  6.5009574182837537e-02  9.0020384119568642e-01  7.0043682871270763e-01  
q[60]:  3.7280806220094716e-04  2.6543540738662681e-02  8.9494144298524581e-01  7.9823752922806668e-01  
q[61]:  2.7059747523002110e-04  3.5350767124332161e-02  8.9038825353604678e-01  8.5336810623992587e-01  
q[62]:  4.7880448303130454e-05  3.4118038076541746e-03  9.0023952062385426e-01  8.8914798764755010e-01  
q[63]:  2.7265993215278598e-05  6.2253302832305357e-03  9.4076209956859580e-01  3.2970196408596548e-03  
q[64]:  1.4258423501372836e-04  6.9894014915271880e-03  9.4876197681798891e-01  1.0828653107256464e-01  
q[65]:  1.6904496872759158e-04  5.9102754929159680e-03  9.6542432673301926e-01  2.9763401768617626e-01  
q[66]:  2.9602002453396907e-04  8.9203907517804333e-03  9.1937555919723779e-01  3.9939320045231891e-01  
q[67]:  5.1303656369028621e-04  4.4153608810373446e-02  9.5991235263059560e-01  4.6982363547841749e-01  
q[68]:  2.2592685718464189e-04  7.5873811488542916e-03  9.3495203916707459e-01  5.5044008943445211e-01  
q[69]:  4.6333066079024476e-04  2.9669234657333173e-02  9.4956295847736982e-01  6.6770971830632153e-01  
q[70]:  1.5777232757949511e-04  3.4390256211358087e-03  9.3035007038815865e-01  7.5874246019982172e-01  
q[71]:  1.1806809537666107e-04  7.4433934906925261e-03  9.5772683524073898e-01  8.9758825390307562e-01  
q[72]:  8.5411995493629681e-05  3.0331592125767904e-02  9.5819442284220824e-01  9.4956925001947046e-01  
q[73]:  2.4477940870589798e-05  7.0714128535144831e-04  9.8965710397108142e-01  3.6265308352379809e-02  
q[74]:  1.3132613044124011e-04  2.6836766318639980e-02  9.9003232443335365e-01  9.8294991428669820e-02  
q[75]:  8.5575665696995689e-05  9.0845536025180550e-03  9.9036198769380546e-01  1.9341777459630932e-01  
q[76]:  1.6096144192058836e-04  1.5838135860403328e-02  9.8980796204803911e-01  4.1642152942194255e-01  
q[77]:  1.1876552421100335e-04  7.6014384188422893e-03  9.8669855177159183e-01  5.6378749376545290e-01  
q[78]:  2.1417716336400919e-04  4.2401326381823562e-02  9.9118722006588678e-01  6.5233034370165577e-01  
q[79]:  9.2650578313833537e-05  5.7483291836829074e-03  9.8830960774434495e-01  7.4333198776439902e-01  
q[80]:  3.0623410726656223e-04  3.5836823696736887e-02  9.6900465746337416e-01  8.1885923911490899e-01  
q[81]:  6.2467704155828979e-05  1.2118015041502164e-02  9.9419647100375808e-01  8.8244275933099303e-01  
q[82]:  1.9342623255583579e-05  6.6018867895450599e-03  9.9195740937792998e-01  9.7852602803634192e-01  
q[83]:  8.8380337249601527e-05  3.5016640945153950e-02  5.1529944970681127e-02  8.3471631090143942e-03  
q[84]:  2.3811828677366869e-04  9.2318375331598659e-02  6.8022363719426229e-02  3.5472462298129608e-02  
q[85]:  3.6053360504963492e-04  7.0773850680289227e-02  1.4637010119951777e-01  4.3388925659016413e-02  
q[86]:  2.6414055882924015e-04  3.7673716229437181e-02  1.3324315425839084e-01  8.5295643650068365e-02  
q[87]:  1.6546387362993911e-04  7.7383651389131156e-02  2.0134772622934161e-01  3.8404810113281530e-03  
q[88]:  7.4992425041323584e-04  9.1966252260096235e-02  2.9357004732397274e-01  9.9980452092615163e-02  
q[89]:  9.2865639934144948e-04  1.0193667422595472e-01  3.0728647318042601e-01  2.0993933399291906e-01  
q[90]:  1.3055368432924287e-04  2.9866482650671447e-02  1.8301239556543361e-01  1.7582780125766739e-01  
q[91]:  2.2778652613517075e-04  2.2889460372773840e-02  3.2723362955030877e-01  3.7497707603798371e-02  
q[92]:  5.9874031723993230e-04  4.5367014764785454e-02  3.4769409214353930e-01  2.9327503279141559e-01  
q[93]:  7.3049443209527280e-04  8.7107255200134209e-02  4.1330609299216015e-01  3.8773899825340109e-02  
q[94]:  6.8554736722731800e-04  4.3428664834744855e-02  4.5722015137583055e-01  1.0000875276498561e-01  
q[95]:  1.1570475861164605e-03  8.6291079046644861e-02  4.2532227607496476e-01  1.5886620720318975e-01  
q[96]:  3.9636038362611948e-04  5.5841469564422673e-02  4.7780934419220200e-01  4.1443904104988533e-01  
q[97]:  1.9349950980312850e-04  3.9128136521380030e-02  3.8262454077759023e-01  3.7637012929576069e-01  
q[98]:  1.4051460703582387e-04  5.2813181950331183e-02  4.8608972837075431e-01  2.8188629200142784e-03  
q[99]:  4.2035418343851818e-04  2.5009819826282021e-02  5.2423946368888430e-01  5.8637033366932510e-02  
q[100]: 3.5725505754462960e-04  5.5443406134148374e-02  5.3006390611292575e-01  4.9279060805635838e-01  
q[101]: 4.6963869817424268e-04  5.2464000702056826e-02  5.9442326466133477e-01  3.0982181714158841e-02  
q[102]: 1.1140691402158538e-03  8.9445017434185897e-02  6.5262672149902223e-01  2.1341023709014800e-01  
q[103]: 9.8133377301038338e-04  6.6190016567309037e-02  6.1883217684552716e-01  4.9122005273509356e-01  
q[104]: 1.9584645254342904e-04  6.4969084358510135e-02  6.4213925828848195e-01  6.3686061873820199e-01  
q[105]: 2.1460848003419835e-04  6.3468364410092362e-02  7.0390323703402546e-01  5.0243474287214769e-03  
q[106]: 6.1040550962493877e-04  6.8141122655658928e-02  8.0833184841534333e-01  3.1675781819786553e-01  
q[107]: 1.1697558665233047e-03  8.4563897845936098e-02  7.5508096600068308e-01  5.5597318943959451e-01  
q[108]: 4.8880107838229151e-04  3.8558875971337662e-02  7.2178149496277810e-01  6.7443540917921407e-01  
q[109]: 5.3949011369442627e-04  5.9569202635660866e-02  8.0630232933494728e-01  4.1353856569941456e-02  
q[110]: 4.9272046381650559e-04  3.1512147863727746e-02  8.4097076487834366e-01  1.7907353905863671e-01  
q[111]: 7.0682543309395763e-04  6.7091422369411582e-02  8.1077722917028949e-01  6.9722165496880051e-01  
q[112]: 1.7766184552985570e-04  2.4177702466521882e-02  8.0104119094268500e-01  7.9142091157094541e-01  
q[113]: 1.6646855792983497e-04  4.7941768012809291e-02  8.8249601765406005e-01  7.8215045856957280e-03  
q[114]: 8.9074177724178581e-04  1.0628127346764531e-01  8.1448847838685856e-01  1.1519166343628648e-01  
q[115]: 8.1982340523297165e-04  5.2620010183393739e-02  8.8840140856239591e-01  5.1307774353122138e-01  
q[116]: 4.9338391598093272e-04  4.4751245135759128e-02  9.5609588865838369e-01  1.9289117507622702e-01  
q[117]: 3.4410985629471742e-04  7.8975017699261893e-02  9.5256362664287775e-01  8.6223051366603432e-01  
q[118]: 2.4726125165270950e-04  8.6440370506809000e-02  9.5432814753664541e-01  9.2007787024792553e-01  
q[119]: 3.7475964201122091e-05  3.1093442350079152e-02  9.8997139209258489e-01  7.0149257507264489e-03  
q[120]: 2.0793149651103651e-04  2.9352538546202813e-02  9.5186438788839356e-01  3.7029712982063021e-02  
q[121]: 2.3604002145149840e-04  8.9519561524523103e-02  9.9198995009499702e-01  1.6709617066362079e-01  
q[122]: 1.7247420310320547e-04  4.2097231891101455e-02  9.9495610278022328e-01  2.9318723908431216e-01  
q[123]: 5.5703949099305422e-04  7.4986933485522433e-02  9.5994284693032450e-01  3.5908787112197915e-01  
q[124]: 1.8255967343955648e-04  7.3759994388155711e-02  9.9674810148660664e-01  5.2345216248360460e-01  
q[125]: 7.2404947533147475e-04  9.5783692286483743e-02  9.6130836031138944e-01  5.8469074858944414e-01  
q[126]: 5.9463135607581410e-04  1.1112311466550984e-01  9.6633309408948875e-01  7.3843573046269684e-01  
q[127]: 1.6206785048127281e-04  6.4586951297565282e-02  9.9535235459181892e-01  7.9438392743863095e-01  
q[128]: 1.0758048903980932e-04  4.3616677370437833e-02  9.9134496846697673e-01  9.4512432671385038e-01  
q[129]: 3.6091621539892420e-05  7.4922013815935842e-02  1.1409244691393091e-02  6.6643400620627746e-03  
q[130]: 4.2535553672344052e-04  1.7924692743404619e-01  1.2172538802392341e-01  3.8688327277932949e-02  
q[131]: 1.8557079240565666e-04  1.0654534869364088e-01  9.9052300106193369e-02  7.1975450866241580e-03  
q[132]: 7.4098927928564783e-04  1.3171803276827154e-01  2.1469852400804168e-01  1.1188397305987492e-01  
q[133]: 1.5357849245727716e-04  8.0925966607844221e-02  9.8690459865406172e-02  9.3161874399881370e-02  
q[134]: 4.8751120055120508e-04  9.7225722758534638e-02  2.8669022746064182e-01  3.5385170750395954e-02  
q[135]: 5.0245678390107792e-04  8.6998226363152353e-02  1.9893219362849779e-01  1.6336195141203258e-01  
q[136]: 3.5965795596159600e-04  1.5735360298692214e-01  2.9657574288092342e-01  1.0041474673002428e-02  
q[137]: 1.5319743178383960e-03  1.8152739124976419e-01  3.8152030689638755e-01  8.6160697988827292e-02  
q[138]: 2.7329603671088956e-04  8.9412548580538931e-02  2.7284452789856284e-01  2.6565074664533145e-01  
q[139]: 8.2579407990259163e-04  1.5963616702853439e-01  4.9519718527768014e-01  7.3149271971217927e-02  
q[140]: 1.5177507055271597e-03  1.6654998720896771e-01  3.8078099709114877e-01  1.9777994229207907e-01  
q[141]: 5.8192747112821813e-04  1.1622932495311293e-01  4.1634318513616825e-01  3.9006995882601159e-01  
q[142]: 4.3090579079226531e-04  1.1682889679845100e-01  5.0979286718651906e-01  1.8650398558855856e-02  
q[143]: 1.2144505631456303e-03  9.5728705081211618e-02  5.9385107095703704e-01  1.0134444949995379e-01  
q[144]: 1.3368157676855619e-03  1.1494166001070354e-01  5.5820830519707898e-01  3.6744024270255121e-01  
q[145]: 1.1165095409072495e-03  1.6033331323711467e-01  5.4767432566483754e-01  4.6079672617080142e-01  
q[146]: 2.7678378928283571e-04  1.0761700184801641e-01  5.0470200440902335e-01  4.9841481945213134e-01  
q[147]: 3.2361341945813093e-04  1.5015515163701965e-01  6.0890620874660917e-01  5.9184670129859875e-03  
q[148]: 1.3163005979019244e-03  1.5028020233936912e-01  6.5767061452684739e-01  2.7801771644349432e-01  
q[149]: 8.0714486504270238e-04  1.0385188979350965e-01  6.3037480899654519e-01  5.7789730332189460e-01  
q[150]: 7.8880580439784017e-04  1.1539659240062117e-01  6.9550446420769951e-01  4.1962369026703729e-02  
q[151]: 9.1173029850954491e-04  6.7994948429993152e-02  7.6848186233521942e-01  1.8850808850640008e-01  
q[152]: 1.9050824022597914e-03  1.5858789693357253e-01  6.9047842196646936e-01  4.4897966413960128e-01  
q[153]: 1.1406346935765269e-03  1.3413618324598400e-01  7.2104174775529117e-01  6.1171384121692973e-01  
q[154]: 2.4065393098287910e-04  9.9280867252769356e-02  7.4362274048416044e-01  7.3628549026605594e-01  
q[155]: 3.7143221533889249e-04  1.3641112512424725e-01  8.1037264136325704e-01  9.2013609481517589e-03  
q[156]: 8.2044503964380944e-04  9.5934061094121087e-02  8.5815308912107879e-01  2.5838568905857595e-01  
q[157]: 1.4260938082529535e-03  2.1939919107918049e-01  8.2498390714960290e-01  5.4446150027624907e-01  
q[158]: 6.3470363067653533e-04  8.9831057050999738e-02  8.1881460193997935e-01  7.7470030279486934e-01  
q[159]: 4.6824405735007275e-04  1.0898816529572708e-01  9.0268230530258575e-01  3.8206274668345079e-02  
q[160]: 8.7056080400000767e-04  1.0749983052902921e-01  8.9862174083264179e-01  1.6626889363906913e-01  
q[161]: 1.1596628079485760e-03  1.1637529847953250e-01  8.9879906927773856e-01  3.8111788202723151e-01  
q[162]: 9.7820254637204728e-04  1.1296834544081792e-01  8.8511011511829796e-01  5.9620182889025897e-01  
q[163]: 6.1916775429357660e-04  1.1633434786512417e-01  9.0020625953604028e-01  7.8670798747443926e-01  
q[164]: 1.7319374314798543e-04  8.4410192894174091e-02  8.8936129419321963e-01  8.8433083617406005e-01  
q[165]: 1.5079319321275025e-04  9.6186237161315025e-02  9.5948971438869324e-01  8.9790707705622377e-03  
q[166]: 4.5799905579460592e-04  9.2845189821295429e-02  9.5976321476538506e-01  9.3045003446890456e-02  
q[167]: 5.0624597902095372e-04  1.1665133368633163e-01  9.7361529495736487e-01  2.7300244829237608e-01  
q[168]: 8.3167129129542623e-04  1.4663998344178877e-01  9.2317628840061305e-01  4.8971301736310108e-01  
q[169]: 7.0726206889259189e-04  1.7312457516491458e-01  9.4617534651674406e-01  7.8729489921065499e-01  
q[170]: 1.1826155602691051e-04  7.7319341060177127e-02  9.9307443244625537e-01  4.2545969001679076e-02  
q[171]: 2.5844070168472944e-04  1.8128319682023200e-01  9.9429096149240948e-01  2.4178936569853726e-01  
q[172]: 2.7932881028776242e-04  1.1762638807305389e-01  9.9306038908490046e-01  3.9820219998561002e-01  
q[173]: 5.5083529050343972e-04  1.6448494988155440e-01  9.7970712116178083e-01  4.9710398779251547e-01  
q[174]: 3.2973712628615127e-04  1.4442877463212181e-01  9.9264410413981008e-01  6.8834307986381327e-01  
q[175]: 2.4455815541545495e-04  1.1613890185212902e-01  9.9094387993171318e-01  8.8964016688936443e-01  
q[176]: 4.3077658658882231e-05  8.7519399552567545e-02  9.9271988176107651e-01  9.8768049575235350e-01  
q[177]: 1.2509551963615098e-04  1.7395504160862421e-01  3.6065329527444429e-02  5.6743240631260466e-03  
q[178]: 1.2151084416276381e-04  1.7068339979308639e-01  3.8846710472096840e-02  3.3571614349966521e-02  
q[179]: 5.9284612192065593e-04  1.5114526588054811e-01  2.2069627858959737e-01  5.1587135195076905e-02  
q[180]: 7.3375918690609526e-04  2.1323798363975474e-01  2.4533613243871399e-01  1.7895328191053794e-01  
q[181]: 4.8364073861830971e-04  1.5886753490083599e-01  1.2401649161913837e-01  9.0027683102194334e-02  
q[182]: 4.2334826221786324e-04  1.9975448824650507e-01  1.7426684015629162e-01  1.2032928080397538e-02  
q[183]: 1.3053626098783393e-03  2.3598065243674440e-01  2.9510006467433342e-01  1.2301774751615382e-01  
q[184]: 9.5357679029488599e-04  3.0461399411655160e-01  3.0127949429574208e-01  2.0271095059304930e-01  
q[185]: 2.8293454693082445e-04  1.7565540649410405e-01  1.7680478652470136e-01  1.7074139035807157e-01  
q[186]: 7.4908936587567371e-04  2.5738556787774741e-01  2.8670961702797138e-01  3.9336583086284342e-02  
q[187]: 7.8379241951771544e-04  1.6627539249037232e-01  3.0651425345917721e-01  2.7397230002242640e-01  
q[188]: 3.3774193167640060e-04  1.7540715889861078e-01  4.0472097519165601e-01  6.4401076450130729e-03  
q[189]: 1.5956637513304551e-03  3.2896090801555417e-01  4.9168359130588185e-01  8.2726989230109918e-02  
q[190]: 1.2539925377433665e-03  2.7577604402759021e-01  4.5067423647122901e-01  2.5042704142267719e-01  
q[191]: 1.0045307649578278e-03  1.1772153538347649e-01  4.4440021244633010e-01  3.4704652395031765e-01  
q[192]: 3.1984485868159849e-04  2.0432022585674606e-01  3.8896663744005605e-01  3.8370185424456721e-01  
q[193]: 6.6723184751035173e-04  2.3607958693566386e-01  5.0508541859107758e-01  3.4144185718392811e-02  
q[194]: 1.2349916584087066e-03  2.1443383546712327e-01  5.3644693135853949e-01  1.4324475431655739e-01  
q[195]: 1.7622519487536456e-03  1.6004975747302605e-01  5.2360682380626788e-01  2.5634847144063483e-01  
q[196]: 8.9324711873480737e-04  2.1587218674825390e-01  5.1180028804425548e-01  4.7375865780092624e-01  
q[197]: 1.0813567953724759e-03  2.0457007831338045e-01  6.0908254043004906e-01  5.1695792780191797e-02  
q[198]: 1.7628048071244170e-03  2.3486775735113283e-01  6.5422174861350169e-01  1.6465006282095052e-01  
q[199]: 2.1832899087732907e-03  2.7630889307391338e-01  6.1260456934747987e-01  3.4249505187139556e-01  
q[200]: 1.2903169168991279e-03  2.0517519972535531e-01  6.5165070164854177e-01  4.9880103118376895e-01  
q[201]: 1.3568610091570052e-03  2.7132123339161662e-01  6.3914392991949698e-01  5.5568588210992931e-01  
q[202]: 5.1678798309454316e-04  1.8778308267835112e-01  5.9865814930813710e-01  5.8732309244117176e-01  
q[203]: 6.6092589890542279e-04  2.3077460050348353e-01  7.2423152007049707e-01  1.4433880089709507e-02  
q[204]: 1.3883537026485222e-03  1.6049460671446311e-01  7.1642297849726855e-01  1.2195438242088499e-01  
q[205]: 1.2807474217709184e-03  1.5313706920163159e-01  7.4663747080244658e-01  2.3105240931621548e-01  
q[206]: 1.8803501835613322e-03  2.2124515706884310e-01  7.1774741259769193e-01  3.5387335763570665e-01  
q[207]: 7.0426396836644758e-04  1.6566253257190575e-01  7.1439641680748689e-01  6.8192355801023086e-01  
q[208]: 7.8511925383514195e-04  1.7923056930943504e-01  8.0742816796774131e-01  5.9617475262770517e-02  
q[209]: 1.3449598667790727e-03  2.0945748267112638e-01  8.3746772801390090e-01  2.2027565676341893e-01  
q[210]: 1.2670603411873639e-03  1.8526465214947249e-01  8.2201365042647745e-01  3.2499966887413545e-01  
q[211]: 7.8725175179198911e-04  1.8053516230854572e-01  8.3504295418071484e-01  7.4181550855638523e-01  
q[212]: 3.7193625675585850e-04  1.8273219984215547e-01  8.2953147982571029e-01  8.1962318321922378e-01  
q[213]: 2.2909261887371808e-04  1.9083275323374480e-01  9.0982238926480785e-01  6.6220867586714504e-03  
q[214]: 7.5509034257441028e-04  1.8178532134530695e-01  8.9365814445279024e-01  8.4805088176316684e-02  
q[215]: 1.0509003551235606e-03  1.7150532329832752e-01  9.2434943563169214e-01  2.5846416925796517e-01  
q[216]: 1.3593494259867961e-03  2.7514686347625172e-01  9.1182926715039470e-01  5.0230555737198079e-01  
q[217]: 1.3885984645249545e-03  1.6465143191429038e-01  8.3828852724288883e-01  6.5199148271071750e-01  
q[218]: 5.9422656086795592e-04  1.6205934306238148e-01  9.0588132613032701e-01  8.6346127198793865e-01  
q[219]: 1.2031138298544035e-03  1.9847544260063049e-01  9.3224693050425711e-01  6.3647642804794302e-01  
q[220]: 4.9608690735729116e-04  2.1920261583669973e-01  9.6430550830260797e-01  8.7808879154185504e-01  
q[221]: 1.6245195674316398e-04  1.6419064268206029e-01  9.5763594167845101e-01  9.4997782229773209e-01  
q[222]: 6.6632831084338293e-05  1.6420275789250663e-01  9.9415960184359786e-01  9.0222659612501609e-03  
q[223]: 3.0860498145610012e-04  1.7487705295727590e-01  9.7175663362434750e-01  4.5338747209146824e-02  
q[224]: 1.7083753073138819e-04  1.7394737546035338e-01  9.9624927512982464e-01  1.0010022298428783e-01  
q[225]: 5.9765661365453052e-04  1.7314394205099548e-01  9.5694236302663560e-01  1.6130966507892056e-01  
q[226]: 9.0684167382340075e-04  2.8423001425261335e-01  9.6107903230846281e-01  2.6948656367329260e-01  
q[227]: 1.0493685148042938e-03  2.1220927808596116e-01  9.5355427436463835e-01  3.9645373591756239e-01  
q[228]: 3.2220108466008969e-04  2.1224567308831349e-01  9.9338097379019152e-01  5.8951744673305140e-01  
q[229]: 6.8254716187709228e-04  2.7233356847291335e-01  9.7597644814561657e-01  7.1690977517964749e-01  
q[230]: 3.4261487182212083e-04  2.0773448712868045e-01  9.9252162336739802e-01  8.2092538351338173e-01  
q[231]: 1.7627030139358773e-04  1.7064095029723989e-01  9.9085624591718435e-01  9.5631799860230726e-01  
q[232]: 8.1050803122288933e-05  2.9486206784181634e-01  1.5225694692932298e-02  7.4816910552834960e-03  
q[233]: 4.0409163378962758e-04  2.7362472242531843e-01  7.7021888262048019e-02  3.6453306501049887e-02  
q[234]: 2.5676726890860527e-04  2.8152580066251581e-01  9.2394744470233700e-02  7.3984352100329191e-03  
q[235]: 6.9932226152798487e-04  2.5616591768607111e-01  1.7814065643765539e-01  9.3085614213685247e-02  
q[236]: 2.5976199661826611e-04  2.6442779598564597e-01  9.2371101068946943e-02  8.4933180544015816e-02  
q[237]: 8.2114722389565369e-04  3.0352062914325317e-01  2.0677028188109853e-01  5.4915053289206851e-02  
q[238]: 1.4067098704949308e-03  3.7733638286551197e-01  3.2047355971873465e-01  9.3318923662656497e-02  
q[239]: 4.6979325179841608e-04  2.6055430579232747e-01  2.0325056800788424e-01  1.7334261121244832e-01  
q[240]: 2.9766287746969735e-04  3.0818158176251148e-01  2.5976112676877666e-01  3.7896148777797384e-03  
q[241]: 1.2042737725273358e-03  2.0815791496898242e-01  3.8741260493450708e-01  2.8600456584806883e-01  
q[242]: 3.7322682289500365e-04  2.8021386838571577e-01  2.8441004402248837e-01  2.7862284607215559e-01  
q[243]: 8.9485498179151174e-04  2.8011116056021418e-01  3.8475923102519688e-01  3.0245880286320994e-02  
q[244]: 2.2688684097832263e-03  3.0331384220377039e-01  4.3884168584943778e-01  1.5760831181837628e-01  
q[245]: 1.3743183310916051e-03  2.8653441722975753e-01  4.0848301927822017e-01  3.5760220841141677e-01  
q[246]: 2.5892611072100607e-04  2.8117328890826609e-01  4.9526831513161751e-01  3.7739477383365314e-03  
q[247]: 1.7730097930145458e-03  4.2046018387705802e-01  5.7040425988021382e-01  1.4014319693128230e-01  
q[248]: 1.7603138892355189e-03  2.3699351509020933e-01  5.2488024832360625e-01  3.6592862516452052e-01  
q[249]: 1.6793595159532080e-03  3.5387907290576454e-01  5.3123638138544793e-01  4.3156048265949121e-01  
q[250]: 4.7353760700606775e-04  3.1220071806168948e-01  4.8621682900945729e-01  4.7892530215706791e-01  
q[251]: 4.0356821338085903e-04  3.0089832920452192e-01  5.9926736372646616e-01  8.8401057052504006e-03  
q[252]: 1.4240574022792107e-03  3.2146883624950057e-01  6.2866934034190858e-01  9.2875669322745352e-02  
q[253]: 1.1228244765998420e-03  2.3926001152735216e-01  5.6880232768887284e-01  2.1844664838981223e-01  
q[254]: 8.6678052770887231e-04  3.1355083965980851e-01  6.3051081288963806e-01  5.9897840720606688e-01  
q[255]: 1.7500990935274655e-03  3.4274082882558421e-01  7.5938654653466142e-01  1.6776139418787511e-01  
q[256]: 2.0238138099906398e-03  3.0390060228942556e-01  7.4628831011514241e-01  2.6537293249661109e-01  
q[257]: 2.1894963594747594e-03  3.1150012699851271e-01  7.5217680022445232e-01  4.6880642936643135e-01  
q[258]: 1.6732774890025385e-03  2.6563761361291788e-01  7.5781799371663194e-01  5.8772606434676944e-01  
q[259]: 1.0129354106977460e-03  2.4181120424296468e-01  7.6279129524730882e-01  6.9016208173671878e-01  
q[260]: 3.5041221665626799e-04  2.6386621818372208e-01  7.2011499866762152e-01  7.1475496000758687e-01  
q[261]: 1.9984821706589198e-04  3.0800649836877625e-01  8.3366596194115083e-01  3.4119591810469478e-03  
q[262]: 1.2680103546817379e-03  2.4812207796323713e-01  8.2851864650789986e-01  1.4390585154296393e-01  
q[263]: 1.3827575769635727e-03  3.0217425937176029e-01  8.2660662298764620e-01  3.7496845769450948e-01  
q[264]: 1.3713964955537031e-03  1.9588738788710400e-01  8.4677819478636063e-01  4.5211242649932676e-01  
q[265]: 6.2274163223550636e-04  3.3913234235785361e-01  8.2930414502253103e-01  6.1418590975901288e-01  
q[266]: 1.5527295898015016e-03  3.6163821309600414e-01  8.3214632634780561e-01  7.0619909964616578e-01  
q[267]: 6.4909611315228414e-04  2.7821034723779331e-01  8.2941881315562038e-01  7.9486527999792178e-01  
q[268]: 7.3146573837099991e-04  2.7753444147299838e-01  8.5828307914529089e-01  3.1560295110086692e-02  
q[269]: 8.5099301052060368e-04  2.7025248431167476e-01  9.1294102001419808e-01  1.5312387873384162e-01  
q[270]: 1.3822562918919270e-03  2.7333544783523861e-01  9.0506024083229819e-01  7.1904881810263155e-01  
q[271]: 8.4980456890929924e-04  2.7528870637390307e-01  8.9600598352485039e-01  8.0649649310969529e-01  
q[272]: 2.9876618356580286e-04  2.7208365087179465e-01  9.1469162447314800e-01  9.0579149199443609e-01  
q[273]: 1.7782626870912587e-04  2.7825397343664227e-01  9.6866203123650985e-01  8.0995387085380562e-03  
q[274]: 2.8420544049738341e-04  2.3727129190137639e-01  9.3596927149436793e-01  3.7659293776255036e-02  
q[275]: 3.1089623003773307e-04  2.3191368592781786e-01  9.6608824338758115e-01  1.0629675304610792e-01  
q[276]: 1.4032114055380748e-03  3.6632901820160918e-01  8.9724343919275695e-01  2.1395789645763585e-01  
q[277]: 3.4863795221696283e-04  2.7873305892215455e-01  9.6002572235393657e-01  9.1836965444301899e-01  
q[278]: 1.6793094067898070e-04  2.8451652507219488e-01  9.9304284053049963e-01  4.2584388257494894e-02  
q[279]: 4.6029682620823709e-04  2.7934829241056403e-01  9.8623437432510797e-01  1.7725867364458298e-01  
q[280]: 3.8351626179393503e-04  2.3119815981691832e-01  9.9156827440581363e-01  3.5775881750188909e-01  
q[281]: 4.4248089607276675e-04  3.1512763676398836e-01  9.9405063954044248e-01  4.7177163179725096e-01  
q[282]: 6.3998279564199585e-04  2.6987313892562004e-01  9.7000533090505270e-01  5.9339866242479278e-01  
q[283]: 1.9864731578060217e-04  3.3085890508389781e-01  9.9899836895337324e-01  7.3634272392784750e-01  
q[284]: 8.2508102695437154e-04  3.5091463678250961e-01  9.7107642378929326e-01  8.1669599700409634e-01  
q[285]: 2.3715627648862743e-04  3.0981219103030172e-01  9.9462903986186812e-01  9.1228922994162165e-01  
q[286]: 1.0156041383507042e-04  2.8089689848967120e-01  9.9093844261552411e-01  9.8226921751210683e-01  
q[287]: 2.3949838425088937e-04  4.1910408115735459e-01  5.2575607403095276e-02  8.3108926356312667e-03  
q[288]: 2.5056830483752101e-04  3.9333593539692008e-01  5.0050025967574963e-02  3.8649988882932924e-02  
q[289]: 7.1359566861462778e-04  3.9615284793329225e-01  1.3971820559518233e-01  4.3880816684909209e-02  
q[290]: 1.0198527838065189e-03  4.2892479303578507e-01  2.1420929395820892e-01  1.2212421120186820e-01  
q[291]: 6.6124890766459921e-04  3.5783672706852604e-01  1.4421119405256799e-01  1.0476134652016980e-01  
q[292]: 3.7005218966102582e-04  3.7495966882764731e-01  1.6940414893329570e-01  1.0319896645460659e-02  
q[293]: 1.0547427522357344e-03  3.6797736435443168e-01  3.0174856540718331e-01  1.6520956220413163e-01  
q[294]: 3.4591889467800900e-04  3.6534020369232240e-01  1.7950167276156062e-01  1.7058616814463159e-01  
q[295]: 6.5525813711110950e-04  4.2144072515831160e-01  2.6926815715674585e-01  3.3093394741021881e-02  
q[296]: 1.1666524804093089e-03  4.2627380488613359e-01  3.8745643605422275e-01  6.2183416529279986e-02  
q[297]: 9.7715191604330663e-04  3.6798466177007405e-01  2.8807988260582401e-01  2.4863760513242228e-01  
q[298]: 4.7209636300324484e-04  3.9656679551830071e-01  3.8323161482252160e-01  6.6822349961450705e-03  
q[299]: 1.7045724187299432e-03  3.6700588710283982e-01  4.2353607780615682e-01  2.8148425583225689e-01  
q[300]: 1.2676745519030470e-03  4.6570164886785492e-01  4.5858327115210767e-01  3.7229755727039321e-01  
q[301]: 7.9564893332485765e-04  4.1844026750762714e-01  3.7855330595422071e-01  3.6454786898123182e-01  
q[302]: 1.0323690452649220e-03  4.1454139000860873e-01  5.1368870075978501e-01  2.6674442477598776e-02  
q[303]: 1.4376023512876503e-03  4.5084949337123686e-01  5.2133843495641863e-01  2.0484780726560919e-01  
q[304]: 1.9329276925401284e-03  4.0140981195757697e-01  5.2329174434412251e-01  2.7556981980161033e-01  
q[305]: 1.0737617669414402e-03  4.1667711979810340e-01  5.2525386983834699e-01  4.8894657817289389e-01  
q[306]: 9.6653120984057609e-04  3.8344350736371757e-01  6.4966466344407781e-01  3.0318932048801036e-02  
q[307]: 2.3662391932425960e-03  3.5613349567912828e-01  6.2989093916124161e-01  2.4229757702685295e-01  
q[308]: 1.8149343942860073e-03  4.4117696415273716e-01  6.4820013036821067e-01  3.8104092334726131e-01  
q[309]: 2.0626872784654617e-03  3.6009775242593683e-01  6.3209826494329480e-01  4.5201250908523993e-01  
q[310]: 8.1079740791266787e-04  4.5121170760619372e-01  6.4435535784393416e-01  5.7464791611452870e-01  
q[311]: 2.2453935015938651e-04  3.8044579734577599e-01  6.1253475403862589e-01  6.1230764204344523e-01  
q[312]: 2.3205393557688644e-04  3.8859703672230395e-01  7.2733040689309048e-01  1.3772560505108020e-03  
q[313]: 1.3641765890363103e-03  2.8712111336671181e-01  7.4020214095103221e-01  6.9858960727146063e-02  
q[314]: 1.4103151936327198e-03  4.5758431512090203e-01  7.5996845153658532e-01  1.0816663957616836e-01  
q[315]: 2.3281347649219573e-03  4.2213861708962563e-01  7.3856955863210549e-01  3.6040254075556410e-01  
q[316]: 1.5916691744030590e-03  4.2356604270942111e-01  7.1869060765416004e-01  5.5638648430533522e-01  
q[317]: 8.8255645007613494e-04  3.7891075759814691e-01  7.5200382334232718e-01  7.2242299646451413e-01  
q[318]: 8.7419401616636915e-04  4.0613015630061933e-01  7.8842792816963470e-01  3.0762314930545646e-02  
q[319]: 1.4021459249253132e-03  3.8213855389447132e-01  8.5347058395110520e-01  9.1196752563488664e-02  
q[320]: 2.1044763064890955e-03  4.1994198343871458e-01  8.3088162569821222e-01  2.5730439150593254e-01  
q[321]: 1.0185525376470341e-03  3.8513063976817319e-01  7.2616589936069764e-01  6.3823908688353936e-01  
q[322]: 2.4655314823293108e-04  3.8003755489086094e-01  8.2954015907225920e-01  8.2689375328727421e-01  
q[323]: 3.2770597530544575e-04  3.9538683859588314e-01  9.1171903953569933e-01  9.2546238381141580e-03  
q[324]: 6.4233773721838116e-04  3.2000795773042884e-01  9.3164406664075095e-01  8.8050789308266389e-02  
q[325]: 1.5820984260536113e-03  3.9290035654645350e-01  8.2995568813954024e-01  4.4986863728251075e-01  
q[326]: 1.7726953019073246e-03  3.5236751893645835e-01  8.8606457673143502e-01  5.8828038247743508e-01  
q[327]: 1.1222120303081430e-03  4.6805780023720728e-01  8.4257140594641522e-01  7.8065993185247418e-01  
q[328]: 5.2477594902907028e-04  3.7268284367691124e-01  8.9326824299252816e-01  8.5938341680161257e-01  
q[329]: 1.7432154714712524e-03  2.9117183296286481e-01  8.9647754783667244e-01  3.3007208882858596e-01  
q[330]: 6.7990812275113468e-05  3.8283040385907058e-01  9.6478395147423490e-01  9.6407113049884052e-01  
q[331]: 5.9370934263952655e-05  3.7646804665564221e-01  9.9524030631372140e-01  8.0189295663437125e-03  
q[332]: 4.7575005019939823e-04  3.7409995376701671e-01  9.4854768618762264e-01  4.2535412000861098e-02  
q[333]: 3.3077904925349442e-04  3.4871072415236376e-01  9.8850568660987082e-01  1.0078247174376902e-01  
q[334]: 9.7628001785268065e-04  4.1199783570219539e-01  9.5730205350038589e-01  1.9123081717894003e-01  
q[335]: 3.4818525482067209e-04  3.6662895472453638e-01  9.9435011054427946e-01  2.8766571095646276e-01  
q[336]: 8.2427209476697804e-04  3.9487263452183563e-01  9.7281806800648463e-01  3.6994851007778223e-01  
q[337]: 1.0350740111562343e-03  3.4640162168267624e-01  9.5637628209234882e-01  4.8402716590153572e-01  
q[338]: 2.1847093005286072e-04  4.0493291734576009e-01  9.9951842267776592e-01  6.0655612777412649e-01  
q[339]: 1.1769761340193082e-03  4.1126741787585069e-01  9.3873035888908030e-01  6.9931916848489362e-01  
q[340]: 2.3986308527362986e-04  4.5062294765122579e-01  9.9616698949915994e-01  8.4724158062370170e-01  
q[341]: 7.9044649067910638e-04  4.0021785997092180e-01  9.3383011804153127e-01  8.4399414642936144e-01  
q[342]: 1.0678027623709315e-04  4.1355004890914038e-01  9.9645939993016408e-01  9.5679688411388797e-01  
q[343]: 6.3497679455975660e-05  5.0154657757836718e-01  1.3013592026974195e-02  6.7987035887892896e-03  
q[344]: 6.0190357086511677e-04  5.0794355160065285e-01  9.9410455429510741e-02  5.8627540866152225e-02  
q[345]: 1.3490697562873382e-04  4.9264390862016283e-01  1.2832442620118437e-01  1.4660140524058579e-03  
q[346]: 1.4775391410371836e-03  4.8201217799012724e-01  3.4425647134929033e-01  2.6526109422859256e-01  
q[347]: 2.5457088190214492e-04  4.6992305659749928e-01  1.1213377777365013e-01  1.0667384758991560e-01  
q[348]: 4.6954821874336741e-04  5.1599223614093304e-01  2.0111478622217777e-01  2.5738028542943697e-02  
q[349]: 1.4429153157380235e-03  5.2188919001175549e-01  2.3899481376561765e-01  8.3990194854694555e-02  
q[350]: 9.7413850968778432e-04  5.1072120077087924e-01  2.1113685740594812e-01  1.6812353472887981e-01  
q[351]: 4.8390256995993399e-04  5.0402115141509729e-01  2.8315057859821291e-01  1.0847102696832447e-02  
q[352]: 1.1706503413057101e-03  6.3970795502680278e-01  4.3587079822128422e-01  3.4288188018313526e-01  
q[353]: 4.4105426855392267e-04  4.9562608318631063e-01  2.4852437269993094e-01  2.4130370024610948e-01  
q[354]: 9.8805284180543645e-04  5.4888145622688966e-01  4.0553286685498269e-01  3.0565974570140722e-02  
q[355]: 2.2133317837093364e-03  4.7999383291595965e-01  3.7979846028103764e-01  1.8144534510491564e-01  
q[356]: 9.2981587992370612e-04  5.6233580416205919e-01  3.9938266381685322e-01  3.6402192526702176e-01  
q[357]: 2.9468396305916167e-04  5.1749363034466123e-01  5.0311991720645377e-01  2.6854286117435817e-03  
q[358]: 1.5505870380911958e-03  5.4670746946468707e-01  5.3784510905827398e-01  6.2566564968719887e-02  
q[359]: 2.5730214652505638e-03  5.1338212933544758e-01  5.3253477642892333e-01  3.5647162767587104e-01  
q[360]: 4.6818987704060012e-04  5.2229226567875398e-01  5.0650335437498539e-01  4.9925332166379577e-01  
q[361]: 5.0122167972509949e-04  5.2213990544408306e-01  6.3208147494399591e-01  6.8778729822370367e-03  
q[362]: 1.0024204148069860e-03  4.7464419761140525e-01  6.3290870245944864e-01  7.5696222077338352e-02  
q[363]: 1.3421088476623273e-03  4.5396436371497528e-01  6.8403114824675382e-01  1.5741607581448994e-01  
q[364]: 1.7290765545368712e-03  5.2512614492003706e-01  6.1655210302434493e-01  5.1016718327578137e-01  
q[365]: 7.9269973734862086e-04  4.9132723834183500e-01  6.4624285429116179e-01  6.2383393217250716e-01  
q[366]: 5.6655343543536921e-04  5.4430186078724019e-01  7.5109565077786955e-01  2.4911780780246529e-02  
q[367]: 8.4529184665265789e-04  5.2917716948600579e-01  7.1522978897740364e-01  5.5125714383522768e-02  
q[368]: 2.6587242982990494e-03  5.5759320713893812e-01  6.4118594994362976e-01  3.0288076039363093e-01  
q[369]: 2.1811515475714401e-03  5.2688672874850440e-01  7.3532790445849694e-01  4.8143683390024827e-01  
q[370]: 3.4583772909496814e-04  5.0279843990312245e-01  7.3444461473845513e-01  7.2821770766614413e-01  
q[371]: 3.4369864102333118e-04  5.1876710507821477e-01  8.3448030949587904e-01  6.1236546926686153e-03  
q[372]: 1.7096536605153004e-03  5.1966350265763450e-01  8.5020892357988953e-01  1.6175696631952810e-01  
q[373]: 2.0262559920714795e-03  5.2809441482666952e-01  8.0814469326627814e-01  3.2798842230434128e-01  
q[374]: 2.0811475550610477e-03  5.4234841227372343e-01  8.4905958190012232e-01  5.0037075117198526e-01  
q[375]: 1.3202555605166832e-03  4.5332648349759580e-01  8.0916106284698286e-01  5.6580636248546345e-01  
q[376]: 1.1942310467043492e-03  5.2405111330618337e-01  7.6028824472254575e-01  6.6164060533169977e-01  
q[377]: 4.1576306820424687e-04  5.3350701243557730e-01  8.2413372511900518e-01  8.0550284422673346e-01  
q[378]: 9.3253394029691491e-04  5.0318185901962531e-01  8.9058270688691854e-01  4.2656974311402078e-02  
q[379]: 8.8499234675675355e-04  4.9349338557748990e-01  9.2005705394109105e-01  1.2539756750447456e-01  
q[380]: 8.5270316048450471e-04  4.4566256310532693e-01  9.4309249864376732e-01  3.4195440842084845e-01  
q[381]: 1.7903159925434600e-03  4.3675328260107255e-01  8.9832037636600925e-01  4.1221387453666941e-01  
q[382]: 1.4961006007176375e-03  4.8872704613611984e-01  9.2956460122141349e-01  5.5716466727770464e-01  
q[383]: 1.4666942101166228e-03  4.9006164853380546e-01  8.5429319371290247e-01  6.5869988377297106e-01  
q[384]: 1.2809123806042494e-03  6.1159461302057694e-01  8.5872341559386478e-01  7.4444725535142175e-01  
q[385]: 3.2876335324075678e-04  4.8979335909053417e-01  9.0787731711138608e-01  8.9869579587447557e-01  
q[386]: 1.6476764446023945e-04  4.8074315422048808e-01  9.6558938512673409e-01  7.4026411156636997e-03  
q[387]: 5.5244314729159321e-04  4.6928259832451985e-01  9.6921916840536049e-01  1.0092924012698465e-01  
q[388]: 7.4756744078216021e-04  5.2612546735585364e-01  9.8036983978394165e-01  2.6083519560517626e-01  
q[389]: 3.8004590970256742e-04  4.1286017314982487e-01  9.6547238486752274e-01  9.3692118264715174e-01  
q[390]: 2.4077419797804549e-04  4.6600983233448540e-01  9.8925597162311241e-01  4.0099352876677867e-02  
q[391]: 2.0545288270943553e-04  4.4703959397510706e-01  9.9918978716613316e-01  1.7874181570461412e-01  
q[392]: 3.2868886469334437e-04  5.1252997311181248e-01  9.9716396600481905e-01  3.9054346562145148e-01  
q[393]: 8.3771323695258702e-04  4.0157643470476528e-01  9.7343362776049991e-01  6.2634283109431421e-01  
q[394]: 5.7529788103345258e-04  4.9466897090632556e-01  9.8718207004846237e-01  7.4524740943973222e-01  
q[395]: 6.3904076531123605e-04  5.1916197895757699e-01  9.7787905564323507e-01  8.9419325539257499e-01  
q[396]: 6.4979249177133898e-05  5.0213679188947058e-01  9.9528691482726428e-01  9.8676500336602613e-01  
q[397]: 1.7423899765387301e-04  6.0282459319853099e-01  3.9233682431008152e-02  9.6708688300515544e-03  
q[398]: 1.5062561644843813e-04  5.8615856662829446e-01  4.6601306778566318e-02  4.2294072350110248e-02  
q[399]: 4.8210839014343717e-04  5.5143760217705040e-01  1.0947114055939440e-01  2.1491358808886297e-02  
q[400]: 9.6399539379109689e-04  6.3685122896846691e-01  1.6308068812731621e-01  8.1042822496556088e-02  
q[401]: 4.5277189140225353e-04  6.1348346626274475e-01  1.3233913648959508e-01  1.0968902527606778e-01  
q[402]: 2.6365370419387187e-04  6.3319311992685301e-01  2.1038440414802045e-01  3.0136193064524189e-03  
q[403]: 2.8351714847455611e-04  6.3816140769642749e-01  1.7415027356525956e-01  1.6824829852001763e-01  
q[404]: 1.0345525746790025e-03  6.1743225894138798e-01  3.0296582837911501e-01  4.9962142120958973e-02  
q[405]: 1.4530379946029613e-03  6.0848914837742418e-01  3.5817194461945445e-01  1.1131814721010913e-01  
q[406]: 9.7516456356343088e-04  6.3481486864251080e-01  2.9264525746269177e-01  2.6397319642365308e-01  
q[407]: 3.4473228397478086e-04  6.3482495545375450e-01  3.6470909038821647e-01  4.5846445352568585e-03  
q[408]: 1.6069050057594711e-03  5.0953591662018771e-01  4.4449488192225778e-01  1.1426586758352242e-01  
q[409]: 1.4087174837111216e-03  5.9977307203799890e-01  2.7889299402774242e-01  1.7576413439265673e-01  
q[410]: 1.6510382607648247e-03  6.0231171134389505e-01  4.0252982961009570e-01  2.5084472747988334e-01  
q[411]: 2.0709620026790410e-04  5.8529795186018352e-01  3.6526005052712518e-01  3.6471496047731811e-01  
q[412]: 6.8750415081826545e-04  6.6714385581948754e-01  4.9972343626406429e-01  1.4382890749553857e-02  
q[413]: 2.0859543017231930e-03  6.1587938396692632e-01  5.0204005494622028e-01  2.4804162213874389e-01  
q[414]: 1.6235567780239495e-03  6.8320100498245206e-01  5.3708424987532832e-01  4.2429108180644093e-01  
q[415]: 1.1770589489723043e-03  5.9209257331857035e-01  5.2242813655841336e-01  4.7396652425478397e-01  
q[416]: 1.1369828976270377e-03  6.4987835237450142e-01  6.2085216944091759e-01  3.2450917392238411e-02  
q[417]: 1.3323049049586528e-03  6.2210190658622033e-01  6.8609269038658660e-01  1.0559917556258194e-01  
q[418]: 1.8683505305566621e-03  6.1476812767102473e-01  6.1545780483925361e-01  1.5318715351068721e-01  
q[419]: 2.1463883421934601e-03  6.6130576553712683e-01  6.3048372355023286e-01  3.9609278688726762e-01  
q[420]: 1.4043206591493977e-03  5.9875475982325621e-01  6.4982825242681519e-01  4.7989960860126429e-01  
q[421]: 1.3188402754325881e-03  6.6712709218685007e-01  6.4945651497214740e-01  5.9066552455876042e-01  
q[422]: 5.3443496340518329e-04  6.3202538980207468e-01  6.0555335431499702e-01  5.9499166392439762e-01  
q[423]: 4.0793247849202981e-04  6.5769220251948490e-01  7.3642542989492221e-01  6.2800166003707438e-03  
q[424]: 2.0540848464192549e-03  6.1258171789782534e-01  7.7930804640259166e-01  1.8861465946726338e-01  
q[425]: 2.1794092532152142e-03  5.1185987730556326e-01  7.0513547727818859e-01  2.3300473115933548e-01  
q[426]: 2.4083513711592752e-03  6.3726642170256265e-01  7.6123717295741722e-01  4.0748632026113241e-01  
q[427]: 1.9753164775595665e-03  6.2303669118163219e-01  7.6780897692785977e-01  6.0639076590067531e-01  
q[428]: 1.0655555237026556e-03  5.9444316980408607e-01  7.4294150080100596e-01  6.9517045601353711e-01  
q[429]: 6.0036170892260507e-04  6.7657952698373380e-01  8.4341134116720740e-01  2.1667960109618099e-02  
q[430]: 1.4781606797228566e-03  6.1374454846424997e-01  8.2089598455704660e-01  7.5185881238520338e-02  
q[431]: 9.8299219112066532e-04  5.9235740525660696e-01  8.7103075920951523e-01  3.3391516115124620e-01  
q[432]: 1.2889396679224637e-03  6.4740535101778751e-01  8.6462246082813066e-01  4.1592445398506767e-01  
q[433]: 1.5282571487685453e-03  7.4313700417354711e-01  7.3841630362155664e-01  4.9404224412183390e-01  
q[434]: 1.5230377273992924e-03  6.2396593067169037e-01  8.9144442730970630e-01  6.4580857981499984e-01  
q[435]: 4.2088919919730739e-04  6.3884938281856707e-01  8.3484282176834357e-01  8.2291060220639067e-01  
q[436]: 2.6032479452142292e-04  6.2006871383204465e-01  9.1845357095663338e-01  6.0610085606419561e-03  
q[437]: 6.0794077991955522e-04  6.0762623457470710e-01  9.3277321964446580e-01  8.2860901236976231e-02  
q[438]: 1.6582693698866788e-03  5.4283168429809914e-01  9.2065398978793078e-01  2.7409342436306161e-01  
q[439]: 8.3108587155960808e-04  5.7664063685191957e-01  9.2070875948556274e-01  8.7307264278754482e-01  
q[440]: 1.4401458948258739e-03  5.9400266204567331e-01  9.3927117727332088e-01  4.4119423191920232e-01  
q[441]: 8.9318009787645730e-04  5.8815350210125927e-01  9.3803643216604904e-01  6.3453774134425245e-01  
q[442]: 1.7071073620127783e-04  5.7705664934600565e-01  9.6510166482932669e-01  9.5772481676541366e-01  
q[443]: 6.5542416223563797e-05  5.9190051879711225e-01  9.9305030046535192e-01  5.8463492035480827e-03  
q[444]: 4.4065453476117139e-04  5.9369818176323241e-01  9.6268391878376547e-01  3.5094334538680501e-02  
q[445]: 2.1092967211889963e-04  5.7688427570963063e-01  9.9664400500844830e-01  9.2475576504926951e-02  
q[446]: 7.0043904317571406e-04  6.0126517526789236e-01  9.7746343902279420e-01  1.6685805452276084e-01  
q[447]: 2.5764992298322597e-04  6.5628201505021977e-01  9.9719112568471824e-01  2.7639879132708334e-01  
q[448]: 1.0156742716378089e-03  6.4177295415140856e-01  9.7422556436126651e-01  3.7177954001543478e-01  
q[449]: 9.2678095718409217e-04  5.0423626288092005e-01  9.8256380700760926e-01  5.0279535231209338e-01  
q[450]: 5.8282910114374658e-04  5.8434422305857880e-01  9.8985636627109141e-01  6.4227300293437373e-01  
q[451]: 5.7675501330061905e-04  5.5865802200163195e-01  9.6000186266646315e-01  7.3881233959934778e-01  
q[452]: 2.5586965896935070e-04  6.2522485116200166e-01  9.9262993866954485e-01  8.3150514396869823e-01  
q[453]: 1.2141068786335437e-03  4.9753432020073829e-01  9.1665444025699794e-01  7.7181272193789363e-01  
q[454]: 1.8707700094963811e-04  6.1440128628982837e-01  9.9110655811903614e-01  9.5327384866450282e-01  
q[455]: 6.9098843883302099e-05  7.2963228241927724e-01  1.3904579070876649e-02  7.8726319218495600e-03  
q[456]: 3.7838720246317952e-04  7.0020440903383507e-01  6.8070245337725765e-02  3.5271268346076315e-02  
q[457]: 1.4969449803664284e-04  6.7845710830607897e-01  8.6673678232903492e-02  1.8804837967572861e-03  
q[458]: 4.4716666377785758e-04  7.5859074818273198e-01  1.7511954184225551e-01  8.6897805367890074e-02  
q[459]: 2.3770060321827500e-04  7.3447049657438390e-01  8.8621885210593110e-02  8.1246349177755306e-02  
q[460]: 7.8127892145617172e-04  6.7753568397265840e-01  1.7987175216428994e-01  3.1143072440604186e-02  
q[461]: 1.4370871971934283e-03  7.0549485577626359e-01  2.9957157793925709e-01  1.3916210001073809e-01  
q[462]: 8.9391445918729040e-04  7.2782516094586058e-01  2.0805880049452349e-01  1.6018731878288742e-01  
q[463]: 6.5059575867476734e-04  7.5682289592420526e-01  2.9486741327988353e-01  1.4703376508569616e-02  
q[464]: 1.3653664267586185e-03  7.3945158652871701e-01  3.3421826068999200e-01  2.5334112467051595e-01  
q[465]: 2.9827652924707519e-04  7.3430867367917552e-01  2.9420635980860715e-01  2.8908703682774561e-01  
q[466]: 8.8395358115859958e-04  7.0552275851645463e-01  4.0592053227020813e-01  4.9418292021365676e-02  
q[467]: 1.8700250115554061e-03  7.1854170569900322e-01  4.3297354757077999e-01  1.7079754402699807e-01  
q[468]: 8.8931139708892614e-04  7.3935720827304374e-01  4.1619802903254532e-01  3.8175419111313708e-01  
q[469]: 1.3023850404733309e-03  5.6525746731616566e-01  5.3224461208242779e-01  1.8075790028761868e-01  
q[470]: 1.6450030867418187e-03  7.3799444240974688e-01  4.7810595590895505e-01  3.0761570587396408e-01  
q[471]: 4.8167245385194652e-04  6.9716426115573582e-01  4.6293089832584633e-01  4.5452901482366492e-01  
q[472]: 3.6892976755176899e-04  7.6739487286819408e-01  6.0076992430168719e-01  4.2496696148669076e-03  
q[473]: 1.5986014999764477e-03  7.5801226552636025e-01  6.0147852673226221e-01  8.8229228315513220e-02  
q[474]: 1.6108486543293674e-03  7.4103185735815147e-01  6.7624803855202387e-01  5.4396439681749509e-01  
q[475]: 8.6422922412411076e-04  7.4442591679219317e-01  7.2442791903843051e-01  3.7523237492014735e-02  
q[476]: 1.4965215767824465e-03  7.6108928788565244e-01  7.1310263497132531e-01  1.8339579566738959e-01  
q[477]: 2.2768028760281485e-03  6.9138956308547850e-01  7.4038276419267091e-01  2.8608283386395422e-01  
q[478]: 9.1705525424610058e-04  7.4826771454541618e-01  7.5132765708499982e-01  6.5882243455941847e-01  
q[479]: 3.0879878539671028e-04  6.7303321314125575e-01  7.2155976771909003e-01  7.1626843383437500e-01  
q[480]: 1.8844957912436783e-04  7.8513550778092234e-01  8.3752615947138620e-01  2.4739935273756920e-03  
q[481]: 1.6981292014862589e-03  6.8820492165259106e-01  8.5680305582674787e-01  2.5693181308577701e-01  
q[482]: 1.6223207802405525e-03  7.1552073879207356e-01  9.0502301176878064e-01  5.2037872090045945e-01  
q[483]: 1.5983256805710464e-03  6.9019836994425932e-01  8.2386503159088209e-01  5.6342855977711903e-01  
q[484]: 1.0175231234380916e-03  7.0749449170012468e-01  8.3642201177300468e-01  7.8297755785492096e-01  
q[485]: 5.2115109948336000e-04  7.4136875243857281e-01  9.1919355028338423e-01  3.1508200090648933e-02  
q[486]: 1.3023427638450972e-03  6.4921728749798147e-01  9.1646636273909576e-01  1.7387660345332706e-01  
q[487]: 1.3875531024889719e-03  7.4484380652107740e-01  9.1300208615071099e-01  3.5390221268950911e-01  
q[488]: 1.1721114295345928e-03  7.4497969428838329e-01  9.1190379700502722e-01  7.2679977969921716e-01  
q[489]: 6.9637623594230786e-04  6.8673035167346186e-01  9.2390337095177077e-01  8.3136088848819700e-01  
q[490]: 2.1748104642908988e-04  6.9453383704659288e-01  9.0784465779267909e-01  9.0282138961241876e-01  
q[491]: 1.5509112009265253e-04  7.4004247295832704e-01  9.7115552415293938e-01  6.5523347031405761e-03  
q[492]: 7.3178059721548585e-04  7.1055521211931505e-01  8.9338359524827982e-01  8.9570523276524455e-02  
q[493]: 5.5576754968006468e-04  7.1398106536632322e-01  9.7370481660956765e-01  8.3637668000841561e-02  
q[494]: 1.0856134329803372e-03  7.1959491898354588e-01  9.5499746929005602e-01  2.5643435705508355e-01  
q[495]: 8.5582217506649408e-04  7.7196818415667345e-01  9.6332533548634414e-01  4.8344756603473577e-01  
q[496]: 8.2877909640537335e-04  6.3901869771643782e-01  9.6176459272415737e-01  8.0893845409001952e-01  
q[497]: 3.4757128815423970e-04  6.9645172598732386e-01  9.6185719629228161e-01  9.3311968102953646e-01  
q[498]: 1.1912253900451756e-04  6.9343063298885355e-01  9.9669915506015161e-01  3.2474510586601890e-02  
q[499]: 3.0816903139405008e-04  7.3348387567891260e-01  9.9366933063249341e-01  1.7010430471254823e-01  
q[500]: 3.6697829603824162e-04  7.6296434414463288e-01  9.9272657500676131e-01  4.0168292788424248e-01  
q[501]: 3.4725909209183079e-04  6.7680962982330584e-01  9.9668699860401222e-01  5.1465633676702771e-01  
q[502]: 8.5353271324446864e-04  6.7083493500744018e-01  9.6663137771595531e-01  5.7082655123583237e-01  
q[503]: 2.7903607924874502e-04  6.9771372445561142e-01  9.9624105193891477e-01  7.3801839077448184e-01  
q[504]: 1.5250117581685270e-04  6.9143039988744026e-01  9.9845477901955948e-01  9.0894423532550139e-01  
q[505]: 6.6870239718467206e-05  7.2555348316670554e-01  9.9251981256343780e-01  9.8709901622721929e-01  
q[506]: 1.1045264595365709e-04  8.2889320576663938e-01  3.8566681334712354e-02  3.5423623611908930e-03  
q[507]: 1.2955124427586938e-04  8.4086109393057018e-01  3.8561134463804297e-02  3.2029008617996832e-02  
q[508]: 4.4416557974430671e-04  7.8175639361899252e-01  1.0367722816121967e-01  2.4713937426537450e-02  
q[509]: 1.0688379830145907e-03  8.4751120184486062e-01  2.4735745831811068e-01  1.4989936988884581e-01  
q[510]: 5.0711367448133180e-04  8.1818088235560016e-01  1.2136174546058009e-01  8.5524320119520339e-02  
q[511]: 2.9840343570311799e-04  8.0778884488412228e-01  1.6677976416309942e-01  6.5914171845427782e-03  
q[512]: 9.9050241293333736e-04  7.8040902419982261e-01  2.4826777269798417e-01  7.6718557021697248e-02  
q[513]: 3.7640392788567068e-04  7.9589899740241254e-01  1.9535106979333033e-01  1.8590304866469412e-01  
q[514]: 3.4698077787346214e-04  7.2982493938548876e-01  2.8771672456180314e-01  4.7258615292236753e-02  
q[515]: 7.1497585525135386e-04  8.4655642456770275e-01  2.9180397936298746e-01  2.5435268989677423e-01  
q[516]: 3.6081741652036522e-04  8.0635990575126104e-01  4.2250155695313968e-01  6.0197049288781253e-03  
q[517]: 1.6577737172789805e-03  6.7678168090010260e-01  4.9083176942860196e-01  9.9516203672636555e-02  
q[518]: 8.5176790067481600e-04  8.8618288089629693e-01  3.4877623676257630e-01  1.3984220719293028e-01  
q[519]: 1.5877155340768079e-03  8.1359872296983105e-01  3.8292676229776973e-01  2.1664800297997699e-01  
q[520]: 4.1557839368554380e-04  8.4002610281373535e-01  3.6508267595684074e-01  3.5496358480397383e-01  
q[521]: 7.6951327574210427e-04  7.7956905323021708e-01  4.8298614174466925e-01  3.9863315108704868e-02  
q[522]: 2.0621533997362477e-03  7.0861297784350119e-01  6.1197915869937969e-01  2.2699553128425831e-01  
q[523]: 1.5450490371433985e-03  8.4765811670644020e-01  5.3138746107425183e-01  2.7314133414807462e-01  
q[524]: 8.0088005474609212e-04  7.6202723108813075e-01  5.5900396644407124e-01  5.2438647214393985e-01  
q[525]: 7.8552912782753792e-04  8.4485129010970805e-01  5.7815559663397775e-01  3.5556637361308749e-02  
q[526]: 1.5332752914831579e-03  7.4620440428372359e-01  5.8629001669558412e-01  3.1362859684628325e-01  
q[527]: 1.6294634731081939e-03  8.1909001501541900e-01  5.8184991636617467e-01  4.1443989730552588e-01  
q[528]: 3.1925454148786577e-04  7.8794397895089696e-01  6.0885399491764436e-01  6.0323519348222654e-01  
q[529]: 3.0235250854649998e-04  8.2846729804399188e-01  7.1401190554322302e-01  8.3151969290649365e-03  
q[530]: 1.2169501292102040e-03  7.2467555295558095e-01  7.4690867525679638e-01  1.0050939835917486e-01  
q[531]: 1.1360746215557044e-03  8.3451573335351004e-01  6.4622356372920475e-01  1.6658124959937806e-01  
q[532]: 1.8205488138943488e-03  7.8968135185370147e-01  7.0568441679933258e-01  3.7406002720425813e-01  
q[533]: 1.3338650687704846e-03  8.4451427765430076e-01  7.0217769566396171e-01  4.9574451578202489e-01  
q[534]: 7.7240495027239547e-04  7.7171720840230262e-01  7.3382769779909096e-01  7.0892986851673245e-01  
q[535]: 7.7001395176241969e-04  8.0988277642308693e-01  8.1821000833142921e-01  4.2245016646197536e-02  
q[536]: 1.5324439006886238e-03  7.6187292350309155e-01  8.4274911922809737e-01  1.4678595662145136e-01  
q[537]: 1.8902897817558975e-03  7.8650275952075033e-01  8.2899238493625760e-01  3.8216051792104166e-01  
q[538]: 8.2491897672485909e-04  8.4156186000059763e-01  7.8356918083171090e-01  7.0110475907634640e-01  
q[539]: 2.4819445738749081e-04  8.1312547995629270e-01  8.1510619236318116e-01  8.1121676618150451e-01  
q[540]: 1.9885891724074898e-04  8.4450823496241856e-01  9.1420804509827014e-01  6.6594891098704411e-03  
q[541]: 6.6094605055238469e-04  8.2932553916293539e-01  9.0613228741572138e-01  8.2909832463257699e-02  
q[542]: 1.2978223138100113e-03  8.4000738551679466e-01  8.9638935698957733e-01  2.2737490509139066e-01  
q[543]: 5.5719513812578416e-04  8.2990104275688581e-01  9.5123306402048990e-01  5.9947563958720573e-01  
q[544]: 1.1512289734200310e-03  7.5795989894854066e-01  8.3871486532112649e-01  6.9156008618233067e-01  
q[545]: 5.7780114573959820e-04  7.9327923222809660e-01  8.9944751230691444e-01  8.7013810601821440e-01  
q[546]: 2.8026703752626747e-04  8.6425245039948784e-01  9.5104578214252244e-01  4.5365133098467444e-02  
q[547]: 8.7429855897828577e-04  8.0214265455073086e-01  9.5363032137949111e-01  1.5183319147550545e-01  
q[548]: 1.2226115092869886e-03  8.2958326761645185e-01  9.0679640531954375e-01  6.1986763600998596e-01  
q[549]: 5.9100996581248791e-04  7.6835029968425705e-01  9.6854270085916383e-01  8.8565171219455108e-01  
q[550]: 1.4227835290047826e-04  8.2560713106325234e-01  9.5784407685296558e-01  9.5260607750466886e-01  
q[551]: 4.0935648597633447e-05  8.5648847935461359e-01  9.9620007993939519e-01  5.9042475276315353e-03  
q[552]: 1.9892645070145455e-04  8.1763113192588910e-01  9.7963563148967503e-01  3.2980448084037134e-02  
q[553]: 1.9059979873123887e-04  8.3325220331415384e-01  9.9516131653838069e-01  8.9498650948912975e-02  
q[554]: 4.7322646172419516e-04  8.1370186960308133e-01  9.8806688886502203e-01  2.7751412393804142e-01  
q[555]: 7.6400375185219560e-04  8.2948725835545423e-01  9.4776098382754692e-01  3.5668076747953792e-01  
q[556]: 4.5206793903217852e-04  8.0633737105162262e-01  9.9221896079481320e-01  6.1420893817319377e-01  
q[557]: 9.7701286344574110e-04  7.3570903806624532e-01  9.6480312702322668e-01  6.9495036215222816e-01  
q[558]: 4.4734583019643637e-04  8.0147584027851815e-01  9.8817610275364753e-01  8.1602727178582979e-01  
q[559]: 1.6728219329784446e-04  8.2540061728686809e-01  9.9224713257550967e-01  9.5792873132612533e-01  
q[560]: 4.0398840933423037e-05  9.3236506167112176e-01  1.3044484256721287e-02  6.0635632813493493e-03  
q[561]: 1.8787421240706246e-04  9.0947390726216304e-01  1.0501520442243042e-01  7.4838651761580232e-03  
q[562]: 5.7213783889868415e-04  8.7457378566065191e-01  1.6024630474732579e-01  5.7799594732861989e-02  
q[563]: 1.7972123772539816e-04  8.8821340363842738e-01  1.1746692786785015e-01  1.1226393492229363e-01  
q[564]: 6.1224590497599559e-04  8.7074897450077915e-01  2.3271643606768230e-01  3.1111150438419347e-02  
q[565]: 3.9899576620533228e-04  9.0000294997039632e-01  1.9987670882966507e-01  1.6662371069971155e-01  
q[566]: 1.8140191531000586e-04  8.9516251567260652e-01  2.8425452883857338e-01  2.2629089647386168e-03  
q[567]: 1.4590688825812728e-03  8.1853627555155606e-01  3.7417945224395216e-01  8.7114744058218868e-02  
q[568]: 2.3308240116559975e-04  9.2531094932269831e-01  2.5459862943969563e-01  2.4876622464016626e-01  
q[569]: 1.0416707750668392e-03  8.8326613513742269e-01  4.9507962329683713e-01  8.7324080169390167e-02  
q[570]: 1.0296640050264313e-03  9.0640528852091229e-01  4.4903686825872224e-01  1.9288427313255668e-01  
q[571]: 1.0717230714452834e-03  8.3197019368698633e-01  4.2906418301596977e-01  3.5064558626602360e-01  
q[572]: 8.7277429827757049e-04  9.1581512651751418e-01  5.5565239117783216e-01  3.6534969793050864e-01  
q[573]: 9.7039068122797031e-04  8.0869508113727973e-01  5.4569416071160415e-01  4.6940599817900053e-01  
q[574]: 3.7846555708266101e-04  8.6423109003394583e-01  4.9666241015827201e-01  4.8884548266151395e-01  
q[575]: 8.6026085216701768e-04  9.0573200782466423e-01  5.9543740567782222e-01  1.2456152613698017e-01  
q[576]: 1.5014913088840082e-03  8.4827448658808591e-01  6.6764824838001591e-01  2.8414498147720518e-01  
q[577]: 7.0485450141733494e-04  8.6894710277475495e-01  6.5257488775699068e-01  6.1952380841016075e-01  
q[578]: 4.4473433615683518e-04  9.1732863813641607e-01  6.5945578479302513e-01  1.7310537673539274e-02  
q[579]: 1.1262497760581105e-03  8.6553395253629450e-01  7.5588519952574718e-01  1.4594377882956877e-01  
q[580]: 1.0241903796713706e-03  8.9206161950094431e-01  7.7172648362529694e-01  3.0510737314287978e-01  
q[581]: 1.4078051727306449e-03  9.0953406129289727e-01  6.6611058440647397e-01  3.9564752486901145e-01  
q[582]: 8.1906712079816675e-04  8.5232114670974291e-01  6.6567002300094613e-01  5.8194549339493495e-01  
q[583]: 2.0870821123487166e-04  9.0347759215672274e-01  7.0404359292478724e-01  7.0079201847463535e-01  
q[584]: 2.9782527610465866e-04  9.0203882278093217e-01  7.8949057263016464e-01  1.0397823918222486e-02  
q[585]: 8.8940322442342741e-04  8.5486420808711683e-01  6.9200553712436497e-01  6.3422408993809701e-02  
q[586]: 1.4925631079507470e-03  8.2073179498628934e-01  8.0474280944686793e-01  2.5576197156996705e-01  
q[587]: 1.1737639090467523e-03  7.8664921386542175e-01  8.3579161545320191e-01  5.1182742432226347e-01  
q[588]: 1.4487035027537067e-03  8.4465579083141629e-01  8.1412337477992158e-01  6.1668134599954560e-01  
q[589]: 5.3322867771295245e-04  8.8369411798563402e-01  8.2156727093352155e-01  7.9073239725161559e-01  
q[590]: 4.4100036146296154e-04  9.1106503756384694e-01  8.7892726867509330e-01  3.2375813804556466e-02  
q[591]: 8.0501690512007999e-04  9.1659516750376235e-01  8.9768829708284259e-01  1.4834597568498728e-01  
q[592]: 1.0565225118405340e-03  9.0620912017835309e-01  8.7986309141470398e-01  3.2551974667520284e-01  
q[593]: 1.3679950665367914e-03  8.7068760508486720e-01  9.0885408634748621e-01  4.5817430413674620e-01  
q[594]: 7.0398159716190457e-04  9.1641201270192862e-01  8.7391957994584768e-01  5.8648192936059174e-01  
q[595]: 9.3002749092230166e-04  8.4224325050973903e-01  8.9809888951311267e-01  8.0556898691395051e-01  
q[596]: 1.7935966447348332e-04  9.1363056485331384e-01  8.9431097722976016e-01  8.8878760523909506e-01  
q[597]: 1.2485779770272199e-04  9.2415066591334960e-01  9.6105436035367797e-01  8.1005236179964631e-03  
q[598]: 4.2426147121196327e-04  9.1301411601024329e-01  9.6235642899774954e-01  9.8771092004959676e-02  
q[599]: 5.0473966009337030e-04  8.9286299642336242e-01  9.5703413442613472e-01  2.4426653594932515e-01  
q[600]: 6.6307621768586106e-04  8.5285854991010546e-01  9.4859482450402566e-01  7.8014438948866360e-01  
q[601]: 1.1162791574498873e-04  9.3087149883225506e-01  9.9237702423988539e-01  3.9538491198851083e-02  
q[602]: 2.2908790495657297e-04  8.9033677750882179e-01  9.9358056349807000e-01  3.7421037745737828e-01  
q[603]: 4.2528102262257304e-04  8.5984008405358425e-01  9.8123620641778209e-01  4.7422203212685682e-01  
q[604]: 2.3635739961525565e-04  8.7575717058168689e-01  9.9335692521000640e-01  7.1384498449147371e-01  
q[605]: 2.2864461972234643e-04  8.9064707336632409e-01  9.9205121708745114e-01  8.9076391781419650e-01  
q[606]: 5.9068665039301634e-05  9.1901687698826506e-01  9.9094176201012929e-01  9.8356338070750848e-01  
q[607]: 2.6388432534482940e-04  9.0408820991679428e-01  6.9382585844684611e-02  3.3519929908647779e-02  
q[608]: 2.3486530279735008e-04  9.5129834357506982e-01  1.5582066838549227e-01  3.2580268023375041e-02  
q[609]: 3.6436008108946483e-04  9.4055881127793695e-01  1.4617185296561588e-01  1.0069311539375612e-01  
q[610]: 1.8445630176291229e-04  9.5896350129183305e-01  2.0170514252914695e-01  8.2701076730313204e-03  
q[611]: 5.8433100470342732e-04  9.1997816010630540e-01  2.7683489679224471e-01  9.3862231988951314e-02  
q[612]: 8.9824685321075054e-04  9.2460381400522607e-01  3.2582322535976299e-01  2.2670890916840483e-01  
q[613]: 1.2743481074978263e-04  9.7694218292462176e-01  1.6765857912377505e-01  1.5941087156062531e-01  
q[614]: 5.8706483435713404e-04  9.4777246592489306e-01  3.1741541152342029e-01  4.8702874607861692e-02  
q[615]: 3.3662864892396508e-04  9.7123926836048868e-01  3.7543232127420439e-01  3.1997810176332148e-01  
q[616]: 3.9888426744081061e-04  9.2880146800106655e-01  3.5850136582027242e-01  3.2252401236151057e-01  
q[617]: 6.6607716854059495e-04  8.7987672096477831e-01  3.7835602904666060e-01  2.9636702566737571e-02  
q[618]: 8.7416543941044574e-04  9.5194769933324730e-01  4.4095265652440341e-01  1.1914456089194027e-01  
q[619]: 1.0475941836299144e-03  8.9660046113482705e-01  4.4870918324978964e-01  3.1955476613381956e-01  
q[620]: 1.9603844504487215e-04  9.5788737089432818e-01  3.9894170163892595e-01  3.9321330963584117e-01  
q[621]: 2.9022243339526111e-04  9.0336647597971131e-01  5.1439036257601889e-01  6.3075151917750226e-03  
q[622]: 4.6477815751568089e-04  9.3934316939097873e-01  4.8524713306528516e-01  3.9301021910062996e-02  
q[623]: 7.1231754013804504e-04  9.0882149238527032e-01  4.8326118069153290e-01  4.4187560161952777e-01  
q[624]: 4.9274975988528741e-04  9.6642550372680336e-01  5.8536501032668842e-01  5.5069712055538955e-02  
q[625]: 9.6425002760992470e-04  9.1901844544177780e-01  5.9353695598878364e-01  4.9005730395468916e-01  
q[626]: 1.4486477935327547e-04  9.4633433759565966e-01  5.8800886392156160e-01  5.8272963928077681e-01  
q[627]: 6.4112495093523672e-05  9.7420310496454887e-01  6.7369722132560805e-01  6.1041717941934855e-04  
q[628]: 7.9165470279223579e-04  9.3775666463537410e-01  6.7875950688391617e-01  9.8401615523316915e-02  
q[629]: 1.0226751524033523e-03  9.1261351319259720e-01  7.3174787652229512e-01  5.8945421510385820e-01  
q[630]: 3.5079546772338421e-04  9.3741519689387909e-01  7.4927342063723124e-01  7.1563719259032199e-01  
q[631]: 5.5406681983307207e-04  9.5339135123380347e-01  7.6537982423096917e-01  4.7615724168776755e-02  
q[632]: 1.0853862375995200e-03  9.3919705016126642e-01  8.1466965133177227e-01  1.9885644593961821e-01  
q[633]: 6.3044572535195481e-04  9.2226359121263690e-01  8.3121471845639516e-01  7.3365803878745972e-01  
q[634]: 1.7280351521867463e-04  9.7165521345799211e-01  8.0074803713055476e-01  7.9231700555843299e-01  
q[635]: 1.2890765216789016e-04  9.6471549347532548e-01  8.7577932392805957e-01  6.6810422291155832e-03  
q[636]: 8.4619902179392881e-04  8.8176363317647033e-01  8.1609087872382935e-01  9.1762005112128078e-02  
q[637]: 7.4123572335279978e-04  9.5671092144963987e-01  8.8909882620615399e-01  5.1491750120191782e-01  
q[638]: 3.7095158366072468e-04  9.5563744821075702e-01  8.8905835270671163e-01  8.4549105211865483e-01  
q[639]: 4.0725074624939686e-04  9.6430200872387550e-01  9.5582192609921290e-01  1.9526131341412126e-01  
q[640]: 3.8076938835032178e-04  9.2793451391695048e-01  9.5236068317184952e-01  8.5368813777035368e-01  
q[641]: 3.6495867104813467e-04  8.9314437915535660e-01  9.5249042670554041e-01  9.1463043288339585e-01  
q[642]: 3.3812358074682868e-05  9.7975919400423450e-01  9.8973920867884690e-01  8.7738565200641914e-03  
q[643]: 3.1341253341311582e-04  8.9121046058219211e-01  9.9033437517453837e-01  1.8244800275044873e-01  
q[644]: 1.7634292163627445e-04  9.5733677516582927e-01  9.9430736400574371e-01  2.7637383063365517e-01  
q[645]: 5.4871308139554063e-04  9.2710805348242842e-01  9.6117111832909463e-01  3.4377261185045738e-01  
q[646]: 2.0638048620691269e-04  9.1938042535828468e-01  9.9590974857519465e-01  5.2309427002884057e-01  
q[647]: 6.5238073695735553e-04  9.1902480603006165e-01  9.6195014094003339e-01  5.8127591588473293e-01  
q[648]: 4.9465589752268452e-04  9.0065649605382081e-01  9.6789584941989038e-01  7.1860654696505066e-01  
q[649]: 1.3708371993558600e-04  9.4523788942541276e-01  9.9630634682359120e-01  8.0077772631998878e-01  
q[650]: 1.1947483085901522e-04  9.6292919448342129e-01  9.8999826045953077e-01  9.4211776818232440e-01  
q[651]: 2.5664928568767549e-05  9.9447052868608232e-01  2.7981755146125189e-02  1.6710586498062854e-02  
q[652]: 8.2459267016155014e-05  9.7148264235281367e-01  5.5099460196819341e-02  8.4192041145086174e-03  
q[653]: 1.7466311226540206e-04  9.8383455412477905e-01  1.1169045615714132e-01  4.8086918422309534e-02  
q[654]: 1.1422394861280547e-04  9.6199673405281161e-01  6.5575413629844218e-02  5.7272068247845913e-02  
q[655]: 4.4447435290080405e-05  9.9687836693382725e-01  1.2575353389493152e-01  7.6255911932153067e-03  
q[656]: 4.2691500908189077e-04  9.5115124627507608e-01  2.1845391416346510e-01  1.0772246526787385e-01  
q[657]: 5.5681088447952525e-05  9.9828065948931932e-01  1.1738717907574142e-01  9.6056415910768578e-02  
q[658]: 2.3346081214786765e-04  9.8793619997459980e-01  2.2078681112615231e-01  5.4974382357688041e-02  
q[659]: 1.6401558233575153e-04  9.9512150602558713e-01  2.2064043854168972e-01  1.3142500928417408e-01  
q[660]: 3.5025713792196734e-04  9.7546388512338067e-01  2.4784422967076136e-01  2.0075422573282770e-01  
q[661]: 1.2569559952210557e-04  9.9268875356970021e-01  2.9091135608891827e-01  1.5231841483692214e-02  
q[662]: 2.7388900198905912e-04  9.9145668267002718e-01  3.4255191111180677e-01  1.0529984231969439e-01  
q[663]: 2.1548498553109328e-04  9.9779910217567758e-01  3.7632148026804280e-01  2.6800002315568616e-01  
q[664]: 1.0945347552031474e-04  9.9413689244682635e-01  2.9812858976654910e-01  2.8497414847895680e-01  
q[665]: 2.2066069842715573e-04  9.6360772081523016e-01  3.9025430411953760e-01  7.8441117567513447e-03  
q[666]: 2.9918886742843549e-04  9.8886016429907830e-01  4.2892814088313713e-01  5.7668550625536878e-02  
q[667]: 3.6434481774709379e-04  9.9368335486537807e-01  4.7916514043680780e-01  1.9989199856493561e-01  
q[668]: 5.7129714872786186e-04  9.7405567141834226e-01  3.3654087694134915e-01  1.7235321769976503e-01  
q[669]: 8.3838941717132628e-04  9.6289963986711491e-01  4.5837746662368545e-01  2.6671763655250419e-01  
q[670]: 1.7898665215862862e-04  9.9239890579715373e-01  4.6502203044599083e-01  4.3428942637667162e-01  
q[671]: 8.3058401013688297e-05  9.9681811909809970e-01  4.9163024903530361e-01  1.3862302454616712e-02  
q[672]: 5.7851973150806776e-04  9.7171565765408174e-01  5.7051649157501616e-01  1.7412382620610520e-01  
q[673]: 1.7825005409449564e-03  8.0733017173123656e-01  5.2028568287482224e-01  1.6365629937668386e-01  
q[674]: 1.0781690898477342e-03  9.2236794332959249e-01  5.8107856650342926e-01  2.2846777977742305e-01  
q[675]: 2.8135741982966217e-04  9.9689838525855345e-01  5.5682997728836736e-01  3.6764312717975645e-01  
q[676]: 6.4719555009105597e-04  9.7303003517478592e-01  4.9516073963713375e-01  3.9491047629472459e-01  
q[677]: 6.3931015243548186e-05  9.8876265843417888e-01  5.2045907600799657e-01  5.1558111632290993e-01  
q[678]: 1.3203851754979405e-04  9.7604666017274810e-01  5.7306684980718992e-01  9.5394686864848401e-03  
q[679]: 3.1355123946814385e-04  9.9222264606166166e-01  5.6547096834746213e-01  1.1012190712737813e-01  
q[680]: 8.5432196269589989e-04  9.2029276624593570e-01  6.9926463407827266e-01  2.3095415947712711e-01  
q[681]: 3.0268805286759546e-04  9.9685729021919545e-01  6.6393422429487847e-01  2.7115533143915210e-01  
q[682]: 8.3476232663774416e-04  9.6997531713144602e-01  5.9967958368568985e-01  3.1203995971111509e-01  
q[683]: 7.9151368590115367e-04  9.6880022045812331e-01  6.4751022891183008e-01  4.7569714226798632e-01  
q[684]: 2.7640292277900211e-04  9.9238406100688215e-01  6.0746308959037665e-01  5.3433361626694320e-01  
q[685]: 4.1989930475468866e-04  9.5418338786400425e-01  5.8090738085301186e-01  5.4922043278637522e-01  
q[686]: 1.8454560488456631e-04  9.9430111579059977e-01  6.7729742575425567e-01  3.7562293708977852e-02  
q[687]: 2.3638233331352165e-04  9.9451887256372684e-01  7.1869187335234830e-01  1.2206866455545680e-01  
q[688]: 6.6534285769009589e-04  9.7259273581350436e-01  7.0088834376054254e-01  1.9060824629758402e-01  
q[689]: 9.9617584578621751e-04  9.6075429433565374e-01  7.3952120773514141e-01  3.5044121107501441e-01  
q[690]: 4.3542968868685931e-04  9.9075337716317635e-01  7.2087253064532986e-01  4.4223795645713559e-01  
q[691]: 2.3441341391356119e-04  9.9604830981711567e-01  7.2768207510814331e-01  5.8235992005665105e-01  
q[692]: 5.7635717215244768e-04  9.6372286576419441e-01  7.1260803325158495e-01  6.4183457435524005e-01  
q[693]: 1.5386102121129038e-04  9.9119281375850321e-01  6.8051001429653968e-01  6.6568871661287343e-01  
q[694]: 1.1283704279251228e-04  9.8460763167446064e-01  7.7853987453165663e-01  9.6086962407105053e-03  
q[695]: 4.1710856100960869e-04  9.7928720758740206e-01  8.0348768915209390e-01  1.1216840122526414e-01  
q[696]: 4.6042277944801594e-04  9.9090990253153666e-01  8.0523607135304720e-01  2.7404014791811165e-01  
q[697]: 7.2183930816222702e-04  9.5508609449569237e-01  8.4530198178343052e-01  3.7524341031096720e-01  
q[698]: 1.6073221394243488e-03  8.8690439632356832e-01  7.9867605834361421e-01  4.5436801544100486e-01  
q[699]: 1.0074890972508056e-03  9.5147383920795048e-01  7.7968983073168308e-01  5.3322366619852679e-01  
q[700]: 5.0437464414875433e-04  9.7543977953947869e-01  8.1577070273500329e-01  6.6794460731573835e-01  
q[701]: 2.0387508782193886e-04  9.9443334334427025e-01  8.1086251973786438e-01  7.5256709011547018e-01  
q[702]: 1.2644649071158432e-04  9.9694474818825507e-01  8.5308255568040747e-01  4.2027740332795056e-02  
q[703]: 3.9113197942714352e-04  9.6344431717654333e-01  8.8549884005372137e-01  8.3128230424618352e-02  
q[704]: 2.4907503929317442e-04  9.9376126507652440e-01  8.7803969297173856e-01  1.7829739179700918e-01  
q[705]: 5.7716131660506245e-04  9.7072698357308562e-01  9.0780524306379096e-01  2.7185731728949625e-01  
q[706]: 3.5468185521293815e-04  9.9227547421910445e-01  8.2879308307877675e-01  4.4963693286653500e-01  
q[707]: 3.6819549440822674e-04  9.9031142733518762e-01  8.5671078752690477e-01  6.0705322566205944e-01  
q[708]: 9.0789955042733022e-04  9.2089352279011760e-01  8.9067367592121505e-01  7.0696276778530465e-01  
q[709]: 2.7918769353247832e-04  9.7569935422728049e-01  8.9615318288598511e-01  7.9285454647108100e-01  
q[710]: 6.2037181172163144e-05  9.9485006321389102e-01  8.8961768492883553e-01  8.7736269518960919e-01  
q[711]: 4.3947206884939225e-05  9.9409668192762157e-01  9.3771917227786705e-01  1.0387261199832167e-02  
q[712]: 2.2113546444368389e-04  9.6928704769196183e-01  9.4417349688855967e-01  4.3812001094277769e-02  
q[713]: 1.6142334767219586e-04  9.9235445935803868e-01  9.4422740509908465e-01  1.1540653384387924e-01  
q[714]: 1.4275734887475577e-04  9.9657221617046921e-01  9.6876879957483775e-01  3.0358367836873790e-01  
q[715]: 3.0229418719754294e-04  9.9196424736065469e-01  9.1382660187191078e-01  3.9453096164983947e-01  
q[716]: 5.4470235689190231e-04  9.5857315737617821e-01  9.5523184768943670e-01  4.5133489064074311e-01  
q[717]: 2.2552468504541320e-04  9.9344473307509418e-01  9.4136852214157885e-01  5.6882003067817322e-01  
q[718]: 4.9699617405536938e-04  9.6922246744572094e-01  9.3881008115848974e-01  6.7631672297155565e-01  
q[719]: 1.5748025890900455e-04  9.9601479136031235e-01  9.1777558320084329e-01  7.5670565685176761e-01  
q[720]: 1.1778323418356344e-04  9.9268054547101392e-01  9.5194917992258610e-01  8.9254082953578739e-01  
q[721]: 1.0226211587353580e-04  9.7185632401001232e-01  9.5633745651453816e-01  9.4602327903092376e-01  
q[722]: 4.8697032697633045e-05  9.9463063121093054e-01  9.8639482148716184e-01  5.4559168736822872e-02  
q[723]: 1.4040241627564067e-04  9.6458380727179038e-01  9.9127170904053907e-01  1.1287061072840629e-01  
q[724]: 6.5909946287850455e-05  9.9320541072363311e-01  9.9095033176850800e-01  1.8774888999411365e-01  
q[725]: 1.5377326648475026e-04  9.8012175465531282e-01  9.9151938659254668e-01  4.0796091013899438e-01  
q[726]: 1.1819258430097839e-04  9.9171731440809541e-01  9.8641874872667779e-01  5.3277611528333713e-01  
q[727]: 2.1624254367074919e-04  9.6677693425979749e-01  9.9129672740603114e-01  6.4733212349234881e-01  
q[728]: 9.8448901735651606e-05  9.9561391318141768e-01  9.8443381348275782e-01  7.3714300979987379e-01  
q[729]: 2.8588216089974388e-04  9.6580052166652897e-01  9.6701415854587669e-01  8.0943932549416497e-01  
q[730]: 6.6103913944411200e-05  9.9089224666325171e-01  9.9137389364615314e-01  8.7658470135682187e-01  
q[731]: 1.2015294786381523e-05  9.9834981342059614e-01  9.9374205157626982e-01  9.8251091139483437e-01  

