deg: 9
dim: 3
nodes: 56
efficiency: 0.982143

q[0]:  2.1512361019075475e-03  8.7867170908117812e-02  7.6051918202005478e-02  1.5537234122563139e-02  
q[1]:  6.8653276626667280e-03  6.3953106952080868e-02  3.1607868365915948e-01  6.4265326232795225e-02  
q[2]:  4.1973772069741856e-03  2.4752542967736563e-02  2.7597032789237153e-01  2.2393951223888892e-01  
q[3]:  9.1950311172030418e-03  2.4089641765832998e-01  4.7000893164885149e-01  2.7698116327730535e-02  
q[4]:  1.2119983438241971e-02  7.4094111215745023e-02  5.9533026726316596e-01  2.5237653557652301e-01  
q[5]:  6.4155014156791999e-03  1.4084665274468026e-02  6.9612073529708196e-01  5.1463400580567142e-01  
q[6]:  5.1950315883509332e-03  2.6229040815853168e-02  6.7143716732934289e-01  6.2147923520195034e-02  
q[7]:  1.7249256223931062e-02  2.1607113116578852e-01  7.8959245404980438e-01  4.0916395907265041e-01  
q[8]:  3.0448034024129333e-03  5.6919141431575386e-02  8.0791119456832827e-01  7.9065694698479361e-01  
q[9]:  5.0790490046125313e-03  7.8501783221598481e-02  9.3739293135706980e-01  6.4309773765563474e-02  
q[10]: 7.7869911557169923e-03  4.1188199123921299e-02  9.2066897386610813e-01  3.2738179375051407e-01  
q[11]: 7.2299118671605928e-03  7.3158027383162696e-02  9.4345071212442888e-01  6.6478968970445140e-01  
q[12]: 2.0029379510611250e-03  5.8360743355134727e-02  9.7447370473809558e-01  9.0122979322893737e-01  
q[13]: 6.3518279359561745e-03  2.6869368914968778e-01  1.4176143107243350e-01  1.1258641148457373e-01  
q[14]: 1.0630783427868069e-02  4.3939505557390662e-01  2.1086337028935137e-01  3.9431492059921400e-02  
q[15]: 1.7724737282943270e-02  2.3788251157872456e-01  3.9610588356283533e-01  2.2378756623994137e-01  
q[16]: 1.1515504143394549e-02  1.5322960532777724e-01  5.2994247467430566e-01  4.8495191058496268e-01  
q[17]: 6.1225876793938629e-03  2.8626602412276542e-01  7.9277717064188158e-01  1.6202082689028448e-02  
q[18]: 1.6045608444997497e-02  2.1873715754068512e-01  7.7080816858446743e-01  1.6777877053813450e-01  
q[19]: 1.5216860790253658e-02  2.3912631513864502e-01  8.3275543108169503e-01  6.9046052827597615e-01  
q[20]: 5.9159670348195781e-03  2.7340969851027647e-01  9.8604766131295318e-01  2.2091202274854971e-01  
q[21]: 7.7175766456001162e-03  2.8710972381232902e-01  9.8072554308442605e-01  5.1711675910749988e-01  
q[22]: 4.6453368458267983e-03  3.0780318747680890e-01  9.5303646248801754e-01  9.1123428454526134e-01  
q[23]: 1.0013113631854019e-02  5.1485399643590779e-01  3.5218537036094910e-01  3.2867184508687886e-01  
q[24]: 9.4523815403263524e-03  6.4907604365677740e-01  6.3301985504494962e-01  3.1364753144559485e-02  
q[25]: 2.6099185393591243e-02  4.9808839837372409e-01  5.5764266362098835e-01  1.5140094765962700e-01  
q[26]: 2.2501511201309544e-02  4.4699159028866831e-01  6.1037262002569781e-01  4.2707559091497632e-01  
q[27]: 2.1865008074308190e-02  5.2806298337797020e-01  8.5764819537428560e-01  4.6117043429937143e-01  
q[28]: 1.0927374763006354e-02  4.8883422538265969e-01  7.3577305444489849e-01  7.0349202269113409e-01  
q[29]: 2.5124608695067927e-03  4.2800151540978293e-01  9.8129900292584205e-01  2.3412874612026850e-02  
q[30]: 1.7105611269274495e-02  5.0845897124708950e-01  8.8252022070385383e-01  1.7360651651861486e-01  
q[31]: 7.5680382841316540e-03  4.9823095553575808e-01  9.8146064903557417e-01  7.7456760772341660e-01  
q[32]: 3.0182874450758305e-03  6.6233359633812838e-01  5.1437080858114069e-02  2.9397424153058353e-02  
q[33]: 9.3027369054473584e-03  7.9765567827058881e-01  3.5255056136792989e-01  3.2596183465423111e-02  
q[34]: 1.5205901581609799e-02  7.0595402314384914e-01  2.9344106169607631e-01  1.7179624142251360e-01  
q[35]: 9.0438417986505332e-03  7.6925851482295449e-01  5.0920587391678973e-01  2.7566015548516326e-01  
q[36]: 1.3696116744736399e-02  7.6566280773575524e-01  6.5151587440590775e-01  4.7955521499107356e-01  
q[37]: 7.4493313443681469e-03  8.1460979881085827e-01  5.7320042231486557e-01  5.4359275137167506e-01  
q[38]: 5.9086707085260915e-03  6.9661726703398708e-01  8.8070780669765392e-01  4.1401792403045860e-02  
q[39]: 1.4942202889501962e-02  7.2730998332107444e-01  8.7783636741670412e-01  7.0908893784848537e-01  
q[40]: 4.3886799527151675e-03  8.1854914858367112e-01  9.8129470656903206e-01  1.1812487568556486e-01  
q[41]: 8.0125803371327922e-03  9.0144164320015396e-01  9.5761678001812089e-01  6.0173539272146515e-01  
q[42]: 3.8425560782821963e-03  7.1433555414803851e-01  9.4154470401192425e-01  9.2233530414023523e-01  
q[43]: 3.4536853653517898e-03  9.4635579071006026e-01  1.3869231628664108e-01  3.6805141600436277e-02  
q[44]: 8.5080118161706166e-03  9.5809745434687654e-01  4.5882066639572816e-01  1.6998969820104853e-01  
q[45]: 3.5552755993529563e-03  9.0030637700717087e-01  1.8906341397539708e-01  1.6979417402871189e-01  
q[46]: 3.0003240111144496e-03  9.7476354083050754e-01  5.6509448633405246e-01  4.1104341691745760e-02  
q[47]: 5.8842328909626514e-03  9.6090622726443897e-01  4.4577178595381373e-01  3.7072637312644707e-01  
q[48]: 7.8865150413233200e-03  9.0349520278182849e-01  7.6520214474752424e-01  7.9041233004529171e-02  
q[49]: 2.1915546410203324e-02  8.2023641142926362e-01  7.3909711022629088e-01  2.6594113680024623e-01  
q[50]: 8.0962893213508587e-03  9.7224124700050407e-01  7.7061968662080826e-01  4.9458913118570191e-01  
q[51]: 5.3327582396204484e-03  9.4594716196694595e-01  8.1258255945233127e-01  7.6176069705434790e-01  
q[52]: 1.3128689731352053e-03  9.6315838525693354e-01  9.3401279612952315e-01  1.3962406964731482e-02  
q[53]: 5.4666388569938338e-03  9.7531375112575636e-01  9.2336365303173473e-01  2.6214280111840166e-01  
q[54]: 1.0224520269847995e-02  7.2041287151875832e-01  9.6524759530619952e-01  3.7996781539434549e-01  
q[55]: 2.0885140242452474e-03  9.4379939308692351e-01  9.8794133795783934e-01  8.9165886750246337e-01  

