deg: 12
dim: 3
nodes: 115
efficiency: 0.991304

q[0]:   9.3330644712232556e-04  1.4483647399903066e-01  4.4485234234968932e-02  1.2653345023791739e-02  
q[1]:   7.1017958170875161e-04  3.0820875852522304e-02  1.9001009155049736e-01  9.1234169305229524e-04  
q[2]:   6.7767175013757047e-04  1.3750047528235899e-02  9.3768952507860950e-02  6.3901632450531584e-02  
q[3]:   2.7382900445593237e-03  1.1923462309723722e-02  3.9226421570828185e-01  1.5906751318110221e-01  
q[4]:   2.6012856214519087e-03  6.2920991417205377e-02  2.7656954881649592e-01  2.4730479435455677e-01  
q[5]:   1.5593075207358130e-03  1.8664749726770687e-02  4.9901552295752011e-01  2.9714611254697543e-02  
q[6]:   5.9129073297975480e-03  8.6550246773599668e-02  5.2080985112195854e-01  3.2381244333245468e-01  
q[7]:   1.7309865673698201e-03  4.0136319420224158e-02  6.9193632033796038e-01  6.6640120961787841e-01  
q[8]:   1.9251921350784003e-03  1.2132396263699304e-02  4.8975947395141711e-01  4.2288726126217585e-01  
q[9]:   4.9402680398955446e-03  3.2963159678111156e-02  7.3069718014160878e-01  4.3865425753780718e-01  
q[10]:  7.5621007525574629e-04  4.5248820963414642e-02  8.7632628982969585e-01  1.2506147540607073e-02  
q[11]:  3.4311822634956806e-03  3.5479321982147247e-02  7.4607679866161780e-01  2.4868163226459866e-01  
q[12]:  2.6244003848963169e-03  2.5237071316683554e-02  8.3888278148437267e-01  7.1067564445307474e-01  
q[13]:  5.2460389285943277e-04  1.6771193798252749e-02  9.6625399649153321e-01  9.3528064088552443e-01  
q[14]:  6.4858347667705795e-04  1.3140054171047813e-02  9.5652068586823857e-01  6.1115043751156083e-02  
q[15]:  1.5893548722357778e-03  6.6128043050504466e-03  7.9185451104440185e-01  1.1833907584348177e-01  
q[16]:  1.2613219365992840e-03  6.2170509300030062e-02  9.8802084125431688e-01  1.9675026406851676e-01  
q[17]:  3.0738431037525302e-03  2.9187288591145950e-02  9.4137287332715214e-01  3.7657656100416209e-01  
q[18]:  1.5920004169364033e-03  1.9749790017745392e-02  9.6186503039926763e-01  6.8087297760875654e-01  
q[19]:  2.6753813758628496e-03  1.1457212316099293e-01  9.7344795671746565e-01  8.4439903622765999e-01  
q[20]:  4.0405720407941347e-03  3.2914183868006885e-01  1.5182887632397107e-01  2.9949790449808382e-02  
q[21]:  4.1297445743266039e-03  9.4724014456786507e-02  2.1393575169333459e-01  9.5265442723768565e-02  
q[22]:  2.6748878754751077e-03  2.5925327655428049e-01  1.3625434680209886e-01  1.2172079252206365e-01  
q[23]:  7.3288314011017508e-03  9.9750142869375058e-02  5.7687566442195448e-01  1.4328458090526877e-01  
q[24]:  3.1876004341641418e-03  1.7148562497266776e-01  4.9268431355993009e-01  4.7905546031011376e-01  
q[25]:  3.5663003148205140e-03  9.8999373316748990e-02  7.1140908823383575e-01  3.0730829448398892e-02  
q[26]:  2.2985140646143635e-03  1.1384197875242587e-01  8.6858064356837295e-01  8.4531210781101329e-01  
q[27]:  3.7397066858973838e-03  2.6930430842546327e-01  8.8485563077029949e-01  3.3045660207203620e-02  
q[28]:  5.7299028777661222e-03  1.2381352875219929e-01  8.9816612877624691e-01  1.5262779780961638e-01  
q[29]:  9.4499247716212044e-04  1.4294596434822368e-01  9.8453719606619650e-01  2.8234972044730196e-02  
q[30]:  9.5799089769229035e-03  1.9203274479341156e-01  8.2535883721539338e-01  3.1518932964820134e-01  
q[31]:  1.7371810439293280e-03  1.3962718318200143e-01  9.9926381776259499e-01  5.5214478738557238e-01  
q[32]:  7.2400234758697437e-03  1.2728954375905799e-01  8.9142788301043918e-01  5.4586743856942266e-01  
q[33]:  7.6097821138994505e-03  1.4656882099665530e-01  6.6201483829719321e-01  5.4380676128632299e-01  
q[34]:  8.8828324044314070e-03  3.3255820848516532e-01  3.7469465965062093e-01  1.2990779487522411e-01  
q[35]:  5.0366689108933306e-03  1.5220131077886290e-01  3.4823284689994444e-01  4.1668018218473692e-02  
q[36]:  8.2633122619706848e-03  2.2753388686900661e-01  3.6665919421658583e-01  2.5833708977525138e-01  
q[37]:  4.1259338169688572e-03  4.0857814901523909e-01  3.4699423450376499e-01  3.2615808260668688e-01  
q[38]:  4.1441188132744977e-03  2.8159079685159877e-01  5.2527018803687597e-01  1.8181879405335430e-02  
q[39]:  1.0599924227603483e-02  2.4399934131423590e-01  5.9984961892458977e-01  2.7341813962373984e-01  
q[40]:  4.9789826734865051e-03  3.2878590601205071e-01  7.2765315892549520e-01  7.0256017922492964e-01  
q[41]:  9.9759551736498132e-03  2.9963353660412734e-01  7.2722542222696129e-01  1.1156724517409060e-01  
q[42]:  1.3230143162108869e-02  3.5813061672780883e-01  7.3856621196818073e-01  4.6219212299687173e-01  
q[43]:  5.2967780760981341e-03  5.6355868086302241e-01  8.8260843655191534e-01  8.4648422441817459e-02  
q[44]:  8.3068456156146150e-03  4.0236291866494039e-01  9.2633392301158757e-01  4.7813592676054439e-01  
q[45]:  6.6928458354360322e-03  2.2006165952827472e-01  8.4279304109850717e-01  6.7956689489744371e-01  
q[46]:  8.4272933372026688e-04  2.5509731124857044e-01  9.8593832907827295e-01  9.7100092958504081e-01  
q[47]:  3.3900430449855944e-03  3.5757437616717147e-01  9.7839429886921203e-01  1.2058825480441426e-01  
q[48]:  4.5642828675330161e-03  2.5868958523967472e-01  9.7498141024029272e-01  3.2914493947302781e-01  
q[49]:  5.0607555571266010e-03  3.3048986555355769e-01  9.7184030389317411e-01  7.1254656802400418e-01  
q[50]:  1.0538492471343497e-02  4.1730525298004917e-01  5.5402015886333067e-01  4.5355994060461607e-01  
q[51]:  4.0158711415956994e-03  3.3622757951733506e-01  9.1391447927502101e-01  8.4559419202216379e-01  
q[52]:  1.6530328036910775e-03  5.3551271562355884e-01  4.7517240829022173e-02  2.9042531204119565e-02  
q[53]:  7.8517178171534502e-03  5.2298879827545086e-01  2.2517399977674929e-01  1.4162362440075535e-01  
q[54]:  3.9019299933394052e-03  5.1256648542546313e-01  3.0480702944134713e-01  1.3510366323360888e-02  
q[55]:  1.0395084381154076e-02  4.8170449990428010e-01  5.4150083044537300e-01  1.0693350531214833e-01  
q[56]:  4.5050830239504059e-03  6.2271919478236459e-01  5.6506064655320021e-01  5.4570575451586589e-01  
q[57]:  3.4017134028546045e-03  4.9067906547887019e-01  7.4064046542126571e-01  1.0947252575957227e-02  
q[58]:  2.2763211054360045e-03  5.6011045031283313e-01  9.0534165017516621e-01  8.9293956694406507e-01  
q[59]:  1.1235990266476797e-02  5.1805770437692233e-01  7.3614764614438077e-01  2.7532600200809781e-01  
q[60]:  8.6352649098277046e-03  4.5456353946478545e-01  8.8388424423654022e-01  2.2892154772099016e-01  
q[61]:  1.2725949142083732e-03  5.2771222287130359e-01  9.7019652621391528e-01  1.0670204702445474e-02  
q[62]:  3.6197422600010650e-03  5.8486503583058247e-01  9.8234394456950680e-01  5.0187522873494039e-01  
q[63]:  6.7983349583310799e-03  5.3094846269265294e-01  8.8772569992408623e-01  6.8803411493433619e-01  
q[64]:  2.4179732792976570e-03  5.3588849375650649e-01  9.8679830676798819e-01  8.9171744949677101e-01  
q[65]:  8.4227014938767740e-03  7.1127098732026162e-01  3.3829097141318670e-01  9.6515698148762707e-02  
q[66]:  7.8692766218046734e-03  7.2780599046266481e-01  4.1710275764676424e-01  3.2368844292945664e-01  
q[67]:  2.4297727622640676e-03  6.8561745312028100e-01  2.5171951631233713e-01  2.4049887730214087e-01  
q[68]:  4.9551212808001243e-03  6.7852251819113363e-01  5.4823058808898517e-01  2.6866836085912258e-02  
q[69]:  1.2175873091734249e-02  5.5843621190047643e-01  4.9719859111623177e-01  2.6987280508083433e-01  
q[70]:  3.1465235218188958e-03  7.4800447581123930e-01  7.6254039348001101e-01  7.3846163603778170e-01  
q[71]:  8.2905250949524677e-03  7.0489595623172130e-01  7.5254868042867551e-01  1.0516703166101556e-01  
q[72]:  1.0237101797076081e-02  7.0498301186060763e-01  6.8402074288535741e-01  4.7329954025847021e-01  
q[73]:  7.5125213084560431e-03  5.5746819072613596e-01  7.7226951280460754e-01  6.7217476413387611e-01  
q[74]:  7.9505126769799459e-03  7.2875308183179222e-01  6.7458525334370145e-01  2.5454500389723228e-01  
q[75]:  8.3758160360836303e-03  6.4267360259855277e-01  8.5275479783315877e-01  5.0436440981207153e-01  
q[76]:  9.8717143962110299e-04  7.8607198668164746e-01  9.8146628980826345e-01  9.6076048807895265e-01  
q[77]:  4.9358282761606722e-03  6.4088726669683205e-01  9.7359271743199238e-01  2.6837001648435876e-01  
q[78]:  4.0615320745706982e-03  7.1750302869998461e-01  9.7816092379736586e-01  7.0534764945633921e-01  
q[79]:  3.2512813781395617e-03  7.3505122101737119e-01  1.4034119526539449e-01  2.5405641442359409e-02  
q[80]:  5.8771973000971761e-03  8.9969031699638735e-01  3.0005183913511396e-01  1.7553210427787849e-01  
q[81]:  2.4718775357816924e-03  8.2080458685328117e-01  1.2340014550394809e-01  9.9394521539082459e-02  
q[82]:  2.9667900735257701e-03  8.8100419730887669e-01  3.7988139490734568e-01  2.0034599973726513e-02  
q[83]:  6.6794386814482704e-03  8.4237709709386976e-01  5.4223524299872716e-01  1.2597893027851420e-01  
q[84]:  3.3747198427322594e-03  8.6668000327831196e-01  4.7039717795107699e-01  4.3992557990677200e-01  
q[85]:  3.2414059330963568e-03  8.9842229092716619e-01  6.9517232816847507e-01  2.7370702513518797e-02  
q[86]:  5.4089644794932295e-03  7.8719456952912548e-01  9.1045187171527509e-01  8.0327436174940525e-01  
q[87]:  2.4462372709288431e-03  7.9660619214640882e-01  8.7635042729568102e-01  1.8352203899603944e-02  
q[88]:  5.4967050388326257e-03  8.7633195916047391e-01  8.9701781614778364e-01  1.6934868029101138e-01  
q[89]:  9.4699878349839232e-03  7.8103045931935122e-01  8.7107572024193558e-01  3.4149637420320844e-01  
q[90]:  6.4965334967426831e-03  8.7569512795349402e-01  8.7410126885058859e-01  5.9150900404771034e-01  
q[91]:  2.5506983330285285e-03  7.4458519341353602e-01  9.7729405649153778e-01  8.9020605950697398e-02  
q[92]:  3.3725491557931547e-03  8.7163873486012111e-01  9.7302736688172808e-01  4.8186400813537872e-01  
q[93]:  6.9742538633048839e-03  8.6461734971626758e-01  6.8409351583381839e-01  5.6979747915385059e-01  
q[94]:  5.2443541162539215e-04  9.1594116024129701e-01  3.4968352732952852e-02  7.0193892660931441e-03  
q[95]:  2.0395741800979853e-03  9.5345242289886789e-01  2.1234971555259030e-01  3.4025757165656451e-02  
q[96]:  7.7406667161786203e-04  9.9051088240068086e-01  1.2862870878065741e-01  8.6211673795330609e-02  
q[97]:  2.6576340965049901e-03  9.8560920374908012e-01  4.4794313072594732e-01  1.4540965177298362e-01  
q[98]:  1.5675633925370811e-03  9.6127456903882580e-01  3.0112207424694720e-01  2.7971712673167187e-01  
q[99]:  1.2175664520512569e-03  9.8930829816530352e-01  5.4203326600000756e-01  3.7249779511185514e-02  
q[100]: 7.2937485123991631e-03  8.6606468359574729e-01  5.5007749177369836e-01  2.8497750789376425e-01  
q[101]: 1.4705659660070747e-03  9.6735940732681258e-01  6.3545748178919792e-01  6.1475520390148364e-01  
q[102]: 3.1723593537568355e-03  9.8335931910224228e-01  5.2675660141065472e-01  3.8578322930438191e-01  
q[103]: 5.2989415742978312e-03  9.5111055041853243e-01  7.3248654107045175e-01  1.7584384824538082e-01  
q[104]: 1.7819735064460121e-03  9.2086050320878943e-01  8.4034563858904965e-01  8.1564520323060985e-01  
q[105]: 1.3375454714559592e-03  9.8489024679662940e-01  8.6264632754075288e-01  4.8543494426982053e-02  
q[106]: 6.4341382269557960e-03  9.4830153922229710e-01  7.4438085851727587e-01  3.9657397887098939e-01  
q[107]: 2.4510458022303371e-03  9.8555011321873731e-01  8.3102588247340825e-01  6.8752559721631334e-01  
q[108]: 6.9394296386031385e-04  9.7075072229388337e-01  9.5509104061425343e-01  9.2481112043167779e-01  
q[109]: 7.2831827214167979e-04  9.2672585096759952e-01  9.7730170702121577e-01  2.2740581503035494e-02  
q[110]: 9.6543883129823554e-04  9.6961381730985807e-01  9.7302203308803648e-01  1.4285193165056423e-01  
q[111]: 1.2415275891574547e-03  9.1627244653624229e-01  9.9267685067811617e-01  2.9260667676210028e-01  
q[112]: 2.0852231213888848e-03  9.9245918145970924e-01  9.1370843889139608e-01  3.5948931761240316e-01  
q[113]: 1.6553553935096323e-03  9.7170561126175548e-01  9.6625795448305229e-01  6.3744099533194332e-01  
q[114]: 1.5545938197975165e-03  9.3157175565537931e-01  9.8156833521365106e-01  8.3773437635756565e-01  

