deg: 25
dim: 3
nodes: 821
efficiency: 0.997564

q[0]:   3.2854482615610738e-05  1.7997460228564886e-02  2.0436251753426560e-02  1.0524431425792947e-02  
q[1]:   3.8286114108566690e-05  5.8743055544767187e-03  6.9168317820943334e-02  5.9201194573074489e-02  
q[2]:   5.1908557289624765e-05  4.2220742357984608e-03  7.6424817316281146e-02  1.5794479964233308e-02  
q[3]:   1.6223117336679072e-04  1.6818586377824386e-02  1.2716844557817958e-01  8.2857263842784412e-02  
q[4]:   1.2164484895222855e-04  3.7057217006593993e-02  1.2771766668886797e-01  1.2003786347392331e-01  
q[5]:   8.5387616193781940e-05  2.8210992091432626e-02  1.2993920936352055e-01  4.9849814657570235e-03  
q[6]:   3.1901975797850047e-04  3.5274939839613502e-02  2.2296238321793269e-01  9.8055222713451656e-02  
q[7]:   7.4386709986590843e-05  5.9388239061663071e-03  1.9776926055569044e-01  1.8647631154679586e-01  
q[8]:   1.1855936124026513e-04  1.2301363524546248e-02  1.9530014615281685e-01  2.2130202235345772e-02  
q[9]:   8.1699888978091408e-05  1.5121153035112466e-03  1.9056028016949245e-01  6.6481586264358128e-02  
q[10]:  2.6198410702975593e-04  1.0432379047147151e-02  3.1034922121672198e-01  1.5152174320002929e-01  
q[11]:  1.8272580557285602e-04  8.7187168795387453e-03  2.2338077081571081e-01  1.5813027360500206e-01  
q[12]:  2.0282933190966514e-04  6.8531787396323360e-03  3.5212389148942130e-01  2.9996665733769773e-01  
q[13]:  4.4146816293368587e-05  8.9455866486530550e-03  2.6199650499138061e-01  2.3144995426061408e-03  
q[14]:  2.1329802006547316e-04  1.2797194570624195e-02  2.9211386459779115e-01  5.7086548096842833e-02  
q[15]:  2.0219508539346960e-04  3.3231234983886995e-03  4.0944077383729216e-01  1.1330408392876531e-01  
q[16]:  1.6140918317554919e-04  3.7759866591274989e-03  4.0197178965531244e-01  2.5609862012838419e-01  
q[17]:  5.6259095940531774e-04  3.7579428000314878e-02  3.3846146067586502e-01  2.3281125970399361e-01  
q[18]:  5.5342164620147646e-05  2.2306029952670302e-03  4.1555210297074691e-01  4.0693314058976132e-01  
q[19]:  1.2145207986750378e-04  5.8933480755814756e-03  3.8552098700036092e-01  2.2828730367317477e-02  
q[20]:  4.6068522546306294e-04  3.3824190492433112e-02  4.2982275253337576e-01  6.2355398266585260e-02  
q[21]:  6.6395523703180676e-04  2.6029769570188287e-02  4.3301377420962139e-01  1.9250385859983871e-01  
q[22]:  7.2814754517451855e-04  4.7428196777853711e-02  4.7918660718268241e-01  2.9974757179408007e-01  
q[23]:  4.1756138972047729e-04  1.6228352782557732e-02  4.8632202384925832e-01  3.7433289084380317e-01  
q[24]:  4.4080180083732440e-04  4.3418837512732844e-02  4.2737153350288132e-01  3.8973794714352250e-01  
q[25]:  4.5806204958368584e-05  6.9084806142570660e-03  4.9230623770395576e-01  4.3441154759867179e-03  
q[26]:  2.3923065793217071e-04  9.8665529419488703e-03  5.3379566169706327e-01  5.2984891131600716e-02  
q[27]:  4.7068608356018525e-04  4.2322797609849756e-02  5.2334246824670794e-01  1.1178753175518294e-01  
q[28]:  3.4837063744883929e-04  1.0910422032680785e-02  5.4803029860262831e-01  1.5508690554373405e-01  
q[29]:  5.7838072805830568e-04  2.0465324054381576e-02  5.8835372870848890e-01  2.5103004108572224e-01  
q[30]:  2.2609493258442538e-04  1.5485533760032553e-03  5.4237947829798439e-01  3.0298704870064130e-01  
q[31]:  4.5996714117479861e-04  1.5132339815368420e-02  6.0915384034081055e-01  4.3576498008844078e-01  
q[32]:  2.4360636488746833e-04  9.7729947923057333e-03  5.3188959431974714e-01  4.8252419630693033e-01  
q[33]:  2.0350347873854569e-04  3.5748271769724990e-02  5.0591559780567241e-01  4.9776296282922045e-01  
q[34]:  1.1923075489621238e-04  1.2315013435875353e-02  6.4215876356689727e-01  1.0432967157066207e-02  
q[35]:  1.5054183280898713e-04  5.4890808164269429e-03  6.4099092044758932e-01  9.4773174250694411e-02  
q[36]:  6.2316819706126000e-04  3.8951289654300690e-02  6.5307096276807652e-01  1.2706550983025555e-01  
q[37]:  1.4890716315279365e-04  5.2485565395913713e-04  6.7707297564501057e-01  2.0005983608094169e-01  
q[38]:  7.2741500909040727e-04  3.0026927088054798e-02  7.0706805416467844e-01  2.9176737641753442e-01  
q[39]:  7.9717442196793086e-04  3.7037745463040540e-02  6.5537404799565546e-01  3.8612400759502336e-01  
q[40]:  2.0821752043689198e-04  4.6882205772604589e-03  6.5647793406750921e-01  5.5999985236504746e-01  
q[41]:  1.0986812832228764e-04  8.4041315930256880e-03  6.2367889558743972e-01  6.1297017298371359e-01  
q[42]:  1.3330870987616426e-04  4.6645089311664133e-02  7.2327400644117046e-01  5.0831431477180574e-03  
q[43]:  1.3424909195769688e-04  6.2088966809901516e-03  6.9648523451976019e-01  4.7269217344773462e-02  
q[44]:  4.6771036402873400e-04  2.1031949238420642e-02  7.4819013051907468e-01  2.0832638014539695e-01  
q[45]:  8.6705243167942354e-04  5.7204111378305840e-02  8.2438814879663069e-01  2.3613078038683719e-01  
q[46]:  2.6531311053005455e-04  2.0198548754900235e-03  7.2473553984046202e-01  3.8243866306845953e-01  
q[47]:  3.9079833598623101e-04  1.1472323262193706e-02  7.3506466570517714e-01  5.2359286591579202e-01  
q[48]:  8.6966318936018239e-04  8.3950945188851656e-02  7.6452137880152149e-01  5.6225042639606093e-01  
q[49]:  6.4542280065270233e-04  3.7126007918719790e-02  7.2917063343501565e-01  6.1040834957154788e-01  
q[50]:  5.4074019793498736e-04  8.5505264178853235e-02  7.6877238692673888e-01  6.9021937199796679e-01  
q[51]:  2.1840310102947712e-04  1.0397163529112111e-02  7.4600972144733202e-01  7.0241375445112741e-01  
q[52]:  9.7386805170629123e-05  8.5604842037685803e-03  7.9274840802623758e-01  1.4430898479840129e-02  
q[53]:  1.8742093526647870e-04  9.7111100319313397e-03  8.4254836232031949e-01  6.3370326754142989e-02  
q[54]:  2.5990396735606881e-04  6.9619364371088076e-03  7.9885492673880043e-01  1.3918697949101927e-01  
q[55]:  3.9484334012179355e-04  4.0900631617298143e-02  8.6150239495104919e-01  1.6213837923018359e-01  
q[56]:  3.3092074209464795e-04  7.1596377904108400e-03  8.2744780774602666e-01  3.1424295748977066e-01  
q[57]:  6.7058371778585320e-04  2.6258177123163983e-02  8.3595432371626044e-01  4.2406973542823029e-01  
q[58]:  4.6000457042813509e-04  2.9726336081655005e-02  7.8905587053483195e-01  4.9822609111374710e-01  
q[59]:  6.6221887737013543e-04  3.9143194597291688e-02  8.4691234343350275e-01  6.3399155420382247e-01  
q[60]:  1.8358798873020307e-04  2.7573402531779348e-03  8.2204268177219442e-01  6.6960781296234595e-01  
q[61]:  3.0406432970136473e-04  2.2137060888283988e-02  8.2813763730342349e-01  7.3938728915394247e-01  
q[62]:  5.1588772462689105e-05  2.4383552820443706e-03  8.2026051249639742e-01  8.0926332742499829e-01  
q[63]:  6.9401436792248863e-05  2.1064112060641821e-02  8.7271875307433677e-01  5.7386982011081254e-03  
q[64]:  3.0887430169156637e-04  2.7208276507124662e-02  9.0318885251589442e-01  1.2766436187434435e-01  
q[65]:  4.8015896762386141e-04  8.1160463985829850e-02  9.3002097219551116e-01  1.8514063111170376e-01  
q[66]:  2.8364823562741152e-04  8.8337783626314392e-03  8.9432412876975254e-01  2.3628905139932579e-01  
q[67]:  2.3757985503037544e-04  4.9596419561030586e-03  8.6134946112426525e-01  5.5175675563463855e-01  
q[68]:  9.2319341642503551e-04  1.0591145392022826e-01  9.0101144002170874e-01  6.5895073525111159e-01  
q[69]:  7.8872376619457802e-05  1.6879345792028884e-03  9.1904719444475391e-01  8.3071588086488346e-01  
q[70]:  1.6715205612948244e-04  1.5933257428746746e-02  8.8846656427012982e-01  8.4063216727046719e-01  
q[71]:  4.1801721897865204e-05  1.7836438719433221e-03  9.3479922084066147e-01  1.7209540550793552e-02  
q[72]:  9.3059169824404354e-05  9.2713435366119784e-03  9.1738269137589379e-01  7.5234453622205544e-02  
q[73]:  3.0440551285942208e-04  5.2806179317239375e-02  9.6608911361359162e-01  1.1668977310955748e-01  
q[74]:  9.1909386248967506e-05  2.8370592158255797e-04  9.5543700826206157e-01  1.6058925764200890e-01  
q[75]:  2.4396334152295958e-04  1.4697794445975869e-02  9.4432875326996135e-01  3.4196406264410012e-01  
q[76]:  2.4950792319502281e-04  6.7111787787733947e-03  9.2104802802220442e-01  4.5782712390170849e-01  
q[77]:  4.1845583742015739e-04  2.8328597376287571e-02  9.3812048941743742e-01  5.7907519368124416e-01  
q[78]:  2.2531123524960128e-04  8.4493703571819258e-03  9.2652423388945104e-01  6.8319353284035478e-01  
q[79]:  1.0936650454817949e-04  6.3344658905449061e-03  9.7596413338662413e-01  8.0794077186420798e-01  
q[80]:  5.8478932152222149e-05  1.0535918254581483e-02  9.3730750452841438e-01  9.2725907028944277e-01  
q[81]:  3.5716346099345257e-05  1.5072583147519018e-02  9.8882406058084438e-01  1.2061358627281322e-02  
q[82]:  4.9652241576016290e-05  7.6241250374489474e-03  9.9018663666326034e-01  7.1575819771616991e-02  
q[83]:  1.1081703297896878e-04  2.2220726492412874e-02  9.9216464584300612e-01  1.5833253436351627e-01  
q[84]:  9.4388134050278275e-05  1.1498670190390270e-02  9.9093446848822975e-01  2.7158873308103504e-01  
q[85]:  7.5715500517601028e-05  3.5425054027031920e-03  9.8193139187164791e-01  3.8856962866717709e-01  
q[86]:  7.5037634985167806e-05  1.6091058179633570e-02  9.9610391323739667e-01  4.9362642848235400e-01  
q[87]:  1.1045456305667252e-04  4.8998371680873710e-03  9.7944255591865648e-01  5.9214579956655056e-01  
q[88]:  1.1869302213778250e-04  1.5224891992481584e-02  9.9079772544383327e-01  7.1110170193026201e-01  
q[89]:  1.1786784445485980e-04  4.8972625900062378e-02  9.9558426642250530e-01  8.0733274581547643e-01  
q[90]:  5.3531659278921968e-05  1.8718233763679669e-02  9.9555356366557224e-01  8.8989833604723090e-01  
q[91]:  6.3037300123837010e-05  7.3687051801211087e-03  9.7868117674094091e-01  9.2857674495163500e-01  
q[92]:  2.1293325079963366e-05  1.3646995846679878e-02  9.9158061140830134e-01  9.8195407303446669e-01  
q[93]:  8.0785689367461749e-05  6.8059058672666428e-02  5.1838389695275093e-02  4.6444772481008957e-02  
q[94]:  3.5671532851918724e-04  7.5980406631024025e-02  1.6177966807679103e-01  1.2465446428205217e-01  
q[95]:  5.0214957617557439e-05  5.6598133464719459e-02  4.4478592930617261e-02  1.9564275899988551e-03  
q[96]:  1.1459882951675043e-04  4.7204724643580928e-02  6.4446314862333806e-02  3.0887121080388848e-02  
q[97]:  2.5528730174077921e-04  4.0802804142715719e-02  1.3408888276521089e-01  4.4713352985195222e-02  
q[98]:  2.0393643955329084e-04  9.3549504646507881e-02  2.1353277439950474e-01  2.0859284859834124e-01  
q[99]:  1.7919187454338106e-04  7.8077703649459429e-02  2.2243511072533037e-01  6.7546763576926900e-03  
q[100]: 4.3480085689385801e-04  8.0604671820494883e-02  2.0298158122238888e-01  3.8355691498478083e-02  
q[101]: 5.4647463493966196e-04  4.9068090465914087e-02  3.1289797227090571e-01  9.6443008501905070e-02  
q[102]: 3.5791046518227358e-04  4.4951950807565408e-02  2.5600733867896813e-01  2.1863855387573045e-01  
q[103]: 1.6782323798532908e-04  2.7017591446439747e-02  3.0529060299549110e-01  2.9709841579473451e-01  
q[104]: 2.9438741975339368e-04  4.4988469290451007e-02  3.0384546278469077e-01  2.4731404895661790e-02  
q[105]: 6.9276613097834269e-04  9.7153802754279844e-02  3.2596202605609870e-01  1.5320151586872233e-01  
q[106]: 1.0003161056746179e-03  1.0934094373194281e-01  3.9804491480221227e-01  2.2545343249070063e-01  
q[107]: 1.5618813915721811e-04  4.8426011035967734e-02  3.8500968690698656e-01  4.3694493198209892e-03  
q[108]: 8.0444705220275895e-04  8.0613737313057876e-02  4.2627705380549524e-01  1.1841630538124238e-01  
q[109]: 2.2448698435174880e-04  3.8545184763518911e-02  5.2424101378583221e-01  1.4833298915305786e-02  
q[110]: 6.8297380522822602e-04  6.8621552751464004e-02  5.6482867981748053e-01  3.2672320363266460e-01  
q[111]: 7.8940968017143440e-04  5.9029929825393186e-02  5.7297302350428603e-01  4.7348084016143949e-01  
q[112]: 6.8603041579178578e-04  1.1023168375981747e-01  5.3279209803536765e-01  4.9918283978946409e-01  
q[113]: 4.8231295528436673e-04  5.3392738906229267e-02  6.1666617746320096e-01  4.2384760282248669e-02  
q[114]: 1.1914366061150758e-03  7.8931036209529598e-02  6.4079563817309704e-01  1.9785393314708347e-01  
q[115]: 1.4270637503372712e-03  1.1326845488313285e-01  6.3949598494964843e-01  3.0741926015897131e-01  
q[116]: 8.3122965862820087e-04  7.7684626243345961e-02  6.5999126790371376e-01  4.8804354565623376e-01  
q[117]: 5.4781225780543309e-04  4.6201527977212761e-02  6.4130398411452572e-01  5.9793264713788208e-01  
q[118]: 4.4658849297962662e-04  1.0949515992388970e-01  6.8997626213215324e-01  2.6333104923924062e-02  
q[119]: 3.6441750487449536e-04  4.7334781995517022e-02  7.6392663908727154e-01  4.2173234949651028e-02  
q[120]: 4.0180796911499622e-04  3.3855885883621734e-02  7.3893026181703581e-01  9.0270620192601542e-02  
q[121]: 1.1471753714195996e-03  8.0929987736120007e-02  7.7791915272897516e-01  3.3128128629773401e-01  
q[122]: 1.0403742040318487e-03  7.9201696685143042e-02  7.5473883009204235e-01  4.3313971671572121e-01  
q[123]: 1.6939101435703522e-04  3.7192802286781693e-02  7.3517511427391524e-01  7.2900729617223370e-01  
q[124]: 1.4650716195513852e-04  8.7223583323044807e-02  8.1115013910310285e-01  5.2555806788103189e-03  
q[125]: 6.9019655794166229e-04  8.3138848108972388e-02  8.3123750028500409e-01  9.0024845619521648e-02  
q[126]: 5.2116911500548998e-04  7.4413642537051794e-02  8.6883915183247029e-01  7.4087708563848731e-01  
q[127]: 3.7770798782537561e-04  6.0649991708708884e-02  8.2685151039731331e-01  7.8914521428150708e-01  
q[128]: 3.4118805471691018e-04  5.1302187727666031e-02  8.8352637251701094e-01  3.2455906725004903e-02  
q[129]: 7.3658580677925961e-04  4.8947347023357228e-02  8.9797620012203416e-01  3.4689570762558697e-01  
q[130]: 6.9302121443378674e-04  6.4254795452860003e-02  8.8390984958187435e-01  5.5038209705675312e-01  
q[131]: 3.7463754824187229e-04  2.7873023470948433e-02  9.1638247118066141e-01  7.6315462687626212e-01  
q[132]: 1.2817427333524091e-04  3.9169396326806057e-02  8.6947156934953862e-01  8.6097258104324004e-01  
q[133]: 8.2724701925014806e-05  4.6678161128132105e-02  9.5240128817048775e-01  6.2022792917170687e-03  
q[134]: 1.5487991803363505e-04  2.5185804301188035e-02  9.5495002376186688e-01  5.5151631701976324e-02  
q[135]: 3.9567877346569335e-04  3.6088225048169338e-02  9.5902427607038576e-01  2.4403854109285492e-01  
q[136]: 2.8776429153594299e-04  4.3035230892059163e-02  9.5972854538521501e-01  8.6384761453238368e-01  
q[137]: 1.9084540590023642e-04  4.9186439165176871e-02  9.4420605277950520e-01  9.0746222902250495e-01  
q[138]: 1.0646866244597519e-04  1.0314482938614504e-01  9.2049165001356725e-01  9.1658350776746333e-01  
q[139]: 9.6173226774912504e-05  5.9189650940507363e-02  9.9131867365763493e-01  4.2504494422610492e-02  
q[140]: 1.1057212926385582e-04  9.3090053764366187e-02  9.9692690898856728e-01  1.0425865342162380e-01  
q[141]: 2.3015124018670906e-04  8.6633912664474552e-02  9.9302434183242871e-01  2.3224686387322449e-01  
q[142]: 1.9300731916220955e-04  5.2347079811151186e-02  9.9385955228138068e-01  3.6815799754396739e-01  
q[143]: 4.4150558545999762e-04  4.2214376866388639e-02  9.6852624812697163e-01  4.7251149435131617e-01  
q[144]: 2.2440730610920524e-04  5.8933922091108114e-02  9.9353248512206149e-01  6.0235392888628814e-01  
q[145]: 4.3832007737080596e-04  5.2515982151805751e-02  9.6213723630069992e-01  6.9845991451817258e-01  
q[146]: 6.4762190783916959e-05  5.4882391173728909e-02  9.9609001929886820e-01  9.5458854663918868e-01  
q[147]: 6.9330681010028197e-05  6.0649493724493117e-02  9.7525778243397920e-01  9.6793931897610597e-01  
q[148]: 4.7829418118557869e-05  1.1263521856954652e-01  1.3778785266351935e-02  8.0650693965553591e-03  
q[149]: 2.7244047857301074e-04  1.1597897704749695e-01  8.4309092462243412e-02  4.8483529042316072e-02  
q[150]: 2.2730678115735482e-04  1.4823950709381548e-01  1.0828276027958174e-01  1.0037357096923868e-01  
q[151]: 2.3905112477650743e-04  1.0721502832803760e-01  1.0356843127078305e-01  1.2650499390503923e-02  
q[152]: 5.5235533755265730e-04  1.2371955931686113e-01  1.7316939027657358e-01  8.8091401231534111e-02  
q[153]: 5.9546970426193431e-04  1.7392509449176133e-01  2.0832452347291527e-01  1.7825033091264100e-01  
q[154]: 7.4313144446807417e-04  1.4945305370175374e-01  2.4576511065979317e-01  7.3053494246580031e-02  
q[155]: 4.5096738769290223e-04  7.4142690896325733e-02  2.4388242953879360e-01  1.4993241621030126e-01  
q[156]: 5.0827703833504923e-04  1.1053347340036532e-01  3.2406072564393557e-01  2.9179248764360288e-01  
q[157]: 3.0032020103248664e-04  1.3898231381986281e-01  3.1456515666947721e-01  9.6892919171652006e-03  
q[158]: 7.9121778845542322e-04  1.2033924045471624e-01  3.4676928678331870e-01  5.3961544172226754e-02  
q[159]: 2.7785784825353263e-04  9.5910597515889998e-02  3.9168279607805473e-01  3.8521101954006648e-01  
q[160]: 6.4185368395237223e-04  9.9163735362818320e-02  4.5570800516362703e-01  2.8246639649482118e-02  
q[161]: 1.6694566455465630e-03  1.6999059614871323e-01  5.0930645970921251e-01  2.5173980526736511e-01  
q[162]: 8.0331304321925700e-04  8.2480533141704199e-02  4.2420098986353361e-01  3.3759389695256808e-01  
q[163]: 2.2322856973576078e-04  1.6174209668512066e-01  4.7504568479554593e-01  3.3458298468504745e-03  
q[164]: 9.7477730419740188e-04  1.0457488533903467e-01  5.6175389950104171e-01  8.2197886714851315e-02  
q[165]: 9.2650796487644439e-04  7.6136975711750834e-02  5.1474080278261158e-01  2.0418469531553146e-01  
q[166]: 9.3033419260647808e-04  1.6001072893419035e-01  5.0179869618486950e-01  4.2681979658641406e-01  
q[167]: 2.0948350197226028e-04  9.6817708970472691e-02  5.9132791732898338e-01  4.0859854027133283e-03  
q[168]: 9.1192832107034728e-04  1.3573554202219679e-01  6.8077485093546020e-01  7.6957505769854481e-02  
q[169]: 9.0125977965637989e-04  1.3306646418280454e-01  6.4759276665115928e-01  5.5105697690173705e-01  
q[170]: 2.6017665041311484e-04  9.5936792296713674e-02  6.1241425346644962e-01  6.0654535333459880e-01  
q[171]: 9.5973162032260602e-04  1.9571331806920339e-01  7.7020789324986350e-01  7.8320754324620753e-02  
q[172]: 1.0075243427885299e-03  9.5200673176310258e-02  7.5073765523799618e-01  1.4544254587526076e-01  
q[173]: 1.0692877400844153e-03  2.1552968894353539e-01  7.9975795397293636e-01  5.6202741457190242e-01  
q[174]: 4.1767303861889966e-04  1.0359008914544833e-01  7.2833640478987660e-01  7.0316966946836978e-01  
q[175]: 5.4742986007325035e-04  1.3829444118787629e-01  8.0915823038724199e-01  2.9173755563754639e-02  
q[176]: 8.5217156214040094e-04  1.3872408031427355e-01  8.4117407149237988e-01  4.5192580674189731e-01  
q[177]: 1.0279416558076166e-03  1.3457566441722718e-01  8.0014176439569462e-01  6.5672889359320485e-01  
q[178]: 2.3902089721444765e-04  1.2669919123147455e-01  8.1819513370033714e-01  8.1181910290614934e-01  
q[179]: 1.4287726207903748e-04  1.2292315203255669e-01  9.0095068644670417e-01  4.4064911981624363e-03  
q[180]: 6.0111442065338130e-04  1.0954058427059878e-01  9.1507881811798852e-01  8.3602285931528478e-02  
q[181]: 9.5473640581638991e-04  1.1480513369725924e-01  9.0384075597031444e-01  2.5775032071908410e-01  
q[182]: 8.9111856209240440e-04  8.8075781282983698e-02  9.0681151861822507e-01  4.5713565953738478e-01  
q[183]: 1.0485690885971709e-03  1.9384160445947055e-01  9.1456723553586161e-01  5.8356312523008014e-01  
q[184]: 5.1381379754164634e-04  1.0215006339460864e-01  9.0162375242291004e-01  8.1929568681232368e-01  
q[185]: 2.6938442768153055e-04  1.1513509305592601e-01  9.0622551132381723e-01  8.7045120198982295e-01  
q[186]: 3.7846394370614600e-04  2.0095935758351552e-01  8.9913791222624817e-01  8.7663400324706475e-01  
q[187]: 2.7298459490616718e-04  1.0400511358866224e-01  9.5678607156464046e-01  3.2825406285709111e-02  
q[188]: 3.8631896002326214e-04  1.3067229412895542e-01  9.7324693536274764e-01  1.7445607481296321e-01  
q[189]: 6.1604863526616704e-04  9.4183077376084334e-02  9.6446964965904014e-01  3.4747000124026284e-01  
q[190]: 4.4843068121303990e-04  8.9625167354803539e-02  9.6516130950213386e-01  7.9033629102253100e-01  
q[191]: 2.4145753599319573e-04  1.2791962251296723e-01  9.7283012864068885e-01  9.3463046912948222e-01  
q[192]: 3.8937576891735449e-05  9.7987865191255005e-02  9.9330285705768862e-01  5.6008175037629915e-03  
q[193]: 4.0327339420599581e-04  1.6719277394121027e-01  9.7513211882622408e-01  8.7290692731976080e-02  
q[194]: 2.5849448433250342e-04  1.6783689503383931e-01  9.9378851407252811e-01  3.2583119099607560e-01  
q[195]: 2.7722786420296820e-04  1.3043909909741241e-01  9.9508820899397177e-01  4.7837466655713529e-01  
q[196]: 6.7727522886214080e-04  1.1279283457290143e-01  9.6192844176270142e-01  5.8955570369340615e-01  
q[197]: 2.2678051644833835e-04  1.1609401949657738e-01  9.9443428304848047e-01  7.0839321331339811e-01  
q[198]: 2.3597685056535542e-04  1.0982465376387901e-01  9.8956922006199854e-01  8.8899157605637913e-01  
q[199]: 3.4463174432047608e-05  1.3297662806208096e-01  9.9716959270908279e-01  9.8999555616049262e-01  
q[200]: 1.6366015119187612e-04  2.2185198986442037e-01  4.5046490448688928e-02  3.7643041124695756e-02  
q[201]: 1.7692462696699846e-04  1.7999594676283456e-01  4.5318580763931596e-02  1.0814581275663695e-02  
q[202]: 5.4993673902649560e-04  2.3245919650893077e-01  1.2563682626096603e-01  8.4803155152228180e-02  
q[203]: 5.4050516542230253e-04  2.0430035893023740e-01  1.3322253907049542e-01  3.7276202638003235e-02  
q[204]: 2.8672535690368856e-04  2.6955457148518880e-01  1.6876241797702549e-01  1.6362962244137508e-01  
q[205]: 2.1981427075840239e-04  1.7026417850451475e-01  1.6769307462797409e-01  5.7093840845481528e-03  
q[206]: 6.6996238662979173e-04  2.2340851545577725e-01  2.7856454003672038e-01  1.2174426126626116e-01  
q[207]: 8.2842960666906730e-04  1.9305577499687160e-01  2.5763887080092263e-01  1.6172667787545381e-01  
q[208]: 3.4450597759164159e-04  2.0062648895986870e-01  2.9390683726843253e-01  2.8737130585255449e-01  
q[209]: 5.9856724688283919e-04  2.0878641769229575e-01  2.5223454619577834e-01  2.8490155687958017e-02  
q[210]: 1.2481163762166736e-03  1.7610757597251114e-01  3.8831279663482354e-01  1.4050993672206630e-01  
q[211]: 7.4409764077274453e-04  1.3717406085480488e-01  3.1305026948854742e-01  2.3672479136229727e-01  
q[212]: 1.3299525617581744e-04  1.9428600528457887e-01  3.5723827929356311e-01  4.3332431073373999e-03  
q[213]: 1.1338567816442070e-03  1.9376539179465982e-01  4.5282878687647898e-01  7.6246577446682756e-02  
q[214]: 1.3448107070991408e-03  1.9761794212667083e-01  4.3044213615981569e-01  3.0282235649388867e-01  
q[215]: 7.8399381163254402e-04  2.0055240936084698e-01  4.1044457233396875e-01  3.7818799317066865e-01  
q[216]: 6.3723058146157553e-04  2.0634653397469127e-01  5.4025474248624328e-01  4.1120436774443200e-02  
q[217]: 1.3451353232871099e-03  1.5575601906649686e-01  5.3671673204324999e-01  1.5369545226005321e-01  
q[218]: 1.3361266590047618e-03  1.2747019755659711e-01  5.4470687382566430e-01  3.7716291950361575e-01  
q[219]: 3.1885642896427904e-04  1.8588160921341831e-01  4.9260669450915323e-01  4.8752118853178178e-01  
q[220]: 6.1817185614260206e-04  1.9480874161208078e-01  5.8774246722485390e-01  2.4372391574999923e-02  
q[221]: 1.5975974575570327e-03  2.0037825794499975e-01  6.4885941002911185e-01  1.4204641535698304e-01  
q[222]: 1.1251364337505506e-03  1.9223597417277738e-01  6.6240853491409657e-01  2.6085018798976722e-01  
q[223]: 1.5703287647582172e-03  1.5526880530209553e-01  6.8176573484037439e-01  4.4297303395567783e-01  
q[224]: 7.1529272312738758e-04  2.1533819273505811e-01  6.1515317153028592e-01  5.8833242883325965e-01  
q[225]: 3.0825911043725924e-04  1.8859611245549515e-01  7.0580418868199268e-01  5.8986565025918149e-03  
q[226]: 1.4021180094807243e-03  1.4485334981380468e-01  7.4344529208765586e-01  2.2973916321973398e-01  
q[227]: 1.3295103564836784e-03  2.0650337861395826e-01  6.9763000662167618e-01  5.4711294062929361e-01  
q[228]: 7.1268130405149573e-04  1.5769742802920353e-01  6.9944274428228981e-01  6.3847824111055962e-01  
q[229]: 3.0238091373011386e-04  1.9339147663000783e-01  6.9758876563909711e-01  6.9096042621061771e-01  
q[230]: 2.8024062644352267e-04  2.4359218609964850e-01  8.1952979197990761e-01  5.3091000965357852e-03  
q[231]: 6.6639629183969670e-04  2.1589564611806725e-01  8.6204408256493970e-01  7.2486311906431053e-02  
q[232]: 1.0758600644027250e-03  1.5248238044470747e-01  8.4811840565883323e-01  1.6182644877004893e-01  
q[233]: 1.3511854354011121e-03  1.5046840286311020e-01  8.4908803486090312e-01  3.3775697111795677e-01  
q[234]: 1.1109885653468299e-03  1.4288217789457089e-01  8.2357136514858809e-01  5.3239633962877342e-01  
q[235]: 7.3309817581557071e-04  1.9352052637356695e-01  8.4336095489070839e-01  7.5566739522505277e-01  
q[236]: 6.3462161104460980e-04  1.8914293513409844e-01  8.1598843814421995e-01  7.7517280838018243e-01  
q[237]: 4.5780843437808589e-04  1.9057040253069349e-01  9.0129447400779183e-01  2.9420922701493341e-02  
q[238]: 8.4892309457239529e-04  1.9562874209071668e-01  9.2224467644898844e-01  1.5047250038435220e-01  
q[239]: 1.0643201356513633e-03  1.8360990350277329e-01  9.3591985188812132e-01  3.8938433002027317e-01  
q[240]: 7.5498680725319270e-04  1.6037620958135040e-01  9.2381038410135574e-01  7.5237494636928337e-01  
q[241]: 7.7275982474553481e-04  2.9956430664345629e-01  8.9649776003795090e-01  8.2375045476710973e-01  
q[242]: 1.2533444812745913e-04  1.8656508554425763e-01  9.6766842308586365e-01  6.4694704236343712e-03  
q[243]: 6.5393455487431642e-04  1.8552501715139935e-01  9.6744257048334215e-01  2.6656968227394462e-01  
q[244]: 7.2654264651562418e-04  2.0600446100358985e-01  9.1634750568137491e-01  4.9187399438282609e-01  
q[245]: 6.6533564000702760e-04  1.8862730655017651e-01  9.5018767741818999e-01  8.5488458236313802e-01  
q[246]: 1.4944134710358236e-04  1.9883110926198161e-01  9.6265390305502130e-01  9.5512602691561099e-01  
q[247]: 1.2171699084714970e-04  1.8107928741476612e-01  9.9396279238582341e-01  3.5024547686751790e-02  
q[248]: 2.2252076069919548e-04  2.1338462852785048e-01  9.9558453973461702e-01  1.6960774728326941e-01  
q[249]: 6.1175088109301841e-04  2.5339516842559240e-01  9.8671527934918468e-01  4.0963398655173977e-01  
q[250]: 4.2236389519089188e-04  1.3012883697798491e-01  9.6839908095346250e-01  4.8071251178187741e-01  
q[251]: 6.3438153734977681e-04  1.8129687473472439e-01  9.6843894472327141e-01  6.9237002366605238e-01  
q[252]: 2.8794368893216287e-04  1.7735135388875198e-01  9.9224665997706218e-01  8.0724702015997030e-01  
q[253]: 1.3237844285155640e-04  2.1369651444788587e-01  9.9362849591957436e-01  9.5153300782745343e-01  
q[254]: 6.4212958265044194e-05  2.9917324999760392e-01  1.3307073806743766e-02  4.7255922087691251e-03  
q[255]: 4.0899234472522634e-04  3.2264033585893231e-01  7.3330079865498943e-02  2.8488215670908278e-02  
q[256]: 1.6383437470262653e-04  3.3505629996739994e-01  8.7362674662895740e-02  8.1016303053310409e-02  
q[257]: 1.4479237397751002e-04  2.7385170016275961e-01  8.6148197314780059e-02  1.4711197789115432e-03  
q[258]: 7.3917955736162698e-04  2.9186214759078144e-01  1.9365164128347076e-01  8.6570108216823594e-02  
q[259]: 7.8293376974439039e-04  3.1233123155988329e-01  2.0685797133082692e-01  1.5286778741978027e-01  
q[260]: 5.0987506549333018e-04  2.9901546830954223e-01  1.7895941506443963e-01  2.3603549271550003e-02  
q[261]: 1.3691602659384483e-03  3.7049997422417275e-01  3.2773091311618341e-01  1.4520333250183623e-01  
q[262]: 7.3397455271695519e-04  2.9232649058612853e-01  2.8758437593998654e-01  2.5369444042238060e-01  
q[263]: 2.3090324076393041e-04  2.9465403969897969e-01  2.5518144141047072e-01  2.4181725511477352e-03  
q[264]: 1.1690554441217374e-03  2.7077224331515520e-01  3.2919980881222921e-01  7.8232608117405927e-02  
q[265]: 9.4441153224649322e-04  2.5784965456246128e-01  3.4709144471114489e-01  2.0010452653833469e-01  
q[266]: 3.6793058901100185e-04  3.2165070807692808e-01  3.8364801247536590e-01  3.7852618627558993e-01  
q[267]: 8.4138558346940262e-04  2.5715252454182691e-01  3.9090312238413605e-01  2.6276168572593420e-02  
q[268]: 1.5915436322662519e-03  2.9233080564613545e-01  4.5982829952173715e-01  1.5354816397559959e-01  
q[269]: 1.2348355888088431e-03  2.7588686271693597e-01  4.3863545189017350e-01  2.3173073197254995e-01  
q[270]: 8.7320016999344063e-04  2.6176842016994151e-01  3.6408853742893821e-01  2.9415747417816573e-01  
q[271]: 4.1145464655109826e-04  3.0835000126467560e-01  4.7165054104732218e-01  8.6036015070936975e-03  
q[272]: 1.2834328768937726e-03  2.9459592692952907e-01  5.4026539290235986e-01  9.9640706813734145e-02  
q[273]: 1.8818799486663871e-03  2.7157083315959507e-01  5.8716906306188332e-01  2.2034972335196626e-01  
q[274]: 2.0984981729734501e-03  2.5153261094272827e-01  5.9983162496495290e-01  3.4990315553185641e-01  
q[275]: 6.0927263715291116e-04  3.0284509269525400e-01  4.8192804362462938e-01  4.5854570243017795e-01  
q[276]: 4.0133183207062903e-04  3.1046735922596841e-01  6.0318628998588941e-01  5.4178814478584459e-03  
q[277]: 1.3419209119552684e-03  2.9526781384326944e-01  6.4286863239142533e-01  7.6584270901856863e-02  
q[278]: 1.3807276645494155e-03  3.3403679764202865e-01  6.8410463965873725e-01  2.0848859511098614e-01  
q[279]: 1.5094726601491510e-03  2.4265760090930444e-01  5.7479490310279158e-01  4.3479419727571383e-01  
q[280]: 1.1302532129984560e-03  2.6594963202185029e-01  5.9019310860220897e-01  5.2182005068861226e-01  
q[281]: 3.5400845396685109e-04  3.1854983735186287e-01  5.8667899051667061e-01  5.8173244424178472e-01  
q[282]: 8.7094523189978554e-04  2.7282119695472573e-01  7.1816493439898488e-01  3.3966956270131889e-02  
q[283]: 1.4039723294042507e-03  2.6151029271001897e-01  7.6187291766943954e-01  1.5080833279955375e-01  
q[284]: 1.7178285966988106e-03  2.7952038839575305e-01  7.5837423534416526e-01  2.8438275248702599e-01  
q[285]: 1.7503429360107910e-03  1.9769817118537586e-01  7.3731718025258897e-01  3.6999707961130190e-01  
q[286]: 1.9708672098714664e-03  2.9559862796124153e-01  7.4078059604936319e-01  4.6559183092711687e-01  
q[287]: 1.3182210386546223e-03  2.7631651217040437e-01  7.5590895782781498e-01  6.6502180312201942e-01  
q[288]: 8.0372359247039501e-04  3.0446295741788032e-01  7.3141820584778194e-01  6.9868491269220223e-01  
q[289]: 7.7584645734642881e-04  3.2777865343128337e-01  8.2718956747535144e-01  3.3880642422100864e-02  
q[290]: 6.1783189216035005e-04  2.8657330508572759e-01  8.4087552923558373e-01  1.3566952053512255e-01  
q[291]: 1.3176599108877410e-03  2.2189338580919576e-01  8.3231525748908164e-01  2.3953603961833370e-01  
q[292]: 1.6114757754106298e-03  2.5470094032882384e-01  8.3581281005526586e-01  4.3157379767844467e-01  
q[293]: 1.0107892444532079e-03  2.1749768438303907e-01  8.5422630186432302e-01  6.6532124875237308e-01  
q[294]: 2.5800232787670936e-04  2.6294969516856326e-01  7.8917228476069079e-01  7.8216371615711444e-01  
q[295]: 2.4057606071205783e-04  2.9489450737175932e-01  9.1351468228922716e-01  7.5577384731355165e-03  
q[296]: 7.7663574612137402e-04  3.3724411526693154e-01  8.6603593683565416e-01  9.9009231717271023e-02  
q[297]: 1.1921412301528216e-03  2.5707978942983067e-01  9.2136982415278701e-01  2.6850803847792287e-01  
q[298]: 1.4054205772150237e-03  2.9573604345833038e-01  8.8172374263333209e-01  3.5365606608972794e-01  
q[299]: 1.2811053895852974e-03  3.0518873482389425e-01  8.6353733721941572e-01  5.6521906984403147e-01  
q[300]: 8.9550496226771688e-04  2.8377814891049280e-01  8.8721012205685823e-01  7.4632515131182720e-01  
q[301]: 2.0044211953693740e-04  2.8506876777028728e-01  8.8535730204306307e-01  8.8128536277948677e-01  
q[302]: 3.0587384572082721e-04  2.6935381611514930e-01  9.6325240591406280e-01  3.5091314827656379e-02  
q[303]: 5.7389397648362282e-04  2.6870086136067634e-01  9.3741619341438898e-01  8.0145251135160842e-02  
q[304]: 6.5763058844638339e-04  2.8568505188407389e-01  9.6636124224545172e-01  1.7441650192218303e-01  
q[305]: 1.3221628579269083e-03  3.5478020929803733e-01  9.0750940403886138e-01  4.9212183109027519e-01  
q[306]: 1.0196079069578869e-03  2.8134088359706577e-01  9.3179340721982495e-01  6.7543683615228056e-01  
q[307]: 7.0211205323288605e-04  2.7563456847451923e-01  9.6813936553194635e-01  7.9040756072556051e-01  
q[308]: 4.6822904048862712e-04  2.8660797592272114e-01  9.5311173552899120e-01  9.1084145770110292e-01  
q[309]: 5.9764380240155164e-05  2.8962897698052481e-01  9.9426700988760119e-01  7.3843582983265307e-03  
q[310]: 2.0486319762861595e-04  2.8712639808296397e-01  9.9404502159275543e-01  8.9565189603296250e-02  
q[311]: 3.0700716023772596e-04  2.9821436352198327e-01  9.9455972453389274e-01  2.6923194505799397e-01  
q[312]: 7.9454808416371014e-04  3.4165171885946172e-01  9.6005192536226547e-01  3.7586122345668682e-01  
q[313]: 8.3118526167953570e-04  2.6496297163623844e-01  9.6124722924122974e-01  5.1140690734145755e-01  
q[314]: 4.7712541956568017e-04  2.1533536850068055e-01  9.9122759548623807e-01  5.9284997891143010e-01  
q[315]: 3.8110366491549938e-04  2.9340995437645867e-01  9.9325058985602699e-01  7.0806870920621667e-01  
q[316]: 2.3382435170271135e-04  2.5665259479946578e-01  9.9289113358600900e-01  8.9109670294081289e-01  
q[317]: 9.3419325334934131e-05  3.0170129628301279e-01  9.9002803845005471e-01  9.8144759546631077e-01  
q[318]: 1.4475306119562980e-04  4.2471347601903703e-01  3.3888787682309039e-02  2.7141334905177020e-02  
q[319]: 1.2798251985780333e-04  4.3724934520008957e-01  3.8891529952828408e-02  4.0192896682159302e-03  
q[320]: 2.7841196637613694e-04  3.6644795663526525e-01  1.0365027192776473e-01  8.1574845972263776e-02  
q[321]: 3.9162778770538694e-04  4.0543560085040764e-01  1.1945875723592032e-01  2.4906669450265921e-02  
q[322]: 5.8822557683933178e-04  4.3751973124196980e-01  1.7152164739096806e-01  1.5158190227591944e-01  
q[323]: 2.6503905443269458e-04  4.1392054192528893e-01  1.6294367315602679e-01  4.8088998294127149e-03  
q[324]: 7.8682571458169493e-04  3.5967454510504326e-01  2.3301749980881686e-01  7.1900233220020052e-02  
q[325]: 6.6299747458063512e-04  4.2817684216694069e-01  2.2668398750065499e-01  1.4253627756541362e-01  
q[326]: 4.7455257170080008e-04  3.9409697221473833e-01  2.5869615240721422e-01  2.4954401982481597e-01  
q[327]: 8.6728628843638479e-04  3.7873354660181174e-01  2.9727242747503624e-01  2.9048845960392981e-02  
q[328]: 1.4417807005362715e-03  4.2383202462621983e-01  4.3505537367396968e-01  1.8450722896270910e-01  
q[329]: 1.3720640428257253e-03  3.7509878806079100e-01  3.2177570460157368e-01  2.2334059172354245e-01  
q[330]: 3.1538962894824679e-04  4.0629885346664657e-01  3.6639420797456596e-01  3.6733734808850733e-03  
q[331]: 1.2530004831498281e-03  3.7723427042491703e-01  4.1728936983578041e-01  7.8509317231604814e-02  
q[332]: 1.9345537601929924e-03  4.0510189639239924e-01  5.4404597752379802e-01  2.5991585422936042e-01  
q[333]: 1.9753789863496156e-03  3.5008863255509615e-01  4.9220708135341079e-01  3.1993223002973226e-01  
q[334]: 1.2582463875620790e-03  4.5626169820397239e-01  4.2219737161175158e-01  3.1510728347419514e-01  
q[335]: 1.0668552919955137e-03  4.2628220222354446e-01  3.7842189697891393e-01  3.4081701791090557e-01  
q[336]: 1.1258810334522744e-03  3.7683645703890933e-01  5.0712213590096022e-01  4.3209828753269508e-02  
q[337]: 1.1297386485630829e-03  4.1207881679835923e-01  5.5226951437498539e-01  1.5538416854429371e-01  
q[338]: 2.0228410812806563e-03  3.7347160935789264e-01  6.4392381142303523e-01  4.5767813283514303e-01  
q[339]: 1.4070320744720554e-03  3.3149305781481758e-01  4.7634847759776994e-01  3.9638919986544413e-01  
q[340]: 2.4945158457344741e-04  4.7508649668155900e-01  4.9966749147704270e-01  4.9763208960503302e-01  
q[341]: 1.0021391080429769e-03  4.1656295989935627e-01  6.3241757360663753e-01  3.2138110205159817e-02  
q[342]: 1.0702293884386031e-03  4.7025862502380184e-01  6.6650099427093512e-01  9.0115164984235871e-02  
q[343]: 1.3204946310912972e-03  4.1203006579049006e-01  6.1597642985356449e-01  1.4454757586691025e-01  
q[344]: 2.0270411892874987e-03  3.6070328542993918e-01  6.6461205473021534e-01  3.2795723202360666e-01  
q[345]: 1.4607875150047793e-03  3.8408985274455032e-01  6.5150337248112111e-01  5.5570696338808701e-01  
q[346]: 8.1613230362146902e-04  4.0211148176993822e-01  6.5276500196589848e-01  6.1408390039762228e-01  
q[347]: 4.6076813622614762e-04  3.9380323264827877e-01  7.3794874675604638e-01  7.2528094889689901e-03  
q[348]: 1.4204581823701883e-03  3.9101412576561556e-01  7.6386626480190478e-01  8.5841035100759994e-02  
q[349]: 1.2559354703953172e-03  3.8423581647270860e-01  7.3251106874065430e-01  1.6471494057767203e-01  
q[350]: 1.2284265045085635e-03  3.7882791603532451e-01  7.6512892868171334e-01  3.8512431315517209e-01  
q[351]: 1.1090514806489724e-03  3.1144162925839253e-01  7.4191056886669460e-01  5.7356287300633146e-01  
q[352]: 3.0980983682420398e-04  3.9729533598371713e-01  6.9967532727107395e-01  6.9526952533433628e-01  
q[353]: 3.9104256255413292e-04  4.4225148304080197e-01  8.6241491111463320e-01  8.5803627341026374e-03  
q[354]: 1.6460217000299280e-03  3.8471066931972170e-01  8.4369213213996275e-01  2.2878093036146704e-01  
q[355]: 1.5667917594139025e-03  3.9616541780302977e-01  8.1044796334899327e-01  3.2291846971551791e-01  
q[356]: 1.7213184036738009e-03  4.2037809583769808e-01  8.2242506974497342e-01  4.8989064266813770e-01  
q[357]: 1.2748818915893697e-03  4.1770456060717098e-01  8.2571174102474532e-01  7.3825881756653067e-01  
q[358]: 6.5882876613781462e-04  3.5728579179043085e-01  8.3800387508667451e-01  8.0822626732513547e-01  
q[359]: 2.4624095415819240e-04  4.4422585849252350e-01  8.1062351567081259e-01  8.0587857966419107e-01  
q[360]: 6.1132609800513518e-04  3.9105525017482279e-01  9.1517819157122360e-01  4.2987444791488243e-02  
q[361]: 9.6597562269698609e-04  3.3517604181797406e-01  8.9973977313629794e-01  1.7969249410569058e-01  
q[362]: 1.0085568295762463e-03  3.8010829817610409e-01  8.6762184334250447e-01  6.3390687058145390e-01  
q[363]: 4.8913298929590310e-04  4.2697848444250630e-01  9.0659936290030541e-01  8.7211755619309850e-01  
q[364]: 8.3234344589346206e-04  4.4862730106403337e-01  9.2119408257621049e-01  1.1433618763881978e-01  
q[365]: 8.0241856426711085e-04  3.7250206814348563e-01  9.6930333063294394e-01  2.7912739137942361e-01  
q[366]: 1.4787006335189672e-03  4.7031180012966378e-01  9.0944413829996362e-01  2.9780693565920557e-01  
q[367]: 9.1121595877379088e-04  3.9853704101350362e-01  9.2488287144713377e-01  4.0337835818123635e-01  
q[368]: 8.8210512351711559e-04  3.9098193936157943e-01  9.3148969227663592e-01  7.8510693732880843e-01  
q[369]: 2.4019500223101072e-04  3.8495530026721170e-01  9.4814272180078973e-01  9.3962690989370279e-01  
q[370]: 1.5190861655247449e-04  3.8479515021341132e-01  9.6220805148471722e-01  6.8736234446644621e-03  
q[371]: 1.8040064157021803e-04  3.7258522486552637e-01  9.9023415842082008e-01  3.8773201778251776e-02  
q[372]: 4.9173782228585248e-04  3.7392942294621828e-01  9.6718768114849230e-01  1.0762790098826916e-01  
q[373]: 3.6699870495140763e-04  4.0950535839539548e-01  9.9106682714282646e-01  1.7184977129186002e-01  
q[374]: 2.8207811041224223e-04  4.2626099935576345e-01  9.9771348326716602e-01  3.8235680786339621e-01  
q[375]: 4.4367851888450337e-04  3.6300267050138002e-01  9.9353853436298389e-01  5.1458086010759185e-01  
q[376]: 1.0778424579303322e-03  3.5711442015064138e-01  9.6377808001518395e-01  6.1247176122803171e-01  
q[377]: 6.8859414765545844e-04  4.2909349027160631e-01  9.7603689630061663e-01  7.2727914349008260e-01  
q[378]: 2.3590635732454051e-04  3.7606249765829547e-01  9.9671716588865644e-01  8.1898815808381764e-01  
q[379]: 5.5050054924100120e-04  3.7794383942930759e-01  9.7302919742701388e-01  8.7587085908467466e-01  
q[380]: 1.9472352874224091e-04  3.8769007772899716e-01  9.9146753327529102e-01  9.4905696595155131e-01  
q[381]: 5.8488712814785584e-05  5.6195564968401412e-01  1.1956089501344429e-02  6.6894506583087291e-03  
q[382]: 4.0702953745433190e-04  5.2393129832161756e-01  7.2188088725169686e-02  4.4083355751695905e-02  
q[383]: 1.6486911031999998e-04  5.2045191581450356e-01  9.9485363179598787e-02  9.6879778690967963e-02  
q[384]: 3.1226584592506773e-04  5.3271080135280524e-01  9.4319525043492350e-02  1.0040922514884231e-02  
q[385]: 7.6634524833283811e-04  4.4043565016219299e-01  1.4620601678315789e-01  7.4207727768931572e-02  
q[386]: 8.9917054631919813e-04  4.9128996179532541e-01  2.1710727094223115e-01  4.4123391644495684e-02  
q[387]: 1.3521596392558637e-03  5.2340676204425896e-01  2.6239862847533119e-01  1.3218138492052697e-01  
q[388]: 1.2303605441363154e-03  5.1992455894691259e-01  2.7364977760566755e-01  2.2592445030193478e-01  
q[389]: 4.9724567637545293e-04  5.2135301233403275e-01  2.5486719552197956e-01  9.7956117749545581e-03  
q[390]: 1.2781723550330001e-03  4.7558550583926634e-01  3.3556971741676178e-01  9.0105435953153165e-02  
q[391]: 1.8303989751493122e-03  5.0889058661011444e-01  3.9839386807790239e-01  2.3301032741829059e-01  
q[392]: 3.6155837602666661e-04  4.8856279967287264e-01  4.0395987510587650e-01  3.9396389779632240e-01  
q[393]: 9.8343961499678333e-04  4.9571689437702920e-01  4.0181633937708794e-01  3.3111447219880109e-02  
q[394]: 1.3900469639811994e-03  5.0174568029128885e-01  4.7766862169022084e-01  1.2352229647848184e-01  
q[395]: 1.0815235794013470e-03  5.8840883157798496e-01  3.9876009439459514e-01  3.2346917426952337e-01  
q[396]: 5.9388142219932443e-04  4.8384350462046710e-01  5.1406956932149650e-01  9.7143524352954515e-03  
q[397]: 1.4867964916069026e-03  5.2679345492974372e-01  5.5733709136287346e-01  7.5810645933583290e-02  
q[398]: 1.7970212551492533e-03  5.4075802644958126e-01  5.6436981424636012e-01  2.2004756227325470e-01  
q[399]: 2.1030708798836771e-03  5.1530401626965172e-01  5.6256528326663213e-01  3.4506232970796441e-01  
q[400]: 1.4594248397447386e-03  4.6299855731300493e-01  5.5796500886269562e-01  4.3476681131185929e-01  
q[401]: 1.3560264657692077e-03  5.2029194994539729e-01  5.2767382531025864e-01  4.6612473349918565e-01  
q[402]: 7.8805584649336777e-04  4.1340944094140986e-01  5.3104181273765361e-01  5.0153926412055083e-01  
q[403]: 3.8498262868729696e-04  5.3702204136989851e-01  6.4269330213964315e-01  5.0551010655923477e-03  
q[404]: 1.2052151933563990e-03  5.5713102269203851e-01  6.9777170518496723e-01  1.2670229656802703e-01  
q[405]: 2.1987600522175871e-03  4.8227554589779648e-01  6.8076638847926585e-01  2.5982064387751524e-01  
q[406]: 1.7778723692140961e-03  4.7594735918141323e-01  6.7088413784826439e-01  4.0229595517191391e-01  
q[407]: 1.4255139336389971e-03  5.1727790207537927e-01  7.3258103867650026e-01  5.9701219621429646e-01  
q[408]: 7.3776282802161025e-04  5.3360561172255394e-01  6.2481911412826019e-01  6.1020939588576772e-01  
q[409]: 9.8903920823550451e-04  5.0634031733389451e-01  7.5883734513467394e-01  3.6097498844806619e-02  
q[410]: 1.3389519899254312e-03  5.2512674600140874e-01  7.5822925999063162e-01  3.6614379521225660e-01  
q[411]: 1.8954856686093889e-03  4.6477586768522600e-01  7.6600486175557769e-01  5.4313744328663083e-01  
q[412]: 9.1119307758396847e-04  4.8466995921778810e-01  7.2780373134080512e-01  6.5443681901143624e-01  
q[413]: 7.8391913358157679e-04  5.0155621293390573e-01  7.6651083585320767e-01  7.3506910703589545e-01  
q[414]: 8.8846459095116056e-04  4.9742087284533715e-01  8.5590945896082871e-01  6.2458677552700938e-02  
q[415]: 1.6827912458400472e-03  4.9998622811768156e-01  8.3081859629480492e-01  1.4325502007111676e-01  
q[416]: 1.8141363757782883e-03  5.0809990362314716e-01  7.6964566062452100e-01  2.2499294912965639e-01  
q[417]: 1.7040694192651724e-03  4.9325853319455265e-01  8.6092133247559255e-01  4.0812217530784900e-01  
q[418]: 1.2599220119417296e-03  3.7527279910723094e-01  8.1361161277152738e-01  6.5250460943052302e-01  
q[419]: 2.9713950456072364e-04  5.6826225392853214e-01  8.6290917398679556e-01  8.4461552504692694e-01  
q[420]: 2.1499933642375716e-04  5.3372362110441773e-01  9.3375215285936308e-01  7.4233657021993702e-03  
q[421]: 7.1816376160929501e-04  5.9678508684277243e-01  9.1353577412225306e-01  1.0817902249470834e-01  
q[422]: 8.0648010632249371e-04  4.4613567653352632e-01  9.3466332764899462e-01  2.0594918969443296e-01  
q[423]: 1.6420081011336391e-03  4.8747741856768517e-01  9.1539026553474589e-01  5.7377125308507881e-01  
q[424]: 8.9200050449966947e-04  4.9724394399902333e-01  9.2229002014638706e-01  8.3708068649061229e-01  
q[425]: 2.0510382285235764e-04  5.0511267573820540e-01  8.9427962027114183e-01  8.8840473245136509e-01  
q[426]: 3.5119283796593656e-04  4.7424567767833742e-01  9.6513006348237107e-01  3.9855225966559604e-02  
q[427]: 5.6401158323637511e-04  5.2138500247462749e-01  9.6268604312506911e-01  1.8384860998727234e-01  
q[428]: 1.0395300593325639e-03  4.4939220242095368e-01  9.2167639145645963e-01  6.9682245156266442e-01  
q[429]: 6.5241061017809032e-04  5.2519315831952096e-01  9.7698177252820584e-01  8.1976980513060904e-01  
q[430]: 7.7631933689255309e-05  4.8683627322687945e-01  9.9207108970984159e-01  7.7201776207149646e-03  
q[431]: 1.8538337522514754e-04  4.7096002228325390e-01  9.9389828957488202e-01  8.9007402822612394e-02  
q[432]: 3.0472850362790852e-04  4.9847640584762998e-01  9.9402668055787402e-01  2.5776722867203428e-01  
q[433]: 7.7881118269987988e-04  5.1883917214575936e-01  9.7545538760624839e-01  3.6297282628465066e-01  
q[434]: 1.1484542997053054e-03  4.7417518637804063e-01  9.6663748803965743e-01  4.8539569115122361e-01  
q[435]: 2.6699890266582366e-04  4.5082366342281388e-01  9.9756930709582514e-01  6.3160273642437448e-01  
q[436]: 2.1958637975099318e-04  5.3656157714098651e-01  9.9548800150274563e-01  7.4864450236297164e-01  
q[437]: 1.6920491834223659e-04  5.0370379295446810e-01  9.9794844928599302e-01  9.0216270849281543e-01  
q[438]: 4.0165437058869535e-04  5.0496027437863622e-01  9.6598527951283120e-01  9.2600951673274268e-01  
q[439]: 9.3973329433956801e-05  4.8694433086237304e-01  9.9100066544946153e-01  9.8322484418273259e-01  
q[440]: 1.4209139087309995e-04  6.5362806031605125e-01  5.1206589249027587e-02  4.6594967268230113e-02  
q[441]: 2.1362990586885956e-04  6.4020938378042969e-01  4.6202989320267993e-02  1.1637200523137929e-02  
q[442]: 6.3573839834444137e-04  5.7754350475251914e-01  1.4669666215994429e-01  1.0726396281370740e-01  
q[443]: 7.1456821422286303e-04  5.9770659528678682e-01  1.4811603868194642e-01  4.8939441843065409e-02  
q[444]: 6.1304899143037361e-04  6.2754944163407222e-01  2.2258011058197161e-01  1.5147574643128262e-01  
q[445]: 1.5137188618588365e-04  5.5475155381926677e-01  1.8972816709744997e-01  1.8891750372733193e-01  
q[446]: 3.8527458736394336e-04  6.2400384313028456e-01  1.7011313743696513e-01  9.6036941866148307e-03  
q[447]: 7.3396546368599287e-04  6.1819771944002033e-01  2.5403937539007970e-01  8.4097517385008425e-02  
q[448]: 4.3028878935685546e-04  5.6624634235866400e-01  3.1101712526607417e-01  3.0392688000202134e-01  
q[449]: 1.1577039437698485e-03  6.2435712939378263e-01  3.1675332579007148e-01  4.6726590087169687e-02  
q[450]: 1.5279963533561182e-03  5.9149377577594653e-01  3.8739890485600648e-01  1.4189985842900160e-01  
q[451]: 1.2793957850854001e-03  6.3957148449988599e-01  3.3112229620617023e-01  2.2316923131458893e-01  
q[452]: 4.1202095440175042e-04  5.9424386187243539e-01  3.7876664295241425e-01  8.0652946361512746e-03  
q[453]: 9.5744619563638636e-04  5.9839388656464787e-01  4.4339800580991628e-01  7.3878701867544930e-02  
q[454]: 1.4987788167706317e-03  6.0443328263847373e-01  4.8326199090487426e-01  2.4382719272995854e-01  
q[455]: 1.7447814653087186e-03  6.1823960524431709e-01  5.0888968195320738e-01  3.7115994854340312e-01  
q[456]: 7.6462693419970243e-04  6.1108838082683126e-01  4.2408122151780098e-01  3.9082476565184965e-01  
q[457]: 9.6633481218450531e-04  7.1896146650212123e-01  5.0699815019757932e-01  4.4244048823641058e-01  
q[458]: 9.3458369213160225e-04  6.3462538990923101e-01  5.2400951481960523e-01  3.2254010192140067e-02  
q[459]: 1.1136256581225094e-03  5.6024529316926164e-01  6.4631444642406077e-01  5.1229999604422316e-01  
q[460]: 6.1219799233655113e-04  6.3103138807832349e-01  4.9985973205935591e-01  4.8640397849979228e-01  
q[461]: 9.3357097390848098e-04  6.0480618901758298e-01  6.4782089513975483e-01  3.5985781968282095e-02  
q[462]: 1.8098334664525455e-03  6.0633520591952283e-01  6.3345738768040682e-01  1.7320289635037531e-01  
q[463]: 2.4508187067321142e-03  6.3302540912008398e-01  6.4665493606510038e-01  3.1997420652438585e-01  
q[464]: 1.9487523603192267e-03  6.2353685815510340e-01  6.7463230519621054e-01  4.7091789789802291e-01  
q[465]: 1.3855480018347298e-03  6.1450331249890522e-01  6.3490911761922653e-01  5.7460149296806051e-01  
q[466]: 4.8605049634538523e-04  6.8178020828413133e-01  7.2385329576207669e-01  1.0295043389941616e-02  
q[467]: 1.0363050109969420e-03  6.2503448250620630e-01  7.3641941857185367e-01  7.8123668319445075e-02  
q[468]: 1.0757711076796036e-03  6.2953139953929582e-01  7.7299451984096812e-01  1.6672553574647275e-01  
q[469]: 1.7283086773194184e-03  6.3762878010259116e-01  7.6962739599178820e-01  3.2011096012126716e-01  
q[470]: 1.5328875666777088e-03  5.6977742096127604e-01  7.5319564303525155e-01  4.4403009755945605e-01  
q[471]: 1.4566211565516134e-03  6.4815651925653262e-01  7.8882235554750801e-01  6.5047049803032442e-01  
q[472]: 3.6585386286081906e-04  6.0057943640994849e-01  7.3482324454999226e-01  7.2708751187391785e-01  
q[473]: 2.6321804330058985e-04  5.7557217539420391e-01  7.9658728687605840e-01  4.8061819454381866e-03  
q[474]: 9.8870393911938063e-04  6.5072612428125343e-01  8.2052780507421308e-01  8.4139814699637092e-02  
q[475]: 1.4470109200068388e-03  5.9984801196388937e-01  8.9366900827397144e-01  1.9994941985023981e-01  
q[476]: 1.5414778111089988e-03  5.8045862284397420e-01  8.4734565513886373e-01  3.0036270235709689e-01  
q[477]: 1.6275368071872885e-03  6.1238990068468879e-01  8.4821218775734641e-01  5.0077991195855065e-01  
q[478]: 1.5749200455239414e-03  5.6270328356636889e-01  8.5155439111061748e-01  6.0878441043355913e-01  
q[479]: 9.5260646008780113e-04  5.8885893380949850e-01  8.4804246398605843e-01  7.8925593904176694e-01  
q[480]: 2.2827113969548871e-04  6.6178769287745698e-01  8.1916898820043504e-01  8.1342606300911557e-01  
q[481]: 3.8726896383101263e-04  6.1036868095751751e-01  8.3910211203905261e-01  2.4662540913292053e-02  
q[482]: 5.0670683751459576e-04  5.8346893263663691e-01  9.1377385300869574e-01  3.4754237508173288e-02  
q[483]: 1.4496987608564789e-03  5.3696819162117171e-01  8.6665781832323086e-01  7.1851139570956835e-01  
q[484]: 4.2685279160697227e-04  6.3397787660471139e-01  9.1946754601655301e-01  8.8900290327177434e-01  
q[485]: 1.2977831999918054e-04  6.2793917377184549e-01  9.7617248493699782e-01  8.1465329319384879e-03  
q[486]: 6.0319187798040864e-04  5.8634106316382040e-01  9.6783914543480487e-01  2.5564490030534193e-01  
q[487]: 8.8482639038951435e-04  6.0249776643453079e-01  9.3133293498070269e-01  3.3598720383627534e-01  
q[488]: 1.4911065542213130e-03  5.9471278812383499e-01  9.1855741817810654e-01  4.5158590395596815e-01  
q[489]: 9.6960132040468873e-04  6.3790735924607866e-01  9.2875932495713731e-01  7.8031882419599286e-01  
q[490]: 5.3718731072907643e-04  6.2545303911639449e-01  9.7128384784921706e-01  8.8572562392948340e-01  
q[491]: 1.7876164783684823e-04  5.9729555116635591e-01  9.5888944888255012e-01  9.5242697747751692e-01  
q[492]: 1.0128351026310530e-04  5.7766120842093927e-01  9.9771408112622573e-01  3.7311572524309042e-02  
q[493]: 5.3303872066793852e-04  5.5992711239577686e-01  9.6752951151606803e-01  8.7475637369636830e-02  
q[494]: 2.7533653434362457e-04  5.9001051970919638e-01  9.9366907130183713e-01  1.5038890724067711e-01  
q[495]: 3.2035680646282159e-04  6.4404682362339738e-01  9.9257280687064475e-01  3.5822803755191140e-01  
q[496]: 4.9777732278745478e-04  5.9515239649845775e-01  9.9360817108029409e-01  4.9101433176820297e-01  
q[497]: 7.1035318200332522e-04  5.4366384290111658e-01  9.7861684850777564e-01  6.1448750865446822e-01  
q[498]: 8.9458581569177751e-04  5.8814329757457928e-01  9.5247368488536377e-01  7.1113551245965501e-01  
q[499]: 2.6432622725034740e-04  6.7211573805366509e-01  9.9467290215434079e-01  8.3497875964264812e-01  
q[500]: 1.5129505486442991e-04  6.1670005200206646e-01  9.9445567087179720e-01  9.5747980262592880e-01  
q[501]: 6.9075165925260672e-05  7.4623749073525625e-01  1.6649255167154462e-02  8.4226480936855745e-03  
q[502]: 4.2170173432310056e-04  7.0917902396344346e-01  9.2588726164842108e-02  4.1479377414410719e-02  
q[503]: 2.8669822259963810e-04  6.8361015062898489e-01  1.1086302952576885e-01  9.4302861496664420e-02  
q[504]: 1.9356175020750942e-04  7.2161508609522584e-01  9.9092175214449352e-02  5.2487935725138938e-03  
q[505]: 7.0880390112499389e-04  6.9965220707565212e-01  1.9462444145510802e-01  9.4030146287117797e-02  
q[506]: 5.5627386939807049e-04  6.5727600802750963e-01  2.0598840946778565e-01  1.8856292338806274e-01  
q[507]: 6.7884180747598572e-04  7.2359781787275002e-01  2.0672040927922986e-01  3.2927690372822338e-02  
q[508]: 1.2775568259945317e-03  6.9840859933295407e-01  3.3630159083786804e-01  1.6687022092747941e-01  
q[509]: 8.3742188945432712e-04  7.0200741555030222e-01  3.1215486212693572e-01  2.8407412751722810e-01  
q[510]: 3.5706279379711653e-04  7.0036582048572293e-01  2.8395846058562185e-01  6.3262375905348400e-03  
q[511]: 8.5176937756557640e-04  7.2824353164249267e-01  3.1126478809270780e-01  9.4399822918295018e-02  
q[512]: 1.2078562339311500e-03  6.9861772886816953e-01  4.6116862591751140e-01  2.8050626215965130e-01  
q[513]: 2.8281813023161607e-04  7.2054619158396449e-01  3.9433310395064630e-01  3.9155463466216534e-01  
q[514]: 7.2637941298312435e-04  7.2116580103256400e-01  4.3033486471409221e-01  3.8375394091403850e-02  
q[515]: 1.4762026410329583e-03  6.6534520743004311e-01  4.9818174063407500e-01  1.6149673909497866e-01  
q[516]: 1.1299842124767431e-03  7.3130518632449582e-01  5.4158845334592387e-01  2.6101754276399797e-01  
q[517]: 9.3691029234132227e-04  7.3451155009198399e-01  4.1802848783274588e-01  3.3385443983008750e-01  
q[518]: 2.1079334105768684e-04  6.4419870637745436e-01  4.8497888601609745e-01  3.0339176337209066e-03  
q[519]: 1.4768478863871866e-03  6.8934542969564372e-01  5.6616528358952556e-01  1.1005038867181365e-01  
q[520]: 1.4767151260023036e-03  7.1637818110609042e-01  5.9179245234173006e-01  3.6737869125353462e-01  
q[521]: 1.3560721080825282e-03  7.0276976566908689e-01  5.9964143899930078e-01  4.8172245965770100e-01  
q[522]: 7.4210852584775727e-04  7.3987263529783065e-01  5.7051899197121592e-01  5.4248977639186102e-01  
q[523]: 4.6225702794863770e-04  7.3181110673801031e-01  5.9062332920525751e-01  7.6028844543678782e-03  
q[524]: 1.2187296463019464e-03  7.3729492644261507e-01  6.3449900319492902e-01  6.8623486353361171e-02  
q[525]: 1.6476394987738417e-03  7.5707708131315976e-01  6.1658565431977708e-01  2.3236897830447970e-01  
q[526]: 1.1216854667454653e-03  7.6289357186108442e-01  7.0951627170757481e-01  5.4672794095175548e-01  
q[527]: 1.1005327507278575e-03  7.6294632042992905e-01  6.9521178034112630e-01  5.9573208432693014e-01  
q[528]: 2.2628961184065384e-04  6.9239841173235550e-01  6.1474579346792668e-01  6.1353860089270251e-01  
q[529]: 8.3493732906994491e-04  7.6159615148145487e-01  7.4570294946721050e-01  3.9721370295330037e-02  
q[530]: 1.5986273727785485e-03  6.9392569882738497e-01  7.1531759274345741e-01  2.2696541769311049e-01  
q[531]: 1.9941789546459427e-03  7.4427327540427113e-01  7.4043891357076841e-01  4.2581792705209975e-01  
q[532]: 1.6043210849608813e-03  6.8349118634385120e-01  7.8392544570200584e-01  5.4896241196148210e-01  
q[533]: 8.6334227121064977e-04  6.4505923201404036e-01  7.6020482595104288e-01  6.9060162760573829e-01  
q[534]: 7.3338880585563392e-04  7.0318143127738464e-01  7.1099239797922453e-01  6.8086280463437465e-01  
q[535]: 5.0736925241220293e-04  7.2023295009303934e-01  8.4195743466301554e-01  3.1674042957706226e-02  
q[536]: 1.2211776660852724e-03  7.6087376744011737e-01  7.9990674632662506e-01  1.4072081242449092e-01  
q[537]: 1.4066158844719210e-03  7.0060978888461067e-01  8.4053207472961844e-01  2.3237092915967236e-01  
q[538]: 1.4656662343608821e-03  7.0572577831937000e-01  8.3033497534932588e-01  4.1379705812571821e-01  
q[539]: 1.1048249316932576e-03  7.7486715452132138e-01  8.3837828425796634e-01  6.4798925663745166e-01  
q[540]: 9.5704473213348805e-04  7.2551034872005959e-01  8.5904983958390435e-01  7.5231363889329084e-01  
q[541]: 2.0773941680894551e-04  6.8565855516187946e-01  8.9084867563684167e-01  4.4786645496230236e-03  
q[542]: 4.9868796948128360e-04  6.9110313146263036e-01  8.7791731164885423e-01  1.2089787300276668e-01  
q[543]: 1.1070316833022924e-03  7.2164374486340210e-01  9.4011201094284702e-01  2.6237807042744166e-01  
q[544]: 1.4283673050648372e-03  7.2867480822381026e-01  8.8260664066951655e-01  3.5459273261480878e-01  
q[545]: 1.0839474344434938e-03  7.3083853871108118e-01  8.9596442708165835e-01  5.5422087580033397e-01  
q[546]: 1.8810676440410024e-04  7.3007118568350649e-01  9.0487383075476502e-01  9.0098238996667701e-01  
q[547]: 1.9165401538942596e-04  7.5370693737329375e-01  9.4319883022461248e-01  1.1307356560658861e-02  
q[548]: 3.0033075448825331e-04  6.7030719307074693e-01  9.7280898751573885e-01  3.8695843494142484e-02  
q[549]: 7.8064006440990263e-04  6.8534332936946141e-01  9.6267303146055960e-01  1.5633747241735205e-01  
q[550]: 9.1027532203176735e-04  6.8680230842873480e-01  9.5627354377767304e-01  5.2555929958004066e-01  
q[551]: 7.7310806878659317e-04  6.3159322627550440e-01  9.4296013684703606e-01  6.0993495931260866e-01  
q[552]: 1.2776538664584316e-03  6.9706042880936514e-01  9.0048613198809768e-01  6.6335939762540896e-01  
q[553]: 6.4573845881503173e-04  7.4634273788972971e-01  9.6549976668166093e-01  7.9425448665726717e-01  
q[554]: 3.2419057997954369e-04  7.3457030303929294e-01  9.6500050324983522e-01  9.3480315903939104e-01  
q[555]: 4.2752669460939199e-05  7.3063485417760976e-01  9.9589877127854265e-01  5.8771381310296234e-03  
q[556]: 2.3893486770429267e-04  7.0532469546969689e-01  9.9306354264234997e-01  8.7020411508315104e-02  
q[557]: 3.2794813476042276e-04  6.7592654437733335e-01  9.9307558658058281e-01  2.5310694163503250e-01  
q[558]: 8.0322169486378187e-04  6.8637767697373597e-01  9.6029574919965333e-01  3.9389133883099736e-01  
q[559]: 4.8455537508465768e-04  7.6221882902008098e-01  9.8223465287672562e-01  4.6754512903386786e-01  
q[560]: 2.4463074627370887e-04  6.5370232456698874e-01  9.8968916784592997e-01  6.1413336276136865e-01  
q[561]: 3.6707322442714824e-04  6.6325651339375780e-01  9.9179843285569380e-01  7.2403013863088261e-01  
q[562]: 2.4052263868910219e-04  7.5321618465486362e-01  9.9218660077614373e-01  9.0857475354275086e-01  
q[563]: 6.5108606800130217e-05  7.0344323391427499e-01  9.9315372404927016e-01  9.8646285207254403e-01  
q[564]: 1.7503914966674857e-04  8.0660031900822682e-01  4.9149767760853447e-02  3.8178857236884634e-02  
q[565]: 9.6303677584400321e-05  8.1206428267731012e-01  4.4585957790439092e-02  3.8894556811338399e-03  
q[566]: 3.9398017019042902e-04  7.9722419574373349e-01  1.2028936446003860e-01  8.1116002124090897e-02  
q[567]: 3.6520789696802149e-04  7.9414735232799916e-01  1.3281507031347331e-01  3.5120797644984811e-02  
q[568]: 2.0685335912358445e-04  7.6261341604585653e-01  1.3875524577398815e-01  1.3351785441862432e-01  
q[569]: 1.9601903477748929e-04  8.1398934744741813e-01  1.8983671344872666e-01  2.6631123754543356e-03  
q[570]: 8.0853958750077204e-04  8.1072272832392867e-01  2.3702440722779777e-01  8.7743608115133126e-02  
q[571]: 6.8895334865581804e-04  7.5929124010209348e-01  2.0798093464209916e-01  1.4498055313693908e-01  
q[572]: 2.3688263758939987e-04  7.8718811062972960e-01  2.5635983164031079e-01  2.5307546544057258e-01  
q[573]: 7.3064260059110852e-04  8.0325347804410641e-01  3.0045722239356099e-01  3.1517034733990403e-02  
q[574]: 1.4582305266399264e-03  7.8045955848658866e-01  4.3494892516714184e-01  1.8397813965148543e-01  
q[575]: 8.1644802270325236e-04  7.6733330457745397e-01  2.9997374873904048e-01  2.2731464262741657e-01  
q[576]: 4.1641868352018478e-04  7.5971062804996314e-01  4.0434303353625917e-01  1.2422862824928821e-02  
q[577]: 1.1586539906381333e-03  7.3659530444765142e-01  4.2285119836903678e-01  9.2216326103476895e-02  
q[578]: 1.3036800634061889e-03  8.0256458247469897e-01  4.2631611745748288e-01  2.8061372419030173e-01  
q[579]: 7.6858025847886737e-04  8.0925513729447618e-01  4.2056695386220194e-01  3.9364765512683308e-01  
q[580]: 6.2762041426631706e-04  8.1158638921769355e-01  5.3885156435926806e-01  3.0686370190448717e-02  
q[581]: 1.2661125990287821e-03  8.1945933404850180e-01  5.4919482648144458e-01  1.6481270583245466e-01  
q[582]: 1.4580020860453225e-03  8.5471350875472119e-01  5.5897849628252105e-01  2.8667770700155182e-01  
q[583]: 1.3268141153558078e-03  8.1776475036751117e-01  5.4804267424662634e-01  3.9618865245818519e-01  
q[584]: 3.1563101860333949e-04  8.2901060851476061e-01  5.1650027013645627e-01  5.1123255882802465e-01  
q[585]: 5.5725056245888461e-04  8.4326325252360113e-01  6.4732703049141727e-01  2.7095399415975895e-02  
q[586]: 1.3910888297587673e-03  8.3112345187228709e-01  6.6230485347403401e-01  1.4893018267549693e-01  
q[587]: 1.3702947757230726e-03  7.8548216771035928e-01  7.2094538216072723e-01  3.1227356448857896e-01  
q[588]: 5.6301628041408069e-04  8.2237864938651450e-01  6.5194941887319069e-01  6.2561523791572438e-01  
q[589]: 2.2552692836331153e-04  8.4424601550180511e-01  6.9990299472461504e-01  4.1599783552625381e-03  
q[590]: 9.1025608573598127e-04  7.3826914725529036e-01  6.9901990967705052e-01  1.2797929249559903e-01  
q[591]: 1.1515939405755964e-03  8.2260715086068725e-01  8.1056345605333358e-01  3.0832467741756320e-01  
q[592]: 5.2408559564337965e-04  8.5627098090464204e-01  7.6502917094708822e-01  6.0434624006360482e-01  
q[593]: 7.2711413191706262e-04  8.0402039756654331e-01  7.6601477809071528e-01  6.9377183766151485e-01  
q[594]: 2.7005323987025460e-04  8.0105522021969211e-01  7.2530037265800051e-01  7.2039868213644742e-01  
q[595]: 2.6735514118696001e-04  8.0380639481915073e-01  8.1657888937013978e-01  5.4806925744134141e-03  
q[596]: 8.0861102251113639e-04  8.1488296673957661e-01  8.5289217866880285e-01  7.5383915621853675e-02  
q[597]: 1.0177990650897327e-03  7.7930688914544954e-01  9.0514990044681320e-01  1.5744777865792528e-01  
q[598]: 1.1257643041204350e-03  8.3130202418032884e-01  8.8425279858284556e-01  2.5635003707738135e-01  
q[599]: 1.4949345992852497e-03  8.2000451764852478e-01  8.3703872537864865e-01  5.3617372538054531e-01  
q[600]: 6.2528158396112001e-04  7.4330038626324879e-01  8.2394530507187591e-01  7.9733962271133307e-01  
q[601]: 3.9151257326255380e-04  8.3179694562170048e-01  8.9981245654227326e-01  2.8280939783882880e-02  
q[602]: 5.6475461844930326e-04  7.0468298386146022e-01  9.1987467663235245e-01  6.7128159302736787e-02  
q[603]: 9.4180036979745472e-04  8.2546844132238839e-01  9.3493146399485361e-01  3.7711659445394546e-01  
q[604]: 9.3103640664139536e-04  7.9168021151738877e-01  8.9821858275407496e-01  4.6593012792111804e-01  
q[605]: 8.8237101071501878e-04  8.1681478564002330e-01  9.0419909422029521e-01  7.4311797179438499e-01  
q[606]: 6.5005589286157967e-04  7.1087847168282714e-01  9.1520883804885489e-01  8.4289861319662229e-01  
q[607]: 8.9136231611132069e-05  8.3526819670250685e-01  9.6712662083587686e-01  4.8985197470631384e-03  
q[608]: 6.0716536334166665e-04  8.0483473656348736e-01  9.7695640312883447e-01  2.8267440780554809e-01  
q[609]: 5.9185563402868542e-04  8.1805654237526815e-01  9.5389294172647987e-01  8.6154135492290240e-01  
q[610]: 1.0295432906649751e-04  8.1764543167505033e-01  9.6787338844685500e-01  9.6287080882199105e-01  
q[611]: 1.6323813630803326e-04  8.0924908126839412e-01  9.9153732692263818e-01  3.4417741527171052e-02  
q[612]: 1.7967525682218561e-04  7.6505521192630799e-01  9.4072778719040706e-01  4.3699973005001863e-02  
q[613]: 3.1309353954028964e-04  7.8528816904225962e-01  9.9280246220944490e-01  1.7838547186741055e-01  
q[614]: 2.7157416002385648e-04  7.7231157745317203e-01  9.9406505883836294e-01  3.8242939525325192e-01  
q[615]: 4.3526924860763660e-04  8.2995534335753740e-01  9.5577652137449898e-01  4.9033066920877499e-01  
q[616]: 3.3342429729530461e-04  7.4991382191894296e-01  9.9425810196269693e-01  5.9322963010827412e-01  
q[617]: 7.8299628367620925e-04  7.6535797114106985e-01  9.6925659724488245e-01  6.9230456552386754e-01  
q[618]: 2.8801595500661207e-04  8.3337318855785947e-01  9.9162779194068718e-01  8.0703435480515751e-01  
q[619]: 1.2794086964829825e-04  8.3300165941192050e-01  9.9257268830127532e-01  9.5940078819765551e-01  
q[620]: 4.3882139453994479e-05  8.9714056062307324e-01  1.3635858528614800e-02  7.2074403895545612e-03  
q[621]: 2.3583314799620030e-04  8.8634701704487240e-01  6.7310532073627943e-02  2.6642019038940534e-02  
q[622]: 1.6627440154001150e-04  8.7549487642387902e-01  9.8082843641575185e-02  9.1027338311834655e-02  
q[623]: 1.8415565277040964e-04  8.4556649308287590e-01  1.1467087780890191e-01  1.7670605499152996e-02  
q[624]: 5.8813584863277250e-04  8.8210025813365589e-01  1.7143370119347512e-01  8.5542140205588979e-02  
q[625]: 6.0941920808215224e-04  8.4533380790872747e-01  2.0999450414283841e-01  1.8246869509482241e-01  
q[626]: 4.0318869984286125e-04  8.7851889787443826e-01  2.0168609722376896e-01  2.8924115669381793e-02  
q[627]: 1.0077132184818796e-03  8.3363789259140075e-01  3.0420818831580276e-01  1.6832331265104236e-01  
q[628]: 6.7668796542355927e-04  8.5536073981582061e-01  3.4493189924248946e-01  2.9138545048288683e-01  
q[629]: 2.3983060211575958e-04  8.7488376882865349e-01  3.2244737463885370e-01  5.2180311660244500e-03  
q[630]: 9.8356402260541551e-04  8.4192662393972273e-01  3.6424912092103567e-01  9.5189258837783008e-02  
q[631]: 6.1193563119019080e-04  9.0382962484313856e-01  3.7376835679786707e-01  2.7254504559391524e-01  
q[632]: 3.2708810750629305e-04  8.8167471971505096e-01  3.2245956033268208e-01  3.1144860217535525e-01  
q[633]: 7.0042750170200784e-04  8.8802059227934205e-01  3.9327786887275734e-01  4.1003277556447892e-02  
q[634]: 8.6928210399075750e-04  8.9956688238918903e-01  4.7025796759614508e-01  3.7748550233127970e-01  
q[635]: 2.1230402039169470e-04  8.3880976590854872e-01  4.6149050259868024e-01  3.0736954752996911e-03  
q[636]: 1.1014826515631764e-03  8.2616146740008312e-01  5.0935139494354875e-01  7.5956157319435197e-02  
q[637]: 5.4204884491538988e-04  8.2174571981603683e-01  5.1050142041937563e-01  4.3352240202147679e-01  
q[638]: 2.1463850614724880e-04  9.1151856593041103e-01  5.6991179095323952e-01  5.2016032053713405e-03  
q[639]: 9.3645432583573500e-04  9.0848518561137115e-01  6.2545083481717234e-01  7.3892387376552057e-02  
q[640]: 1.2348476787639772e-03  8.0123094081345558e-01  6.4409204681041077e-01  4.1063467300298451e-01  
q[641]: 9.5989493713345502e-04  8.5113049563333520e-01  6.1225912636685542e-01  5.3990924993334299e-01  
q[642]: 2.8438571815999166e-04  9.1019032417735324e-01  6.2995931347910228e-01  6.2298634819916898e-01  
q[643]: 1.0780901901903022e-03  8.5624142104122691e-01  7.4500418187491946e-01  8.4887334558272298e-02  
q[644]: 9.7559889962410291e-04  8.0470597015033063e-01  7.6957411996911285e-01  2.2506313809519599e-01  
q[645]: 9.8619440355985949e-04  9.2142498263957906e-01  7.8032491610553356e-01  4.5846684883244648e-01  
q[646]: 5.1809454268615174e-04  8.9155760343429724e-01  7.5860037104183620e-01  7.2904815168143389e-01  
q[647]: 5.4689784171518623e-04  8.9629489780614924e-01  8.0475690341114847e-01  3.0424911010760763e-02  
q[648]: 1.3396301523075289e-03  8.6292370871159996e-01  8.1368751174742882e-01  4.0532023085852331e-01  
q[649]: 7.5185871271307150e-04  9.4782963013024546e-01  7.2496054894572537e-01  5.8390619427147050e-01  
q[650]: 8.6484021208560794e-04  8.7686105321820995e-01  8.1071364131828194e-01  6.8198792415280651e-01  
q[651]: 5.2653821140902538e-04  8.2588709538076266e-01  8.3790136753279243e-01  7.7377471880288917e-01  
q[652]: 2.0487718675997723e-04  8.5802036386248792e-01  8.2932780188438870e-01  8.2487557735194394e-01  
q[653]: 1.5715559382596959e-04  8.9694773445995823e-01  8.9609069166892918e-01  5.3724135750502482e-03  
q[654]: 6.3443634941352930e-04  8.9216199186188416e-01  9.1508610685172853e-01  9.3022367116523424e-02  
q[655]: 6.7819899638260172e-04  9.0825593320370746e-01  9.2820701297828478e-01  2.7088850401431042e-01  
q[656]: 8.3210114045990924e-04  8.9661576962861200e-01  9.0748934527702430e-01  4.6752287963515182e-01  
q[657]: 6.9777304809426214e-04  9.1758045537184907e-01  8.9867485192649355e-01  5.6117254137230677e-01  
q[658]: 5.7660443312523770e-04  8.0674058668614479e-01  9.4640056356968649e-01  5.8814764676722886e-01  
q[659]: 5.2481458797625652e-04  9.4647977882919931e-01  8.8984519434858433e-01  7.3102070315666334e-01  
q[660]: 6.5072939712228336e-04  8.9930745359388120e-01  8.9675029403954976e-01  8.0875576408994920e-01  
q[661]: 4.7320469717729698e-04  8.2511880951271488e-01  9.0501384954480368e-01  8.7541013783588784e-01  
q[662]: 2.9429416506592042e-04  8.9680961588650432e-01  9.6200846177345101e-01  3.8254310193768105e-02  
q[663]: 6.7872166651796937e-04  8.6235420800932805e-01  9.5632461095017884e-01  1.8369204440675527e-01  
q[664]: 5.4992714516409350e-04  8.9352467093057675e-01  9.7317177631935625e-01  3.7131026989327676e-01  
q[665]: 9.5815479396468210e-04  8.6036439571540635e-01  9.2085958468356788e-01  6.5935114167954989e-01  
q[666]: 2.8522225782656735e-04  9.0241978861469652e-01  9.6300090774120017e-01  9.2051652034091680e-01  
q[667]: 4.7206726013221508e-05  9.0973310036905120e-01  9.9267254672168725e-01  7.6967199198506725e-03  
q[668]: 5.1919891035001370e-04  8.0072610790967558e-01  9.6264701170302536e-01  9.2637561063010951e-02  
q[669]: 1.5715829395523891e-04  8.8274474792597957e-01  9.9783564879696141e-01  2.9484567990767940e-01  
q[670]: 2.4480767349424159e-04  8.7053396033662278e-01  9.9599540469652470e-01  4.9035529188616006e-01  
q[671]: 5.4126727319699064e-04  8.7065497316547347e-01  9.7639327357209926e-01  5.9048845563439467e-01  
q[672]: 1.8828915090414813e-04  8.4359437041882668e-01  9.9771832815377215e-01  7.0594115949625913e-01  
q[673]: 2.2353657708583589e-04  8.9427618271888443e-01  9.9075499384182186e-01  8.8483281153477855e-01  
q[674]: 2.7282436220639838e-05  8.9458203549797688e-01  9.9669006103763924e-01  9.9066990088770090e-01  
q[675]: 6.9961764924744601e-05  9.4101714433706796e-01  4.7511656683717950e-02  4.2684980576578872e-02  
q[676]: 1.7841613801616654e-04  9.0259263647059895e-01  1.2988178866107616e-01  9.2758029279641788e-02  
q[677]: 5.7769629103123133e-05  9.5170218601396883e-01  4.6434014670964668e-02  4.7932453969408281e-03  
q[678]: 1.6790365240029395e-04  9.6151146794684839e-01  8.6620348280099929e-02  4.8092267332866298e-02  
q[679]: 3.4418644513247164e-04  9.5135444346257192e-01  1.4891825506038647e-01  4.1329402552382460e-02  
q[680]: 2.5081254873982647e-04  9.4764123032898007e-01  1.5710329020129069e-01  1.2423732633122464e-01  
q[681]: 1.4835267438361997e-04  9.2477850791846228e-01  1.8637797493204714e-01  1.8288840770855228e-01  
q[682]: 2.4415397985155909e-04  9.3698121365800713e-01  2.4004123790935669e-01  1.0763946009426017e-02  
q[683]: 6.1214513618207389e-04  9.1184649990074740e-01  2.7054674536314732e-01  6.7951534957533921e-02  
q[684]: 6.6112187299117390e-04  9.3364618712899783e-01  3.3922348667500962e-01  1.3650128045797050e-01  
q[685]: 6.7446254614768298e-04  9.1316969664560921e-01  2.5855322347380277e-01  1.7172739152449959e-01  
q[686]: 4.0522983579486621e-04  9.4309378732548932e-01  2.7945496944393478e-01  2.4643625891787638e-01  
q[687]: 1.1803103854481953e-04  9.7566548411909482e-01  2.9348206058019199e-01  2.8711347648845942e-01  
q[688]: 3.8745508825234286e-04  9.6638362519741228e-01  3.1830103682146949e-01  4.1224370750662209e-02  
q[689]: 6.1022506794514695e-04  8.8404304556574786e-01  3.8337550623430211e-01  1.8602715752797558e-01  
q[690]: 7.8596615523023050e-04  8.9007098371703763e-01  4.6926345860827845e-01  2.6006934212994781e-01  
q[691]: 2.1660703578185462e-04  9.5950831120063140e-01  3.9257470208235173e-01  8.7679113131921144e-03  
q[692]: 2.0553040910279032e-04  9.2239046785765411e-01  4.1465924846605301e-01  4.0923915816870998e-01  
q[693]: 4.6334334322215053e-04  9.2019018469461200e-01  4.9113888912054970e-01  2.6204815648020432e-02  
q[694]: 7.3769398752570768e-04  9.5967727579089290e-01  5.8112799579360275e-01  4.8217456715322993e-01  
q[695]: 6.5554669571141232e-04  9.0897034079994821e-01  5.2119599095194802e-01  4.8761506654793596e-01  
q[696]: 2.8163629341503309e-04  9.6979923464922135e-01  5.9944011961168564e-01  3.1124168697518783e-02  
q[697]: 1.3591514738572909e-03  9.0204934899534950e-01  6.6945341765799748e-01  2.3303418798163295e-01  
q[698]: 1.4220304823354428e-03  8.6883986995859475e-01  6.7693774112000682e-01  3.4090390893054279e-01  
q[699]: 4.3270537721712415e-04  9.6352952456972052e-01  6.4047370846769036e-01  6.0217965393711448e-01  
q[700]: 3.5031495174797905e-04  9.3171789538919936e-01  7.0014422154997624e-01  2.6287448528581406e-02  
q[701]: 7.9304022456578444e-04  9.4835317395085250e-01  7.3199537894471856e-01  1.3564554652898636e-01  
q[702]: 6.7886300111621263e-04  9.1281047216529809e-01  7.0756250725763470e-01  6.3517286601145528e-01  
q[703]: 1.7252142639572507e-04  9.5734877031271659e-01  7.4758941119504640e-01  7.4118104064676715e-01  
q[704]: 1.2517356292211343e-04  9.4027186908690252e-01  7.7555063864334906e-01  5.1547763701875922e-03  
q[705]: 1.0208297004903266e-03  8.8577518231659280e-01  8.4534369036032619e-01  1.6421647816635190e-01  
q[706]: 7.5948023111211576e-04  8.9247229415217466e-01  7.6343769082321555e-01  1.9348065248610061e-01  
q[707]: 3.5846072962276467e-04  9.3010273397422116e-01  8.4752431399948536e-01  8.1431329993502766e-01  
q[708]: 3.1962608986154333e-04  9.5134942962355151e-01  8.9396913885387330e-01  3.9457574901901507e-02  
q[709]: 9.5336985880244596e-04  9.2188482009957695e-01  8.7395243344722917e-01  3.4594080779601716e-01  
q[710]: 2.5038349339759651e-04  9.7308976664549229e-01  8.9554937968608772e-01  6.6659807974637009e-01  
q[711]: 1.0557018599248814e-04  9.5761109762928320e-01  8.7679291727831810e-01  8.6954794625563081e-01  
q[712]: 8.4592148904350553e-05  9.5680010712474017e-01  9.5140886837461469e-01  6.9522595227467735e-03  
q[713]: 1.0795581498461502e-04  9.7874768239592325e-01  9.5636799968997543e-01  4.2015238915323730e-02  
q[714]: 3.6961080880356420e-04  9.6107630584718617e-01  9.7024545456089772e-01  2.7595156032631402e-01  
q[715]: 3.2695284357547362e-04  9.5757574778887611e-01  9.6075347575224634e-01  8.4649856749083419e-01  
q[716]: 1.3805677926490261e-04  8.9943119858223874e-01  9.2615141526981337e-01  9.1858302255585966e-01  
q[717]: 8.1281238426237016e-05  9.4915789857884514e-01  9.9462052809084001e-01  4.8704084153279079e-02  
q[718]: 2.1245698301036636e-04  8.7723876616297836e-01  9.9234226080547727e-01  1.0169133913826341e-01  
q[719]: 2.5447295373491775e-04  9.2290423905384966e-01  9.8916995896435966e-01  1.9798445195016218e-01  
q[720]: 1.5343886769003806e-04  9.5663804823624632e-01  9.9535123553358695e-01  3.9444725830098781e-01  
q[721]: 5.3307106238755972e-04  9.4154296029515627e-01  9.6549850885475774e-01  4.7969548581253374e-01  
q[722]: 1.6923826594948782e-04  9.4422673286700787e-01  9.9516342774045441e-01  6.0885364949184329e-01  
q[723]: 4.1444535196982670e-04  9.2325277361940872e-01  9.7694634022611671e-01  7.0338740957673829e-01  
q[724]: 5.5607042037630005e-04  8.9676900295329798e-01  9.5442478437070499e-01  7.7336801137621591e-01  
q[725]: 7.6416818077619530e-05  9.5527547950729375e-01  9.9451566731834118e-01  9.4624110353033020e-01  
q[726]: 7.4232476454300604e-05  9.5194338902484055e-01  9.7447698048508935e-01  9.6515072281165692e-01  
q[727]: 3.0503622801404615e-05  9.8376744664053328e-01  2.1143425254757646e-02  1.0177933575666664e-02  
q[728]: 2.7397798062108696e-05  9.9721345885246648e-01  6.1557240960792736e-02  4.7132648496028287e-02  
q[729]: 6.6418004228342543e-05  9.9194643869272137e-01  8.5520796079619932e-02  1.4041793918755733e-02  
q[730]: 1.2370535104427871e-04  9.9455693169987724e-01  1.5004761111312384e-01  8.1446695885650414e-02  
q[731]: 8.1955825849641586e-05  9.8109501224294038e-01  1.1284851217713468e-01  1.0471682268129996e-01  
q[732]: 1.2274556545051668e-04  9.1775455881749990e-01  1.1176046357668513e-01  4.2517976269264689e-03  
q[733]: 4.7099664833351589e-04  9.6647228155339648e-01  2.4182804163751956e-01  1.1027363304562238e-01  
q[734]: 8.4505915179979629e-05  9.9273453610100604e-01  2.0469362517586170e-01  1.9027078595780372e-01  
q[735]: 1.0460611826558257e-04  9.8183153243060994e-01  1.6695875854193706e-01  8.8382340883294778e-03  
q[736]: 1.7894545289718318e-04  9.9250296218271961e-01  2.2728396460594907e-01  5.0169343923534108e-02  
q[737]: 1.9856917989734415e-04  9.9712529707543085e-01  3.2681448499383592e-01  1.7376029034602941e-01  
q[738]: 2.2541565962067942e-04  9.8269672525421203e-01  2.2289822398104411e-01  1.6234034928363955e-01  
q[739]: 1.1413978563320350e-04  9.9802805661410998e-01  3.3519801495700668e-01  2.8386019725868750e-01  
q[740]: 6.2774542553921162e-05  9.9406620535551271e-01  2.9006961346724208e-01  6.7626282298049048e-03  
q[741]: 3.3499962526711147e-04  9.8781216370077074e-01  3.6308332093916140e-01  1.0537493848546575e-01  
q[742]: 6.2076734297830769e-04  9.7262043431848677e-01  4.5420072565216513e-01  1.9799755301860672e-01  
q[743]: 6.2794689719731015e-04  9.5935226770879423e-01  3.9740872307543296e-01  2.4475586359261084e-01  
q[744]: 2.9466478894019967e-04  9.7606303925036342e-01  3.3349696196125239e-01  2.4347570141916119e-01  
q[745]: 9.7052019068297944e-05  9.9185803358601554e-01  4.0386606243923490e-01  3.9192475985280806e-01  
q[746]: 1.4121196079293610e-04  9.9669039281630034e-01  4.1749186903199131e-01  3.9459519908394705e-02  
q[747]: 7.1249368326536738e-04  9.4630778919958758e-01  4.3917443854938171e-01  9.2294346649995529e-02  
q[748]: 9.4403981342944363e-04  8.9189830807006509e-01  4.6907865332656579e-01  1.5525338666606631e-01  
q[749]: 2.9812903999519325e-04  9.9521657075067005e-01  5.1079997681142408e-01  2.8663969032630593e-01  
q[750]: 1.1034681482035031e-03  9.3579663671612690e-01  5.3868377771657572e-01  3.5235591212661593e-01  
q[751]: 4.2187235706940399e-04  9.8721678260713397e-01  4.7302932338683029e-01  3.5729044309660329e-01  
q[752]: 5.2813884994119223e-04  9.5934971910406541e-01  4.1582453367395944e-01  3.7099064801405879e-01  
q[753]: 9.7013348014252955e-05  9.8692055454916727e-01  4.9741905368018918e-01  6.7721996906698612e-03  
q[754]: 4.2995953133924088e-04  9.7634396748076802e-01  5.2238059697122707e-01  6.4332950256150392e-02  
q[755]: 6.7446626203467497e-04  9.0977472234605017e-01  5.5522864987153664e-01  1.1877478889178336e-01  
q[756]: 3.1304419384685221e-04  9.9364612101014760e-01  5.1512298099020648e-01  1.4536423341571764e-01  
q[757]: 1.0104337603836651e-03  9.4234750135078815e-01  5.6290931484863393e-01  2.2710917747074305e-01  
q[758]: 4.6768020040525781e-04  9.8924620394985308e-01  6.3282063305416603e-01  4.5032409703354825e-01  
q[759]: 1.8968854108946615e-04  9.9499509689305665e-01  5.3431798574373346e-01  4.8563322119623797e-01  
q[760]: 1.7522955139337231e-04  9.7379014031603128e-01  5.2569966147703340e-01  5.1780038075012769e-01  
q[761]: 5.0552306202272440e-05  9.9998229075772049e-01  6.1457759595878836e-01  1.9726029654956366e-02  
q[762]: 2.1971720553374928e-04  9.9629339256768934e-01  6.5217755167804636e-01  9.3476789544962052e-02  
q[763]: 7.1198878206106997e-04  9.6619416513276402e-01  6.1992467578592847e-01  1.5182100627785314e-01  
q[764]: 3.4510843033190065e-04  9.9286734537366661e-01  6.3640424694376208e-01  2.5653877894072319e-01  
q[765]: 7.5492762434631094e-04  9.7070632303543158e-01  6.2789589987268779e-01  3.4049020165010585e-01  
q[766]: 9.7605365660323982e-04  9.2724405795519205e-01  6.8065967882865652e-01  4.3103916480139431e-01  
q[767]: 1.1176775366424879e-03  8.8887512613331010e-01  6.4005165830533362e-01  4.8747064648560529e-01  
q[768]: 6.8272114156344099e-05  9.9552475698139242e-01  6.5258894924119615e-01  6.4415456698645390e-01  
q[769]: 8.1213116101507053e-05  9.6977433571864236e-01  6.5302911193579216e-01  2.6567860797669595e-03  
q[770]: 3.9632255856236878e-04  9.7411486368064149e-01  7.2972399030393997e-01  6.0435599683504343e-02  
q[771]: 4.8420239741660661e-04  9.8668855852425985e-01  7.3051611044981857e-01  2.1905553178486029e-01  
q[772]: 6.8698999320896575e-04  9.2217573593678259e-01  7.8916666474972330e-01  2.7694043687588044e-01  
q[773]: 9.9908118684576019e-04  9.5894962231287240e-01  7.4503608057032034e-01  3.3269766194072864e-01  
q[774]: 3.1981858206579566e-04  9.9622710798421932e-01  7.4447167601244901e-01  4.1968711318099539e-01  
q[775]: 6.2152635760165452e-04  9.7632622816703796e-01  7.6069440134659427e-01  5.3606373773022153e-01  
q[776]: 1.1262404489244331e-03  8.5067261907801461e-01  7.4314435177143934e-01  5.1570694045278687e-01  
q[777]: 2.4182979593984508e-04  9.9515436167846683e-01  6.9331591164175399e-01  5.9606160384221196e-01  
q[778]: 2.1131159555184037e-04  9.8617478637379175e-01  7.5285425748197821e-01  7.1318879505854382e-01  
q[779]: 8.8566423492606169e-05  9.9273880099964751e-01  7.4346330928927606e-01  1.3541813807044511e-02  
q[780]: 6.0731564075716367e-04  9.4264203473063091e-01  8.2881182288711275e-01  9.1152132768977920e-02  
q[781]: 2.4812036938733344e-04  9.9461104240525500e-01  8.0420082335412513e-01  1.4180525180332321e-01  
q[782]: 7.1784989940071602e-04  9.6563587719764132e-01  8.4322162073306517e-01  2.3187269466877966e-01  
q[783]: 2.9932580223010480e-04  9.9517152328098435e-01  8.3300115356740445e-01  3.3277547886860093e-01  
q[784]: 4.1613996803566779e-04  9.7249193954793367e-01  8.4321464472710450e-01  5.2901128093319238e-01  
q[785]: 9.6286719050848383e-04  9.1997747461164914e-01  8.4005406428970242e-01  6.1625698530619388e-01  
q[786]: 2.8023308786439492e-04  9.9245296293487995e-01  8.2058823671469117e-01  6.6028127729801578e-01  
q[787]: 5.3971503724287867e-04  9.6394312328065079e-01  8.1258136934241265e-01  7.2539840560321378e-01  
q[788]: 6.1139004110262666e-05  9.9320532844914766e-01  8.2789301361608536e-01  8.1779879910050135e-01  
q[789]: 1.1073788754230662e-04  9.7636216925852537e-01  8.5012032244839275e-01  8.2883943322830892e-03  
q[790]: 1.7058493828350489e-04  9.9048760114219736e-01  8.2677211849736143e-01  4.7999458553721730e-02  
q[791]: 2.3949416167320196e-04  9.8244612647263418e-01  8.8722964232792223e-01  1.3413098148947011e-01  
q[792]: 5.0269793784359356e-04  9.4891841991448878e-01  9.1736060426337318e-01  1.7669458479392139e-01  
q[793]: 2.2133900896595461e-04  9.9395180091777591e-01  9.1390657595962221e-01  2.5622255647388542e-01  
q[794]: 6.2485650608818234e-04  9.7198676718649335e-01  8.5511925328337968e-01  4.4131826797971335e-01  
q[795]: 1.5793085971650385e-04  9.9940813679848695e-01  8.8021777437784854e-01  5.9037173208682858e-01  
q[796]: 1.8359204453794346e-04  9.9211100117533557e-01  9.1039066565309468e-01  7.9347070216280569e-01  
q[797]: 1.0833463651117682e-04  9.9389592502291391e-01  8.6599696850588570e-01  8.1516934479000980e-01  
q[798]: 3.4220933036585508e-05  9.9930157434998690e-01  9.2035153826242533e-01  1.2004159541060900e-02  
q[799]: 1.4128489106993831e-04  9.9135296732656641e-01  9.1945869797696256e-01  8.2389192485022897e-02  
q[800]: 3.1991524350277127e-04  9.5178553991210491e-01  9.6618973399259012e-01  1.0932822602903179e-01  
q[801]: 1.4810005723289320e-04  9.9250144208737201e-01  9.6523559922320978e-01  1.7818080520448243e-01  
q[802]: 5.0226762744508496e-04  9.7299182524607031e-01  9.2842513750282352e-01  3.6995875608938067e-01  
q[803]: 2.3977005558685434e-04  9.9277100614157143e-01  9.2895275904616237e-01  4.8890522862813879e-01  
q[804]: 4.6139518165592530e-04  9.5975404613160387e-01  9.4310051296825326e-01  5.9430647009360649e-01  
q[805]: 2.9628768825546630e-04  9.7867080201690593e-01  9.4209245133829034e-01  7.0764554595461115e-01  
q[806]: 8.7915117031955769e-05  9.9624304070031877e-01  9.7231897799694034e-01  7.8885943976982997e-01  
q[807]: 2.3717030070207460e-04  9.6703994013861372e-01  9.2411450597287292e-01  8.7725538770279399e-01  
q[808]: 5.4964662179725906e-05  9.9030292222777438e-01  9.3658752676787815e-01  9.2625248012084149e-01  
q[809]: 3.1952913275675966e-05  9.8671132115297555e-01  9.8865248195798872e-01  1.1576904751645462e-02  
q[810]: 4.2174871326388143e-05  9.9602099446711290e-01  9.8621874714444691e-01  7.0313237958395433e-02  
q[811]: 6.3696458197353521e-05  9.7893350433600901e-01  9.9663533276798943e-01  1.4092620723533905e-01  
q[812]: 6.3215055694733612e-05  9.8801248038099143e-01  9.9583151710142315e-01  2.6574393574967303e-01  
q[813]: 1.1047407648899165e-04  9.9621942447287004e-01  9.7745077313629103e-01  3.7783431952779795e-01  
q[814]: 1.3032982756013228e-04  9.8599600177696434e-01  9.9027508741535197e-01  5.1454500474262999e-01  
q[815]: 1.2643289385741682e-04  9.9221938258182352e-01  9.7343099932580157e-01  6.2091277142070411e-01  
q[816]: 7.4123373476796562e-05  9.8717568974924463e-01  9.9412206755613663e-01  7.0712248874461381e-01  
q[817]: 1.5301486769804624e-04  9.5455450424604926e-01  9.9316738125699133e-01  7.9715195301804442e-01  
q[818]: 5.1421926880947788e-05  9.8653723541970006e-01  9.9482545974622316e-01  8.7834138389374616e-01  
q[819]: 6.9996582185788780e-05  9.9375095985888784e-01  9.7369892243136880e-01  9.1769535803573976e-01  
q[820]: 1.7709242279473996e-05  9.9022890635190730e-01  9.9267131628186112e-01  9.8137148064782886e-01  

