deg: 15
dim: 3
nodes: 207
efficiency: 0.985507

q[0]:   2.6894657801465382e-04  1.6863607220968659e-02  5.5405014866830388e-02  2.3722688764526732e-02  
q[1]:   7.6201729349269698e-04  5.6421989638173464e-02  1.2944791317662632e-01  1.1430305312525868e-01  
q[2]:   9.0916107697528858e-04  1.3593014377928288e-02  2.1660569893245096e-01  8.6599117836717227e-02  
q[3]:   1.5664083314976564e-03  1.2389697138993880e-01  1.7393512009227025e-01  9.1627379454409658e-02  
q[4]:   8.6189078424267918e-04  1.3600622761209338e-02  2.8144777203599763e-01  2.3724724601874955e-01  
q[5]:   5.8751552148099287e-04  3.2125260497359344e-02  2.4681212585572315e-01  1.1549602298362211e-02  
q[6]:   2.1268995557641480e-03  3.2158459127301468e-02  4.4376336708206482e-01  1.8992505255706457e-01  
q[7]:   2.6400022844382275e-03  7.8295876762274591e-02  3.5216207177184894e-01  2.2604702513895045e-01  
q[8]:   1.4536406326468021e-03  9.5899449065332387e-03  5.3104429720595570e-01  3.7512021241780613e-01  
q[9]:   1.1968831859673706e-03  1.4868862614573704e-02  4.3399426046686385e-01  6.2636941101268273e-02  
q[10]:  3.7667377066128438e-03  1.0624105762508614e-01  5.7578450024749872e-01  2.2515199733887933e-01  
q[11]:  8.0414197218600983e-04  7.5652749412477710e-02  3.5006978666290306e-01  3.3871138739803203e-01  
q[12]:  4.9071697191656783e-04  2.8244073224122646e-02  5.6470979638837471e-01  3.5274747873342447e-03  
q[13]:  1.8885957846601885e-03  1.2135057525421693e-02  6.7382395698231479e-01  2.0659201925871992e-01  
q[14]:  3.3271961942679643e-03  5.5765514858880080e-02  6.6652693677349550e-01  3.7986793622632647e-01  
q[15]:  3.2966502365059918e-03  1.1361193157650264e-01  7.0439135110414608e-01  5.0479405618175222e-01  
q[16]:  1.7899087930611114e-03  2.8546217348862264e-02  6.9862795321100191e-01  5.9474855313500430e-01  
q[17]:  7.9116769707502483e-04  2.1015431191055020e-02  5.1675258812935732e-01  4.9635012432013187e-01  
q[18]:  1.2831301775557101e-03  2.0678149180063301e-02  7.4298487419140324e-01  5.6303630464000672e-02  
q[19]:  2.5433651641134621e-03  7.6659415060582492e-02  8.1431448666233563e-01  1.6579333956049255e-01  
q[20]:  1.6050358732632214e-03  9.2251617812512642e-03  8.2278091784472163e-01  4.8545581786754255e-01  
q[21]:  4.2777402596494657e-04  3.0970623570197798e-02  7.3879360927570836e-01  7.3475454325619349e-01  
q[22]:  3.6371824231417460e-04  2.6755382254259163e-02  8.7693506236895680e-01  7.5804083009333237e-03  
q[23]:  1.9247185463307944e-03  1.1176945231778777e-01  9.4674870381822096e-01  2.8114588945822688e-01  
q[24]:  3.1224024507799770e-03  5.3125831668245548e-02  8.4726845537488937e-01  3.1857584228972419e-01  
q[25]:  3.1014038129321174e-03  7.5810235679452817e-02  8.4805351244946792e-01  6.4413144312009352e-01  
q[26]:  8.7927213787318212e-04  1.1777296027414954e-02  8.4947794131494814e-01  7.6692865054659687e-01  
q[27]:  3.8097971713856222e-04  2.2684632909757176e-02  9.7565853198277597e-01  4.1738671086418246e-02  
q[28]:  9.3158094357030034e-04  8.9651871041002817e-03  9.0846925312694904e-01  1.5254390278005955e-01  
q[29]:  3.4497848376093259e-04  2.6950152091294116e-02  9.9239138765041668e-01  2.5231035938496804e-01  
q[30]:  9.5064228788600163e-04  1.6021739225155939e-02  9.5468618638124458e-01  3.8633871537286724e-01  
q[31]:  1.0801526787954172e-03  4.6636198389965786e-02  9.8243694952201310e-01  5.5453399486863364e-01  
q[32]:  1.0575491201580169e-03  1.7536363339223267e-02  9.5283391600391731e-01  7.0266053459133637e-01  
q[33]:  5.5846428870720967e-04  4.0670335478586284e-02  9.8699238958796121e-01  8.6679486088362923e-01  
q[34]:  3.2387162879694359e-04  1.5967598204769652e-02  9.5800396078950323e-01  9.3137470018753510e-01  
q[35]:  4.7199310070069917e-04  1.5454670050434380e-01  3.3898189494995082e-02  1.9181667993686712e-02  
q[36]:  7.7406668473197155e-04  8.4167056779795843e-02  1.2518877902577175e-01  1.6156893562936557e-02  
q[37]:  8.3617713626245359e-04  2.1051287709761607e-01  1.6464533755189734e-01  1.0234693498383338e-01  
q[38]:  1.3794218463852698e-03  1.8301808702005787e-01  2.4277168431153165e-01  2.2719213327099894e-01  
q[39]:  2.9929282406510765e-03  1.1264078513054374e-01  3.2577480656305408e-01  9.1592547133614935e-02  
q[40]:  1.6067553031680246e-03  1.2364678922477181e-01  3.9998783167379692e-01  1.5487775633482507e-02  
q[41]:  5.5587975718493767e-03  2.3430150898207228e-01  4.9106424566273582e-01  1.2284225593535204e-01  
q[42]:  3.5315607254209121e-03  1.0850598555043663e-01  4.7964968691617627e-01  4.0312202334185010e-01  
q[43]:  3.3898200323388937e-03  8.5907379209783405e-02  5.9036563044080514e-01  8.0083434798443306e-02  
q[44]:  2.1772422200622651e-03  1.1287242907427501e-01  6.6391916295790110e-01  6.2366359304704022e-01  
q[45]:  1.4738512637202297e-03  1.3023022692014624e-01  7.5070135311876673e-01  1.4991715758197875e-02  
q[46]:  4.0877336734991511e-03  1.8092185929422222e-01  7.3355487770607064e-01  1.4970223864313825e-01  
q[47]:  6.1593128609505375e-03  1.7656711705022046e-01  7.5271513253746458e-01  3.3266107675721890e-01  
q[48]:  4.4851914995359329e-03  2.5800506028857423e-01  8.0099954391391170e-01  4.8577235415265513e-01  
q[49]:  3.0687955797567908e-03  1.9856636121791285e-01  7.9664207288056854e-01  7.4103571065988239e-01  
q[50]:  2.1042592764623437e-03  1.0384317666456257e-01  8.9794437302517516e-01  6.3312666583697927e-02  
q[51]:  4.5096710948993278e-03  1.2623231377443436e-01  9.1193989287201016e-01  5.2051009690780448e-01  
q[52]:  9.2694885168780820e-04  8.4580023057718862e-02  8.7152740750286761e-01  8.5378457215313452e-01  
q[53]:  3.5843416172259748e-04  1.3237391499925449e-01  9.8068221432258240e-01  9.9472467094980643e-03  
q[54]:  8.4425666252874979e-04  7.5916795988607885e-02  9.8372386455779193e-01  1.4437219524573813e-01  
q[55]:  1.1806580448301947e-03  1.5873680868204948e-01  9.9393510967010590e-01  3.8816843874588175e-01  
q[56]:  1.3907625090487830e-03  1.4877440156226768e-01  9.8972928023378215e-01  7.2784935816355845e-01  
q[57]:  2.2209496879609077e-03  1.1442807107686406e-01  9.2621622185893226e-01  8.1803219701852781e-01  
q[58]:  3.7541940409435069e-04  1.1906547108504069e-01  9.8749179765136408e-01  9.6908741697149436e-01  
q[59]:  1.2539483418543690e-03  2.7953267004438920e-01  1.1311167808346145e-01  1.6974342413584389e-02  
q[60]:  1.2459276265742963e-03  3.0730742647879322e-01  9.9291364028706919e-02  8.1647666213301190e-02  
q[61]:  2.3480729453593083e-03  2.3192842452995446e-01  2.5568408059797693e-01  3.1084289849195396e-02  
q[62]:  4.1508968096557646e-03  3.3499225868198357e-01  3.2855966254238406e-01  1.2473441045638008e-01  
q[63]:  3.3023592834784967e-03  2.3315411456856466e-01  2.9138187886917677e-01  1.9998068312705639e-01  
q[64]:  6.1960976515006306e-03  2.1420381095421212e-01  5.0226408377762966e-01  2.9216662290310547e-01  
q[65]:  1.7062875971027881e-03  2.6493838628115601e-01  4.2096403467060606e-01  4.0456333255133969e-01  
q[66]:  2.7282714993986808e-03  2.3964483608266496e-01  6.0484416986577982e-01  2.4394484628064494e-02  
q[67]:  6.9673590828422637e-03  3.4897688769404306e-01  6.5418258754817815e-01  2.0811379653185955e-01  
q[68]:  4.8032854109600308e-03  2.3885174940868298e-01  6.1388605656132333e-01  4.7230416526489549e-01  
q[69]:  1.3943732673028532e-03  2.2421881240674366e-01  5.7757581164161975e-01  5.6864686018877553e-01  
q[70]:  3.6688305779491782e-03  2.7145119111818777e-01  8.1318716683728820e-01  7.8370289496752440e-02  
q[71]:  4.6113436007873846e-03  4.0709227022603578e-01  8.0586666868615431e-01  5.0154135130412481e-01  
q[72]:  3.9125034685160674e-03  2.5709317416474647e-01  7.9576995970273579e-01  6.3462426003637595e-01  
q[73]:  1.2272447265574034e-03  2.6956902510511394e-01  9.0968900161625676e-01  1.3202170787239559e-02  
q[74]:  3.6003621550333301e-03  2.9737413017716546e-01  8.4795361355518428e-01  2.4579337500832041e-01  
q[75]:  3.4196587066116549e-03  2.5932702247973738e-01  9.3042917431708960e-01  3.9220005931452451e-01  
q[76]:  3.9506094196907057e-03  2.6048992300994062e-01  9.2844459775072075e-01  7.0324804544152852e-01  
q[77]:  1.3233623614133409e-03  2.3833159122145881e-01  9.8229259485847753e-01  8.4651483222101573e-02  
q[78]:  2.9898048467009402e-03  2.0874879338285418e-01  9.3127573477934966e-01  1.9231216121551706e-01  
q[79]:  2.2802187236733960e-03  3.0341807503489060e-01  9.8513867901475394e-01  5.5719127317879380e-01  
q[80]:  1.3889914444381631e-03  2.5681029192620697e-01  9.8188306380549728e-01  8.9386932798726859e-01  
q[81]:  1.2348282364423580e-03  2.6353498635151773e-01  9.2416286254116176e-01  9.0740776541933499e-01  
q[82]:  6.7706636374378806e-04  4.5027998430862293e-01  3.7034426533058842e-02  1.4163220566267230e-02  
q[83]:  3.5279056163454231e-03  4.4382518804555737e-01  1.8413338023876663e-01  8.1107596118453695e-02  
q[84]:  2.0732528392019582e-03  4.3987807197270551e-01  2.1799531710520967e-01  2.0090083086771068e-01  
q[85]:  1.6482902835221135e-03  4.5516897999065115e-01  2.4855562702719142e-01  9.6850865233109769e-03  
q[86]:  4.7844474206437731e-03  4.3358802801247953e-01  4.1093879192747107e-01  2.1282332149111116e-01  
q[87]:  2.6273272669545757e-03  3.4912750406607135e-01  4.3790009508700234e-01  2.3005314086456730e-02  
q[88]:  4.5999844889480076e-03  3.7482027950944347e-01  3.9718883266127569e-01  3.2894504629012822e-01  
q[89]:  5.1248431003606716e-03  4.1855371957873111e-01  6.6641831840812893e-01  8.2590760928817661e-02  
q[90]:  8.0124993524134901e-03  3.9858119986147184e-01  6.3139591675339657e-01  3.5259649096141732e-01  
q[91]:  5.1062608075545532e-03  3.9493091025622573e-01  6.0365208698824546e-01  5.3449229309200508e-01  
q[92]:  1.9367519471037470e-03  4.2182734152549234e-01  7.8035109240034906e-01  1.3482689136313224e-02  
q[93]:  4.0252242969074040e-03  3.8413411493011740e-01  8.6769276981833010e-01  3.6407505086944730e-01  
q[94]:  3.1116108891925394e-03  4.1849098294706355e-01  7.6479561913965188e-01  6.6020783912712355e-01  
q[95]:  1.7309131638948662e-03  3.6833428026215959e-01  7.6429473085683652e-01  7.5584179602074930e-01  
q[96]:  4.3892917806762294e-03  4.6472238456792142e-01  8.6134326330190736e-01  1.9125198637783319e-01  
q[97]:  4.2005066667055628e-03  4.3540052473587959e-01  9.3254239820491658e-01  6.0479409382024762e-01  
q[98]:  3.9980155019010352e-03  4.1763636712059099e-01  9.0217161408651325e-01  8.1108492369700735e-01  
q[99]:  7.8106155226215441e-04  4.3918606295050361e-01  9.8482085686080179e-01  2.3173940816909617e-02  
q[100]: 3.3022012455157508e-03  4.2753273002392411e-01  9.2589902289765957e-01  9.4296339484579911e-02  
q[101]: 2.0769379438348853e-03  3.6947596436916486e-01  9.8868540320950205e-01  2.3635064594759139e-01  
q[102]: 1.9243691818562781e-03  4.4821235353396027e-01  9.8702843985347677e-01  7.9391357499661608e-01  
q[103]: 6.4627415478783041e-04  4.4291994683989511e-01  9.8468378101832232e-01  9.6691800173819475e-01  
q[104]: 1.3882619072578257e-03  6.1374288356499906e-01  1.0973084711022815e-01  1.6824260006922880e-02  
q[105]: 1.4746837902155192e-03  6.2977278146413529e-01  9.9823937167166574e-02  8.2812769666799221e-02  
q[106]: 4.5537185988239505e-03  6.0509593017371888e-01  2.7332810219908865e-01  1.9311985718505498e-01  
q[107]: 7.2332398718151563e-03  5.8247290567983845e-01  4.9917865613258650e-01  3.5934062353071117e-01  
q[108]: 4.8393807650918648e-03  4.8873066868454701e-01  4.5060785380011398e-01  7.7077371683727067e-02  
q[109]: 6.6634345892423626e-03  5.7401138491294845e-01  5.2494910312710419e-01  1.9878341122217574e-01  
q[110]: 2.1270291454257195e-03  5.6278398198971991e-01  4.0242096104605152e-01  3.9094730021565827e-01  
q[111]: 2.1129121700780248e-03  5.5862729277327816e-01  5.9684600838143131e-01  1.0069101578772010e-02  
q[112]: 5.2599296068259497e-03  5.6732388258693478e-01  7.4012398357314269e-01  2.1650183207881940e-01  
q[113]: 5.4970193300284496e-03  5.4510908257001001e-01  7.0100610066285884e-01  5.0502977627986179e-01  
q[114]: 2.0177408638076496e-03  5.4658827537030208e-01  5.9748494132373697e-01  5.8220298151102567e-01  
q[115]: 4.0490970990395350e-03  6.0549506835072087e-01  7.9720008480291826e-01  7.6950734038049973e-02  
q[116]: 5.0077291643158186e-03  5.5534841861449946e-01  7.8420951126712790e-01  3.3717969125180353e-01  
q[117]: 3.8154151800978415e-03  6.2095291947388243e-01  7.5746819076254823e-01  7.0594565785746111e-01  
q[118]: 1.8307191463057815e-03  6.0315631736351405e-01  9.0881338207912798e-01  2.1565690507705754e-02  
q[119]: 5.1687036001096930e-03  5.7444288995547899e-01  8.5284052189611115e-01  6.6013900833021821e-01  
q[120]: 1.7255783771533914e-03  5.7354273319916493e-01  8.9296280147971641e-01  8.7468043159512754e-01  
q[121]: 1.5608641849413525e-03  6.2570717764809447e-01  9.8760849858682231e-01  1.1261872951944055e-01  
q[122]: 3.6838658427629993e-03  4.8751507884684714e-01  9.6736688652067204e-01  3.9614230573685427e-01  
q[123]: 2.1348073854429144e-03  6.0666244295400817e-01  9.8682708093660398e-01  6.2402533010083894e-01  
q[124]: 1.5563754799323216e-03  6.2016758589238985e-01  9.7831294714230888e-01  9.0006079869198219e-01  
q[125]: 3.5440842378240106e-04  7.6113404108996330e-01  2.5630643020819830e-02  1.5324092333897197e-02  
q[126]: 2.6548564168609881e-03  7.9006974108911565e-01  1.6780380156962907e-01  8.8070888447725634e-02  
q[127]: 1.2197822031741359e-03  7.7430482630421404e-01  1.8893132761124806e-01  1.5058569336549744e-02  
q[128]: 1.8645355670100969e-03  7.6163875268453041e-01  2.5713935935485271e-01  2.4242861008014804e-01  
q[129]: 4.2065821258567976e-03  6.1918798685638277e-01  2.9247064163072084e-01  6.7142324557738581e-02  
q[130]: 5.6569636030417781e-03  7.4828394317093805e-01  3.8057365348138422e-01  1.8747181566926996e-01  
q[131]: 1.7064787505178026e-03  6.7359475185533890e-01  4.0251305572117652e-01  8.7456077725214069e-03  
q[132]: 4.1155505409431817e-03  7.5704999638451231e-01  5.7038238758321147e-01  2.2069338694769033e-01  
q[133]: 3.5715918187772698e-03  7.6192658148999981e-01  4.3749912757659637e-01  3.7748705265917720e-01  
q[134]: 5.4933706890102517e-03  6.7681997513080328e-01  6.0723688236807516e-01  9.3869598351951897e-02  
q[135]: 7.3883356036388830e-03  7.1051436455447170e-01  6.9406434153030128e-01  3.6393772073688280e-01  
q[136]: 4.7251011637941915e-03  7.2420490292678541e-01  6.7139740637970813e-01  5.2183543834774737e-01  
q[137]: 2.6951396822996868e-03  7.3092561447297000e-01  5.7545978811011533e-01  5.2823743705771553e-01  
q[138]: 1.9274939923064982e-03  7.5152817178378828e-01  7.6926775014208615e-01  1.8133001807024991e-02  
q[139]: 3.4123429475645312e-03  8.1048302374955516e-01  8.2792550896194550e-01  3.1294349582564607e-01  
q[140]: 1.0537600040639731e-03  7.7201915521143372e-01  7.8597888799282689e-01  7.7412891648641868e-01  
q[141]: 4.2058551091232500e-03  7.4954341384879186e-01  8.1466754482877135e-01  1.6372640438979572e-01  
q[142]: 5.3655949922160320e-03  6.1123088963587913e-01  8.8481494057870047e-01  4.7480647816861415e-01  
q[143]: 1.8150838205453065e-03  7.6454578123032335e-01  9.0286050451913824e-01  8.3908992830413298e-01  
q[144]: 6.1923348029946433e-04  7.5375198409736321e-01  9.7924538699995956e-01  1.5440089274795409e-02  
q[145]: 3.5822247779885262e-03  6.1110052545158344e-01  9.4611023115921145e-01  2.2381273462739465e-01  
q[146]: 1.2949624389974157e-03  6.8710176207533136e-01  9.9391660837874429e-01  4.1146781796005460e-01  
q[147]: 5.9203854991773529e-04  7.6618066863014245e-01  9.7464194922915104e-01  9.6264191858032222e-01  
q[148]: 7.0132218757144621e-04  8.7758981006170311e-01  7.2947964933825327e-02  1.9125312493382261e-02  
q[149]: 9.6366389383262957e-04  9.0106277900041554e-01  1.3422109224475032e-01  1.2052160535555162e-01  
q[150]: 3.2828468102621567e-03  8.9697777562769421e-01  3.2304275843806501e-01  2.3657071272038141e-01  
q[151]: 1.0402525252250923e-03  8.9553088546628978e-01  2.8749191403804553e-01  1.1283756603134259e-02  
q[152]: 1.5016068554226365e-03  8.0268173617672445e-01  3.2741662645592096e-01  7.3621683715936789e-02  
q[153]: 2.9457753094374590e-03  7.9637899955765379e-01  4.5014718218343885e-01  5.5468066754395154e-02  
q[154]: 1.3828781717491951e-03  9.0310803267351236e-01  4.4926814365845635e-01  4.3644153596630175e-01  
q[155]: 2.4313103387922138e-03  8.3371147899721387e-01  6.2834339304032194e-01  2.9443626167319839e-02  
q[156]: 5.2256363178210686e-03  8.5965218268005028e-01  6.8865563308055200e-01  1.8418079251395916e-01  
q[157]: 9.6489741115270426e-04  8.2793921286118743e-01  6.3744069277411330e-01  6.3243748356680451e-01  
q[158]: 2.9303797187188152e-03  9.2425476868000267e-01  7.7126989872901486e-01  7.9878615327517541e-02  
q[159]: 3.1342000328233401e-03  8.9329059983234538e-01  7.6668433087949939e-01  5.1696370946582848e-01  
q[160]: 3.6996613752068083e-03  8.1607362329152711e-01  8.1436850010789408e-01  7.0008441103350105e-01  
q[161]: 1.3838519292431050e-03  9.5004194929419428e-01  7.6946057911612775e-01  7.3872758948913075e-01  
q[162]: 1.0603260238534653e-03  8.9586007657461575e-01  8.8305936874373003e-01  1.4234233597937775e-02  
q[163]: 3.1315919029448929e-03  7.9225577547495629e-01  9.1734762735283892e-01  9.4086415720710970e-02  
q[164]: 3.9096933372064352e-03  7.2808616185554209e-01  9.1184164372707155e-01  3.1992620948115047e-01  
q[165]: 1.6217785631676934e-03  9.0791599970648118e-01  9.2714860713549418e-01  8.3676873543101438e-01  
q[166]: 5.9343172833997715e-04  8.9110147481543112e-01  8.9371944799413294e-01  8.8537971133550231e-01  
q[167]: 7.5658341363629299e-04  8.9157706378674595e-01  9.8306720079631404e-01  7.0845406372294265e-02  
q[168]: 1.7607251413837312e-03  8.3016740740415529e-01  9.8643668358491199e-01  2.4571437560768081e-01  
q[169]: 1.0203915743875799e-03  8.9266285568948134e-01  9.8824469903537082e-01  4.7748514618241844e-01  
q[170]: 3.5646550102364553e-03  7.9165493858172709e-01  9.4835919035388472e-01  5.3922903364709773e-01  
q[171]: 3.6919140815108047e-03  6.9002951876020580e-01  9.4295555490058047e-01  7.5224471569109475e-01  
q[172]: 1.2663173511793077e-03  8.3214934378767180e-01  9.8993664096937184e-01  7.4199467411433673e-01  
q[173]: 6.3485237132348724e-04  8.4944756851637160e-01  9.9300652112841115e-01  8.9281337002789074e-01  
q[174]: 2.5688511040497969e-04  9.7150760186117169e-01  4.5129180981539604e-02  2.9402608263860344e-02  
q[175]: 6.9091690801781694e-04  9.8924771476761564e-01  1.8368429547211323e-01  1.2209822798280594e-01  
q[176]: 5.7937711896935559e-04  9.7096549112939734e-01  1.4371140991548256e-01  1.9028155487292846e-02  
q[177]: 2.3007472308797378e-03  9.2639449521957218e-01  2.5644016358666577e-01  8.9877357052022169e-02  
q[178]: 6.9948870349298496e-04  9.7517834654880309e-01  2.9282262169371315e-01  2.7528783169170640e-01  
q[179]: 7.7893537216895984e-04  9.9227909411817716e-01  3.5156718169774120e-01  4.1193314528948068e-02  
q[180]: 1.7834212203400729e-03  9.8322325552393997e-01  4.1233917648182655e-01  2.0745897071101238e-01  
q[181]: 1.1784446254519410e-03  9.3882565956377073e-01  4.9999848442073080e-01  1.4566396020300472e-02  
q[182]: 3.9304459159964326e-03  9.1140178955730256e-01  4.7186148097961139e-01  1.3009792630462291e-01  
q[183]: 6.3396484020896938e-03  8.6430522352631278e-01  5.4711514465590638e-01  3.4323135408218175e-01  
q[184]: 1.8543858850571459e-03  9.7372875448140606e-01  4.8662379576683779e-01  3.9418766212973427e-01  
q[185]: 1.6876805353196330e-03  9.8155728168069722e-01  6.0813665011293472e-01  9.2097171162274977e-02  
q[186]: 2.9451664116684293e-03  9.6771514815533966e-01  6.3189164300693745e-01  2.7569427190750984e-01  
q[187]: 3.4235658095121834e-03  9.0558853971002828e-01  6.5183950600703011e-01  5.6516626676652348e-01  
q[188]: 5.1781388425463154e-04  9.9308983728248579e-01  5.9830423244376008e-01  5.7690196076113254e-01  
q[189]: 4.4511488931085101e-04  9.8158102644773548e-01  7.2099816458958721e-01  6.1071994173623242e-03  
q[190]: 1.6917949698265133e-03  9.8760072335291038e-01  8.1036420499434425e-01  2.3172000187678629e-01  
q[191]: 3.7922082387922629e-03  9.1524409087633363e-01  7.8854188575822504e-01  3.8025553431300790e-01  
q[192]: 1.8613591285272788e-03  9.8233133339998857e-01  6.8880789413895627e-01  4.7580439515851658e-01  
q[193]: 1.5103855710616172e-03  9.8069009779418537e-01  8.2841791945880505e-01  6.8587751258429752e-01  
q[194]: 6.9126045952316981e-04  9.9032498202520691e-01  8.9133170995861311e-01  6.2649347101015287e-02  
q[195]: 2.6676680591718820e-03  9.2488069031528197e-01  9.0654715729179414e-01  1.9617700048865985e-01  
q[196]: 2.4451338179377995e-03  9.1293101255685483e-01  9.2571188433700002e-01  3.8420445366043904e-01  
q[197]: 1.5235344211335712e-03  9.8767494043502257e-01  8.8554923758097703e-01  4.9466890637575089e-01  
q[198]: 4.6144061645366063e-03  7.7767111673852252e-01  8.3683960136686608e-01  5.5067023313584418e-01  
q[199]: 2.8991911431320108e-03  9.1959377001830755e-01  9.1803130905890884e-01  6.6542813512830667e-01  
q[200]: 3.0321276258441534e-04  9.9590163947663379e-01  9.0303102183245176e-01  8.7305708811286120e-01  
q[201]: 2.6457074405915326e-04  9.6772315524348995e-01  9.7485402229644402e-01  1.6385721709685202e-02  
q[202]: 6.2411899753123622e-04  9.7369012112104292e-01  9.7829479081255666e-01  1.4845265435079150e-01  
q[203]: 7.8509480806349531e-04  9.8309676001450608e-01  9.7519687399648247e-01  3.4160465578555832e-01  
q[204]: 7.9360039533344880e-04  9.6985953344530451e-01  9.8411175447861121e-01  6.1603429831521450e-01  
q[205]: 6.1862681285893841e-04  9.8353999694219507e-01  9.7490810745492007e-01  8.1551473213269898e-01  
q[206]: 3.5725804493275256e-04  9.5579102524442838e-01  9.8267469818202913e-01  9.5576920785030317e-01  

