deg: 11
dim: 3
nodes: 93
efficiency: 0.978495

q[0]:  1.5950365432785458e-03  5.4168803338523801e-02  8.2097903174363898e-02  3.8864128862984244e-02  
q[1]:  1.4637760478059018e-03  2.0293170574060212e-02  3.1486152008957041e-01  1.7912504655148067e-02  
q[2]:  4.2190429154677755e-03  5.3656831822773088e-02  3.2731329423158390e-01  1.4520876799663643e-01  
q[3]:  1.3365731865088903e-03  8.5997555082801581e-03  2.5845224643574172e-01  1.9603537098598836e-01  
q[4]:  3.6704583717456171e-03  8.2814231571902139e-02  5.7397483502300173e-01  3.1614714836790965e-02  
q[5]:  4.4342530327959725e-03  2.6167032150583761e-02  5.7136461364248770e-01  2.9514688417920165e-01  
q[6]:  2.1073815021170621e-03  5.1013749397553890e-02  4.2217763560846461e-01  4.0124611254703979e-01  
q[7]:  3.8172856384640652e-03  2.5838127988734295e-02  6.6432408402136334e-01  1.3417561163376851e-01  
q[8]:  6.0355125860783801e-03  6.8661730126085535e-02  7.2683008275667293e-01  4.9768609851378959e-01  
q[9]:  3.0486265082034477e-03  3.0599410112824302e-02  6.4737796515099100e-01  5.7370336980642411e-01  
q[10]: 1.7197588556835707e-03  3.6546306734283829e-02  8.3930212748033628e-01  2.5124095457454951e-02  
q[11]: 3.1966256498145149e-03  1.8311820302923904e-02  8.6820860417985624e-01  2.7722603211123020e-01  
q[12]: 1.0442344900337380e-02  1.4794343495508136e-01  8.2571459097384547e-01  3.9437851019595349e-01  
q[13]: 2.5936201542745519e-03  1.0476061845449318e-02  9.0151759640810503e-01  6.3875085942821164e-01  
q[14]: 1.2721838128514902e-03  3.7987904933574991e-02  8.2207784433745379e-01  8.0913672242415680e-01  
q[15]: 1.2584666086001340e-03  3.4478957725157605e-02  9.7139228355951956e-01  8.0523300714423790e-02  
q[16]: 2.1016608330315886e-03  7.1764303995988654e-02  9.7935117617899647e-01  2.6609538657449128e-01  
q[17]: 2.9514948425842773e-03  6.2496608170479535e-02  9.6779843795532305e-01  4.9942611188772873e-01  
q[18]: 1.4897525213466297e-03  3.7362452542308466e-02  9.6851623493433781e-01  8.9383339401892303e-01  
q[19]: 4.4307380836516629e-03  1.8445892347780740e-01  1.9030496283390977e-01  3.3025978031052630e-02  
q[20]: 3.7166531297622004e-03  1.7333739390028460e-01  1.9765326771388353e-01  1.7701023930949494e-01  
q[21]: 9.4556990815202174e-03  1.6820984668543035e-01  4.5505102892493199e-01  1.1711658091459734e-01  
q[22]: 1.0545233019144645e-02  1.6710742674823417e-01  4.6287869915772634e-01  3.4886992035609909e-01  
q[23]: 4.1618278963745413e-03  2.4697874575104331e-01  7.1506348672409070e-01  2.2235308448018600e-02  
q[24]: 8.7168678486385844e-03  1.8443875862216286e-01  6.7054246998956513e-01  2.6768591746106357e-01  
q[25]: 4.9176020708282470e-03  2.2372394427771281e-01  6.3243301646518368e-01  6.1240043183872239e-01  
q[26]: 8.2232478247975596e-03  1.5422735935529291e-01  8.4848836044460207e-01  1.2988532196006175e-01  
q[27]: 4.9786957356843667e-03  2.6639429129130432e-01  9.6058167670436234e-01  1.9896513244851344e-01  
q[28]: 7.7475994366327117e-03  1.5064433260959467e-01  8.4726736822556492e-01  7.4092578143544585e-01  
q[29]: 1.7951404337341178e-03  1.9589576467735176e-01  9.6637046415324968e-01  2.1508263881537090e-02  
q[30]: 5.7470213480682319e-03  2.8630302416720099e-01  9.7043324034442391e-01  4.4339362915938779e-01  
q[31]: 1.1165299581291661e-02  3.2089959930490003e-01  8.8083306803873684e-01  5.9059279903559414e-01  
q[32]: 3.6789420563839792e-03  1.4571710698324872e-01  9.7969064307063081e-01  7.2892108309426407e-01  
q[33]: 1.5364008821824805e-03  2.0712732199541478e-01  9.6261870034413366e-01  9.4938739731493293e-01  
q[34]: 2.0984164363671946e-03  3.4620508028591884e-01  5.2985378923764023e-02  2.9750523771671641e-02  
q[35]: 1.0861251739130037e-02  3.6506649327813390e-01  2.7905950225086462e-01  1.5521265752718402e-01  
q[36]: 6.5906541779027061e-03  3.4730277329576448e-01  4.1721802235280969e-01  2.3997218528818764e-02  
q[37]: 1.4092324063486086e-02  3.9298673137921730e-01  5.5041647551352135e-01  2.9648391739021318e-01  
q[38]: 6.5516433086558910e-03  4.2827374501887050e-01  3.9280846968774263e-01  3.7250116879603890e-01  
q[39]: 1.4829777438873527e-02  3.7385849628886592e-01  6.9370668138644376e-01  1.5150710974044401e-01  
q[40]: 1.1574500710265313e-02  3.2844351232609409e-01  6.8568948740200275e-01  5.2733533526453613e-01  
q[41]: 5.1785698472706738e-03  4.3274311320815967e-01  8.7139056137819260e-01  3.2752761945017278e-02  
q[42]: 1.3435251899010967e-02  4.5855020582097916e-01  8.8195879708976221e-01  3.0973470851302132e-01  
q[43]: 4.9978477629227499e-03  4.1497744486444238e-01  8.3557870163475567e-01  8.1020076799228813e-01  
q[44]: 3.4893657237810051e-03  4.7396931678969162e-01  9.7854819181636699e-01  1.0640756301364737e-01  
q[45]: 6.3852524328246590e-03  5.4831005957475876e-01  9.7662967256745103e-01  6.1885414571270325e-01  
q[46]: 4.9180334236913793e-03  3.8056928817485963e-01  9.6879330026473853e-01  8.4687861336239101e-01  
q[47]: 5.0900579974136641e-03  6.0161579588051650e-01  1.6108251283730868e-01  1.2997507338223219e-01  
q[48]: 5.0278580131200706e-03  5.4084858917003487e-01  1.9349090238241873e-01  2.5445432473882073e-02  
q[49]: 1.4358526743974647e-02  5.9055111536728544e-01  4.4126437435574667e-01  1.2942270125207325e-01  
q[50]: 1.3244286589282292e-02  6.8102776390617326e-01  4.3039613078421379e-01  3.2222446225297530e-01  
q[51]: 8.7171736466349122e-03  6.0263518451405973e-01  6.3284904776438700e-01  3.7425829222353671e-02  
q[52]: 1.3345011854355986e-02  6.5378745487339429e-01  7.4106395585856966e-01  3.3204840639280203e-01  
q[53]: 8.0370844951980561e-03  5.1546089671681528e-01  7.4211006220361042e-01  4.5197641567898977e-01  
q[54]: 1.0383795277943232e-02  5.7518454127804453e-01  6.4569673343510936e-01  5.7616473173723970e-01  
q[55]: 1.0634136910084063e-02  6.6883050856575299e-01  8.5931764291869017e-01  1.3371492301703911e-01  
q[56]: 7.7964325020706514e-03  5.9607331412199382e-01  8.6987664134682163e-01  7.4229554834760281e-01  
q[57]: 1.4580271173780734e-03  6.9331361670679226e-01  9.7641980896281588e-01  1.6928879657075083e-02  
q[58]: 5.2751779989750266e-03  6.7132029543824634e-01  9.8431032694433229e-01  3.2686033747937282e-01  
q[59]: 1.9788183217598920e-03  6.3111866186143251e-01  9.7945742409419678e-01  9.4604984029531547e-01  
q[60]: 1.8667911369286002e-03  7.4710873025597302e-01  6.3906365505572812e-02  1.7345018629978413e-02  
q[61]: 7.9679852069320257e-03  8.3012522985731840e-01  2.5852695762608963e-01  1.0753590071284599e-01  
q[62]: 2.8032179393521154e-03  8.3830690589350187e-01  2.5646673684240689e-01  2.3961877566206954e-01  
q[63]: 4.8653541790593148e-03  7.9088113675832739e-01  3.6897649067961807e-01  2.1016221809126566e-02  
q[64]: 5.9929236490458516e-03  7.5211492970176053e-01  5.9730750617791439e-01  3.1257767522361857e-01  
q[65]: 1.2022942438040621e-02  8.2829037462779687e-01  6.3916494404061719e-01  1.4868513489723156e-01  
q[66]: 1.1071464348174529e-02  8.5130380112316306e-01  6.8774699371993686e-01  5.0467709890472723e-01  
q[67]: 2.9995839652097200e-03  7.6677323714686918e-01  6.5039929696824417e-01  6.4185662333808302e-01  
q[68]: 3.4159168011729914e-03  8.1895846554180740e-01  8.2745849452429621e-01  1.8444750733867435e-02  
q[69]: 9.4087648285289174e-03  8.2329780469706149e-01  9.1497276219985668e-01  4.6415573258180098e-01  
q[70]: 2.1921319429791895e-03  7.7387356643989058e-01  8.7936264894757266e-01  8.6462491870447000e-01  
q[71]: 3.7557696504609737e-03  8.5877180882237236e-01  9.6728214112421040e-01  1.3815165258666193e-01  
q[72]: 7.3502439787680113e-03  6.6785324675015723e-01  8.6374190218556890e-01  5.8039599813521303e-01  
q[73]: 4.4083479016070260e-03  8.0251315931452072e-01  9.7489587170269176e-01  7.8688248797131466e-01  
q[74]: 1.2935103081457360e-03  9.3926528840191414e-01  7.8220847598019033e-02  5.5905156410106883e-02  
q[75]: 1.5530594369876877e-03  9.6280889357467825e-01  1.8479899554997103e-01  1.9646459167389333e-02  
q[76]: 2.2631875603798157e-03  9.8243630041657704e-01  2.7444265297667086e-01  2.0639227723602205e-01  
q[77]: 3.4807672164323040e-03  9.7633830580641201e-01  4.5147438694663944e-01  8.0894912760335877e-02  
q[78]: 7.7659862061110274e-03  9.2476589480375970e-01  4.8005790597645709e-01  2.4874561045803179e-01  
q[79]: 3.0737900231765582e-03  8.8135523722714870e-01  4.6183452928392182e-01  4.4127260799597307e-01  
q[80]: 2.3401066364528798e-03  9.1810728557381438e-01  5.9535584425511634e-01  1.4221863538030366e-02  
q[81]: 4.9430784663763144e-03  9.7863158139340212e-01  7.3067555137634188e-01  3.3765032608919754e-01  
q[82]: 3.0996693884609867e-03  9.7644764930117445e-01  5.5342392845936328e-01  4.7186919478779948e-01  
q[83]: 3.3336064324592848e-03  9.7378957952910095e-01  7.8241854027565627e-01  8.4921476474602131e-02  
q[84]: 4.1504878698038613e-03  9.5977509694075946e-01  8.5885424534598875e-01  5.8419450116855987e-01  
q[85]: 5.0332438152204317e-03  8.3973662762233536e-01  8.3620256862487108e-01  7.2813072709335036e-01  
q[86]: 2.4743249758566112e-03  9.6711613976944666e-01  7.7548534479836084e-01  7.3351948720163462e-01  
q[87]: 1.2584838999919379e-03  9.6212876620935384e-01  9.5324794360785503e-01  3.7613593704578258e-02  
q[88]: 6.7663147127110931e-03  8.9199436413409350e-01  8.5078661921416976e-01  2.5226307399610415e-01  
q[89]: 2.1087142607679244e-03  9.8063486827879998e-01  9.5978829538535015e-01  2.9227091339053513e-01  
q[90]: 1.8997570841744861e-03  9.3581860141651307e-01  9.9101250092086701e-01  5.5805497138954840e-01  
q[91]: 1.4991125254836550e-03  9.8230138215911300e-01  9.4735680448010184e-01  7.5139432087478197e-01  
q[92]: 1.6212618426898002e-03  9.3929085102159715e-01  9.6304310635188439e-01  9.2071854333346570e-01  

